11214.000000023265
10999.100000022483
10957.10000002233
3616.0999999978067
2486.1999999988343
10977.100000022403
2482.299999998838
10537.100000020802
2307.399999998997
1946.4999999993252
3216.0999999981705
10800.000000021759
7740.0000000106265
8284.000000012606
11041.100000022636
11059.200000022702
10985.100000022432
3833.299999997609
4174.299999997655
5706.100000003227
7146.200000008466
4644.099999999364
3314.299999998081
10800.000000021759
4279.399999998037
5191.100000001354
10909.100000022156
1928.099999999342
8159.000000012151
6029.300000004403
10929.100000022228
3527.0999999978876
11532.300000024423
7955.100000011409
8418.300000013094
2645.3999999986895
11354.300000023775
6603.00000000649
3158.099999998223
6688.000000006799
10908.100000022152
1575.099999999663
11039.100000022629
11595.300000024652
7832.300000010962
10800.000000021759
9821.000000018197
7021.000000008011
3719.199999997713
10800.000000021759
8114.000000011987
11128.000000022952
5728.000000003307
2751.299999998593
9491.100000016997
4380.199999998404
11202.000000023221
4055.1999999974073
3090.399999998285
5800.100000003569
11213.300000023262
11482.400000024241
1514.2999999997182
1888.499999999378
11263.000000023443
5312.200000001794
7969.10000001146
7301.0000000090295
2511.3999999988114
10928.100000022225
11152.20000002304
5888.30000000389
11258.300000023426
11375.100000023851
11427.10000002404
8639.400000013899
10913.10000002217
10800.000000021759
10945.100000022287
11314.30000002363
4011.1999999974473
4196.199999997734
4643.19999999936
10953.100000022316
6975.300000007845
6803.100000007218
7936.300000011341
11226.20000002331
8488.000000013348
4224.399999997837
9569.00000001728
10932.10000002224
3487.099999997924
4478.499999998761
4062.299999997401
10800.000000021759
11228.200000023317
7632.400000010235
10800.000000021759
7080.300000008227
10917.100000022185
10800.000000021759
2760.199999998585
4202.499999997757
11388.4000000239
11207.30000002324
10800.000000021759
11381.300000023874
11463.200000024171
1903.3999999993644
3584.0999999978358
11188.200000023171
10912.100000022167
2439.099999998877
10928.100000022225
10800.000000021759
10105.00000001923
11209.200000023247
10925.100000022214
11100.20000002285
10800.000000021759
11363.200000023808
11156.200000023055
10800.000000021759
6376.200000005665
11280.300000023506
10800.000000021759
11060.200000022705
5899.100000003929
4151.09999999757
5462.000000002339
10800.000000021759
4520.099999998913
5459.40000000233
10800.000000021759
3182.299999998201
2811.3999999985385
11166.300000023091
9200.200000015939
10405.200000020322
10859.200000021974
3409.099999997995
10018.100000018914
10933.100000022243
11121.200000022927
11132.200000022967
11358.30000002379
5201.00000000139
3081.299999998293
10800.000000021759
6631.000000006592
9199.500000015936
10955.100000022323
9510.200000017066
5665.000000003078
3747.0999999976875
10183.000000019514
11163.30000002308
9206.10000001596
11245.40000002338
5614.000000002892
3723.1999999977093
11311.40000002362
11456.500000024147
10800.000000021759
11393.200000023917
10968.10000002237
4330.3999999982225
5159.300000001238
4847.300000000103
2794.199999998554
11042.20000002264
5728.000000003307
6366.100000005628
2097.399999999188
5848.0000000037435
4069.3999999973944
11127.20000002295
10800.000000021759
2905.399999998453
6606.4000000065025
10911.100000022163
6353.100000005581
2580.099999998749
10953.100000022316
3546.0999999978703
10852.50000002195
5659.000000003056
2152.099999999138
10908.100000022152
2903.399999998455
4971.300000000554
4754.099999999764
3079.099999998295
2355.3999999989533
2772.0999999985743
6405.10000000577
10800.000000021759
9863.20000001835
10800.000000021759
11114.200000022902
2469.09999999885
9646.300000017562
3329.2999999980675
4276.399999998026
6771.200000007102
10800.000000021759
2629.1999999987042
4267.199999997993
6360.300000005607
5995.000000004278
10800.000000021759
7396.000000009375
11354.300000023775
4673.29999999947
10979.10000002241
3425.1999999979803
1695.0999999995538
11046.200000022654
3644.199999997781
6708.300000006873
11076.200000022764
6505.400000006135
8587.000000013708
11530.400000024416
6187.000000004977
2020.4999999992579
2599.3999999987313
3628.1999999977957
5607.100000002867
11172.300000023113
5364.200000001983
3215.1999999981713
4072.199999997392
5001.200000000663
11167.000000023094
3898.39999999755
4308.099999998141
10800.000000021759
6815.3000000072625
5785.000000003514
2727.299999998615
11343.400000023736
2081.0999999992027
10800.000000021759
10083.300000019151
11163.20000002308
4088.299999997377
2815.199999998535
4089.399999997376
11348.000000023752
11002.100000022494
10800.000000021759
3524.0999999978903
11255.100000023414
11038.200000022625
7867.30000001109
10800.000000021759
8867.100000014727
4609.099999999236
11391.10000002391
11165.300000023088
5191.100000001354
11033.200000022607
6247.100000005195
8415.000000013082
2839.0999999985133
5309.100000001783
2021.0999999992573
4907.500000000322
2378.3999999989323
2617.299999998715
4140.09999999753
11125.200000022942
11047.200000022658
6503.000000006126
7386.000000009339
11226.30000002331
2460.299999998858
5372.000000002012
5180.000000001313
2717.0999999986243
3075.4999999982983
3591.0999999978294
3855.199999997589
6980.100000007862
2386.299999998925
3050.399999998321
2873.0999999984824
10975.100000022396
3382.0999999980195
11205.200000023233
5647.300000003013
8369.100000012915
11473.100000024207
5804.100000003584
4327.299999998211
3897.4999999975507
11543.400000024463
6432.200000005869
11035.100000022614
10997.100000022476
10800.000000021759
3585.1999999978348
10800.000000021759
11104.200000022865
2780.099999998567
6734.000000006967
5132.000000001139
4116.299999997444
6853.2000000074
4501.299999998844
7849.000000011023
11507.100000024331
2859.5999999984947
10800.000000021759
6553.100000006309
4591.099999999171
8965.000000015083
11300.100000023578
8373.30000001293
2850.0999999985033
4947.000000000466
10800.000000021759
10959.100000022338
4405.099999998494
11465.200000024179
1391.0999999998303
5468.000000002361
11044.200000022647
11234.300000023339
3869.2999999975764
6976.1000000078475
2153.299999999137
2317.199999998988
3446.0999999979613
11417.400000024005
8751.200000014305
10954.10000002232
6240.20000000517
11193.30000002319
11019.100000022556
4082.3999999973826
10927.100000022221
7489.100000009714
10800.000000021759
6162.000000004886
11375.200000023851
3019.3999999983494
3385.4999999980164
3818.3999999976227
8005.100000011591
2743.2999999986005
4052.4999999974098
8476.200000013305
11463.100000024171
7442.200000009543
5396.2000000021
5580.200000002769
10943.10000002228
3761.3999999976745
2530.1999999987943
11087.100000022803
10908.100000022152
7122.300000008379
8540.300000013538
3893.2999999975546
3719.3999999977127
11257.300000023422
10903.100000022134
6177.00000000494
11106.000000022872
11101.200000022855
9595.100000017375
11614.20000002472
10712.30000002144
11217.300000023277
4580.399999999132
4828.300000000034
10800.000000021759
3378.299999998023
2511.2999999988115
10997.100000022476
7826.000000010939
3744.0999999976902
10201.400000019581
10009.100000018881
7902.300000011217
3100.199999998276
11006.100000022509
3399.199999998004
8514.100000013443
2460.299999998858
5466.000000002354
10800.000000021759
11140.200000022996
5446.200000002282
5014.10000000071
11011.100000022527
11144.200000023011
11225.300000023306
11381.100000023873
5930.100000004042
7837.10000001098
11304.100000023593
7320.000000009099
2961.0999999984024
3752.199999997683
6940.200000007717
8759.100000014334
1629.0999999996138
11044.200000022647
11176.200000023127
7905.300000011228
10800.000000021759
11192.200000023186
2862.0999999984924
3124.199999998254
10800.000000021759
8956.00000001505
11209.300000023248
11073.200000022753
3782.2999999976555
3978.499999997477
2328.299999998978
2672.199999998665
4077.0999999973874
11171.000000023108
8723.000000014203
8289.000000012624
11128.200000022953
5761.100000003427
10981.100000022418
10935.10000002225
7945.100000011373
7737.100000010616
10979.10000002241
4067.1999999973964
5945.400000004098
10800.000000021759
7928.0000000113105
4029.299999997431
1359.2999999998592
8436.20000001316
4914.000000000346
5083.3000000009615
4256.199999997953
10800.000000021759
4307.399999998139
6371.200000005647
11457.40000002415
3007.1999999983605
8978.10000001513
1498.099999999733
4656.199999999408
3312.099999998083
2494.299999998827
6630.000000006588
4734.499999999693
10800.000000021759
11063.200000022716
11385.200000023888
11413.000000023989
2715.299999998626
3062.0999999983105
3289.299999998104
11187.300000023168
11341.000000023727
10800.000000021759
2960.0999999984033
7348.0000000092
4933.100000000415
10995.100000022469
6873.3000000074735
9316.00000001636
3111.199999998266
11400.400000023943
3311.4999999980837
11039.200000022629
5480.100000002405
4746.199999999735
10800.000000021759
3144.099999998236
11347.40000002375
11295.10000002356
3097.3999999982784
4120.199999997458
5226.5000000014825
3604.1999999978175
3594.1999999978266
9969.000000018736
2287.499999999015
6170.000000004915
5018.400000000725
10505.000000020686
2590.2999999987396
11484.200000024248
7477.10000000967
11275.000000023487
3547.0999999978694
11009.10000002252
4982.300000000594
11284.400000023521
3003.099999998364
3809.4999999976308
11257.200000023422
11188.200000023171
4860.400000000151
5274.300000001656
3216.1999999981704
3583.0999999978367
11198.200000023207
4768.299999999816
11350.400000023761
8152.100000012126
6029.300000004403
3678.29999999775
10800.000000021759
11259.000000023429
7213.10000000871
4557.299999999048
11457.40000002415
11393.300000023917
9786.00000001807
11233.300000023335
10800.000000021759
4214.099999997799
11421.40000002402
10938.100000022261
11427.30000002404
11094.100000022829
3947.1999999975055
4109.499999997419
9499.100000017026
4768.299999999816
4404.099999998491
11282.300000023513
2841.2999999985113
2776.0999999985706
5517.30000000254
5423.000000002197
1810.399999999449
11035.100000022614
11168.200000023098
6851.3000000073935
4973.100000000561
6086.10000000461
6446.20000000592
7091.0000000082655
5400.100000002114
4176.399999997662
3003.199999998364
10793.000000021733
5741.100000003355
6388.000000005708
4154.1999999975815
11223.100000023298
3165.3999999982166
4083.4999999973816
4121.099999997461
11113.200000022898
2924.099999998436
1772.1999999994837
2587.1999999987424
2981.199999998384
11069.100000022738
11265.00000002345
3246.399999998143
3393.0999999980095
4094.199999997372
11576.500000024584
8560.00000001361
8419.000000013097
10923.100000022207
3441.1999999979657
5310.200000001787
11146.200000023018
11066.200000022727
6907.1000000075965
8711.30000001416
5526.500000002574
4901.200000000299
11042.20000002264
7333.200000009147
4067.1999999973964
2584.199999998745
3527.2999999978874
10901.100000022127
3851.3999999975927
3692.2999999977374
6011.200000004337
10800.000000021759
11370.200000023833
6578.2000000064
5340.600000001898
11317.400000023641
3508.2999999979047
3737.2999999976964
10932.10000002224
3584.1999999978357
6930.300000007681
2965.0999999983987
3141.0999999982387
3477.199999997933
6751.000000007029
2199.0999999990954
11067.20000002273
3400.5999999980027
10800.000000021759
4663.399999999434
11233.300000023335
4584.3999999991465
4852.00000000012
6872.2000000074695
2673.399999998664
9265.100000016175
7472.000000009652
7869.000000011096
10280.200000019868
11193.000000023188
6049.000000004475
11078.20000002277
2068.499999999214
10947.100000022294
5765.0000000034415
11362.300000023804
10970.100000022378
8934.10000001497
4058.1999999974046
9542.000000017182
10658.100000021243
5550.10000000266
3933.0999999975184
5972.100000004195
8785.200000014429
5155.200000001223
4393.399999998452
10007.000000018874
11001.10000002249
11423.300000024026
2803.199999998546
10800.000000021759
10994.100000022465
10943.10000002228
10756.4000000216
11272.000000023476
5984.100000004239
11047.200000022658
3722.49999999771
6633.1000000066
2248.3999999990506
6390.000000005715
4006.099999997452
1453.2999999997737
11026.200000022582
5534.000000002601
3883.1999999975637
11099.100000022847
8716.000000014177
11545.20000002447
7277.1000000089425
11295.30000002356
10800.000000021759
5281.400000001682
10924.10000002221
10800.000000021759
2296.299999999007
9415.10000001672
4919.2000000003645
3661.2999999977656
8643.400000013913
4697.399999999558
6692.100000006814
4382.099999998411
3632.099999997792
11413.20000002399
1744.299999999509
11075.20000002276
10905.100000022141
1560.0999999996766
5649.300000003021
3852.3999999975917
11444.400000024103
7110.000000008335
10800.000000021759
5562.100000002703
11034.10000002261
3852.3999999975917
1893.1999999993736
3615.0999999978076
10966.100000022363
4479.199999998764
3914.3999999975354
7542.300000009907
11047.300000022658
5960.100000004151
7096.400000008285
11550.100000024488
11165.300000023088
3251.0999999981386
7588.100000010074
4387.099999998429
5086.000000000971
10800.000000021759
10800.000000021759
2231.0999999990663
11376.300000023855
4273.099999998014
5757.3000000034135
7309.100000009059
11220.300000023288
7075.100000008208
4483.399999998779
3088.099999998287
11500.200000024306
6936.100000007702
11249.100000023393
7269.000000008913
11035.100000022614
11377.300000023859
4074.39999999739
1996.19999999928
10800.000000021759
3599.299999997822
3264.4999999981264
5811.20000000361
3274.2999999981175
4389.199999998436
10204.300000019592
2626.099999998707
10936.100000022254
3604.1999999978175
11467.500000024187
4877.200000000212
5334.000000001874
11349.100000023756
5512.200000002522
10800.000000021759
4484.499999998783
11295.20000002356
11290.400000023543
11283.300000023517
11444.200000024102
10800.000000021759
2725.299999998617
5762.100000003431
11330.300000023688
5413.200000002162
10800.000000021759
10801.400000021764
7768.100000010729
6568.300000006364
10800.000000021759
4020.099999997439
10360.000000020158
4127.399999997484
3800.0999999976393
6435.600000005881
10766.100000021635
9108.000000015603
11018.200000022553
2300.0999999990036
11074.200000022756
2795.0999999985534
11154.200000023047
2421.0999999988935
10800.000000021759
10800.000000021759
4176.099999997661
2778.099999998569
2422.1999999988925
10987.10000002244
10973.100000022388
3355.299999998044
11450.500000024125
10800.000000021759
11182.20000002315
11382.300000023877
11073.200000022753
11551.200000024492
11365.400000023816
2825.199999998526
6021.400000004374
4331.199999998225
6083.100000004599
9888.000000018441
10926.100000022218
2506.299999998816
10800.000000021759
11478.200000024226
11268.300000023462
3027.499999998342
10947.100000022294
5659.300000003057
10956.100000022327
6163.400000004891
6124.100000004748
11552.200000024495
10103.500000019225
9303.300000016314
10800.000000021759
11305.100000023596
9738.000000017895
2038.3999999992416
10800.000000021759
11186.200000023164
4055.1999999974073
11315.300000023633
11126.200000022945
2986.3999999983794
10945.200000022287
11260.400000023434
9702.100000017765
7268.000000008909
7450.0000000095715
11266.000000023454
2224.1999999990726
8439.20000001317
2955.2999999984077
11268.300000023462
8512.300000013436
5103.100000001034
11516.000000024364
2264.199999999036
2305.099999998999
11095.100000022832
11066.200000022727
1974.2999999992999
11325.30000002367
10949.100000022301
2392.09999999892
10800.000000021759
11028.100000022589
11095.200000022833
11074.200000022756
3999.1999999974582
4174.099999997654
6826.100000007302
8950.20000001503
11095.200000022833
7440.000000009535
11027.200000022585
2517.199999998806
4022.1999999974373
1426.1999999997984
3882.0999999975647
2215.199999999081
6342.200000005541
5453.400000002308
7411.00000000943
11500.100000024306
11018.200000022553
2769.199999998577
11249.100000023393
10963.100000022352
10800.000000021759
5194.100000001365
10098.100000019205
2644.2999999986905
3494.2999999979174
9640.000000017539
2043.499999999237
4065.0999999973983
8014.100000011624
7689.000000010441
10982.100000022421
11388.100000023898
4824.000000000018
4628.0999999993055
11167.300000023095
10231.000000019689
11066.100000022727
5648.100000003016
6113.300000004709
10800.000000021759
8092.300000011908
11379.200000023866
4733.299999999688
7235.20000000879
10800.000000021759
6632.5000000065975
5813.300000003617
10144.100000019373
6639.1000000066215
3349.0999999980495
2471.299999998848
4411.199999998516
8030.100000011682
11297.300000023568
3758.0999999976775
8394.300000013007
4186.299999997698
2554.3999999987723
10800.000000021759
4936.100000000426
11030.100000022596
11079.200000022774
3881.2999999975655
10907.100000022148
8341.000000012813
5807.000000003594
4283.09999999805
5168.20000000127
4914.100000000346
4014.1999999974446
5760.200000003424
8695.200000014102
10956.100000022327
2971.0999999983933
11348.300000023753
11441.300000024092
6693.000000006818
6204.30000000504
11370.400000023834
10800.000000021759
8801.100000014487
5285.200000001696
11222.300000023295
2466.2999999988524
11205.200000023233
11394.00000002392
10800.000000021759
11557.300000024514
5195.100000001368
11312.100000023622
10097.000000019201
8324.100000012751
2121.0999999991664
11106.200000022873
11340.300000023724
4540.199999998986
10800.000000021759
11431.400000024056
8064.100000011806
11279.100000023502
3405.2999999979984
11096.100000022836
11420.400000024016
4273.299999998015
10800.000000021759
4014.3999999974444
11031.2000000226
9689.000000017717
2174.299999999118
10800.000000021759
2659.299999998677
4972.000000000557
6821.200000007284
5541.200000002627
7558.000000009964
6942.200000007724
9439.000000016807
7826.10000001094
3895.2999999975527
11051.100000022672
10800.000000021759
5400.400000002115
11373.100000023844
11390.100000023906
6926.300000007666
4670.199999999459
5007.100000000684
10921.1000000222
7422.20000000947
3969.2999999974854
10800.000000021759
2296.099999999007
7654.000000010314
5469.000000002365
4198.1999999977415
7188.000000008618
10916.100000022181
5080.400000000951
6547.200000006287
4411.199999998516
11281.30000002351
11060.100000022705
11453.400000024136
5539.30000000262
10657.30000002124
7269.200000008914
6340.000000005533
10800.000000021759
11024.100000022574
10800.000000021759
11108.20000002288
5195.000000001368
3095.0999999982805
11010.100000022523
10800.000000021759
11240.30000002336
2720.0999999986216
10931.100000022236
8482.000000013326
9034.000000015334
5318.000000001815
6463.100000005981
10436.000000020435
10426.200000020399
10907.100000022148
