11771.400000025293
11313.100000023625
11176.300000023128
3616.0999999978067
2694.399999998645
11265.400000023452
2821.3999999985294
10658.100000021243
2850.299999998503
2466.1999999988525
3216.0999999981705
10955.100000022323
7740.0000000106265
8284.000000012606
11355.300000023779
11399.100000023938
11186.300000023164
4204.199999997763
4598.599999999198
6021.100000004373
7724.800000010571
4807.199999999957
3905.5999999975434
10936.400000022255
4905.300000000314
5383.100000002052
11043.200000022644
2434.4999999988813
8646.200000013923
6592.400000006452
11141.200000023
4000.1999999974573
12215.100000026907
8600.800000013758
9100.100000015575
3118.799999998259
11981.500000026057
6713.100000006891
3343.199999998055
6688.000000006799
11058.100000022698
2108.6999999991776
11292.30000002355
12412.500000027625
8250.600000012484
10800.000000021759
9821.000000018197
7021.000000008011
3930.399999997521
10800.000000021759
8114.000000011987
11536.200000024437
5937.100000004068
3373.2999999980275
9818.500000018188
4641.599999999355
11583.50000002461
4287.299999998066
3512.399999997901
5965.20000000417
11648.500000024846
12214.400000026904
2015.3999999992625
2481.2999999988388
11767.600000025279
5624.200000002929
8275.400000012574
7301.0000000090295
2987.3999999983785
11067.20000002273
11657.600000024879
6383.400000005691
11705.600000025053
11939.500000025904
12092.40000002646
9222.30000001602
11052.200000022676
10800.000000021759
11172.200000023113
12048.1000000263
4204.399999997764
4770.799999999825
4863.300000000161
11106.200000022873
7690.5000000104465
6996.300000007921
8466.40000001327
11627.50000002477
8727.200000014218
4938.900000000436
10400.400000020305
11152.20000002304
3651.4999999977745
5213.400000001435
4585.29999999915
11023.20000002257
11636.1000000248
8270.600000012557
10800.000000021759
7488.600000009712
11104.200000022865
10914.100000022174
3044.2999999983267
4771.499999999827
12011.200000026165
11605.50000002469
10999.100000022483
12136.500000026621
12243.200000027009
2423.3999999988914
3584.0999999978358
11645.300000024834
11084.100000022792
2874.499999998481
11138.30000002299
10800.000000021759
10105.00000001923
11623.300000024754
11141.000000023
11418.200000024008
10800.000000021759
11916.30000002582
11537.500000024442
10954.10000002232
6712.300000006888
11795.100000025379
11017.200000022549
11515.20000002436
6186.1000000049735
4252.199999997938
5572.10000000274
10800.000000021759
5347.400000001922
6105.50000000468
10950.100000022305
3553.5999999978635
3281.499999998111
11569.300000024557
9725.300000017849
10851.300000021945
11420.100000024015
3409.099999997995
10355.00000002014
11100.10000002285
11433.300000024063
11544.100000024466
11957.100000025968
5322.10000000183
3765.399999997671
10800.000000021759
6737.100000006978
9827.40000001822
11213.200000023262
10114.100000019263
5810.100000003606
3945.499999997507
10183.000000019514
11637.200000024804
9999.300000018846
11677.10000002495
5929.50000000404
4386.599999998427
11855.600000025599
12207.50000002688
10800.000000021759
11933.700000025883
11267.300000023459
4796.699999999919
5796.300000003555
5635.30000000297
3064.3999999983084
11463.200000024171
5728.000000003307
6667.300000006724
2496.6999999988248
5848.0000000037435
4590.599999999169
11530.400000024416
10800.000000021759
3473.799999997936
7103.600000008311
11060.100000022705
6697.400000006834
2580.099999998749
11154.200000023047
3694.1999999977356
11638.70000002481
5659.000000003056
2152.099999999138
11048.200000022662
3399.099999998004
5300.400000001751
4754.099999999764
3244.199999998145
2960.399999998403
2772.0999999985743
6604.2000000064945
10800.000000021759
10224.100000019664
10800.000000021759
11472.400000024205
2886.2999999984704
10190.20000001954
3631.4999999977927
4762.399999999794
7018.400000008001
10800.000000021759
2792.299999998556
4569.199999999091
6884.400000007514
5995.000000004278
10959.100000022338
7396.000000009375
11915.300000025816
5044.30000000082
11216.200000023273
3650.3999999977755
2222.399999999074
11317.400000023641
4115.29999999744
7381.400000009322
11428.200000024044
7230.1000000087715
8933.200000014967
12466.500000027821
6187.000000004977
2674.599999998663
3068.6999999983045
4371.399999998372
5875.300000003843
11510.500000024344
5937.300000004068
3389.299999998013
4411.399999998517
5520.300000002551
11629.500000024776
4388.699999998435
4308.099999998141
10800.000000021759
7505.500000009773
6333.100000005508
3147.199999998233
11932.200000025878
2223.1999999990735
10999.100000022483
10672.400000021295
11500.300000024306
4340.399999998259
3387.3999999980147
4483.59999999878
12203.100000026863
11220.200000023287
10800.000000021759
3586.4999999978336
11817.30000002546
11336.30000002371
8423.300000013112
10800.000000021759
9128.300000015677
5086.400000000973
11995.800000026109
11641.30000002482
5437.000000002248
11238.100000023353
6355.200000005589
8546.10000001356
3164.3999999982175
5575.300000002751
2249.7999999990493
5583.900000002783
2794.0999999985543
3010.2999999983576
4140.09999999753
11523.30000002439
11340.100000023724
6503.000000006126
7386.000000009339
11815.700000025454
2875.3999999984803
5372.000000002012
5180.000000001313
3426.599999997979
3636.699999997788
3591.0999999978294
4513.099999998887
7460.000000009608
2673.299999998664
3494.699999997917
2873.0999999984824
11262.400000023441
3482.1999999979284
11686.400000024983
6231.400000005138
8815.200000014538
12197.600000026843
6406.0000000057735
4694.599999999547
4416.399999998535
12335.400000027345
6743.300000007001
11308.300000023608
11269.200000023466
10909.100000022156
4057.599999997405
10935.10000002225
11476.100000024218
2989.2999999983767
6860.1000000074255
5132.000000001139
4873.600000000199
7317.300000009089
4798.399999999925
8434.600000013153
12162.200000026714
3719.4999999977126
10800.000000021759
7262.300000008889
5056.200000000863
9164.100000015807
11832.200000025514
8751.300000014306
2850.0999999985033
5053.100000000852
10800.000000021759
11237.000000023349
4405.099999998494
12255.600000027054
1803.1999999994555
5597.100000002831
11321.400000023656
11714.400000025085
4168.199999997632
7186.000000008611
2526.299999998798
2970.399999998394
3572.1999999978466
12266.500000027094
9077.400000015492
11174.20000002312
6558.100000006327
11629.500000024776
11342.200000023731
4570.599999999096
11183.200000023153
7770.400000010737
10800.000000021759
6405.10000000577
11906.500000025784
3494.699999997917
3905.5999999975434
4238.699999997889
8238.30000001244
3215.299999998171
4843.70000000009
8968.500000015096
12159.500000026705
8193.600000012277
5753.000000003398
5997.0000000042855
11128.200000022953
4235.199999997876
2759.299999998586
11447.300000024114
11128.200000022953
7782.500000010781
9060.20000001543
4197.199999997738
4240.599999997896
11675.400000024943
11044.200000022647
6327.100000005486
11489.500000024267
11489.200000024266
10158.500000019425
12383.300000027519
11247.300000023386
11698.500000025027
4924.500000000384
5335.300000001878
10800.000000021759
3688.199999997741
2795.1999999985533
11301.300000023582
7826.000000010939
4478.399999998761
10952.600000022314
10251.200000019762
8647.80000001393
3777.59999999766
11317.10000002364
3971.6999999974832
8711.20000001416
2799.2999999985495
6062.000000004522
10902.10000002213
11564.200000024539
5686.400000003156
5170.200000001278
11225.300000023306
11719.100000025102
11742.600000025188
12064.100000026358
6285.100000005334
8254.300000012498
11928.400000025864
7462.1000000096155
3543.299999997873
4164.79999999762
7368.500000009275
9051.100000015396
2012.7999999992649
11283.300000023517
11690.300000024998
8419.600000013099
10905.100000022141
11726.100000025128
2862.0999999984924
3328.2999999980684
10800.000000021759
9072.100000015473
11706.400000025056
11469.000000024193
4152.299999997575
4573.3999999991065
2609.499999998722
3235.7999999981525
4077.0999999973874
11744.200000025194
8723.000000014203
8289.000000012624
11574.100000024575
6511.100000006156
11247.000000023385
11184.200000023156
8461.600000013252
8410.200000013065
11246.300000023382
4281.099999998043
6493.500000006092
10941.100000022272
7928.0000000113105
4487.499999998794
1803.4999999994552
8795.400000014466
4914.000000000346
5732.600000003324
4480.299999998768
11051.200000022673
4791.3999999999
6712.400000006888
12089.60000002645
3274.1999999981176
9154.200000015771
1525.3999999997081
4778.199999999852
3434.199999997972
2787.4999999985603
6866.100000007447
5320.600000001825
10800.000000021759
11437.400000024078
11962.400000025988
12028.90000002623
3209.1999999981767
3167.199999998215
3702.2999999977283
11609.100000024702
11902.000000025768
10987.10000002244
3576.299999997843
7454.100000009586
5060.2000000008775
11263.100000023443
7402.600000009399
9429.100000016771
3375.4999999980255
12035.600000026254
3946.499999997506
11356.300000023783
5737.300000003341
4972.300000000558
10932.10000002224
3505.699999997907
11857.400000025606
11846.600000025566
3676.399999997752
4709.299999999601
6041.300000004447
3944.1999999975083
4138.299999997524
10217.100000019638
2728.399999998614
6626.400000006575
5595.600000002825
10505.000000020686
2976.1999999983886
12134.300000026613
7624.100000010205
11747.100000025204
4026.4999999974334
11332.300000023695
5439.8000000022585
11721.500000025111
3304.49999999809
4550.699999999024
11654.200000024866
11619.50000002474
5330.700000001862
5644.400000003003
3506.3999999979064
3583.0999999978367
11620.500000024744
5283.200000001689
11855.400000025598
8909.30000001488
6526.200000006211
3956.2999999974973
10800.000000021759
12095.300000026471
7558.400000009966
5151.900000001211
12198.200000026845
11956.600000025966
9786.00000001807
11738.500000025173
10800.000000021759
4375.1999999983855
12044.500000026286
11158.200000023062
12019.100000026194
11486.100000024255
4290.199999998076
4839.700000000075
9965.100000018721
5106.500000001046
4404.099999998491
11980.300000026053
3283.599999998109
3099.3999999982766
5949.300000004112
5884.600000003877
2214.5999999990813
11336.50000002371
11694.300000025012
7331.200000009139
5154.200000001219
6285.300000005334
6707.30000000687
7312.10000000907
5621.000000002918
4876.3000000002085
3131.2999999982476
10974.100000022392
6415.200000005807
6856.400000007412
4307.199999998138
11688.30000002499
3863.4999999975817
4648.49999999938
4121.099999997461
11416.300000024
3153.2999999982276
2244.399999999054
2753.1999999985915
3281.299999998111
11408.300000023972
11970.200000026016
3743.199999997691
3507.1999999979057
4385.399999998423
12404.200000027595
8682.100000014054
8989.400000015172
11197.200000023204
3689.29999999774
5902.800000003943
11525.300000024397
11401.200000023946
7676.300000010395
9063.30000001544
6228.7000000051285
5029.200000000765
11369.50000002383
7830.7000000109565
4241.299999997898
3088.3999999982866
4028.3999999974317
11008.100000022516
4411.299999998517
4183.399999997688
6515.500000006172
10800.000000021759
11974.10000002603
7092.500000008271
6010.100000004333
11960.50000002598
4118.299999997451
4132.399999997502
11104.200000022865
3844.399999997599
7716.400000010541
3150.79999999823
3697.199999997733
3943.6999999975087
6751.000000007029
2364.699999998945
11352.100000023767
4066.599999997397
10800.000000021759
5051.600000000846
11731.300000025147
5129.50000000113
4974.100000000564
7266.200000008903
3062.49999999831
9645.400000017558
7651.100000010303
7869.000000011096
10706.200000021418
11624.000000024756
6049.000000004475
11397.00000002393
2720.3999999986213
11291.300000023546
5920.100000004006
12034.60000002625
11263.000000023443
9144.300000015735
4674.499999999474
9661.100000017615
10939.100000022265
6073.500000004564
3933.0999999975184
6131.100000004773
9255.30000001614
5656.200000003046
4940.600000000442
10007.000000018874
11573.600000024573
12055.200000026325
3082.299999998292
10800.000000021759
11231.300000023328
11183.300000023153
11515.20000002436
11837.600000025534
6218.0000000050895
11348.100000023753
4474.399999998746
6976.1000000078475
2784.499999998563
6390.000000005715
4157.199999997592
2117.29999999917
11353.300000023772
5534.000000002601
4153.299999997578
11430.100000024051
8716.000000014177
12283.300000027155
7748.300000010657
11811.500000025439
10800.000000021759
5805.70000000359
11091.200000022818
10800.000000021759
2765.2999999985805
9635.200000017521
5173.100000001288
3925.2999999975254
9113.500000015623
5264.500000001621
6884.200000007513
4517.199999998902
3875.199999997571
12137.300000026624
2056.499999999225
11561.400000024529
11055.100000022687
1741.2999999995118
6097.10000000465
4439.499999998619
12164.100000026721
7578.500000010039
11058.200000022698
5811.20000000361
11513.300000024354
4556.599999999045
2245.599999999053
4021.7999999974377
11219.300000023284
4672.299999999466
4636.499999999336
8152.100000012126
11670.600000024926
6403.100000005763
7936.600000011342
12352.700000027407
11670.300000024925
4049.6999999974123
7867.200000011089
4387.099999998429
5086.000000000971
10800.000000021759
10984.100000022429
2747.299999998597
11941.30000002591
4273.099999998014
6230.400000005135
7742.100000010634
11737.400000025169
7357.300000009234
5121.4000000011
3226.1999999981613
12401.400000027585
7590.500000010083
11775.600000025308
7269.000000008913
11299.200000023575
12054.400000026322
4678.499999999489
2507.599999998815
10800.000000021759
3950.5999999975024
3812.7999999976278
6221.3000000051015
3754.5999999976807
4709.199999999601
10820.400000021833
2883.299999998473
11198.200000023207
4196.099999997734
12420.200000027653
4986.300000000609
5334.000000001874
12007.10000002615
5964.200000004166
10800.000000021759
5112.500000001068
11815.300000025452
11822.300000025478
11835.500000025526
12029.20000002623
10800.000000021759
3088.4999999982865
5896.200000003919
11815.600000025453
5747.4000000033775
11046.200000022654
11355.300000023779
8519.300000013462
6962.000000007796
10960.100000022341
4020.099999997439
10360.000000020158
4658.399999999416
3909.19999999754
7332.700000009145
10918.100000022188
9314.100000016353
11307.400000023605
2300.0999999990036
11461.200000024164
2795.0999999985534
11607.600000024697
3246.499999998143
10960.100000022341
10800.000000021759
4176.099999997661
3425.8999999979796
2671.199999998666
11277.300000023495
11249.300000023393
3801.299999997638
12201.400000026857
10977.100000022403
11679.200000024957
12090.600000026454
11392.100000023913
12383.80000002752
12114.20000002654
3152.599999998228
6633.400000006601
4787.499999999885
6428.100000005854
9888.000000018441
11094.200000022829
2972.299999998392
10800.000000021759
12359.200000027431
11812.400000025442
3622.499999997801
11205.200000023233
6327.4000000054875
11184.200000023156
6725.600000006936
6632.100000006596
12362.400000027443
10746.300000021563
9926.800000018582
10800.000000021759
11832.700000025516
9738.000000017895
2720.499999998621
10939.100000022265
11587.200000024623
4357.399999998321
11956.400000025966
11525.400000024398
3535.39999999788
11301.400000023583
11755.400000025234
9852.20000001831
7402.100000009397
7450.0000000095715
11793.300000025372
2415.299999998899
8834.300000014608
3459.399999997949
11849.400000025576
9050.700000015395
5403.400000002126
12293.200000027191
2463.299999998855
2427.299999998888
11450.400000024125
11480.500000024234
2692.8999999986463
12134.300000026613
11193.000000023188
2569.2999999987587
11037.200000022622
11372.30000002384
11471.500000024202
11449.10000002412
4644.399999999365
4363.799999998344
7053.200000008128
9410.000000016702
11519.500000024376
7988.30000001153
11267.200000023458
2996.3999999983703
4312.499999998157
1852.199999999411
4287.599999998067
2384.299999998927
7025.800000008028
6058.400000004509
7411.00000000943
12201.600000026858
11472.000000024203
3209.3999999981766
11665.500000024907
11241.200000023364
10800.000000021759
5613.000000002889
10641.500000021182
3284.4999999981083
3797.4999999976417
9640.000000017539
2667.5999999986693
4193.199999997723
8172.1000000121985
7689.000000010441
11219.200000023284
12041.500000026275
4824.000000000018
4628.0999999993055
11575.30000002458
10231.000000019689
11359.300000023793
6518.300000006182
6523.3000000062
10800.000000021759
8655.700000013958
12073.700000026392
5173.50000000129
7650.400000010301
10800.000000021759
7350.60000000921
6199.400000005022
10422.300000020385
7181.400000008594
3474.1999999979357
2982.199999998383
4738.5999999997075
8661.300000013978
11802.400000025405
3869.1999999975765
8883.200000014785
4615.49999999926
3077.3999999982966
10800.000000021759
5075.100000000932
11282.300000023513
11448.200000024117
4488.499999998798
11067.20000002273
8341.000000012813
6344.200000005549
4283.09999999805
5534.200000002602
5250.400000001569
4445.19999999864
6098.400000004654
9027.30000001531
11428.100000024044
3529.799999997885
12057.800000026335
12238.300000026991
6877.100000007487
6623.500000006565
11930.500000025871
10800.000000021759
9120.100000015647
5844.20000000373
11726.50000002513
2798.4999999985503
11715.400000025089
11915.200000025816
10800.000000021759
12410.800000027619
5404.300000002129
11815.300000025452
10235.100000019704
8742.400000014273
2666.2999999986705
11515.10000002436
11977.800000026044
4810.399999999969
10800.000000021759
12029.20000002623
8378.100000012948
11749.300000025212
3775.4999999976617
11533.000000024425
12222.400000026933
4726.199999999662
10800.000000021759
4511.19999999888
11302.300000023586
10200.400000019577
2580.4999999987485
10800.000000021759
2946.199999998416
5118.100000001088
7098.300000008292
6001.500000004302
7665.100000010354
7509.400000009788
9439.000000016807
8354.00000001286
4265.399999997986
11422.300000024023
10800.000000021759
6195.600000005008
11944.500000025922
12001.70000002613
7618.400000010184
4963.100000000524
5287.200000001703
11121.200000022927
7823.0000000109285
4681.4999999995
10800.000000021759
2434.1999999988816
8187.100000012253
5469.000000002365
4598.499999999198
7188.000000008618
11108.20000002288
5605.500000002861
6921.4000000076485
4893.30000000027
11959.600000025977
11396.300000023928
12111.40000002653
5933.5000000040545
11401.900000023948
7903.300000011221
6340.000000005533
11001.10000002249
11349.400000023757
10959.100000022338
11510.500000024344
5298.100000001743
3199.199999998186
11294.400000023557
11015.100000022541
11692.400000025005
3023.3999999983457
11212.000000023258
8707.100000014145
9034.000000015334
5723.40000000329
6765.0000000070795
10436.000000020435
10767.40000002164
11068.200000022734
