2055.378880001251
881.6747500007084
1196.8614500002006
1223.2974899995288
1105.2318899997354
1275.0904100006633
951.8249699996298
1269.7894200000267
1245.033909999543
1361.4510399995806
1430.0291399998025
1632.1052400010335
1867.9628899997633
1282.6687700004493
1425.01367999995
2306.7996600009287
1131.9824400004015
1172.8728099994864
1331.8380199997225
1765.6958000003472
916.2922499997204
1825.4139400004628
1283.3428399994684
2361.2790100013076
1167.1279899997246
1142.490250000352
502.84292000032934
1072.3732499997104
1773.5407700000683
2042.6514100000484
1119.4023500005967
1456.261440000362
1890.683580000223
1948.3141499999913
1661.1423800003292
1009.4379899996092
1644.0661800012572
1026.460599999949
1632.6354399997279
1849.3706400005276
821.4067400006154
1059.341569999516
1704.097820000531
1131.3745200010048
973.3454499996488
1259.2696100001697
1836.8539699995035
2188.108640000517
1349.5906499995162
1094.124290000403
1705.0871899999815
1743.5254300006218
1112.908389999981
1206.5513599998822
1201.8750999998715
1391.4400099999389
1873.3048800011477
1478.3698200007354
1199.9118199998748
1558.814720000696
1510.8544799999208
2189.2975900009005
1302.1422399995142
1050.2063099996064
2048.859270000471
1178.4648499996226
1531.4253499999184
1632.2224400000598
1036.8575899996401
1343.6517400000405
1164.544109999933
1386.7436899996694
1385.9446799999773
1292.53304000085
1795.1321399999404
1457.503090000278
1712.6859099998321
2018.040790001429
533.0308000005457
3026.428600002535
1412.1033899996846
1421.8162799998731
1445.6818599997266
1436.7736800003427
1687.687890000245
1051.2437600002322
1292.1991599998469
1303.7112899999552
1546.7433399996164
1543.033249999669
1958.6874600004712
1541.1565900009437
1883.5003800002503
1825.018439999654
1174.6488899994451
1595.991650001183
1124.1035700008977
1390.1675400000067
1852.5881300001952
1145.8986499997611
1382.4404800001148
2114.1523400015267
1191.1663499994988
1015.9083899995464
2250.5242800011097
993.0414600003237
1240.5502300003968
1937.3055300007732
1487.5754400005912
1324.7748299995258
1626.5827999995504
1697.8109300002886
1786.8930700007713
1257.1091299994844
1931.8821300000186
2830.0295600014124
937.3797100000203
1313.9002499998116
1085.625900000098
1343.7758800006109
1778.924980000791
1042.1949500003377
1239.4151900000222
2352.6336700003703
1628.4125500002401
1241.8011400000707
1685.2323300007174
1402.783480000274
1006.1741099997486
1489.3193499996594
1119.3949399995809
2803.509810001259
1993.8127900007498
1735.1768299998346
1910.160510000328
1305.5186899995713
1281.5581399996265
1544.6365400002778
1326.3698999997732
1292.3990199995162
1076.1911900008395
1632.6186999993445
1290.6115500002059
1145.6114299998483
1534.8611800002393
2195.296730001571
1523.7693400003338
2148.237040000662
1396.0858299996075
1620.5758600010524
932.120180000023
1246.090640000007
1801.4217600003435
1635.8072800000518
980.7359100003279
1492.0003800001243
2871.1141300011823
1923.3581900003783
1656.4554300008285
1947.1410200001064
2432.9078400017506
1428.6568499997215
1033.743580000271
1675.1414700003934
1230.0124899999998
1564.0373099998449
3935.024910004313
1207.9759599996387
1397.8089299999497
1874.4372699998971
1343.435859999418
2209.7230600004864
2065.287380000509
1877.3660900003583
1004.3924499996219
1840.09856999961
1318.0281999997023
1619.8567800000342
1986.1950300000635
1144.591119999654
968.3668899998846
1820.9133799998965
1523.572090000283
1544.3015399998026
1570.0165199995138
967.2636799996224
1106.0781000010259
1945.3633500010965
1152.1390499994368
1354.6026099997898
1332.5144999995994
1948.8200100004367
2128.2728300005583
1400.0584299995007
1361.4148299995556
1738.0764599996578
2653.0801600015043
2244.088540000798
1115.5369599998542
2813.733040002846
1733.9311800005535
1147.1156899995322
1606.048919999688
1865.9753900005628
1678.4030899998138
1042.4580500001787
2640.5181500010895
1372.944539999748
1041.6549899999447
2351.7293800008365
1966.3146200012013
2265.7863600009437
1712.154939999998
1699.653750000128
1189.017999999931
1421.7884000002073
1077.327119999621
1202.0939799994944
1482.507240000257
1113.0892299995066
1324.6955499998146
1218.076620000274
2258.6514800002838
1456.5187499999197
1490.0372000004968
1693.5652600012183
1712.9023399994
1185.5126599996036
1824.597070000088
1652.5197700000574
1203.8241599994396
1311.415839999675
1096.6918099998188
1864.9800699995437
1438.861139999551
1937.8039500013613
1418.8895199995336
1533.6013899997727
1337.9992900003908
1350.9397899999165
1681.295929999892
1518.3143399995472
1872.6471100000908
1175.2272899997652
2857.2621900016647
1189.1428599998023
1513.595469999821
976.9315799998003
1721.4812599997424
1115.1158399996896
3101.5338300033413
1089.0306499999178
1517.4963900007858
1774.425920000071
2073.9256700009546
1007.9070200006241
1274.7092799999123
1051.442340000287
1741.0439899995772
1081.7116199997356
1979.8955600001539
2716.205460001261
2158.1771500001005
1320.750670000004
1733.0278699997093
1115.8460900002472
876.3975299996663
1473.3169400000313
1467.284089999586
1919.2915099999277
1018.7834599996255
1238.19998999952
1811.544329999789
2153.2168400013393
1802.0807000018194
1264.325130000116
1585.4621700005678
2513.432540001877
1261.951729999496
1560.8666900004996
1895.083680000488
1883.031649999991
1377.0911899994828
1112.7941799996997
1328.6861199997359
1803.0763700003577
1385.0190599997673
897.3885799997272
1024.3003299995494
1279.9439800000107
1413.7833699994483
1785.7089499998342
1251.0830599998142
2006.0700100010017
1328.6996000003028
1110.1251400001233
1323.639759999443
1060.9407399997162
1762.0062300002676
1350.8650699996513
1322.7084799994766
1354.344360000907
2742.3627900022693
1001.3929499999198
1113.9414799999329
1243.0396499996275
1658.6498599996326
1823.203930000375
1452.0183600000921
1762.2436799999152
1863.069740000164
1303.8232700000717
986.9771500002174
1611.2814200002813
1698.3246900000015
1431.9846700002336
1339.2596900000906
1576.6651399998937
1202.9411699998354
1749.338380000007
1392.3315599993882
1462.2343999993445
1619.7464099994936
1563.4016800001584
1466.6095499995797
1436.217589999803
1679.5117500005113
965.0239599995595
586.508800000001
1417.1473600001855
1656.6223200001218
1215.5507899995744
1393.6422500002402
1347.2771499994733
1080.931519999874
1168.598869999899
1792.7289700006863
1503.0451899999289
1377.2111000010202
1637.6159800003618
1607.750520000067
2300.0720400015784
1743.7965299998268
2868.5163300021154
1299.1200600001043
1551.7337100001826
2189.899009999963
1311.2302699994586
1203.3057699995907
1150.0724899998713
1027.7295499995673
1365.2526199994472
1354.9267599996033
1464.3192599999613
1139.9774699997665
1203.3860700004384
1557.632860000188
1564.9083900003525
1312.8560300001636
1427.018580000911
1224.4823799997432
1091.038369999521
1324.3705200000459
1347.8323500007493
1109.6125300004962
1145.4070099998423
1456.520449999824
1554.1943999997623
1298.8264100000197
1306.3602599999028
1213.6014500003
1193.6181700000984
2305.4268600010687
1513.9301299999652
1312.7768700001836
1700.9668000007216
1705.7624500014488
1073.9014699995444
1302.936809999985
1641.551739999495
1283.5881799996146
1103.0007899995499
2014.8642899999975
2288.032160002522
1088.9112399998155
1781.9061900002496
1655.9415300004537
2069.58912000159
1700.903130000629
2251.8366500013976
1235.4074999995048
1170.8513900003827
847.6259799996506
2004.1462499996458
1755.2222200001581
2133.9853700020203
862.5357299999127
1353.8887899997726
1598.3111999996975
1315.8498200004758
2065.4402400000267
1952.5376500010418
1418.9292399999854
1150.6424400002827
1816.7212400015944
2077.6857600001968
1094.6237500000552
1940.2641900005444
1688.7912699999308
2229.7411000024485
1193.728739999442
1480.8800200007636
2123.7934500014358
1771.2589199999438
2272.0013800004435
2176.0579200007037
1369.143949999384
1234.7274699995367
1521.870449999627
1596.4550500004189
1635.0641200007094
1218.8965800006283
1486.208179999353
1352.8943799996473
922.7686599996237
1046.1406699998975
1271.8324399997957
2440.6110300015057
2557.210230000161
1506.3451100005464
1601.7871000002635
1936.4161400006599
1449.0528500002513
1787.3278900002697
1218.3815999999663
1389.1531200002003
1180.2036500008444
1179.3913299997334
1167.9194099998329
1107.3615800000102
1284.4352399996822
1553.6463499999268
943.306419999614
1538.0166499997408
1396.4978900000613
1423.334740000029
883.2071999998408
2689.80714000153
1256.296409999753
943.9020399998758
1271.2152200000635
1282.0290999998012
2033.9669000008826
1139.5764599994807
1628.90442999976
1196.0046499999676
1204.9996699994624
1635.3200900006632
1003.7857299997329
2356.6435300002377
2503.4387200001197
1497.1277199996873
1509.5197299995943
2030.1847500002664
1475.2048799997024
1196.4233799995814
1549.4088399998527
1157.656099999967
1857.0728400003966
1665.6558999996175
1585.3914800001176
1084.1303899996158
1779.9274000013997
1276.2879299998035
1237.026709999956
1662.9689399996857
1840.4098800004547
1206.8311099998866
1728.0239700013647
1149.811439999932
1672.9757600002488
1987.9868600009604
1675.3291800000839
1171.5461099999538
1527.8032399999752
1359.5906599994162
923.2416699996378
1571.5426700002395
1512.1743499995853
1403.699609999547
2190.4090700012584
1252.125579999519
1439.3279800000707
1013.4753999998925
1922.5082500010749
1107.7501799995196
1109.8435999997903
1476.0742599996129
2062.3218000010397
2054.1356400003183
2402.8436400007395
2129.709169999918
945.8921699996199
1571.0225799993857
2035.525999999789
1262.0344900002779
1226.9403299999499
990.522599999932
755.6646499999376
1649.315239999913
1561.2429800002483
1716.5247800003622
1591.5706199996391
1339.0048399998857
1349.1956599999767
1738.4312899998931
1133.6137299996622
1908.7419600009518
2044.2125800007882
1285.4628799999246
1433.4134599996528
1211.4640900007173
1040.0406399997637
1682.8963700006318
1588.5129899998574
1961.3587700010996
1533.0940799999473
1647.5488900012988
1737.6037899996006
1312.1418099999576
2131.566070000239
1549.9518100001526
1383.9032200002132
2068.548959999875
1426.547269999618
1274.7632999996695
2175.207510000694
1180.918449999535
944.2486899998092
1369.7657599998868
2174.962999999681
1130.650389999521
1867.7062300010348
798.6191600002852
1721.4346200000791
1424.1932699996364
1870.5001500001024
1267.2328399998546
1341.5647799998528
1284.5526899996958
1337.1047299998218
1234.5638899994583
1078.4828200000848
1676.2584899994429
710.2151500003184
1142.4558199995058
1936.1413000002763
1435.2396399998015
1214.4317699995563
1205.5393799998408
1572.2657800002987
1282.8735199997507
1199.763459999492
1462.884919999639
1159.0523599996593
1655.3214500014897
1424.5763600010841
1644.7840099996952
1445.8918999996656
1300.2387699998176
2322.306940000843
1324.1532899999638
1357.9908899999616
1196.0250200006956
1456.5615899995446
1170.8152599996713
1150.2503799996912
1566.9833200004605
1574.3854100000913
1070.0785999997636
1784.3079100000136
1847.2623100004278
1538.3646400000328
901.3483599998943
1923.3753299998436
1220.8490999994585
1397.1941199997098
1304.7271600016948
1023.9939699995524
1511.7107799994253
2199.2535100014543
1228.6645400003054
1683.613989999919
1311.9390900006752
1509.321169999718
1404.6810199998904
1933.7932999998018
1267.3213699997507
2130.461380000258
1298.489839999467
2017.1212899997693
1010.5096199996627
1253.8298799996815
1040.3218799997826
1977.8542699995078
1569.3156299994175
1149.2627400000235
1598.5972299999949
2332.6892000000607
1355.835550000211
1713.8965200000398
1178.4083899996383
1122.3989599997542
1751.2854799999616
1038.0285799995625
1825.9061299999164
1989.2978700010049
2111.360940000309
1139.658890000578
1166.0642399995795
1398.0288800007565
1571.5253999998808
1585.7917799996183
1362.015450000127
1376.5417199999895
1610.7948900003505
2289.5223300003145
1570.1062699999527
1333.4760700001823
1067.4243500010346
2354.383720000325
1129.4757999997046
1432.9952599996366
1047.293920000134
1655.8704100000762
1409.8075699998187
872.6100899998969
1137.67434999975
2316.0954400006
1245.2526299999258
1437.8607499995196
2287.1559300015015
2464.0626500013896
1953.0615200006623
1711.8004100001715
2731.5312900022705
1189.636799999741
1939.3655899995929
1307.1038900000974
1087.9799799996067
1281.0892899994346
2533.645260002003
1536.2822800001836
1366.3287299995623
1745.8271600001945
1766.30250999975
1329.442209999552
914.9032000006705
2881.943820000664
1729.845190000192
1333.5027499997732
1442.7013100001682
1833.4042799996353
1149.6174399997
1337.8208000012496
1851.9126500001491
1418.6460299996234
1643.2798199996248
995.1338900000146
1386.6549299997118
1354.7089700002646
1122.7465599999643
2450.290210000163
1393.2069800003153
1979.0335299995363
1610.768229999904
1090.8870099995497
2427.9880500002355
2147.7887400010673
974.7482499996067
1208.8720599997903
1362.6141399995693
1187.5657200000094
1476.4601599998985
1376.7859799999999
1388.6419099998927
2425.6174200013684
1481.597819999707
1286.0211799994809
2124.994070000799
1669.8012200002063
1150.4856499996704
1402.6780099996647
1859.0405600003849
1911.3875200007183
1061.9070699999413
1229.870400000287
1386.7510200003142
2551.6282300017524
1891.4935799998739
2456.7233300020757
1031.3374199997504
1178.282459999976
1672.70131000083
2711.383150001484
940.5685499996864
1225.3239800001058
1556.490109999612
1266.641089999627
1226.4001399994997
1723.4689099997972
2630.732380001295
1322.3359799996042
1349.2525199996444
2287.834980001941
1668.0768899998138
1543.8197000007242
2315.122010000647
1905.6711600009207
1969.5476100004453
1107.4551399997035
1184.5369999995185
1960.2213800002617
1045.8662700002244
1520.4620899993904
1445.6782900006906
1514.1048099996428
1802.2553699998691
1537.6043300002418
1632.9437399998196
933.1819300001146
971.2887199998132
1519.325160000468
1323.618779999764
2047.974640000159
2033.3101100002314
1716.8917300000082
1901.2599800000257
1680.7965899998785
1598.0168500002756
1071.7993399995541
2181.0730700006375
1318.870890000065
961.7113000002265
1021.5651099996593
1323.9724799996893
1347.212130000604
1356.0891199996188
1801.8089300006948
1880.3534799998754
2428.7085700013663
1169.0026699996881
2233.818960001885
1277.7731299996192
1707.4667599995903
1308.7586799997664
1727.0202400005978
2390.96938000083
1545.175879999492
1119.1724800005604
1551.8676100002683
1431.546809999473
1348.911480000429
1576.0374099994465
1562.5974900002266
1523.682029999909
1486.1788100005476
2018.056980001129
1586.297220000248
1012.3629299996354
1162.7205599996432
1346.9026899997025
928.9857799999995
1379.6246999996551
1740.4485400002427
1732.228990000417
1803.6657900006235
1496.4700900002865
2019.653320000043
1709.7014600004832
1218.2809000003829
1091.2725699995651
1569.9728099997594
1450.6354899997903
1201.330169999665
1172.7810599998174
1021.4187300003948
1361.8544199997364
2475.0868800006274
1987.6816400005475
2447.5141300027135
1348.1330099995723
1348.5558600005463
1334.2301799998227
1777.3736800010308
1503.8834199995513
1434.3048200001158
2031.7556900015168
1351.2844800000769
1566.467280000077
2536.9446600014126
1352.0407599999546
944.0765300002405
1323.690969999746
1093.8282900014751
1079.915419999699
1557.0636899999909
2932.098760001704
1127.9981800000146
1403.6937899996792
2372.6807600010065
1473.1402499999845
1141.3405900003888
1415.0295500010752
1579.7270899994467
1660.1585899995962
1248.362259999545
1169.1030699997857
1758.5102599999855
1096.6945200004357
1201.8714499996006
1395.753120000635
1804.7857500003267
1314.3457599994304
1479.0044399997264
1486.315420000933
1469.7933800008564
1579.899209999581
2250.3942800019863
1757.2822600009022
1074.96466999962
1366.223650000721
1819.8170300014092
1387.036319999413
1254.659219999962
1619.3303699996366
1362.8078799996872
1454.7599300003017
1737.1793700006453
1513.543720000296
2517.1592400008235
1129.036469999646
1269.9016099996513
1485.5753300001693
938.1579299995839
1456.8312599998565
1152.8928699994945
1321.087699999964
1764.6742699997924
1920.1095700008757
1548.0784399995728
1923.1553300013752
977.4689899997452
1193.6458699998955
2003.3539600007189
2271.412590000707
1504.8944399995257
944.3617799997551
1512.1250199996177
1411.4196999997753
1859.4665299995759
1472.8567999993247
1559.3402600000459
1391.134079999626
1968.726610000954
1378.1961500003954
1214.407330000762
1601.8876199996437
1709.8705199996348
1334.46468000041
2294.478870001076
1450.440750000143
1888.1857600002577
1335.3085799997955
1066.9331400009905
1320.763769999455
1430.8753700007944
1114.4280600003533
1128.6487100003164
1641.87600999965
1435.6352899998526
1892.5447499998832
1179.0885799998914
1542.2382999996687
1372.9130199996007
1331.9970299997744
1658.4072899999671
1313.8309300002456
2369.2077000011636
1733.6952100001151
1833.8111900011195
1681.640849999644
1448.5102299993896
3096.6628000041005
1087.2653099996269
1340.5935099998503
1815.2037400002307
1206.9321999996732
1201.7998300005008
1208.7881699999166
1514.8360000003138
1702.7239400002134
1329.6402099996415
1339.9800199994088
2343.5204200010207
1535.179189999736
1366.6548599996074
1078.109470000631
1528.854470000008
1758.8363600001635
2747.5491200010106
1362.0462499996836
1601.1892600002707
1400.080410000399
1591.4653700009865
1953.8485700010042
1277.8972699997562
1361.9864700003593
1494.9420299993985
1274.9921100001768
1341.6197199995195
1863.9634099994812
1288.1670800006375
1076.2390499998673
1388.728300000071
2685.743400001266
1258.5709699999936
1353.6108799996227
1626.841880000557
1614.1464900000838
1664.0795000000644
1352.7609200008537
1610.012139999571
1727.77465000002
1616.9736700000676
1144.7375399997338
2140.377449999971
1424.1678800003774
1560.416060000047
952.138020000922
942.1724299998392
773.7196800002638
1483.1172399996174
1548.7433499995493
2314.992020001316
1300.0974099997732
1211.927149999964
1172.5384800000809
957.5240699998047
2102.424010000055
2404.3905900006334
1836.780990000128
1824.3780300001963
1618.8989500000712
1719.7499300000063
1766.386629999556
1908.8165500005268
1544.618920000078
2066.9381200009784
2022.256460001288
1793.9982999996805
1627.9803599994123
1668.452510000611
1451.573300000066
1346.7855099998242
2515.5328600005464
1312.150019999613
2764.1858000015254
1804.1293800003414
1436.7325799995333
1203.4967400000762
1775.032619999658
1571.395870000017
1592.0034500002562
1071.4128799998891
1379.9891800001071
2645.834320001473
2036.6177300002812
1009.0082299996374
2185.619060000507
1026.5713299999095
2128.0517900008876
2941.0677400016825
884.249940000611
1698.0769000013615
1214.9016300004448
2136.8457500005984
1904.3049999999214
2162.0588200002276
1777.8912700002877
1069.9269200001172
1306.534139999527
3033.70443000216
1425.439879999683
1668.7515800008032
1325.3663899999635
1666.4286300008418
3278.701460002981
1185.731039999948
1799.3760399998387
