8750.375000014303
10162.40000001944
6727.150000009602
4135.799999998229
2821.37499999949
10996.250000022474
3501.7749999993575
6164.200000008101
3354.3499999997957
3540.2249999993724
4396.549999999254
11559.17500002452
5509.250000003624
6840.2000000073585
9741.300000017909
9525.250000017122
8646.550000016043
3087.000000000658
4353.950000002051
6708.575000007566
4916.9500000044445
5967.525000004179
3679.675000000641
9632.500000017511
4353.10000000183
5971.100000005557
7813.975000010896
3973.375000000206
5628.325000006129
6645.475000006689
9446.475000016835
6012.625000004351
8714.250000014232
6117.100000007709
8464.800000013263
3625.299999999681
12121.450000026565
5636.425000003881
4291.825000000534
7251.475000009323
6359.950000008577
3155.5499999989925
9177.925000018924
10990.20000001069
4583.700000004106
7671.675000011824
5777.050000004869
6164.025000005085
4056.649999999911
6938.700000008992
5697.150000004451
6835.5750000102635
5260.925000004914
4658.375000001623
5255.650000006792
5671.125000004808
8631.62500001387
5134.450000004037
4282.47500000171
7442.625000009545
7009.075000012121
11217.025000020134
3444.7499999990987
3216.049999999775
7750.700000011704
4760.300000004139
5877.400000007016
5973.175000004199
3614.024999999416
6278.675000007981
5837.525000007996
4368.150000002854
7237.9000000110445
11084.800000022027
10660.30000002367
5735.950000006066
6565.650000009007
8152.075000012125
7948.000000014441
11702.42500002098
4311.7750000015185
4677.8750000026175
5096.000000001008
6468.225000009458
6692.325000007417
6074.100000006527
5603.825000006869
7840.4000000127035
5372.725000005075
5490.650000003747
7303.500000009809
9299.875000016302
5509.125000002672
5134.050000003796
3709.5000000013306
8619.92500001709
6599.875000010805
6517.40000000831
7287.100000010269
4085.300000003965
7355.8250000093185
7917.750000011273
3984.2999999997423
3610.975000001386
8379.5000000119
7881.925000011988
7325.875000009763
9202.150000015947
12736.450000018605
3799.3750000004184
4372.649999999462
7278.6250000119435
7713.12500001053
3461.549999999342
6857.77500000824
8308.875000012697
5905.775000004442
6832.350000010789
6538.250000008715
9746.875000017928
8045.625000011738
6476.125000009601
6652.825000010978
7246.125000009788
6281.675000006186
7170.525000012698
7904.500000011225
6705.125000009155
4284.47500000268
5002.125000000666
4593.050000001526
8142.32500001209
6265.900000005571
5876.800000005191
7023.450000008268
4095.5000000006576
4398.125000000634
7134.450000011225
5292.200000005701
5792.725000007345
10220.225000019818
4401.674999999836
8113.4250000119855
5638.975000006047
7348.975000011282
10056.475000019418
8348.825000012843
6599.9250000064785
4732.325000001139
7655.82500001032
5741.82500000523
6004.650000008716
8451.125000015762
6624.075000009703
6232.275000005141
5535.225000003416
7462.250000009615
9187.600000016564
7508.550000012796
8592.800000013729
7624.500000010206
4796.0500000019965
7982.750000012064
8599.050000012166
6110.150000005729
8818.32500001694
11372.67500002384
5016.925000003055
5183.5000000033815
5607.875000003267
3771.374999999011
9960.400000018704
6988.350000007893
5392.225000006025
3171.324999998924
5211.200000002016
4284.175000001337
7476.625000012697
7966.900000011452
3654.200000000105
4653.625000004693
6685.575000009665
5282.675000004444
4381.350000000131
5890.07500000696
3398.2999999989565
11130.625000021544
6413.600000005801
3410.299999998398
6675.375000009641
3786.5000000009472
5391.725000005332
6023.425000004381
4354.524999999309
3524.625000000285
4631.700000000824
7089.000000008258
9815.900000018179
6911.600000008885
10119.300000019282
7610.675000011943
3284.4249999995236
6229.000000010035
5473.30000000417
4602.200000000879
5681.825000005336
9636.300000017525
3908.7500000001064
4208.400000002821
6637.250000009642
7413.225000009438
7539.175000011834
6371.375000005647
9156.675000018578
4707.775000002139
9565.925000017269
4082.87499999994
3012.774999999131
7097.550000011472
3487.7750000006167
4999.575000006555
6532.05000000906
5594.800000004956
6117.8250000059525
7718.125000009739
6377.125000005668
3474.6499999996954
3654.050000000341
5468.650000004467
5826.875000003669
5501.87500000742
4030.9000000027536
4131.925000000107
5367.0250000032265
5076.450000002764
8161.5250000126125
3669.3500000007703
5185.300000001333
6627.75000000718
5240.525000004137
7129.600000009653
3783.4000000005335
7081.050000010246
3910.4499999993836
9109.425000015608
6259.550000008061
7942.200000011748
4056.6750000009392
4543.025000001942
4774.00000000219
13449.200000020475
5950.27500000724
7200.050000008662
5129.750000002386
8018.425000012072
9690.225000018076
5174.500000006443
7075.450000008209
6852.650000007867
3775.3250000012367
9543.025000017493
10492.35000002064
5929.625000006483
6090.050000010608
4964.50000000365
6024.275000006898
3310.6249999996007
6032.22500000527
3739.2749999996067
5394.350000002632
3504.524999999247
3741.2749999999123
5047.425000001402
9329.525000016569
8477.300000013309
6278.250000006125
6854.3500000077565
11356.600000023784
3482.9749999998244
6881.675000007504
6053.525000004492
4948.27500000229
3955.9250000002753
4496.574999999584
5118.100000001983
6512.900000008138
4146.450000000075
3248.774999999863
3808.1749999986105
6204.675000007273
3663.449999998716
7340.775000010851
5504.900000004076
8884.250000014788
8128.6750000124775
5808.400000006355
4007.6250000014243
4171.875000001797
7593.075000011026
5499.175000005807
5258.475000006762
8404.725000013044
8577.900000014404
4024.6250000009486
6018.275000005633
6231.375000009435
4574.225000000673
6202.875000005772
5372.2000000020125
4941.825000002738
6201.050000006349
4933.425000002706
6982.675000008724
6493.350000009268
4822.80000000232
6577.2750000066935
5703.350000005936
5664.650000003928
5521.875000004924
6542.175000009311
4935.700000005474
4090.5499999986537
4771.025000001646
6701.725000008646
6007.150000007434
4895.250000000515
10216.300000019635
2760.2249999986802
5384.425000002346
6332.400000009016
7269.950000010018
3596.9000000005467
6037.475000007014
3541.3249999996915
4043.550000000918
4785.775000000698
7931.75000001357
5940.025000006895
8395.800000013012
5131.775000004816
6449.800000009398
8104.675000013345
5253.275000002506
11328.475000023682
6167.600000008362
8001.250000011576
5720.625000005506
6371.275000009275
3654.7250000004733
4661.625000002123
3146.925000000726
5018.600000004104
4284.550000000665
4760.85000000236
4824.225000005104
7586.350000010068
7550.825000010647
6400.550000006562
6187.575000005398
7964.025000013356
3987.9750000006106
3279.3249999987966
6421.5750000076505
6880.200000010305
6034.500000005508
5633.425000006686
5069.200000002958
4632.775000002604
6177.150000008656
5817.275000006632
6238.750000006191
5743.475000008229
8384.950000013185
6955.950000009405
6699.675000009389
8711.300000017722
9085.275000015465
3064.2500000012597
5734.15000000565
6172.075000005896
4441.174999999814
3247.899999999135
8269.975000012555
8985.050000015157
4789.625000002786
7157.650000008508
8362.725000013637
8319.600000013806
5590.450000004192
7179.75000001217
3704.050000000922
6529.925000008805
3419.89999999892
5690.850000003429
7084.425000008783
9442.825000018986
3735.125000002294
5793.7500000044
5563.87500000774
8888.725000016244
9083.97500001706
9890.450000017634
5601.700000005149
5921.775000008405
11064.800000021329
5973.725000004996
5085.67500000266
5839.42500000523
6057.375000005586
9774.025000018026
3446.8999999987623
8084.4000000128035
8503.475000013404
7323.82500001042
7843.650000011004
7594.525000010213
3987.9749999988408
3496.199999999737
6409.250000007418
6945.200000007735
9996.100000018834
8133.550000014464
3893.6500000006004
4120.225000001783
3097.8249999990535
4570.5000000013115
4936.675000000601
7749.950000013009
7538.850000009895
8000.575000011574
7590.800000012867
6191.000000005795
6568.225000008762
7185.075000010913
5109.225000004564
6245.700000007404
8808.000000014512
4360.500000001852
4570.125000003538
6761.775000008923
5276.200000003274
4940.825000003258
2684.949999998704
5628.875000005079
5052.650000001727
5296.375000003938
4426.600000001943
9351.825000016492
4323.9750000012555
4634.725000003101
5963.300000008367
4193.700000000667
8209.250000014628
2915.5249999984844
4677.400000001412
4845.400000000165
3695.0999999987444
7040.875000008314
5302.400000005147
7719.875000010554
7978.650000012922
7467.275000012094
7569.900000011072
5147.125000001612
4454.074999999679
3861.300000000584
6433.100000009021
6576.725000010969
6723.425000008156
4767.975000001866
6563.000000006345
4338.575000000696
10304.300000019955
5811.800000007023
5902.825000004929
4274.47500000132
9321.325000017005
4483.050000000974
9444.700000017496
5028.175000002702
6049.425000007006
9014.475000015264
4759.7500000025975
5538.400000008236
6459.0500000078355
3633.6250000003156
4168.375000001381
4876.075000004508
5041.30000000157
4157.0000000014315
7338.075000009628
3392.774999999454
5672.975000004504
5022.550000002906
8257.050000012508
2786.024999999516
6221.0500000091815
4972.725000004159
7083.625000011101
5887.625000004326
10666.72500002007
6493.925000006293
5456.650000007772
4304.825000000453
5448.825000004024
5367.025000007578
6893.575000010593
5563.725000004488
4308.3250000024655
4787.0250000023625
5138.275000001311
7401.1250000114715
5496.22500000443
6486.100000009283
5931.525000007201
5445.450000004597
3650.500000000332
9064.275000015445
9871.925000014427
4643.6000000041095
4111.825000002446
9132.20000001336
6564.950000009616
7124.675000008388
8265.775000014048
7499.600000009959
4565.3750000017235
9942.700000015935
6275.40000000728
6106.825000008224
8235.300000015472
5901.725000005332
5791.450000003659
8527.625000013491
4833.425000001923
4455.425000000826
7559.550000011708
3381.3499999997275
4089.424999999947
5271.125000004249
6254.8000000071415
3169.024999998863
9607.175000017436
6387.250000008395
6281.7250000078475
4329.125000002245
5343.575000005034
5911.325000006253
4916.875000003167
5096.775000004583
5763.275000004998
3529.3999999988223
6500.600000008829
5544.950000003459
8010.150000011609
3525.1249999995352
7113.825000008811
4664.775000001852
4324.72500000152
5247.250000001558
7941.100000014701
3900.250000000048
3203.5499999989734
3978.800000000309
4327.300000000412
7617.300000013068
10002.675000013627
4957.925000001655
4576.524999999664
4365.750000003116
10165.70000001276
5874.050000005367
5197.125000005775
8914.850000014902
4576.625000000808
4689.325000004009
5872.5500000077
9252.70000001613
5943.80000000478
6325.275000006733
5861.775000004869
5417.80000000285
5975.775000008609
5973.450000008902
5282.87500000229
3409.649999999555
4123.5500000023485
11182.450000023151
3868.4750000010113
4395.300000001882
7824.350000010933
6395.500000006691
6548.025000008236
5734.000000006468
5482.625000004027
5748.500000007968
5470.075000003094
4710.300000001855
6858.200000010233
4037.7000000000903
5897.600000006055
4052.75000000008
3937.0750000012927
3822.67500000038
5615.225000004525
3968.599999999854
6051.850000008448
4604.300000003169
7147.225000009204
4793.300000003948
7412.300000010821
3997.3000000017028
4439.675000001225
6492.70000000652
3036.5999999995083
6805.950000009978
6419.700000007052
6878.1500000079795
8339.975000013148
5759.875000007808
6962.9250000078
8242.725000014107
4026.7750000001847
8595.55000001374
6360.300000007548
8420.900000014519
7122.475000011178
7498.225000011728
5295.525000003456
8760.72500001434
6877.1250000097925
4637.300000002031
4534.44999999915
5470.575000003605
6837.850000008179
4452.100000001696
4695.8500000026415
6189.925000006763
10747.825000020532
8748.12500001787
4075.92500000052
8725.350000014212
11192.850000023189
7066.000000010177
7359.425000011993
12886.85000002935
4392.575000003455
6780.450000010196
4867.350000002735
5515.700000006113
3410.9249999994745
7857.400000011054
6055.450000004498
3545.2999999989747
7102.900000009691
5244.650000002242
4410.0250000019505
8825.225000014576
6871.600000007467
8203.275000012056
4762.700000003615
8080.650000011866
6997.225000009239
4277.975000002078
10579.400000020956
6863.775000007927
3897.400000000729
6137.025000007985
5200.70000000369
4440.550000001329
6875.400000009635
5454.8500000045415
6452.800000007962
5272.37500000233
4615.3750000004475
6322.950000008364
2917.499999998934
8944.025000015166
7086.9500000107
2981.7999999986355
4682.250000004691
4132.00000000185
7561.275000011536
5734.97500000546
7785.250000010791
5713.225000005672
7788.95000001225
4741.825000002973
3507.1499999991493
6220.92500000512
6710.400000008267
4422.450000001811
5226.125000001641
7488.850000010972
9382.700000017836
5236.325000004684
6344.750000006607
9316.425000016872
8641.075000015428
5319.450000002549
8243.175000012458
4495.374999999945
5521.500000002556
7683.450000010421
9757.675000017967
3478.1999999992177
7551.7500000125765
4596.950000000539
4394.275000002275
5270.90000000419
8066.325000015964
6468.150000009568
5056.975000001943
3812.8750000001883
12893.700000014538
5558.650000004511
9469.925000019746
6371.97500000565
7990.475000013408
9098.425000017709
4057.7500000012246
3443.0999999994137
7440.025000009702
4682.425000003167
4161.700000000879
6296.950000006218
4616.375000001111
5026.075000003253
6355.125000008062
4735.125000000902
5963.225000006829
4462.875000002205
7056.325000009445
4751.525000003034
5993.6750000046395
8085.750000012684
4568.800000004021
7300.800000009052
5446.775000002418
6018.425000008914
5259.875000007728
9766.600000018
8341.67500001648
6983.475000008794
3420.7250000003123
5741.175000004265
7806.100000012095
4717.300000003274
7100.525000009303
8343.15000001538
6889.525000010659
4557.550000004705
10590.525000020996
4812.900000000303
5960.875000005079
4613.2750000029555
5802.450000003577
7626.975000011529
6102.875000008251
7829.5750000138705
7099.5750000107455
3802.6999999992495
7964.9250000121765
4318.674999999297
8070.45000001229
4716.200000001814
7250.550000010038
8725.00000001421
5279.450000001675
4603.35000000059
3757.999999999331
6754.375000008604
5623.600000007171
4621.725000001878
7624.0500000122265
7148.3000000109605
6611.775000010302
7969.25000001296
7988.150000012295
7081.250000008138
8198.775000014666
3868.899999999284
4700.850000003237
4742.725000003107
4312.425000003096
5992.97500000427
8907.85000001539
4485.100000001503
8712.175000014638
8423.775000009766
10720.600000022208
3835.100000000279
9614.800000018118
5757.375000003595
8521.300000013469
4942.175000003479
5921.75000000801
10442.625000010132
6541.575000007738
6343.025000007727
7837.525000010982
6778.675000008854
7440.050000009534
4047.450000000348
11289.82500002354
5812.9750000083295
5243.375000002615
9384.625000016573
5609.75000000812
4108.925000000299
7838.3000000117745
6244.200000007961
6607.825000008837
9020.375000015285
5046.400000001919
7383.475000011715
3522.074999999153
5325.625000006585
5098.425000001376
7484.725000013095
4642.825000005376
5728.425000004665
7324.900000010749
3687.8499999986634
4477.450000000303
7549.625000011818
10900.12500002214
4113.224999999773
10060.000000010561
8108.575000011968
4063.149999999385
9034.125000017335
12734.425000028798
5563.275000007462
5761.95000000776
4975.875000001921
5063.525000001436
6661.725000008944
7620.625000011853
7639.000000011083
6994.100000008293
5674.925000007786
3742.775000000534
5362.225000003653
2790.374999998652
5310.950000003428
3451.249999999039
5343.300000004447
6638.350000007584
7646.025000010285
6148.800000009234
8830.075000014593
3377.4500000002745
6523.55000001078
8075.025000011845
7349.300000009205
4639.975000002518
6636.125000008119
4181.175000001154
4591.575000001193
6230.500000005807
3758.4749999994724
4948.550000003088
5166.600000004114
7973.925000011477
8280.200000012592
10304.325000019955
4800.550000000359
4731.925000001391
6628.025000010041
10631.875000021148
6025.250000008058
6712.325000008495
5891.400000006526
10768.825000021645
5031.200000004766
11357.450000025314
5318.625000004597
7146.375000010012
6044.975000006418
5068.700000005063
5967.325000004437
5839.95000000621
5334.850000003929
4397.799999999751
4376.300000000889
6164.150000004997
6653.225000008408
9927.950000019562
5433.250000002741
8946.850000015016
5432.525000004198
3487.1749999996755
9569.200000017281
4109.900000000726
7661.125000012418
6982.150000008922
4370.500000001295
7675.425000010392
5736.875000004626
6007.700000006076
5731.65000000332
4289.575000002576
3642.225000001542
6220.975000005659
4970.100000003924
6410.77500000934
9489.975000016993
5008.725000002929
8320.25000001305
8851.725000011946
4989.950000001587
5451.875000005405
9098.750000018234
7921.900000011288
7143.025000008454
4803.650000002674
8152.025000015068
3823.9249999994977
6778.750000009291
6157.750000007956
6202.825000006326
9529.05000001103
4857.675000003181
5838.92500000757
8354.300000015352
5639.750000006572
3967.5750000001067
7842.325000011613
7327.2750000094375
5724.00000000533
7625.075000010208
7156.775000010006
6717.70000000807
7714.175000013557
4071.450000001344
8005.95000001259
9043.700000016484
5314.20000000379
8285.975000013106
4700.850000000584
6941.350000009601
5425.950000006098
3786.200000000017
7622.525000010199
4519.125000000537
5074.425000001252
5614.825000007351
5300.125000004837
6700.350000007594
7355.425000010519
6593.250000007225
6621.1000000088625
5711.800000003458
8461.350000015966
6387.275000005793
6826.500000007303
7002.075000010043
9780.75000001805
8904.475000014863
5047.075000002797
4802.800000001952
8174.375000012207
5699.02500000701
5396.300000003498
7624.675000010207
3824.4999999998236
8136.075000012068
5431.275000002727
4336.500000001034
6830.025000007316
5991.625000007124
5627.22500000521
5999.775000006479
4955.25000000245
6426.775000008822
9733.000000017877
8407.825000013832
4397.975000002471
7930.550000012989
4831.275000004267
7617.800000010182
9517.525000017937
8078.675000014646
9100.825000015577
8641.850000013907
5693.9250000031825
5371.750000002348
7023.2750000107635
7027.850000011094
6524.925000009457
3625.4000000004235
8156.225000012337
5997.17500000469
6428.925000006928
5664.050000003426
7952.6000000114
9472.000000016928
6508.70000000938
6660.800000009991
