5609.550000005204
7101.025000011036
4514.600000004917
2279.399999999023
1467.0249999995033
8305.450000012683
1767.2999999994881
4209.300000004634
1783.6749999994731
1677.19999999957
2068.2749999992143
8691.40000001457
3176.7250000023378
3971.5250000022443
7370.4500000120715
6927.4000000102105
6407.700000009698
1620.499999999433
2515.8499999991554
4234.450000000342
3102.4750000020667
2756.8249999993386
1935.1999999993354
6751.075000010171
2341.7749999995563
3370.399999999409
5542.975000005561
1969.2999999993044
3375.0000000029345
4437.375000000349
6625.300000006571
3121.024999998257
5999.4000000082815
4189.725000002172
6087.275000005745
2016.4499999992615
9596.17500001738
3442.6000000008144
2325.2999999989806
4375.150000000787
3939.2750000053356
1426.9249999997714
6882.800000011127
7916.950000011582
3061.200000002729
5440.175000007947
3757.4250000041866
3365.32500000136
2143.0749999991467
4460.275000004661
3430.6000000025433
4341.000000005386
3318.87500000054
2556.0749999987706
3716.1750000039365
3523.7499999987713
6049.3750000052605
2540.499999998882
2155.7749999991347
4472.500000000868
5287.675000007581
8915.750000017546
1409.599999999784
1482.6749999996362
5472.100000009006
3030.4749999998203
3508.1000000024205
3598.675000001466
1794.3749999994636
4411.200000004951
4039.77500000574
2586.700000001018
5262.350000004729
8960.550000015068
8511.225000016468
3637.17500000328
4540.800000004759
4668.55000000447
6125.525000009374
8939.45000001499
2590.5749999986624
2820.9249999989834
3039.224999999384
4591.200000004707
3884.800000001309
3654.5000000009627
3581.0000000024916
5655.2500000065465
3389.4500000031107
3157.57499999879
4925.725000003526
6280.6250000108985
2718.249999998623
2824.0999999994165
1814.9999999996844
6033.250000009843
4377.425000005448
4362.450000002966
4751.050000004396
2668.0250000022374
4794.525000004598
4516.850000004609
2138.7249999991504
1975.9749999997566
5917.850000006174
5400.475000005484
4910.650000004873
6676.225000011407
9659.250000017608
1675.624999999523
2341.374999998966
4980.850000006632
5048.0500000051225
1701.9499999995476
4421.725000004979
4878.95000000428
3941.0750000043427
4728.325000005899
4542.47500000485
7182.375000008598
5150.200000006109
4472.525000005489
4689.300000005576
4666.325000004621
3711.8750000009722
5500.900000008076
5024.225000004293
4588.525000005109
2692.2500000008754
2458.524999998922
2676.800000000152
5017.050000004925
3174.899999999161
3453.774999999838
3931.750000005262
2098.274999999147
2240.3499999990577
4994.450000005741
3511.17500000404
3955.200000004923
6812.600000008486
2379.024999998932
5933.975000006967
3709.3500000055833
5363.675000007552
6455.350000011127
6004.475000007823
3492.3749999992892
2349.9249999989584
5077.900000005044
3666.9250000020343
3988.7250000036047
6357.725000011002
4648.200000003941
3584.874999999765
3046.299999998325
3938.0000000044342
6648.750000011096
5336.125000006763
6530.025000009005
4578.7500000007985
2401.924999998911
5886.775000006624
5867.10000000693
4005.750000005073
6931.25000001125
6903.200000010562
2713.149999999154
3111.0499999998424
2849.124999999843
2120.0999999991673
6960.550000010737
4545.449999999723
3660.0500000020443
1608.8249999996324
3025.750000000335
2246.3249999993295
5595.72500000824
5254.775000003938
1877.6999999993495
2935.6750000014804
4697.425000004609
3053.2000000010653
2047.7749999992332
3988.7250000054055
1887.9249999992376
8074.500000014734
3230.1999999999343
1524.1749999997091
4787.275000005702
2103.949999999182
3002.5749999994873
2899.5749999992063
2301.2999999990025
1665.1999999995214
2448.8499999988685
4120.600000002563
7136.175000010356
5019.200000003966
5872.050000009184
5075.700000005155
1564.8999999996695
4550.4750000053955
3035.524999998335
2464.924999999338
3070.2750000014603
7029.975000010261
2063.1499999991875
2280.974999999229
3697.2500000006
4592.300000000603
4818.52500000508
3703.450000001479
7221.00000001218
2510.199999999673
7313.22500001179
2156.2999999991343
1414.9999999997572
5142.000000005441
1920.2499999992876
3109.225000001485
4382.225000005273
3172.6250000014443
4085.5250000026626
5102.2000000056
3259.7500000005075
1752.049999999502
1673.749999999573
3062.049999998311
3439.324999999867
3914.600000005715
2300.425000000757
2050.6499999992307
2908.424999998639
3232.1000000004196
5380.200000004747
2026.4749999993528
2761.499999998825
3988.02500000509
3397.55000000152
4810.500000001216
1830.199999999431
4924.050000005545
1706.4499999995435
5669.52500000525
4445.550000004142
5883.950000006123
2435.1999999989166
2404.5999999989085
3175.7999999984563
8942.650000015256
4220.85000000527
4638.250000004498
2811.799999998538
5337.025000006295
7675.850000012716
3379.275000002527
5001.675000004763
4732.700000003135
2225.699999999946
7344.350000011333
7592.175000011667
3374.449999999771
4494.52500000651
3038.0000000008417
3902.750000002579
1691.7499999995498
3643.574999999324
1757.7249999994967
3053.4249999996273
1842.474999999285
1821.9499999994064
2680.5749999987074
6779.6750000072925
5742.2750000050555
3814.525000000363
4592.22500000206
7859.925000013929
1703.2249999993953
4158.474999999013
3352.2499999992788
2450.174999998867
2069.724999999191
2562.749999998765
2785.924999998598
4184.475000002775
1966.449999999307
1776.8749999993968
2057.824999999224
3939.775000005525
1793.6999999993945
5199.200000005949
3398.150000000095
5839.750000004033
5928.500000006757
3330.4000000003825
2242.7749999995676
2387.3249999989885
5440.175000005073
3846.5250000019882
3835.150000005595
5596.5000000063
4768.200000005378
2415.7249999988985
3728.175000005326
4498.250000005341
2404.7749999989087
3559.4250000009724
2726.6999999997934
2714.4749999991036
3945.2500000009313
2847.6249999991633
5084.550000003361
4320.200000006002
2347.4999999989604
4531.4500000045955
3500.050000001155
3412.249999998839
3585.000000003542
4425.800000005598
3100.125000003256
2109.474999999177
2733.4749999995047
4440.425000004755
4136.550000005287
2560.2999999991184
7455.5000000116
1276.9499999998998
3406.925000000662
4401.000000005277
5280.775000004703
1999.974999999195
4004.5500000021707
1756.6999999994164
1964.324999999309
2779.774999998567
5191.675000005236
3933.025000003028
5659.375000005692
3250.775000000584
4381.750000005454
5503.725000005099
2788.974999998847
8361.775000013567
3814.000000002575
5760.2250000046115
3372.5000000005575
4612.800000005453
1876.4999999993888
2686.599999998652
1788.2499999994448
3043.675000002802
2079.924999999204
2526.499999999163
3261.200000003384
5294.250000005078
5054.200000003275
3990.2999999995045
3430.074999999946
4941.15000000445
2271.6999999990294
1637.6999999995037
4293.300000005333
4630.425000004826
3721.0500000015722
3449.4250000033026
2738.7749999986045
2405.399999998908
4016.175000005823
3897.400000005283
3964.500000000022
3871.9750000057056
5332.100000005572
4963.000000004621
4608.600000005923
6617.500000010502
5478.800000006666
1835.925000000008
3864.9749999996952
4092.7000000049943
2622.0749999987106
1559.1749999996334
5718.950000006616
5316.700000003562
2948.0249999984144
4637.975000004213
6159.975000007489
5540.450000004926
3020.4999999983484
4809.750000004647
1821.7249999994092
3960.0000000026585
1677.9999999995694
3312.974999999986
4546.375000004582
6507.775000011169
2254.1500000004617
3786.0249999989373
3891.40000000555
6441.975000007814
7060.275000011017
7299.200000011711
3363.500000000295
4072.6000000041436
8170.550000012192
2983.125000002155
2620.5499999987123
3099.9499999982763
3609.500000001328
5484.975000004304
1418.6749999997965
5602.425000004677
5527.750000004418
4800.850000002002
4852.675000004839
4616.4750000052845
1715.799999999535
2030.0249999992493
4183.175000004912
4879.225000002547
7236.600000010636
5876.800000009651
2141.2249999991045
2346.2749999991916
1453.024999999674
2367.699999998942
3100.5749999982754
4894.925000006083
4947.325000005149
5128.300000005419
5319.025000007085
3114.225000000616
3983.1750000054626
4778.275000004631
3424.90000000266
4311.100000003002
5880.700000004921
2376.5249999989815
2739.2250000010235
4529.5000000056625
3449.550000002315
2985.9999999985644
1185.9499999999061
3626.0000000029363
2441.6999999997806
2962.2749999999205
2456.574999999077
6560.450000008701
2440.4999999994084
2845.450000001293
4182.975000006036
2093.4249999991916
5736.300000005887
1241.449999999913
2650.0249999993734
2614.8749999987176
2039.7499999992403
4853.250000002232
3395.299999999808
4965.450000004714
5632.425000009349
5270.575000007371
5465.775000005093
2278.1749999990234
1836.1499999994253
1952.0999999992737
4403.500000005463
4934.475000006816
4576.200000004716
2581.999999998747
4357.775000000829
2429.9749999999403
7024.90000000897
3909.325000002378
3546.4750000039194
2198.5249999989896
6907.475000011338
2459.774999998858
6648.150000010849
2603.2750000004685
3452.349999998866
5466.825000008005
2461.5499999988383
3925.225000006052
4492.725000005523
1925.899999999344
2397.524999999244
2620.975000000338
2947.5249999984144
2420.7749999988655
4127.450000004207
1624.724999999618
3131.600000000878
3147.5999999996284
4942.050000004446
1466.7249999996666
4459.625000005839
3182.4000000021033
4390.300000005552
3244.1999999981454
7479.7500000125365
4144.35000000006
3936.7000000058033
2198.549999999096
2909.024999998561
3833.8500000057657
4756.275000005342
3443.1249999996157
2373.4750000004697
2532.0749999987925
2523.4999999988004
5208.475000005648
3059.0749999993723
4975.550000005605
3489.7000000030207
3427.900000000452
1966.9999999991908
5869.575000005134
6787.475000011451
2976.6250000021764
2158.174999999909
6678.000000008305
4496.750000005595
4096.975000003838
6133.475000008379
4460.30000000466
2389.524999999218
6752.725000011265
3936.3000000054376
4098.77500000607
6412.95000000925
3334.299999998129
3078.649999998755
6047.0000000065775
2842.9499999994728
2524.2749999991133
4656.075000005404
1810.4499999994414
2024.5499999992542
3048.650000000201
3947.0500000009074
1623.9749999996184
7181.650000010262
4186.025000005626
3853.975000001387
2399.299999999905
3094.225000000584
4171.950000001745
3077.9250000018537
3119.650000000324
3340.024999998586
1935.1499999993355
4568.7750000056985
3353.925000000313
5577.900000002761
2024.7749999992966
4412.925000005487
2508.0249999988146
2168.374999999478
3276.3249999981444
6110.375000009969
1959.2749999992911
1466.6999999997474
1744.2249999993774
2525.099999998799
4618.200000004947
7035.500000008988
2511.6249999988113
2127.4749999991604
2467.9499999989002
7416.275000012767
4010.8000000025227
3395.2000000031253
6107.925000008123
2412.8499999989012
2838.225000000249
4275.200000005446
6824.225000007995
3494.45000000155
4270.550000002666
3219.475000000863
2976.8999999994035
3945.2250000055838
4398.200000004831
2729.349999998687
1753.0249999994476
2191.299999999085
7550.325000012074
2137.574999999222
2872.4999999984575
4875.125000002323
4008.000000005072
4441.550000005711
3737.7000000007406
3258.4749999999494
3954.7750000061337
2948.6999999984137
2337.3999999989283
4483.925000004897
2435.149999998836
3679.7250000014374
2311.474999998993
2051.5249999992297
2271.7999999990293
3441.9250000018874
1802.7499999994366
4331.200000005067
2308.9749999989453
4810.275000004566
2600.6999999995733
5206.475000005159
2227.4499999999475
2544.2749999996877
4168.52500000076
1592.674999999513
4619.475000004215
3576.4750000018335
3904.5000000018335
5632.725000003587
4128.300000005707
3861.525000000008
6486.52500001097
1800.5249999994578
6452.175000010829
4281.450000000141
6373.000000007449
4706.450000005776
5418.250000006752
2892.1499999988023
6140.900000007427
4420.000000004732
2638.2250000006657
2353.949999998955
3137.450000000507
4497.050000002613
2596.700000000248
2935.5249999991843
4347.650000003861
7801.77500001174
6628.000000011449
2164.499999999127
5099.975000004615
8219.700000012372
4524.550000004914
4873.025000006699
9485.200000016976
2756.5250000008696
4525.500000005032
2487.849999998838
3885.6750000022603
1710.9999999995393
3894.125000001781
3356.399999998043
1526.674999999707
4738.550000004858
2478.325000000456
2453.699999998864
6583.750000010873
3694.275000002988
5666.975000008465
2966.050000002286
5880.350000006465
4711.0000000051805
2527.775000000446
7447.3250000109965
4203.225000004894
1801.1999999994018
4148.000000003454
3189.999999999787
2276.0999999990254
4241.200000002723
3553.024999999295
4055.2500000028226
2995.799999998815
2670.7749999986663
4361.975000005893
1315.1999999998363
6391.800000011092
4059.10000000526
1352.0499999998167
3353.275000000869
2210.549999999052
4946.625000005402
3595.2250000015465
5451.750000005782
3471.1499999997404
4718.6750000049215
2751.7749999987022
1643.6749999996005
3111.149999998266
4281.950000005202
2544.0499999992185
2845.549999998737
4985.950000002685
6935.150000009075
3369.9000000003803
3798.4750000015692
7025.925000011854
5668.625000005612
2945.974999998416
5078.800000002505
2378.674999999263
2990.249999999501
5150.450000004374
7060.475000011311
1900.5499999993672
5872.000000008984
2522.6999999990026
2543.950000000963
3284.5000000020323
6097.500000010541
4152.775000003794
3044.7249999991814
1863.674999999293
9384.50000001661
3258.1750000017228
6610.575000011532
3579.800000001447
5615.675000006626
6839.325000011381
2136.224999999452
1764.4499999994905
4685.0500000052
2655.0499999986614
2323.549999998982
3833.0499999997915
2339.0249999989683
2688.349999999155
4365.275000004424
2172.7499999991196
4016.1500000053784
2654.999999998681
4759.750000005689
2964.9999999993443
3538.2250000001013
5807.6750000071015
2845.675000000398
5035.700000004137
2965.4499999992368
4163.65000000575
3703.7750000060173
7214.000000010672
6469.0750000120415
4591.550000004541
1742.4749999994
3993.025000001099
5821.675000006948
2839.0250000000533
4745.175000004576
6220.750000010761
4539.100000003033
2719.9250000015604
7574.950000012155
2712.0749999986288
3512.3750000050013
2901.7749999986577
2835.999999998516
4569.325000001813
4379.725000004945
5470.250000006762
4299.350000005203
1815.949999999444
5645.750000006325
2002.1749999992744
5209.050000004645
2191.774999999102
4841.000000004456
5494.9750000058775
2902.7249999985465
2518.7999999988047
1703.4749999995402
4633.425000004918
3924.0000000055243
2494.9999999988263
5331.275000006623
4927.650000007052
4326.35000000556
5539.650000006216
5867.300000006701
4650.4250000061165
5946.100000009064
2199.4749999990954
2814.9500000011094
2418.2999999994086
2692.2250000011272
4109.975000003942
5594.500000006458
2092.8499999991677
6176.250000009608
5514.825000006947
7502.725000013149
1991.2499999992845
6827.850000009153
3374.7000000002126
5474.050000005993
3212.2750000008677
3848.67500000251
7074.950000008207
4417.825000004284
4143.5000000036
4426.075000004691
4741.000000005257
5255.000000006514
1763.9749999994056
7597.700000010225
3998.400000005646
2716.924999998711
7054.200000009894
3880.150000005694
2187.299999999106
5205.825000005195
4547.925000005414
4205.325000003725
5826.825000005275
3104.475000002085
5070.2500000049395
1753.6999999995005
3741.7750000028336
2617.7999999987146
5633.175000008994
2941.7000000036346
3545.9749999996375
4997.450000005462
1895.2499999993718
2005.4249999992717
5354.050000005479
8078.325000012749
1792.0499999994656
7186.200000008612
5831.02500000474
1947.574999999324
6423.625000009122
9365.52500001654
3798.9250000058487
3950.4750000056456
2901.5999999987616
3060.5249999984303
4300.22500000244
4688.4250000028605
5284.775000007602
3667.225000001868
4195.175000005274
1759.9999999994589
3055.1999999984296
1215.6999999999246
3168.0249999982143
1669.5499999995773
3029.4250000012253
4225.100000000368
4368.200000001042
4120.200000006183
6034.150000006892
1807.2249999993069
5074.425000007763
5465.125000004948
4177.525000004917
2489.200000000314
4836.750000004275
1986.9999999992697
2605.499999998726
4201.950000003658
1593.5999999996461
2577.7749999988355
3190.650000002719
5075.425000003698
6271.700000009244
7795.525000013156
2794.824999999381
3267.2999999987287
4461.100000005351
7607.9250000113525
4135.825000005323
4081.1999999999657
3763.050000001297
7053.625000008553
3266.6250000030223
9088.500000017695
2938.22499999943
4731.500000001826
4113.750000004906
2798.92500000188
3606.2000000005432
3820.450000004673
3145.9500000014036
2440.0249999988764
1987.3499999992882
3490.7999999988306
4268.5250000024525
7103.6750000107495
2497.4749999988244
5949.700000005529
3096.499999998837
1792.749999999465
5597.150000006151
2390.6249999999227
6167.450000008397
4626.750000005054
2414.699999999004
5055.5500000058455
3701.4750000025547
3527.950000000155
3222.6999999983773
2335.7000000003677
2111.5000000001833
3252.574999998398
3175.700000000265
4614.250000003073
7042.400000011
2516.0499999988074
5516.200000007546
6188.925000006559
3009.775000001441
3447.72500000061
7020.500000011664
5087.250000004306
4358.950000002661
2798.77500000027
5424.275000006442
1954.9999999993174
4500.925000005358
4302.67500000575
4082.9250000050033
6942.675000009503
2598.475000000033
3920.275000006035
5527.300000006606
3831.9750000025474
1784.999999999472
5127.0000000072105
4996.900000005159
3213.324999998872
4620.450000004515
4985.550000005276
4272.725000001929
5559.875000005868
2254.0749999990453
5817.075000008172
6717.7750000118995
3093.5249999989064
4783.225000004504
2656.59999999888
5011.0250000053875
3635.7250000044214
1754.6749999994995
4843.475000004312
2025.2249999992534
2882.9999999995916
3889.200000002059
3364.8500000001204
3734.8250000022967
5269.700000003184
4141.425000003403
4639.000000003289
2972.7749999983916
6154.025000010663
4061.450000005023
3960.6750000001603
4904.8250000055505
7415.625000010661
5370.200000004306
2983.4499999991963
2622.624999999912
5235.850000004794
3555.5750000018616
3004.89999999866
4835.12500000432
1818.6499999993944
5407.50000000456
2674.4500000002236
2528.5499999991202
4652.750000002755
4171.300000005159
3371.749999999728
3731.7750000007327
3170.0499999988915
4370.825000005726
6942.500000007725
5673.425000008949
2801.8000000004154
5477.200000005001
2874.7750000024002
4572.4750000000995
6429.450000009851
5407.475000005625
5968.550000006258
6273.525000006159
2896.499999999711
2444.699999998872
4562.750000004966
5011.425000006216
4819.750000005287
1837.524999999375
4959.100000004543
4006.725000002615
3490.2250000035347
3410.6999999998925
5291.975000002903
5621.125000003968
4701.950000005507
4739.375000006478
