12565.20000002818
11804.200000025412
11546.500000024475
3716.1999999977156
3006.599999998361
11765.30000002527
3295.699999998098
10918.30000002219
3419.6999999979853
3164.4999999982174
3346.199999998052
11147.300000023022
7740.0000000106265
8284.000000012606
11698.500000025027
11909.300000025794
11585.600000024617
4688.499999999525
5037.800000000796
6501.4000000061205
8506.700000013416
4994.100000000637
4554.6999999990385
11632.400000024787
5652.700000003033
5673.400000003108
11191.000000023181
3112.6999999982645
9252.300000016128
7455.900000009593
11393.400000023918
4873.600000000199
13210.100000030527
9385.800000016614
10077.800000019131
3738.5999999976952
12956.800000029605
6805.100000007225
3732.5999999977007
6816.100000007265
11308.400000023608
2797.2999999985514
11736.400000025165
13644.900000032108
8789.500000014445
10800.000000021759
9963.100000018714
7021.000000008011
4277.49999999803
11010.100000022523
8217.100000012362
12114.10000002654
6083.200000004599
4112.899999997431
10195.40000001956
5232.600000001505
12147.30000002666
4617.0999999992655
4139.799999997529
6648.100000006654
12257.500000027061
13184.600000030434
2694.5999999986448
3254.6999999981354
12422.500000027661
5961.300000004156
8717.400000014182
7301.0000000090295
3623.7999999977997
11279.200000023502
12246.30000002702
7084.200000008241
12312.40000002726
12735.7000000288
12885.000000029344
9955.700000018687
11279.100000023502
11086.1000000228
11504.20000002432
13139.300000030269
4420.39999999855
5498.700000002473
5116.500000001082
11341.400000023728
8612.800000013802
7300.400000009027
9168.300000015823
12193.400000026828
8949.100000015025
5849.80000000375
11514.90000002436
11481.500000024238
4853.700000000126
6108.000000004689
5231.700000001501
11239.300000023357
12170.400000026744
9154.700000015773
10936.100000022254
8106.700000011961
11404.400000023958
11040.100000022632
3439.699999997967
5396.000000002099
13216.800000030551
12118.500000026555
11237.30000002335
13073.300000030029
13411.50000003126
3204.699999998181
3584.0999999978358
12225.100000026943
11490.20000002427
3481.599999997929
11438.400000024081
10800.000000021759
10105.00000001923
12153.100000026681
11475.000000024214
11861.60000002562
10978.100000022407
12774.700000028943
12339.300000027359
11113.000000022897
7261.400000008885
12419.000000027649
11251.3000000234
12210.40000002689
6630.700000006591
4318.199999998178
5697.1000000031945
10800.000000021759
6566.000000006356
7163.900000008531
11183.200000023153
4037.3999999974235
3904.5999999975443
12130.300000026598
10390.60000002027
11404.800000023959
12238.10000002699
3676.9999999977513
10713.000000021442
11344.100000023738
11989.600000026086
12186.200000026802
12752.700000028863
5472.200000002376
4711.89999999961
10800.000000021759
6857.200000007415
10623.400000021116
11896.700000025749
10898.800000022118
6018.200000004363
4618.39999999927
10183.000000019514
12192.500000026825
11043.700000022645
12359.400000027432
6831.700000007322
5309.400000001784
12577.000000028223
13426.500000031314
10800.000000021759
12677.100000028588
11686.500000024984
5453.200000002307
6691.200000006811
6632.400000006597
3384.3999999980174
12109.300000026522
6100.600000004662
7061.200000008157
3175.3999999982075
5848.0000000037435
5363.800000001982
11987.400000026078
10800.000000021759
4114.699999997438
7768.800000010731
11265.10000002345
7173.500000008566
3205.9999999981796
11386.300000023892
3902.2999999975464
12658.800000028521
5659.000000003056
2370.3999999989396
11242.300000023368
4021.299999997438
5828.700000003673
4754.099999999764
3434.299999997972
3732.8999999977004
3438.499999997968
6922.200000007651
10800.000000021759
10713.600000021444
10956.100000022327
11957.70000002597
3435.299999997971
10852.70000002195
4646.199999999371
5409.600000002149
7464.300000009624
10800.000000021759
3493.799999997918
4932.500000000413
7728.700000010585
6103.000000004671
11144.200000023011
7508.100000009783
12637.600000028444
5544.500000002639
11688.00000002499
4090.2999999973754
2874.599999998481
11684.600000024977
4665.09999999944
8177.6000000122185
11950.500000025944
8094.500000011916
9528.800000017134
13536.700000031715
6187.000000004977
3494.999999997917
3703.2999999977274
5370.100000002005
6208.400000005055
11961.800000025985
6673.400000006746
3601.19999999782
4970.20000000055
6107.400000004687
12357.600000027425
5021.800000000738
4435.199999998604
10800.000000021759
8285.40000001261
7438.300000009529
3685.5999999977435
12771.30000002893
2760.199999998585
11201.200000023218
11401.500000023947
12062.900000026353
4650.199999999386
4202.2999999977565
5088.100000000979
13462.100000031443
11555.600000024508
10965.10000002236
4767.699999999813
12636.60000002844
11725.300000025125
9159.50000001579
10800.000000021759
9440.300000016812
5622.500000002923
12908.400000029429
12311.800000027259
5864.5000000038035
11547.300000024477
6599.200000006476
8653.200000013949
3586.6999999978334
6028.5000000044
3096.3999999982793
6568.400000006364
3374.699999998026
3490.199999997921
4364.199999998345
12049.300000026304
11705.600000025053
6503.000000006126
7386.000000009339
12643.300000028465
3324.399999998072
5676.2000000031185
5180.000000001313
4227.699999997849
4320.599999998187
3591.0999999978294
5526.4000000025735
7980.700000011502
3173.2999999982094
4025.3999999974344
2873.0999999984824
11728.600000025137
3556.199999997861
12402.500000027589
7029.7000000080425
9549.60000001721
13390.300000031182
7042.100000008088
5131.600000001137
5075.200000000932
13427.600000031318
7101.600000008304
11650.500000024853
11737.300000025169
11026.100000022581
4721.199999999644
10999.100000022483
11923.700000025847
3657.599999997769
6945.100000007735
5132.000000001139
5841.4000000037195
7930.2000000113185
5180.200000001314
9217.000000016
12974.80000002967
4774.89999999984
10800.000000021759
8154.200000012133
5800.40000000357
9341.200000016452
12451.200000027766
9254.800000016137
3152.3999999982284
5134.100000001146
10969.100000022374
11536.400000024438
4612.199999999248
13261.300000030713
2315.3999999989896
5754.100000003402
11658.300000024881
12513.700000027993
4540.499999998987
7434.200000009514
3135.8999999982434
3665.8999999977614
3694.2999999977355
13294.300000030833
9554.100000017226
11563.100000024535
7069.500000008187
12176.100000026765
11774.000000025302
5294.300000001729
11641.200000024819
8106.100000011958
10800.000000021759
6696.30000000683
12572.600000028207
4127.299999997484
4707.099999999593
4734.799999999694
8550.100000013574
3964.19999999749
5761.300000003428
9548.500000017206
13105.400000030146
9485.000000016975
6382.1000000056865
6609.400000006513
11488.500000024263
4954.500000000493
3064.5999999983082
11900.400000025762
11424.20000002403
8773.500000014386
9720.500000017832
4587.599999999158
4887.3000000002485
12256.300000027057
11266.300000023455
6489.200000006076
11998.200000026118
12127.300000026587
10949.400000022302
13381.60000003115
12087.300000026442
12598.2000000283
5364.600000001985
6387.6000000057065
10800.000000021759
4084.4999999973807
3196.799999998188
11821.000000025473
7826.000000010939
5376.800000002029
12023.30000002621
10608.500000021062
9890.70000001845
4872.700000000195
11701.500000025038
4683.599999999507
9041.30000001536
3223.399999998164
6698.300000006837
11096.100000022836
12168.000000026736
6020.600000004371
5436.100000002245
11539.400000024449
12664.900000028543
12458.200000027791
13227.100000030588
6611.30000000652
8868.500000014732
12876.800000029314
7681.200000010413
4248.4999999979245
5517.800000002542
7989.500000011534
9533.10000001715
2716.399999998625
11599.200000024666
12395.200000027562
9152.600000015766
11083.200000022789
12462.200000027806
2862.0999999984924
3607.4999999978145
10989.100000022447
9168.100000015822
12605.800000028328
12025.500000026217
4590.499999999169
5313.500000001799
2931.599999998429
4096.599999997372
4077.0999999973874
12449.40000002776
8723.000000014203
8495.300000013374
12156.200000026693
7509.300000009787
11675.200000024943
11578.30000002459
9156.200000015779
9360.900000016523
11602.100000024677
4605.499999999223
7168.300000008547
11116.200000022909
7928.0000000113105
5202.400000001395
2411.799999998902
9224.300000016026
5043.100000000815
6594.900000006461
4765.499999999805
11309.200000023611
5420.800000002189
7177.300000008579
12893.200000029374
3661.4999999977654
9488.000000016986
2199.799999999095
4959.400000000511
3565.299999997853
3143.2999999982367
7553.800000009949
6109.900000004696
10800.000000021759
11904.400000025777
12850.000000029217
12882.600000029335
3716.1999999977156
3369.0999999980313
4227.299999997847
12233.400000026973
12559.80000002816
11170.200000023106
4587.899999999159
7503.100000009765
5332.200000001867
11728.400000025136
8125.600000012029
9565.200000017267
3963.7999999974904
13152.400000030317
4755.69999999977
11667.400000024914
6131.300000004774
5279.500000001675
11166.00000002309
4638.999999999345
12628.600000028411
12631.10000002842
4392.599999998449
5453.500000002308
7101.600000008304
4723.799999999654
4792.399999999903
10451.30000002049
3302.7999999980916
7285.300000008972
6370.600000005645
10505.000000020686
3432.5999999979736
12906.800000029423
7848.20000001102
12497.400000027934
5113.10000000107
11758.300000025245
6405.300000005771
12279.600000027142
3925.599999997525
5487.200000002431
12205.600000026872
12209.200000026885
5905.600000003953
6120.4000000047345
4068.699999997395
3741.5999999976925
12433.600000027702
5918.600000004
12498.600000027938
9837.600000018258
7302.400000009035
4332.299999998229
10913.10000002217
13354.10000003105
7989.600000011535
5951.800000004121
13146.100000030294
12827.400000029134
9786.00000001807
12398.000000027572
10948.100000022298
4588.299999999161
13204.300000030506
11662.500000024897
12723.100000028755
11953.300000025954
5209.500000001421
6125.9000000047545
10539.800000020812
5645.500000003007
4404.099999998491
12900.3000000294
3875.4999999975707
3582.3999999978373
6481.200000006047
6782.000000007141
2876.799999998479
11757.600000025242
12227.400000026952
7989.200000011533
5391.300000002082
6537.10000000625
7087.600000008253
7502.300000009762
6044.0000000044565
5873.700000003837
3363.2999999980366
11130.20000002296
7301.500000009031
7670.600000010374
4541.39999999899
12359.500000027432
4779.699999999857
5417.100000002176
4981.000000000589
11819.700000025468
3390.299999998012
2796.699999998552
3049.8999999983216
3848.0999999975957
11757.200000025241
12923.300000029483
4494.4999999988195
3625.2999999977983
4782.2999999998665
13702.400000032318
8786.100000014432
9717.800000017822
11470.100000024197
4035.599999997425
6709.700000006878
12091.800000026458
11889.400000025722
8621.400000013833
9614.700000017447
7090.100000008262
5239.50000000153
11786.600000025348
8529.500000013499
4449.399999998655
3701.1999999977293
4623.999999999291
11240.20000002336
5151.900000001211
4814.799999999985
7395.200000009372
10800.000000021759
12766.800000028914
7951.500000011396
6951.600000007758
12683.900000028612
4843.6000000000895
4668.4999999994525
11378.300000023863
4087.299999997378
8790.000000014446
3859.799999997585
4366.499999998354
4547.699999999013
6751.000000007029
3116.2999999982612
11745.500000025198
4973.00000000056
10908.100000022152
5577.300000002759
12345.500000027381
5839.800000003714
5110.200000001059
7897.200000011198
3540.5999999978753
10121.50000001929
7946.300000011377
7996.100000011558
11289.70000002354
12123.100000026572
6049.000000004475
11813.500000025446
3583.699999997836
11602.200000024677
6147.200000004832
12968.400000029647
11644.30000002483
9508.60000001706
5669.200000003093
9713.100000017805
11360.600000023798
6683.600000006783
3933.0999999975184
6495.300000006098
10028.400000018952
6247.500000005197
5640.700000002989
10120.100000019285
12737.800000028808
12926.700000029496
3636.799999997788
10800.000000021759
11647.10000002484
11535.000000024433
12510.500000027982
12646.100000028475
6522.200000006196
11756.500000025238
5328.400000001853
7437.600000009526
3433.099999997973
6390.000000005715
5001.700000000665
2876.4999999984793
11787.30000002535
5652.100000003031
4575.499999999114
11868.800000025647
8842.100000014636
13282.60000003079
8439.30000001317
12646.100000028475
10800.000000021759
6468.900000006002
11308.300000023608
10915.100000022177
3372.699999998028
9907.20000001851
5536.3000000026095
4314.499999998165
9890.100000018449
6041.8000000044485
7187.400000008616
4617.299999999266
4122.499999997466
12978.400000029684
2405.399999998908
12138.80000002663
11314.30000002363
2390.699999998921
6675.800000006755
5157.5000000012315
13044.000000029922
8274.600000012571
11277.100000023494
6259.100000005239
12183.10000002679
5401.200000002118
2854.0999999984997
5302.300000001758
11533.200000024426
4971.400000000554
5458.000000002325
8988.500000015169
12613.200000028355
6918.500000007638
9053.700000015406
13364.600000031089
12399.700000027578
5184.70000000133
8328.400000012767
4387.099999998429
5187.100000001339
10900.100000022123
11143.200000023007
3412.7999999979916
12696.100000028657
4273.099999998014
6877.100000007487
8316.700000012725
12367.10000002746
7758.4000000106935
5928.200000004035
3385.2999999980166
13899.000000033033
8443.700000013187
12697.400000028661
7379.100000009314
11708.400000025063
13077.900000030046
5337.100000001885
3250.9999999981387
10800.000000021759
4887.900000000251
4509.8999999988755
6783.400000007146
4405.499999998496
5114.300000001074
11525.400000024398
3980.4999999974752
11488.400000024263
4961.300000000518
13409.300000031251
5201.400000001391
6078.600000004582
12890.400000029364
6532.500000006234
10800.000000021759
6020.400000004371
12492.700000027917
12429.700000027688
12726.600000028768
12762.600000028899
10800.000000021759
3522.8999999978914
6499.100000006112
12654.200000028504
6183.200000004963
11271.100000023473
12107.500000026515
9373.80000001657
7423.700000009476
11187.000000023167
4110.299999997422
10360.000000020158
5373.800000002018
4318.099999998178
8409.800000013063
11111.300000022891
9474.200000016936
11713.10000002508
2932.4999999984284
11913.300000025809
2900.1999999984578
12241.200000027002
4168.4999999976335
11077.200000022767
10800.000000021759
4285.199999998058
4262.799999997977
3049.399999998322
11619.000000024738
11579.200000024593
4384.59999999842
13123.00000003021
11185.00000002316
12261.100000027074
13099.700000030125
11832.200000025514
13584.90000003189
12915.800000029456
3609.5999999978126
7389.20000000935
5346.600000001919
6852.4000000073975
9888.000000018441
11481.400000024238
3766.39999999767
11105.60000002287
13551.70000003177
12525.600000028036
4389.999999998439
11636.600000024802
7163.400000008529
11519.500000024376
7448.100000009565
7270.80000000892
13417.00000003128
11643.800000024828
10903.900000022137
10800.000000021759
12552.200000028133
9855.100000018321
3679.599999997749
11191.600000023183
12114.20000002654
4778.299999999852
12970.800000029656
11994.300000026104
4327.999999998214
11840.700000025545
12448.500000027756
10090.400000019177
8817.800000014548
7578.100000010038
12509.500000027978
3042.699999998328
9329.300000016408
4119.2999999974545
12484.500000027887
9674.700000017665
5818.700000003637
13304.40000003087
2865.3999999984894
3023.299999998346
11975.300000026034
12010.300000026162
3611.6999999978107
13181.100000030421
11599.400000024667
3272.799999998119
11299.300000023575
12007.30000002615
12004.50000002614
11952.30000002595
5571.000000002736
5199.500000001384
7483.500000009693
10042.600000019003
12142.100000026641
8672.300000014018
11603.400000024682
3712.599999997719
4675.499999999478
2319.199999998986
4787.499999999885
2877.899999998478
7891.000000011176
6789.80000000717
7411.00000000943
13131.50000003024
12200.600000026854
3820.299999997621
12231.000000026965
11591.300000024637
10800.000000021759
6143.600000004819
11403.700000023955
4076.599999997388
4271.799999998009
9640.000000017539
3433.5999999979726
4331.299999998226
8460.000000013246
7689.000000010441
11588.400000024627
12948.000000029573
4824.000000000018
4628.0999999993055
12141.50000002664
10231.000000019689
11707.40000002506
7463.2000000096195
7113.200000008346
10800.000000021759
9323.800000016388
13125.70000003022
5804.600000003586
8294.400000012643
10800.000000021759
8365.1000000129
6797.500000007198
10803.10000002177
7991.600000011542
3636.2999999977883
3579.59999999784
5564.300000002711
9600.100000017394
12674.80000002858
4101.799999997391
9674.400000017664
5538.400000002617
3739.899999997694
10800.000000021759
5300.300000001751
11698.400000025027
11977.500000026042
5182.000000001321
11321.000000023654
8341.000000012813
7042.400000008089
4750.6999999997515
5937.200000004068
5709.400000003239
5069.300000000911
6581.400000006412
9495.400000017013
12271.800000027113
4205.399999997768
13096.000000030112
13315.30000003091
6959.100000007786
7345.500000009191
12756.800000028878
10800.000000021759
9495.400000017013
6557.600000006325
12541.800000028095
3231.4999999981565
12366.300000027457
12602.800000028317
10800.000000021759
13501.700000031587
5649.10000000302
12499.700000027942
10399.2000000203
9376.60000001658
3576.5999999978426
12119.60000002656
12795.600000029019
5296.300000001736
10800.000000021759
12911.50000002944
8779.000000014406
12429.700000027688
4245.699999997914
12025.600000026217
13330.600000030965
5385.500000002061
11008.100000022516
5136.500000001155
11631.500000024784
10841.50000002191
3205.2999999981803
10800.000000021759
3317.3999999980783
5262.200000001612
7504.50000000977
6544.500000006277
7882.000000011143
8281.600000012597
9439.000000016807
9090.100000015538
4834.500000000056
11826.500000025493
10800.000000021759
7512.000000009797
12750.500000028855
12933.700000029521
8707.200000014145
5352.500000001941
5656.200000003046
11458.000000024153
8357.300000012872
5707.900000003234
10935.10000002225
3143.799999998236
8746.600000014289
5469.000000002365
5037.100000000793
7188.000000008618
11319.000000023647
6325.40000000548
7471.200000009649
5556.800000002684
12774.400000028942
11968.40000002601
13098.800000030122
6663.100000006709
12457.100000027787
8618.400000013822
6340.000000005533
11970.900000026018
11754.20000002523
11178.000000023134
12229.80000002696
5399.200000002111
3653.3999999977727
11693.300000025009
11193.30000002319
12444.700000027742
3405.3999999979983
11649.200000024848
8897.000000014836
9174.100000015844
6287.100000005341
7132.200000008415
10538.100000020806
11213.400000023263
11250.100000023396
