6970.425000008294
8356.75000001368
5419.700000005536
2966.149999998398
1959.2249999991805
9405.250000016686
2502.849999998819
5012.150000005897
2446.87499999887
2480.22499999884
3059.499999998313
9599.775000017393
4070.850000001536
5042.650000002176
8346.60000001429
7884.825000011526
7353.325000011874
2241.299999999974
3294.6499999995476
5206.200000002284
3901.9250000030993
3978.0999999988385
2688.9749999996434
7853.025000011037
3223.850000000461
4501.575000000306
6431.000000006832
2815.749999998535
4381.575000003318
5330.90000000265
7624.825000010209
4340.674999999802
7118.825000010574
5002.5250000038795
7006.975000008248
2702.4999999986785
10619.575000021103
4300.025000000607
3173.4249999983977
5506.950000004257
4889.225000005584
2195.7499999990982
7789.025000014307
9065.150000015448
3757.1500000034057
6295.825000008299
4577.400000003684
4434.275000001272
2970.8749999988568
5364.225000004388
4317.375000001861
5400.725000006483
4121.825000001982
3483.824999998694
4387.475000004329
4439.2250000006425
7041.200000008133
3548.4499999995323
2997.449999998774
5588.750000002874
6024.400000009677
9797.425000019935
2295.349999999008
2236.34999999902
6362.450000009938
3770.1250000016757
4483.100000003677
4559.425000000592
2574.7999999987537
5188.2250000047725
4859.475000006296
3361.1250000018626
6144.900000007197
9760.200000017976
9403.925000019564
4607.900000004076
5358.5750000063435
6078.625000005079
6861.950000010614
10003.17500001886
3312.099999998542
3571.299999999979
3817.774999999387
5366.4500000057415
5166.150000002888
4698.700000002504
4427.650000003913
6572.525000009096
4193.47500000312
4179.8000000005695
5950.05000000633
7374.1000000108115
3965.4749999992005
3849.900000000614
2660.800000000466
6970.450000011566
5257.850000007101
5262.12500000542
5730.250000005821
3302.0750000030475
5781.200000005472
5688.650000004169
2918.5499999984413
2698.9000000005285
6954.000000009596
6368.3250000079
5954.225000006742
7705.575000012595
10808.425000021789
2564.649999998756
3174.2749999982084
5879.300000007864
6091.725000005614
2479.5499999988406
5510.52500000459
6319.7500000054715
4674.875000003675
5703.400000008163
5365.875000005648
8165.175000012173
6251.725000006352
5326.025000006919
5531.67500000799
5654.900000006174
4740.300000002448
6237.300000010107
6248.675000005514
5508.900000005704
3375.1500000012984
3532.849999998324
3472.800000000015
6236.575000005378
4503.375000000628
4512.000000001104
5170.975000004657
2966.0749999986215
3165.1999999984905
5868.575000008052
4306.325000004771
4760.35000000543
8093.525000012712
3253.9999999982397
6781.375000008315
4503.450000005415
6121.925000008292
7735.125000012575
6934.350000009103
4819.500000001397
3420.2999999992735
6027.650000004678
4494.8250000034695
4775.850000005596
7297.400000012551
5524.300000006513
4670.050000000039
4100.199999999453
5311.375000003655
7589.950000011998
6268.250000009355
7382.125000010152
5893.325000003909
3485.0999999998894
6722.175000008774
7046.650000009985
4806.500000004346
7718.025000013327
8529.375000013499
3728.5749999998584
3950.5250000011715
4079.3750000008645
2826.399999998525
8252.500000013517
5520.300000002713
4405.200000003764
2308.3249999989957
3907.0250000004776
3168.3250000001126
6367.72500000912
6369.550000005798
2612.8749999991705
3673.5000000024143
5551.650000006006
3921.6000000014615
3118.3499999982596
4702.375000005316
2548.0749999987042
9227.500000018656
4543.799999999594
2370.9499999989393
5507.200000006646
2770.999999998963
3986.850000001474
4264.974999998914
3172.27499999821
2428.1749999989584
3381.4249999980198
5233.550000002544
8161.400000013449
5749.100000005497
7302.175000009588
6133.150000008205
2316.249999998989
5243.125000007414
4011.9749999993473
3367.92499999998
4144.275000001671
7992.4250000124875
2864.2999999984904
3124.975000000142
4953.325000003901
5687.075000003158
5960.4750000070835
4814.925000002084
8011.325000015055
3453.4500000000144
8246.800000014002
2989.2749999985663
2079.1249999992046
5914.425000007344
2589.374999999818
3935.325000003504
5256.950000005674
4192.800000002435
4932.250000003274
6252.500000008798
4491.650000000387
2481.3999999988387
2528.299999998796
4064.7500000007676
4379.999999999929
4596.900000006144
3014.100000001732
2924.874999998435
3978.1750000001794
3977.9250000013817
6581.375000007703
2783.450000000037
3788.2999999984963
5043.15000000413
4209.475000002555
5789.150000004776
2680.9499999986574
5821.025000006941
2672.4749999986648
7007.575000007999
5275.200000005546
6755.300000008422
3050.1999999990926
3345.449999998782
3855.5999999997234
10787.075000021967
4959.000000005311
5706.725000004177
3805.2249999992846
6343.825000007517
8514.8000000149
4176.350000003802
5792.300000004487
5600.325000004972
2888.7250000005647
8279.92500001405
8657.850000013965
4398.800000001868
5134.0250000081005
3737.0000000006753
4787.250000002443
2407.3249999989057
4666.725000000908
2611.89999999872
4085.625000000808
2544.874999998688
2645.8999999986713
3723.5499999980525
7733.550000010764
6763.250000007087
4736.275000001946
5520.400000004271
9177.775000017518
2480.0499999987424
5251.825000001574
4419.874999999976
3519.5499999986914
2919.2999999992526
3323.9999999980723
3825.4499999999484
5195.225000005104
2861.5499999984927
2460.9249999991425
2802.949999998546
4944.300000005601
2455.449999998862
6094.325000007194
4332.700000001106
7060.575000008155
6887.000000009456
4400.425000001587
3048.974999999873
3152.274999999737
6386.125000007893
4588.0750000036405
4484.125000005855
6760.050000007526
6058.175000007394
3123.524999999402
4671.075000004914
5259.200000007202
3341.624999998081
4557.850000000873
3868.024999998877
3727.9250000003162
4932.575000002604
3729.2249999996575
5854.450000005529
5255.050000006928
3418.6249999994325
5362.550000004061
4434.375000002346
4389.4000000006945
4437.125000003209
5353.925000006222
3883.9750000037875
2919.77499999844
3547.4749999999694
5255.200000006191
4903.650000005295
3510.8999999986186
8628.425000014457
1849.674999999384
4137.650000000795
5206.075000005943
6103.000000006958
2661.674999999405
4850.1000000039485
2538.5999999987516
2815.099999998535
3621.0749999979553
6466.625000008695
4814.8750000041455
6794.450000007188
4029.250000001431
5208.050000006157
6531.725000008246
3884.1499999995617
9444.250000016826
4751.60000000373
6573.250000006383
4295.7000000012295
5392.6000000069325
2663.224999999118
3534.3999999992257
2357.0999999999935
3914.2250000027348
3077.174999998603
3490.6250000003874
3947.000000004108
6269.675000006815
6144.075000006532
5055.225000002445
4614.325000001914
6212.5750000073
3027.2249999997553
2337.074999998916
5198.425000005702
5520.950000005954
4657.000000002649
4331.525000003958
3722.14999999961
3354.1999999993914
4922.025000006289
4699.425000005125
4820.350000002007
4678.6500000062115
6548.975000008524
5787.400000006593
5522.850000007306
7473.0750000134785
6850.625000009433
2341.5750000006037
4671.875000002278
4970.725000004197
3360.824999998331
2325.64999999898
6826.550000008632
6656.100000006683
3770.24999999984
5788.900000005531
6996.700000008862
6733.100000008713
4093.024999999292
5873.925000007623
2638.0499999999493
4933.0250000033
2436.7249999988794
4340.725000000584
5596.7750000052565
7713.6250000131095
2844.8250000007874
4626.450000000799
4516.375000005755
7532.92500001143
7901.575000013612
8348.650000014542
4276.700000001381
4848.650000005893
9268.300000016186
4127.250000001531
3727.0499999990716
4269.699999999874
4651.125000002177
7366.200000009267
2329.549999998977
6612.425000007734
6793.875000007318
5894.025000005524
6053.300000005467
5817.800000005935
2695.1499999986445
2656.5999999986793
5086.92500000447
5695.200000003653
8389.775000013975
6764.4000000103415
2887.6999999992695
3084.125000000145
2195.624999999058
3331.2749999986486
3873.749999997798
5949.3250000073085
5991.075000005094
6263.100000006832
6297.850000009619
4425.475000001514
5151.875000005496
5784.950000005818
4181.575000003435
5075.40000000478
6928.375000007673
3210.5999999993987
3530.8250000018384
5473.525000006466
4207.825000002202
3753.5999999998066
1817.0249999993575
4440.700000003198
3485.474999999021
3925.950000000913
3220.7249999991473
7704.550000011042
3227.9250000000975
3608.4000000016476
4912.900000007183
3021.899999998347
6698.900000009389
1966.374999999307
3501.3999999990365
3539.074999997877
2709.899999998631
5699.575000004106
4198.325000002025
6144.525000006371
6464.525000009741
6176.000000009249
6343.400000007586
3518.0749999979553
2958.649999998405
2811.9749999990936
5299.600000006472
5650.275000008644
5463.050000004984
3494.524999999079
5227.575000001487
3231.7749999997877
8243.550000012458
4764.4000000044725
4457.450000003392
3063.0999999985106
7918.975000013424
3316.5249999994967
7547.675000011492
3663.1250000002797
4536.125000001852
6890.675000009713
3461.7749999994194
4621.95000000708
5301.875000006485
2708.6999999994023
3217.2000000002668
3643.100000001807
3832.3499999989863
3154.0499999995536
5401.825000003949
2360.0499999989493
4256.475000001377
3950.8250000008534
6330.27500000605
2050.1249999992224
5216.900000006895
3870.37500000209
5596.575000007305
4383.675000000216
8706.500000015458
5160.400000002712
4614.5000000066175
3103.2249999985065
4040.550000000633
4510.1000000064905
5668.175000007652
4274.5000000009995
3206.7500000007867
3548.549999998549
3569.6249999981715
6167.925000008274
4096.550000000101
5602.900000007042
4560.3250000042335
4306.900000001945
2643.974999999237
7130.775000008696
8041.4250000138445
3670.90000000253
3004.1750000009642
7657.75000001033
5322.850000006939
5325.400000002721
7061.500000010823
5635.600000005869
3326.3249999987856
8040.050000012741
4910.950000005629
4986.825000006897
7206.075000011985
4444.325000000517
4253.875000000424
7051.10000000909
3654.799999999843
3270.6999999991767
5907.375000007181
2477.149999999051
2922.774999998437
4028.175000001073
4898.925000003475
2285.5999999990167
8064.525000012733
5095.250000006106
4876.4500000027865
3156.9999999997863
3958.4000000011024
4905.4250000036845
3815.1750000016455
3941.5000000016007
4367.800000000472
2645.19999999869
5394.650000007023
4272.475000001477
6540.000000006261
2634.6749999992494
5585.7750000058595
3462.7249999993173
3061.525000000307
4094.799999999113
6829.700000010825
2788.549999998537
2253.649999999046
2659.5749999986238
3262.19999999825
5646.750000006521
8104.250000011953
3591.499999998755
3135.224999998244
3272.225000000467
8536.925000015963
4784.8250000022845
4174.250000004151
7055.900000008138
3333.424999998205
3648.7500000015825
4945.975000006077
7749.20000001066
4512.525000002737
5103.050000003517
4285.40000000219
4022.1499999989137
4798.050000005759
5064.525000006646
3840.6249999985293
2477.2999999988424
3056.3499999995875
8880.175000014775
2917.175000000094
3520.5249999994344
6078.250000004582
4903.000000004257
5308.250000006631
4570.700000002966
4216.975000001177
4784.950000006991
4056.4249999994445
3361.649999999097
5506.750000005591
3088.4249999984477
4637.350000002829
3038.399999998579
2870.774999999347
2914.874999999349
4300.900000002451
2750.8249999985937
5043.975000005956
3278.8999999998264
5742.12500000594
3527.1000000006848
6085.950000007311
3020.8000000008315
3326.1999999997747
5161.375000002513
2244.07499999905
5570.900000006814
4720.875000001634
5034.800000003154
6806.475000007569
4831.325000006196
5114.575000002009
7168.725000011341
2771.9249999985745
7231.27500001088
5149.250000003298
7236.450000010442
5686.000000007449
6300.600000008601
3977.4500000000153
7080.125000008346
5500.975000005369
3571.225000001238
3278.174999998114
4137.750000000226
5439.800000004632
3399.6000000009385
3691.5750000006306
5089.150000004125
9005.37500001612
7490.425000013414
3020.749999998401
6450.625000006421
9238.525000016078
5522.300000005012
5906.650000008727
10736.225000021526
3466.6500000010997
5447.625000005799
3518.4749999998267
4589.250000003869
2441.8999999988746
5482.875000002488
4486.3999999995285
2410.474999998903
5783.225000005717
3632.7249999996197
3275.5999999998276
7503.45000001105
5014.825000002187
6685.2000000097305
3758.675000003001
6720.775000008308
5604.825000005502
3301.2000000012854
8647.500000013928
5209.975000004137
2707.824999998622
4963.900000004418
4048.475000000725
3190.9999999986667
5297.100000005203
4296.35000000138
5030.000000003951
3914.6999999985906
3485.02499999859
5181.400000007006
1990.2499999992854
7444.650000011519
5285.800000005249
2094.074999999191
3918.1250000024997
3001.075000000036
6014.150000007224
4533.225000002381
6311.025000006407
4417.625000001407
5964.82500000675
3644.5249999999933
2458.924999998859
4466.274999999842
5279.150000005045
3292.5749999993627
3864.3999999997377
6118.675000006446
7986.775000012902
4194.175000002399
4942.175000002975
8006.875000014307
6772.200000008816
3932.6749999995313
6341.050000005537
3217.5499999985345
4021.6249999988027
6138.825000005067
8111.400000013153
2594.199999998736
6572.425000010488
3413.3999999981925
3376.6000000016084
4133.200000002574
6942.625000012975
4988.850000005727
3913.900000000217
2733.2499999985343
10722.900000021478
4260.8000000027605
7788.000000013814
4675.675000000951
6652.775000008873
7754.675000013345
2968.0000000003183
2523.7499999988
5715.625000005647
3566.7000000001176
3144.9999999992215
4851.125000002098
3317.6749999988388
3636.074999999472
5217.350000005294
3331.574999998543
4825.525000005262
3473.4749999997507
5704.650000007921
3679.85000000051
4516.875000001286
6752.275000009538
3600.0500000015327
5945.425000005508
4027.500000000293
4947.400000006621
4353.7750000068245
8260.650000012554
7310.9000000139185
5516.075000004666
2489.5249999987927
4696.825000002404
6630.600000009104
3648.8750000006867
5707.350000005105
7076.7500000121645
5390.750000005419
3458.8000000020115
8533.800000013514
3574.824999998361
4505.72500000426
3582.4749999997316
4137.649999998397
5830.225000005612
5048.475000005823
6376.10000000877
5486.800000006169
2653.074999998683
6599.750000008751
3027.0499999983426
6334.350000006437
3293.024999998867
5761.200000006128
6765.975000007795
3836.849999998358
3448.324999998794
2562.899999998758
5547.65000000633
4607.800000005618
3411.9499999990812
6291.32500000851
5840.125000008507
5193.425000006633
6579.550000009012
6739.075000008914
5643.375000008984
6880.40000001077
2875.4749999984806
3627.425000002041
3376.774999999887
3407.9250000013967
4881.050000003407
6918.25000000849
3116.749999998446
7218.7500000107575
6698.075000008617
8587.700000016033
2804.2249999993674
8026.875000012703
4386.025000001213
6685.575000007904
3930.2750000018514
4735.300000004918
8401.700000013034
5357.500000005443
5150.825000004777
5613.97500000544
5562.075000006116
6074.775000006647
2742.324999998723
8932.000000014963
4791.925000006165
3826.5249999999946
7956.150000012618
4637.450000006113
3073.3749999990705
6228.225000008084
5270.600000006295
5112.875000004173
7154.825000009339
3905.4750000015056
6087.750000007452
2489.6249999988313
4431.575000004479
3726.7499999982247
6425.575000010975
3693.5250000044307
4336.750000000324
5961.575000007572
2691.5499999986478
3114.8749999982624
6284.825000008186
9135.600000016288
2819.799999998555
8186.32500001225
6734.75000000697
2884.6499999984717
7476.47500001201
10624.475000021119
4526.950000006303
4723.425000006076
3814.074999999954
3909.4249999995964
5308.950000004022
5975.22500000642
6222.9000000080805
5059.750000003321
4859.5500000056745
2623.424999998738
4032.274999999284
1880.424999999331
4039.6749999997237
2427.7499999988877
3969.4500000024036
5286.200000003182
5731.650000003485
5021.675000007481
7151.000000008484
2523.374999998907
5701.0750000091175
6433.400000006291
5472.375000003869
3390.425000000813
5594.325000005812
2995.499999998948
3476.9749999984556
5037.150000004491
2552.4499999987743
3541.474999998499
3970.3750000026066
6133.975000005214
7008.550000009312
8702.425000015171
3631.19999999862
3864.27499999884
5281.9500000062435
8683.775000014059
4923.675000005476
5227.550000003672
4638.575000003606
8226.650000012398
4029.7750000038545
10024.725000020815
3898.275000000148
5797.000000005389
4827.250000005275
3809.55000000307
4601.850000000922
4708.825000004795
4094.300000002384
3251.699999998138
3039.499999998331
4621.30000000044
5283.250000005138
8156.100000014132
3742.7249999983887
7157.0750000094085
4131.7500000011405
2531.6999999988166
7004.875000008869
3115.024999999792
6790.175000010038
5624.000000005497
3259.5249999998828
6126.700000005929
4543.000000002537
4611.650000002461
4265.524999999362
3158.9250000006523
2738.900000000642
4519.1250000002565
3898.8250000009984
5384.350000005754
8025.525000013074
3550.4999999987285
6691.225000009183
7337.500000009921
3821.600000000985
4321.950000002098
7925.625000014459
6198.650000005318
5554.400000002948
3669.0250000010246
6510.5000000094715
2792.549999998556
5501.000000005935
5045.2250000068
4915.025000004338
8000.400000012318
3559.625000000133
4742.625000006755
6466.500000008662
4578.900000003738
2729.499999998613
6196.825000007665
5879.675000006259
4288.700000000476
5825.425000004692
5923.025000006604
5273.325000003704
6466.800000009167
3038.6499999988887
6712.825000009279
7693.725000014776
3989.7000000000417
5956.950000006712
3493.6749999995436
5822.525000005868
4440.700000005098
2601.974999998729
5895.675000004879
3100.5749999982754
3690.5499999991453
4647.5750000044
4157.500000001477
5049.100000004015
6153.925000006282
5185.700000004268
5466.2750000049455
4064.1499999992175
7106.800000012292
4992.750000004176
5106.050000001803
5822.075000007453
8363.075000013008
6837.900000007823
3871.7749999993994
3580.7499999998663
6307.275000005519
4465.375000003626
4064.575000000215
5947.250000005646
2690.4499999986483
6508.175000006146
3698.2999999993262
3255.424999999459
5485.875000003302
4893.200000005164
4330.575000002333
4694.200000001731
3942.925000000304
5253.6250000067685
8036.475000011706
6820.250000010539
3519.200000001205
6539.325000008168
3760.500000003287
5797.175000003559
7801.7750000120905
6494.300000009172
7260.125000008902
7209.975000009019
4052.074999999299
3785.9249999976523
5554.950000006407
5828.925000007127
5591.7750000071965
2571.9499999987565
6232.150000005337
4783.700000002686
4428.250000002883
4345.575000000313
6342.125000005541
6965.57500000781
5465.250000006419
5559.1000000071635
