605.7351400001602
502.27042999991664
542.4729800002829
367.10558999999176
367.5637899999755
675.291960000505
407.1902899999803
549.8717900001727
398.7450899999754
444.08059999997283
456.4916499999538
671.4900800003485
449.62788999999765
503.5357800000687
533.6558600001401
524.1611500001469
677.6744700001552
377.12392999999037
512.7283099999688
535.5101800000116
385.46560999997666
425.02648999993755
422.495709999993
590.4650100002493
424.242039999986
562.3258199998968
453.80385000025376
467.0643299999976
545.0689100000742
548.68861999995
586.4355500002833
512.2327099999108
636.6652200003118
487.0395599999698
599.0633300000844
454.788329999991
685.321610000199
437.90725000003687
474.2376999999504
695.0115700000031
462.9958700000768
400.7558700000102
644.1962400001864
796.2174100007175
418.68220000012343
479.8584400000938
493.3380000001681
584.4900600000163
396.81779999996036
589.4585000002916
447.3767299999731
584.822270000149
535.2696200000086
474.13848999994326
511.65516000018266
457.79927999995675
463.2690099999376
500.3211899999068
457.63184999995786
598.4836499999789
533.7755500002288
569.5046800002114
458.27240999998577
448.1413099999881
566.0937200002278
491.30064000002204
555.5986000000662
465.65260999996127
417.8142899999801
530.0415200002017
528.414340000254
492.3432299999855
617.4005400002299
519.8202600002503
696.5152200004845
653.9232000000907
570.7054900001696
714.318650000081
570.4793300002713
645.0626800000176
443.4908799999736
587.1342499999613
394.034020000002
510.15745999996057
600.1292100000105
482.78569000003654
458.08134999998265
451.84925999999325
528.368660000135
523.5533799999569
609.019929999919
614.1028400001727
619.7288999998977
496.98456999996284
386.8535900000167
512.1620999999566
567.6106400002108
573.9176000000718
552.5458199999243
405.80343000010146
435.1117899999861
515.7216000000727
381.9280299999916
381.5151300000086
711.3024400002134
551.3863200000015
540.988729999964
694.2964899999207
647.1141800002122
523.8997399999619
496.3175199999823
462.95304000002756
537.9827799999472
399.35306999999636
533.7180999999689
525.691229999876
534.7019800002095
530.4223400002408
443.52199999999095
630.311570000085
517.0823799999976
568.7129700003203
558.48532000022
573.6815500001857
530.8181999999626
495.1133800000674
587.8506400001216
645.7989200001764
386.9475099999934
466.91108999999165
382.7260100000178
615.5639599999308
621.59425999993
509.0106499999504
651.9474900001795
426.7893300000029
392.5676299999631
548.8809800002351
470.1760699999938
529.3291400002171
707.5622800004264
399.0159700000071
578.3590200003061
390.5553200000023
444.19781999998844
675.0082100001557
532.970789999968
572.6613099998737
550.6011499999602
659.3015500001698
436.99039000006303
514.1098300002012
558.0046200001867
502.01756999995666
487.65015999993705
487.9963099999135
610.4115500001108
554.5712100002185
583.5433000000403
451.9503999999602
674.7061699998916
567.3204199999603
604.7711100000743
570.7679000001757
525.6940800002141
528.1222000002577
674.5874899999737
441.3634099999741
458.67754999999323
549.3597599999573
383.0451500000053
493.2898099999521
556.1363299999463
507.0448999999997
422.6595200000162
434.217979999976
468.0313399999701
527.9004500003307
440.39776999994973
492.5016399999753
451.80350000006746
481.8172699999925
561.2361199999971
541.7835199999466
445.3257499999916
322.1807199999959
668.1693300003412
545.3411299999602
424.2218100000037
441.56948999999577
446.18106999994984
459.350239999929
503.01995999990874
372.8252999999593
448.24280999998433
482.5670899999669
554.7854199999883
522.9562199999312
428.6066999999668
619.095650000061
664.2552800004491
359.29911000001596
445.19879999999654
545.9151899999155
508.28809999994786
399.98963999997284
701.9015700003788
456.02695999994046
404.82452999995644
553.2293499998761
549.1673200000347
553.459530000127
550.4281899999402
659.0194100002377
440.92099999996753
567.5468100002706
412.9114899999843
418.50823000000076
470.6445299999585
447.00960999998694
419.55023999994125
593.0095700002173
495.20467999990325
511.5312200001297
753.6689300001879
534.9776299999905
394.0611999999787
422.88697999999533
563.2023299999123
470.33788999994294
338.367790000029
439.3966699999959
475.99538999996685
547.2421299999336
397.24773000001267
741.6830400001583
414.9126699999573
450.2745599999414
578.8706900001696
415.4332200000016
460.3459299999797
470.6979299999642
566.4291099999423
488.9778799999611
599.22827999997
551.4206100001511
473.1840800000711
432.9691499999666
532.6009899999408
414.1367599999878
800.7968100000077
375.91135999998573
577.8283100001338
448.6006299999145
666.1692300001756
658.9810100005241
418.27837999997035
448.97683000020646
522.0573100000132
408.6203499999972
498.0018700002199
606.6824200001992
577.75975999994
475.06766000023947
485.51178000000795
408.3998199999527
371.3684200000043
509.37759999998093
438.8717799999698
559.4801699999167
339.5347199999871
442.01877999999874
465.7351199999515
477.3674099999415
636.9779500001567
485.95223999998814
549.2202800000588
630.8924300001574
438.43034000001086
521.4099399999617
542.090289999912
630.348649999899
445.03725999999523
410.5566199999765
458.93424999994573
545.8447500000585
518.6229499999472
379.8057499999961
367.1494599999933
485.06341999997835
362.21075999999573
487.6869100000116
443.9606500000232
586.5389300000929
578.7731100002081
513.6402999999252
432.66551999998956
388.6112799999857
480.07325999992855
464.66934000010116
430.6973100002293
594.0175600002204
612.7908900003443
494.2528799999646
511.56935000021593
416.92966000000496
474.2963399999484
469.7657500000357
451.05023999994575
538.1299699999531
540.0753300000363
477.14459999994165
461.4421500000541
698.0704700005116
534.0993599999056
554.4270800001862
573.8841100000386
606.9471099999223
573.4790200001656
544.9686099999883
404.69395000000327
451.1123799999866
448.5866499999837
541.3866300002081
521.6515000002332
415.61766999995655
569.6863800001701
326.07540000001103
417.2870400000091
523.9501400002239
501.5332100002034
394.90860999997517
601.5194300000768
447.4636599999963
481.2983499999599
434.7755999999445
686.7266600001752
500.93610000011614
497.3635199999428
456.79668999993294
490.21850999995536
703.5235400001607
472.1160299999535
811.3877600005211
529.4861900001162
482.7557999999686
550.8641600000117
519.6536000002415
419.4691099999743
455.3311099999531
383.0425300000076
493.1957100001257
496.9108599999647
488.2112799999271
444.78336000015895
566.7826100002372
515.058469999908
636.192189999942
579.2025399999578
576.75483000025
491.6246599999529
363.36584000001517
415.32895999996595
564.0280000002485
506.9497599999093
498.8983599999645
409.3422599999508
449.5226399999637
608.691750000229
529.5934800001984
461.73815999997817
446.48065999998903
697.805430000161
611.9233200001655
615.9893400002179
546.4912600001874
573.9746100000704
364.2656400000315
422.652619999986
439.43807000000163
366.5154199999857
389.48739999998475
541.1855600002506
680.9669199999516
515.7293599999756
633.0100500001839
457.4452500000368
681.8447299999887
615.2000999998813
590.0278100001252
422.9636399999827
542.4321999999212
392.97932999999676
551.4008000000135
510.98902999994925
606.5665099999587
355.2744199999816
443.6335499999844
505.9890500002094
550.4411599998757
495.52764000011024
573.5071900001506
463.0295699999565
489.43858999998594
555.0827899999796
593.7368600000722
484.94042999993275
543.1225999998668
527.5489400000581
609.8800400000166
432.59939000001265
546.0960299999028
622.5922299998502
456.8300500000941
573.5933299999533
608.5035299999666
367.65743999997545
396.111270000003
485.8014800001967
518.611849999978
606.8077400001932
527.5168199999675
434.53015000000863
440.4506999999818
404.19656999999324
387.04252999995083
429.8032699999798
639.4369600002516
539.744360000055
499.6282999999821
645.8986000002703
611.9195999999363
587.193260000188
572.8205199999153
542.8098200000957
494.10286999995986
577.0526399999408
438.79052999996924
472.01144000004444
539.5984000002433
415.88048000008445
472.53285999995177
394.5785300000227
548.0336700001131
447.4173199999697
537.2890600000053
445.76722999997924
813.2878600002933
528.5120299999894
480.02728000006687
422.69191000023784
475.8594199999594
535.6775200001059
346.327440000016
480.4988899999636
430.63001999996
411.76914000000767
490.9130000000268
434.6859999999917
576.465309999949
449.2102400000253
703.4577900005585
573.2167800002586
522.4435499998965
555.741789999963
370.6002799999748
555.88104000021
532.3027200002914
571.5143200001667
502.230509999956
473.2623599999673
467.86480000002143
608.9747000001488
563.8186900001252
563.0143000001405
500.40080999998025
504.8900200001701
446.1612899999351
593.4097400002452
437.16536999996293
529.1744699999302
786.8669800002427
581.8635799999333
437.54852999999946
536.2970899999405
483.6684399999794
373.68881000000044
554.7985899999899
449.1570099999631
369.8717699999624
554.8008000001125
467.90506999998365
525.7511700000142
392.62567999997066
715.4102900001059
377.6857800000156
533.198790000247
432.5448600000026
689.9652400001526
637.4120399998845
676.3621600004897
510.5215899999452
481.42301000024867
456.7941599999566
561.1354599999299
478.81286999996024
526.6358899999863
472.5614200000198
414.4520400000106
545.570429999951
565.4779299999022
601.0510200002404
481.24041999994233
395.8144699999997
396.7689499999367
392.3352299999495
439.02365999999876
661.205739999913
887.4315800002134
367.2704299999929
462.8533799999884
581.5379100002588
538.574860000247
639.6101900001406
542.4907100000846
558.0527699999379
442.15895999995917
706.9440900004383
627.3358800001987
580.1831700002584
623.9308400003424
551.9803399999008
502.46724999997394
555.0499900001748
435.79736999999994
435.54542999998523
525.9326199998745
387.8246099999877
455.10809999998395
521.6222099999512
479.1520700000302
363.0821300000078
633.2868100000409
461.5575399999659
486.5396299999591
398.9615099999804
500.79585000001606
482.25261000007254
465.08561999997653
399.23279999999505
465.41020999995266
394.20342999998894
509.49243000020914
412.3068999999759
581.5978300000379
393.9811300000295
631.7386500001869
464.1446299999363
503.01859999997066
447.15181999993865
502.3368200001379
470.6187099999722
418.37425000000263
417.3835999999653
405.7438899999706
597.6603999999866
606.9637099999009
388.71829999994696
506.70907999995666
489.5886999999516
644.7764700004191
414.3618399999774
426.83474999996315
581.8459100003356
422.58510999995787
476.14322000003284
445.74065000004157
522.5923700000691
384.03338999992746
431.7724799999656
505.04123999995426
515.0243899999462
424.8562099999996
452.46729000017444
515.2151399999439
431.4214699999948
476.59569999996893
642.9728499998937
368.9633199999838
415.1783699999711
608.3065899999933
532.9036600001837
521.7052100002217
483.70436999991745
463.2745300000213
514.8792200002409
489.1714699999462
514.7174199999552
448.5469699999313
417.374080000026
607.494049999939
431.2718699999943
437.21584999999266
494.31394999996775
378.82324000001347
472.8412999999858
448.90071000021396
537.8190899999233
578.9161700001765
470.3622699999269
497.5467499999461
390.65100999999447
432.63396999997616
629.3803900000404
363.5417999999972
479.73035000000004
504.5012000001112
618.9398699999178
695.4593300001526
431.45287000022853
519.3781699999583
490.32255000023576
529.3327599999496
563.5788800002415
516.4091999999818
490.6146000000279
619.0417000004278
505.21928000024354
521.8654699999419
521.9438300000107
563.3670100001422
482.272890000053
354.0557599999853
561.5729799999575
503.56391999991797
489.1033699999764
473.9472600000081
438.5394500001626
793.7574400003176
585.97981000047
447.31380999998674
499.1578800001926
655.5277400002951
550.572770000212
618.3165800003354
775.5646500004481
464.96460999998743
567.5582900002122
445.48755999991477
434.3926200000215
466.7670699999845
663.0366599999209
579.599649999935
410.29466999996447
585.5704900001631
436.9699199999497
407.09713999996876
522.126830000213
648.2809399999281
562.101639999957
474.0603000000857
473.7938200000588
473.6601599999924
440.1656600000266
699.0385800003866
591.101030000176
415.9659099999753
503.5838200001365
485.0403999999985
515.2554199999595
564.3776899998988
467.1923000000105
536.3238400000104
530.370319999913
464.85994999997513
551.1888100000409
376.76432000000176
580.2971200003868
574.8021800000843
416.3295800000092
414.3967599999811
447.77726999996446
647.1215100002266
581.4897900000824
504.6667800002568
600.6251099999553
578.4498699998641
425.32530999994907
429.68564999998785
496.84221999987153
442.57821999993996
422.3160099999971
474.21897999998856
599.4884199999614
629.3193500003238
483.8728200000398
620.2317200000471
640.6208400004866
765.7586900004978
489.3913799999313
642.1836300000555
459.31715999994276
529.9778199999523
551.9855499999676
628.8246300000251
481.13958999998823
543.6147600002842
464.8866999999844
434.66798000000693
446.6910100000081
513.5624900000288
574.9014899999512
468.01348999996213
484.9593499999696
892.5223200004395
546.1773500000562
710.0521400004301
513.7798299999077
540.5311499999167
538.1031300001613
410.05172999998035
382.77043000000134
590.961060000169
505.99518999991335
470.22406999998236
547.4809699999505
389.315679999947
539.0051799999527
555.9171900001937
516.0558999999441
513.9412900002213
455.088599999983
467.25962999992896
459.8298999999775
511.804449999928
707.1083000004173
452.7156199999835
501.01275999996096
600.1986999999316
537.2845500002109
312.0466000000032
634.6246300002326
430.3378799999804
542.2049000001731
341.0640299999799
489.6921800000496
513.3896599999109
419.6564000000183
602.7545500001557
556.9669400004476
646.8267200000563
440.5260100000112
643.3871499999882
410.69817000000336
523.6819300001852
392.1887699999744
506.8403899999185
517.5223999999291
392.07405999999935
537.1739500000866
553.2517899999668
428.5945299999801
617.6788500002467
480.067069999976
664.5228200001367
585.6884799999029
477.95025999993754
629.5295500000251
489.15972999995705
414.8457699999893
443.40528999998804
409.01070999997836
449.3358800002495
463.4563399999484
502.8397999999604
649.5958800002766
659.994450000151
633.8846200002445
603.260170000284
554.8055799999358
561.5270800003589
381.0760099999894
502.97933000004684
406.2380999999613
489.0712499999779
464.29025000001843
707.9642900001523
493.382239999961
636.3582000001327
737.6787600003919
692.7369300003056
475.62267999995385
608.398329999884
473.6263399999371
570.6646100001551
402.7040699999715
532.5305499999937
567.0294999999612
478.3675099999512
548.0571200001382
663.8539100003784
557.9018700002368
421.7895399999982
510.92756999994816
749.4610500000516
501.0514600002274
564.0785499999356
581.5450100002752
390.07583000000557
440.18162999995263
633.2216000001931
462.79614000021945
590.6377800001212
709.2636100000723
436.682360000116
427.3916299999417
394.99557999997137
406.8309399999775
581.6542899999431
609.7480800002409
390.77864999998275
444.4870999999479
654.6458299999025
416.1935899999925
509.9267899999232
508.43380999993514
633.9912700003983
498.5078699999548
577.5825200000436
602.2726599999316
487.526459999989
635.410990000147
840.3366500006417
413.0988199999902
396.9219099999856
474.44925999996684
469.0776299999484
564.0072800000335
652.5293700000622
531.010919999971
594.4897899999079
419.7255700000003
459.11698999997105
523.3913699999067
355.3895300000158
443.61924999995426
424.1126100000003
573.3099700000381
528.4922100000556
655.6807900000439
614.2131000002304
557.6971099999781
390.4292599999777
474.4272000003304
516.5249099999689
636.8876200001587
488.9558299999737
492.4478900002201
448.73686999995107
504.84404999995184
458.86814000000345
423.01683999999443
496.1443299999285
441.01197000000815
566.9636899999351
385.2170900000012
697.8684300004944
401.94224999998414
476.4384600000121
454.41862999996346
616.363800000107
502.1789300002295
560.3734199999012
474.24234000000246
572.8519400001485
494.6551300001392
785.0231000007017
525.2033499999253
439.42885999996196
433.55979999995196
469.2402599999485
459.8357699999696
403.7735300001807
435.2616100000697
400.23426
528.3163399999502
527.3885599999535
587.5759200001053
751.2155100002062
544.9239299999227
727.9754900001913
480.8171099999717
389.68599999998844
630.1503399999893
431.23808000002185
417.5546799999995
494.5638399999198
385.2174199999704
532.0658299999582
469.7495400000995
653.2157599999206
577.720689999901
468.6762599999879
339.29430000000326
627.1960299998954
538.8210900000253
414.89403999999905
598.2552500001867
531.871939999955
416.56292999995077
644.6792699999534
413.36272999999704
453.77168000001154
579.9151000002303
568.1392399999178
650.0611399998903
495.0560799999737
666.0687800001891
397.0967199999914
609.3899700002153
487.7141800002443
539.2595700001965
736.3706500003616
553.9370099999481
443.1630399999374
590.7076200002236
434.6924399999444
524.8553299999635
495.13217000000304
528.7336700002032
498.16743999995356
560.1889200001448
462.341659999964
496.36832000008604
542.5628500002408
481.698969999972
552.2556200001949
451.44326999994024
522.0984599999383
666.250300000234
435.4015099999768
459.9356199999796
463.2747999999579
465.7626499999705
654.3205500001487
497.33052999995095
449.2539199999605
450.5973700000326
481.66591000003325
481.8591399999277
583.535409999928
537.1579299999454
609.2762700000748
622.9111199999122
655.4004500004423
453.1797099999796
668.3553099999542
669.6180000002133
701.1015500004003
529.5387999998844
502.40490999994887
508.10583000000145
531.7577799999436
468.334059999975
500.30658999994216
695.6425200001518
445.16882999996847
569.8453700000505
484.4439899999594
446.4401499999996
490.5748100001202
439.56780000020836
515.3547599999263
590.785739999991
423.0079199999748
552.8854800002159
573.3166299999036
689.2069000003576
402.5943900000443
475.7676099999022
477.12398000009057
608.8787899998662
628.5077700001224
604.972120000291
622.8992599999852
534.9524199999912
570.489749999907
501.1182699999235
583.4340700004226
591.3066800002193
450.2412900002214
392.3920999999783
544.9104799998639
485.62375000013975
527.697140000273
511.37254999999277
633.7573499999488
661.8122100001697
508.5050400002471
468.13344000025677
