406.200049999949
447.64480000013117
382.64277000007684
282.23036000002264
279.761950000009
595.2867700004043
316.14603000001307
477.68234000020294
341.9349600000132
321.47756999999916
386.40263000001556
518.3625900002102
349.63753000001253
439.0083400001107
568.6693200005014
476.7074000001882
561.9898500004103
283.0952900000257
399.85635000002816
408.7647400000301
390.0474900000809
400.7211399999892
326.5279600000216
555.9651200004938
312.0476200000052
504.3597299999866
461.8704000002441
312.1960100000116
387.1460699999966
371.2240300000037
424.4309800001096
444.7772599999255
449.38828000007976
445.01135000011493
436.99505000014864
320.9383600000025
715.7787500006963
300.8482499999933
317.49612999997885
446.2758700000504
371.1061300001271
307.51342000001813
562.7892100004067
680.2925200007201
335.7451900001282
345.991459999991
416.27074000019326
466.1344300000685
353.13553000002406
470.02752000031825
350.3374400000101
395.21998999996833
405.42911000003704
368.07176999998575
323.3019500000062
385.9105299999849
579.2894000004313
402.507559999953
366.94025000000374
471.0072400000289
435.5969400002587
520.448990000222
362.3604200000171
341.21878000001345
457.48338000025825
338.9445900000347
468.4151900001283
311.179790000009
348.72084000000876
406.96344000023424
390.55120000024885
347.68795000002376
439.4531600002753
485.1827100002241
517.8725300004146
400.09436999998036
401.0399499999947
569.5831500001894
544.1589100004368
578.3827400005481
311.1302099999973
393.46254000000044
285.38712000001937
425.71604
467.971130000067
397.18581000006253
458.11418000009144
407.24006000006324
343.1403900000203
373.1337000000214
481.2744000001891
435.2669600002227
447.88502999995495
362.83914999998626
304.8192000000337
541.5142500003604
587.4448300004831
438.5976800000333
438.88167000000175
355.0773100001001
364.2067599999885
421.12676000001215
327.8862300000248
337.24659000000537
419.1543100000093
489.9285000002352
489.59461000022515
519.5469300002219
571.6905100004238
384.55486000002844
310.3341700000153
505.2211300002641
534.9807600002094
281.48459000001463
363.3384600000008
465.16332999993904
376.2131600001986
391.14125000001036
321.9724599999974
408.79756000000236
401.01250000004205
439.8726600002714
374.46653000001106
574.499050000402
446.3228300000699
400.3208700000769
519.3964800002075
499.8542900002407
373.41340000004277
388.8016800000293
311.18210000000886
414.683709999966
482.6063599999892
413.2367000000068
603.5004000004635
308.72718000002135
352.7924300000043
379.9301600000141
412.02319000019196
344.5185700000255
544.4360800002411
299.55369000000917
379.64297000001926
411.357720000253
361.7287500001026
593.9206700004341
463.9505900000295
413.6975599999439
421.5814500000069
480.85948000021517
347.7241300000809
468.89834000016606
486.6642400002074
504.36733000014215
460.73708000001795
385.4893699999434
500.2552000001943
451.4214700002232
509.4810700001492
435.50389000024256
494.3361499999849
378.2628100000093
405.29200999998994
439.63589000003884
390.9450500002199
404.04875000027243
526.3527300002734
395.108409999995
433.68569000001213
388.6816899999812
306.74739000000653
390.6088500000217
472.68421999996303
410.06086000008344
276.7539000000038
341.6299000000098
366.06075000000584
452.90328000036266
419.0455299999626
328.2705200000189
333.3268500000278
427.38843000021603
422.5915799999948
404.7079900000026
425.11346000023195
282.75393999999187
697.7174900004663
445.16821000000135
275.4091000000175
351.0839400000196
388.3496299999691
439.2367799999753
502.15609999999583
326.5710200000048
319.00062000003385
352.2945100000083
470.21705000011474
516.664060000204
334.8409499999992
459.413860000137
436.6599999999759
290.64904000001474
401.68331000002377
414.81296999998926
377.93682000000103
344.88050000003796
517.2685300002097
358.36848999998904
364.9412799999672
404.2023999999507
492.45231000004475
458.643159999944
380.09087000002137
518.5482800002305
379.5732599999919
342.6137500000179
314.155460000029
293.5587300000186
339.37370000001226
327.6318599999935
383.88530000008046
476.7273900002282
493.18330000006176
370.86733000013754
547.0023500002336
507.75923000003394
314.35994000000505
369.14961999999707
428.8606899999528
390.42649000001643
371.9379700002609
383.27259000002084
355.5400099999968
409.3584900000305
307.69214000002773
519.0012100001957
316.8525900000053
396.94126999996945
423.29164000023377
408.5853900000556
378.6655899999937
326.396820000012
472.1540000002026
353.94266000001465
538.4542300002038
493.8752000001934
471.9230500002665
329.7795199999811
370.06061999998275
301.749040000002
749.6250200001516
368.4372400000107
455.6511700001907
378.0399999999526
457.0591199999895
458.6344000002981
312.6058399999864
394.9640200002299
440.56835000017605
330.4363900000078
473.9875700002704
614.4581100004502
440.9223599999922
374.687360000251
361.7057300000399
330.53567000001874
286.4582600000238
405.3587800000304
358.4562699999952
404.8606399999841
329.65607000001233
388.4283600000311
414.92745000001395
549.1417700003351
453.4160300001779
416.5507000000138
461.55395000008974
655.3302800005553
322.2581600000037
495.27689999994743
480.3582599999845
454.1227699999896
289.2120900000228
301.71140000002094
379.01499999998504
403.86101999998283
382.041290000022
318.5935299999979
298.10592000000537
347.2018300000159
267.78147000001815
387.0284400000317
397.9295300000491
477.2196500000055
396.78968000002504
425.2132000000251
314.6453100000249
303.4571100000003
374.5584899999724
410.0370700001095
289.71639000001625
441.54140000000814
452.41319000015056
361.50991999997694
426.4876600002452
328.8812800000063
359.8605999999763
399.5501799999913
389.13551000000547
492.80983000000595
463.4069000000826
385.5432599999792
370.1662800001374
521.4686900002778
421.39817999995364
436.31576000022824
391.0659300000295
373.7255299999764
427.4439900001718
461.24769000020177
335.8706200001568
327.12727999999345
356.91433999999686
400.14927000022465
345.2791800000114
362.3116899999877
542.9101200002121
278.5329000000281
342.7620900000389
409.804530000213
473.90224000020567
284.0864700000163
461.94160000011004
344.29242999999155
343.41775999997714
354.95764999998704
554.2524700002147
393.21416000013267
543.4950700002101
360.43643999997374
442.88570000022924
540.7399500002251
397.92381000000603
525.6848200001806
435.3923499999955
349.2199200000086
431.6635900000484
309.5437699999891
370.00415000001175
347.9762899999878
280.49222999999563
319.5896400000255
320.7810400000011
359.2159099999636
357.76931000016464
349.43466000002735
469.5995700000717
370.0434200000015
404.6401699999613
539.1987500002658
352.6565499999843
281.7449500000048
417.9139100002131
518.0870600001956
485.51624000005194
409.86200000013434
421.73495999993713
332.59034000000423
473.72739000024757
345.5284600000149
441.2961800000108
454.5919200002529
467.67294999998745
425.744680000007
496.89826000027
369.0792100000412
512.9741100002632
304.4760499999919
362.38010999998625
349.7877300000174
335.555119999975
326.97053000003183
396.5857499999479
493.14889000006946
369.89392999997995
502.6668700001582
456.62295000014296
499.47883000003947
437.99505999997893
492.1798300001664
326.98367000000485
384.5929099999805
303.7170200000175
372.59352000004446
458.15925000022685
512.1234200001668
309.8969500000001
378.0782799999734
457.32125000025115
565.5153100003179
431.68584000026146
516.5232200002148
374.22609999997695
367.76810000003934
529.0509200002577
443.91497000010844
398.4453799999636
454.5328999999477
451.5355600000751
543.8460599999262
363.8573200000387
402.3731399999671
514.480609999947
454.11273000010306
463.4446200002357
476.3729100002336
300.57552999999166
331.41164999999074
398.03474000024283
427.28160000015686
490.0921100002526
490.48272000025906
343.91226000000296
368.4915499999656
299.7059800000106
318.11530000000516
329.2990199999572
611.4029000004857
387.86202000003317
487.9911100001367
444.06488000003105
460.82235000000367
436.0630900002356
438.7636699999909
398.4037200001331
338.8664999999761
580.7838700004562
333.3749000000209
426.841340000043
373.67983000003636
404.995030000123
365.9458099999787
287.9200000000194
422.1247900001386
405.10358000000997
451.7232700000274
354.0039699999683
494.2676600000123
323.7653199999929
314.88581000007594
379.38477000002473
343.1758799999836
441.82483000000497
293.72785000002733
394.5790999999998
348.37565999996065
298.565610000003
453.76592000004547
393.6724400000076
395.8664499999934
364.4926900000406
400.3217900002429
327.22030000001723
454.7112199999831
357.3014700000253
285.08706000001575
405.38633999998933
572.113680000537
392.04725999999505
362.33031999999827
367.02348999998344
306.689430000022
407.07316999996294
433.56124000010243
382.69216000002314
356.0012999999836
585.9370700004541
336.93532999996665
352.9333499999912
404.3333200000476
424.76464999999087
494.70046999997277
408.4785399999782
379.3269300002484
398.59446000000224
341.17848000000674
322.2004900000067
403.0481999999936
337.504919999984
304.9268999999872
409.52229999999713
336.3891700000286
397.311450000001
365.99799000000877
532.682990000204
265.8336500000176
379.3571600000477
313.1618400000126
552.4250500002249
465.875089999957
560.8259000002517
383.69888999999336
300.7935200000233
337.79189999998687
473.1186999999589
356.8286499999776
406.0844499999922
339.879600000021
340.4807500000425
422.1911400000097
381.05156999994125
439.56688000022683
426.3923000000276
428.11241000025336
410.07469999999654
394.60312000004757
323.42888000001204
437.71076999998945
677.9728900004699
368.4732700001098
329.141350000008
569.7279000003649
349.48052999998276
519.5730000001918
399.37974999999386
392.0390099999862
377.6243099999785
601.3995900004696
432.55408000024204
508.5651700002596
433.18205999999066
439.6865999999685
416.31168999998596
427.3207700001941
368.1653400000061
312.09243999997915
411.9024499999887
306.38415000002254
327.7467699999826
392.50075999999933
404.80364000000026
277.8549600000117
511.201980000187
359.10950000003953
443.02478000011047
290.9422300000209
394.38502000005263
358.36843999999394
387.996680000075
303.23341000002546
400.1119000000129
323.6546700000232
320.27737000001997
423.7134400000496
360.84019000001325
270.95890000002714
512.6643400002392
421.53735999998236
394.3051699999992
397.0579699999515
499.5188500003938
375.4601499999943
346.5983000000187
329.0440600000007
326.3958500000021
501.6129600002337
397.0526499999238
341.0610899999683
371.87647000002437
327.55738000000537
583.3161500004202
381.71263000015927
415.84201000013127
502.6608900003581
349.1114699999954
389.14027000005194
390.43548000024356
415.3639900001354
388.737339999996
301.4972799999953
468.7814700000449
387.0396400000006
324.4584100000084
346.93700000010335
391.71511999997233
316.2185200000188
350.6334999999858
493.7972200001118
290.19445000001656
312.3010499999987
453.3361700000164
406.0823500002249
314.711460000003
471.99781000005146
385.70013000001114
413.45170000025723
352.8770799999853
423.6004599999929
484.8005500001838
306.9626199999828
427.82392000001875
336.4681000000075
320.4395400000132
356.5957700000054
325.29311000002497
371.51619000001597
409.05126000022
370.48996999997956
462.11931000018143
357.774389999995
472.6134300002193
331.8942600000131
317.37787000003226
345.77698000001175
313.14819000000733
502.7710200001877
462.5734300001223
409.7545099999968
501.8578900001771
329.56185000002654
472.5238900000073
411.61258000023
391.69035000001503
382.2100800002456
443.03262000001587
430.2388600002562
489.68361000023447
428.32518000010185
382.01332999998885
526.7494000003306
351.51094999996354
359.7644000000527
311.29264000002206
412.98273000004133
379.0704199999808
344.33620999999334
368.10212000001434
383.49615000018434
660.5736500004946
430.4004100002029
322.54397000001995
435.6079800002245
442.68085000006903
536.7259900004302
606.5627700004457
574.7974800002224
315.55539000001977
394.76341999999005
425.42748999996024
347.013150000025
325.8396400000162
482.3663699999971
389.2323199999978
355.6827500000173
518.8644000002147
311.3883099999897
326.99373
382.04553000001584
439.6011000000118
384.21477999999524
393.07274000010307
387.75173000004435
318.68306000001775
375.78206000004485
519.0113400004262
450.57217000022246
365.40032999999573
367.8689200000005
387.0968600000097
336.15539999998646
512.3701400001138
367.3307399999895
493.34930000012093
403.08901999997784
378.6971699999919
356.78593000006106
315.8542600000195
491.2819500002422
483.28089000021566
313.55125000002374
319.8030399999906
298.3860600000116
472.1888600002583
440.2408600000806
369.94530000002015
445.3787300000168
495.1812099999686
358.67947999996176
332.7687500000074
455.03488999995824
355.5314899999775
355.30791999998763
329.55969000000454
521.8921100001409
513.0421500001452
392.9301399999929
401.5708199999841
535.7020700002212
399.37430999997815
445.48014999995905
454.36349999995923
331.30626000000217
404.4915500000032
378.9255499999979
489.259020000228
326.7855700000214
475.0553200003953
334.252940000013
358.7541400000057
313.0910300000236
353.76475000002887
455.2594100000534
386.9141299999977
367.96029000000215
626.6710500004946
435.83927000007446
458.2515200002077
458.35614000000953
464.7992900000279
496.4846900002136
369.6665599999968
274.87846000001645
487.6564600002171
364.63114000000604
391.7036600000239
412.96911999995115
304.97543000000724
410.49220999999017
426.1352700001886
412.7182399999914
448.122390000228
341.6572099999815
482.2787700002201
388.03043999999727
453.64808000000284
616.6644700004587
406.56118000003767
388.7934699999992
385.7311599999795
398.2746200000163
289.4052700000241
492.4915100002202
440.1148500002587
439.9525500001908
315.67723999999157
347.44510000004
480.86081000022057
356.1356699999983
413.9066799999962
443.87716000022266
479.66692000005537
375.44902000008517
440.45967000010717
311.9720699999945
403.81047000021266
337.43481999997937
416.13386999998545
433.46281000006604
414.4100900002088
502.0789500002653
458.79422000022055
309.69818999999666
437.10221000021903
340.33829000002095
551.9903200002149
403.64823999998663
402.92185999997
491.1529300000085
387.3283299999875
382.98533999999944
340.1369900000169
420.59979000021616
396.1087500002566
371.1437399999762
455.77894000025117
354.59411999999793
540.6075800001983
488.5664900002373
340.99454000000645
403.02479999996814
430.8289800001206
296.9242100000019
389.2083000000368
401.4867899999745
404.01670000004486
337.01866000001723
529.2168300002012
360.5121699999971
472.1895700001555
448.2242100001427
551.7514200003143
352.32955999999075
454.5702099999797
428.073580000022
409.2799400000164
354.89504000000795
374.0170899999955
496.93051999998767
437.06857000020545
355.2896999999992
555.1537300004376
435.0151200002407
383.96540000010407
420.81872000000584
598.2146900001569
417.77362000024726
394.86531999995964
534.0160800002927
389.6229100002462
342.52531000001693
427.84859000000506
438.55332000024157
449.75622000018814
455.2368700000661
343.06482000012227
390.83267000000075
313.763259999997
291.18885999999725
424.9503099999983
374.20784000003033
332.91942000001285
351.10361000000927
421.8397299999833
331.5510000000114
415.49760999999626
444.48095999997355
603.5205800004853
337.840939999988
535.1792600002808
514.0979800001859
315.07580000001036
391.00646999997554
581.9399600004501
400.648490000254
310.5589800000015
332.95827000001174
358.93529999997025
400.80781000000877
637.6163300001117
413.9551700000229
471.8777200000843
293.6511000000189
353.9590500000229
450.29397999995024
289.24991000002365
397.175729999979
300.8946400000269
378.2599099999895
417.4909500000515
511.021700000049
364.2392200000149
530.2928500002378
346.5291400000011
348.4618000002556
396.3077900000207
444.9530500002378
364.69581000002233
292.91126000000935
323.01986000000346
300.8433399999964
364.3418399999892
385.30802000001154
393.88242999996066
302.3393100000196
480.82277000004046
416.3392400002404
569.7709300005077
313.53375000001756
317.09954000000084
476.07339000022904
454.8196900001531
434.7430900002527
434.2624499999744
441.8475200000677
568.6166800002907
334.8185600000291
445.0905900002567
366.02830999999196
463.94897000010445
338.55677999998204
501.51722000010517
356.00584999999523
404.7355800002102
317.30108999999715
359.0420999999876
390.4311599999783
361.4241899999945
426.36839000011975
413.2166400000205
399.31578999995634
501.90244000011
366.90508999999474
289.32649000000197
512.948210000056
310.5030300000242
371.37401000015575
482.9018600002384
364.0034399999892
445.9079600002239
399.3143100001139
464.17841000001516
405.1148699999608
334.78749000001096
282.63703000002437
489.1534699999835
399.2190799999886
297.7653100000129
418.3924499999998
412.1633699999668
472.3195200002159
453.98468999996845
354.46908000009296
339.64859000000115
351.18958999998745
414.9441199999791
411.33880999994636
378.9234000000295
442.74756000001383
339.04751000001795
480.9635900002658
300.54113999999095
440.7847400002239
537.9629200001085
376.9214799999954
387.2742000000038
568.3223900003376
316.1820899999576
347.3252200000137
519.6220900002768
438.32606000020166
417.1945000000059
519.4645200002027
352.226999999992
412.71626000010923
448.2289100002615
344.5879700000212
370.8712600000209
371.61227999996595
379.617149999978
571.5400500002856
355.1911899999783
324.9224900000031
486.71447000017025
353.1640400000092
461.8929300001884
341.59049999999684
341.26960000001503
389.3204300000579
308.323520000019
473.15705000008654
427.58955000005284
436.358189999994
491.4529500001523
456.0810199999726
444.91664999999796
333.8904500000307
467.44266000000846
493.51441000022174
559.9863800001472
392.4861699999737
412.73643000001067
323.07790000003274
456.20560000010903
354.54190000000233
404.2615599999643
549.0547200001898
315.3292200000161
434.60543000000587
353.21769000000916
326.6798800000295
442.5851100001465
338.1127600000281
454.1103799999855
400.79814999997893
296.40000000000157
306.6200399999842
405.00139999997174
439.5034600001181
350.6716600000353
532.3917800002013
284.24864999999977
396.199479999932
482.17733000013794
492.83204000025415
577.3979800002656
508.3553000002677
395.7964399999899
381.53649999999084
349.7791500000241
431.9832300000517
312.19204000001724
357.33376000002374
448.9999499999947
312.91541999998987
483.2347200002869
394.7622900000205
453.5461100000833
453.70196000017427
330.3910400000311
426.28970000023133
