14124.100000033852
12769.000000028922
12039.300000026267
3834.299999997608
3806.3999999976336
12581.100000028238
3974.5999999974806
11281.40000002351
4284.199999998054
4182.299999997684
4433.1999999985965
11557.000000024513
7740.0000000106265
8384.10000001297
12377.200000027497
12790.800000029001
12053.100000026318
5442.300000002268
5713.500000003254
7338.100000009164
9695.700000017741
5299.100000001747
5633.700000002964
12708.900000028703
6793.3000000071825
6266.900000005267
11497.200000024295
4403.099999998487
10151.5000000194
8864.700000014718
11836.70000002553
6392.700000005725
14863.600000036542
10742.300000021549
11901.300000025765
4796.499999999918
14554.700000035418
6980.000000007862
5099.600000001021
7698.900000010477
11645.200000024834
3768.2999999976682
12379.700000027506
16240.500000041551
9654.10000001759
10906.100000022145
10095.100000019194
7130.100000008408
4847.100000000102
11203.200000023226
8326.100000012759
12948.500000029575
6845.600000007373
5294.800000001731
10920.400000022197
6180.6000000049535
13081.70000003006
6069.60000000455
5040.000000000804
7895.700000011193
13088.300000030084
14903.100000036686
3910.199999997539
4384.099999998418
13778.600000032595
6488.700000006074
9394.100000016644
7301.0000000090295
4477.599999998758
11680.600000024962
13198.300000030484
8132.500000012054
13282.40000003079
14394.500000034835
14221.600000034206
11053.20000002268
11698.500000025027
11420.100000024015
11968.300000026009
15013.900000037089
4757.599999999777
6721.800000006922
5578.700000002764
11697.400000025023
9909.60000001852
7855.800000011048
10384.800000020248
13098.900000030122
9220.200000016011
7191.900000008633
13305.100000030872
12178.300000026773
6556.600000006321
7676.000000010394
6277.000000005304
12804.800000029052
13027.300000029862
10422.700000020386
11074.100000022756
9026.800000015308
11961.700000025985
11252.300000023404
4500.599999998842
6352.90000000558
15009.900000037074
12940.600000029546
11628.200000024772
14565.100000035456
16018.800000040745
4139.699999997529
4424.499999998565
13157.300000030335
12092.20000002646
4385.699999998424
11861.30000002562
10901.100000022127
10105.00000001923
12907.500000029426
11900.10000002576
12758.000000028882
11214.300000023266
14329.8000000346
13157.000000030333
11349.000000023756
8418.500000013095
13460.800000031439
11686.300000024983
13181.400000030422
7366.800000009269
4671.199999999462
5860.300000003788
10951.100000022308
8216.000000012358
8633.900000013879
11529.400000024412
4759.799999999785
4906.800000000319
12964.400000029633
11352.60000002377
12167.800000026735
13659.900000032163
4924.300000000383
11283.200000023517
11691.300000025001
12689.700000028633
13563.900000031814
14447.300000035028
6835.500000007336
5961.8000000041575
10800.000000021759
7676.600000010396
12050.600000026308
13015.300000029818
12059.600000026341
6246.3000000051925
5796.800000003557
10377.10000002022
13273.900000030759
12771.700000028932
13479.600000031507
7962.000000011434
6596.200000006465
14247.800000034302
15042.800000037194
10800.000000021759
13914.80000003309
12779.70000002896
6402.40000000576
8138.900000012078
7936.500000011341
3929.5999999975215
13330.600000030965
8169.000000012187
7619.6000000101885
3952.099999997501
5848.0000000037435
6382.400000005688
12797.300000029025
10903.100000022134
5102.900000001033
8879.800000014773
11643.300000024827
7979.500000011498
4446.899999998646
11827.400000025496
4117.399999997448
14860.30000003653
5842.100000003722
3350.1999999980485
11655.40000002487
5027.80000000076
7090.600000008264
5395.200000002096
4727.199999999666
4899.100000000291
4739.19999999971
7403.300000009402
10800.000000021759
11636.1000000248
11229.30000002332
12904.400000029415
4338.599999998252
11888.300000025718
6071.2000000045555
6519.700000006187
8215.400000012356
10944.100000022283
4910.000000000331
5577.200000002758
9135.500000015703
7223.5000000087475
11394.20000002392
7695.200000010464
13786.000000032622
6385.300000005698
12318.200000027282
4593.899999999181
3817.099999997624
12264.300000027086
5605.600000002862
9490.600000016995
12621.900000028387
9408.700000016697
10506.700000020692
15222.300000037847
6390.100000005716
4531.499999998954
4559.399999999056
6926.200000007666
6895.000000007552
12661.600000028531
7732.7000000106
4176.399999997662
6195.300000005007
7108.400000008329
13620.40000003202
5870.300000003825
5256.400000001591
10800.000000021759
9621.800000017472
9033.200000015331
4624.499999999292
13949.400000033216
3885.999999997561
11550.200000024488
12478.500000027865
12991.10000002973
5114.700000001076
5562.200000002704
6033.100000004417
15164.700000037637
12138.90000002663
11129.200000022956
6427.10000000585
13922.100000033117
12333.700000027338
10290.300000019904
10800.000000021759
9990.600000018814
6427.300000005851
14516.90000003528
13412.300000031262
7398.700000009385
11948.200000025936
6913.300000007619
8812.300000014528
4219.599999997819
6801.500000007212
4389.899999998439
7906.200000011231
4274.79999999802
4166.799999997627
4768.099999999815
13000.200000029763
12514.900000027998
7264.700000008897
7407.500000009417
14198.700000034123
4162.399999997611
7246.700000008832
6097.700000004652
5625.000000002932
5469.5000000023665
4336.799999998246
6956.100000007775
8891.800000014817
4529.899999998948
4837.800000000068
3637.699999997787
12386.40000002753
3762.999999997673
13501.200000031586
8270.500000012556
10825.20000002185
15041.300000037189
8125.500000012029
5834.700000003695
6052.8000000044885
14959.30000003689
7807.00000001087
12160.500000026708
12505.000000027962
11477.100000024222
5755.000000003405
11323.000000023661
12635.200000028435
4958.000000000506
7257.000000008869
5253.100000001579
7198.000000008655
8898.30000001484
5886.5000000038835
10605.30000002105
14144.200000033925
6196.600000005012
10937.100000022258
9612.70000001744
6907.400000007598
9685.400000017704
13449.000000031396
10060.400000019068
3964.6999999974896
5528.6000000025815
11111.20000002289
11988.600000026083
4903.700000000308
14967.70000003692
3159.299999998222
5971.000000004191
12237.400000026988
14031.600000033515
5069.0000000009095
7854.500000011043
4265.699999997987
4815.399999999987
5046.800000000829
14741.600000036098
10266.700000019819
12226.100000026947
7853.300000011039
13278.800000030777
12472.600000027844
6616.80000000654
12381.600000027513
8646.900000013926
10800.000000021759
7262.100000008888
13701.700000032315
5012.000000000702
5958.300000004145
5453.200000002307
9056.200000015415
4974.900000000567
6981.200000007866
10528.600000020771
14860.000000036529
11068.400000022735
7732.6000000106
7521.300000009831
11983.100000026063
5881.800000003866
3707.999999997723
12770.800000028928
11822.400000025478
10125.700000019306
10688.600000021353
5853.700000003764
5909.900000003969
13121.000000030203
11608.3000000247
6776.0000000071195
12780.800000028965
13246.70000003066
12321.000000027292
14782.900000036248
13594.900000031927
14561.500000035443
6072.800000004561
7883.300000011148
10800.000000021759
4748.999999999745
3691.499999997738
12844.500000029197
8080.600000011866
6805.200000007226
13534.500000031707
11217.100000023276
12093.200000026463
6493.300000006091
12657.700000028517
5807.200000003595
9563.700000017261
3957.899999997496
7826.900000010943
11362.000000023803
13106.100000030148
6511.300000006157
6780.300000007135
12177.60000002677
13955.400000033238
13568.700000031831
15120.900000037478
7178.200000008583
9994.000000018827
14722.70000003603
8000.3000000115735
5604.800000002859
7273.70000000893
9028.900000015316
10695.600000021379
3761.2999999976746
12188.50000002681
13718.600000032377
10284.300000019883
11326.100000023673
13764.600000032544
3809.8999999976304
4353.599999998307
11291.000000023545
9320.000000016375
13997.900000033393
12881.500000029331
5204.400000001402
6456.400000005957
3693.699999997736
5364.5000000019845
4913.500000000344
13468.300000031466
8723.000000014203
9585.30000001734
13109.600000030161
8775.200000014393
12682.100000028606
12239.300000026995
10162.900000019441
10604.900000021049
12241.400000027003
5309.100000001783
8264.000000012533
11437.200000024077
7928.0000000113105
6324.600000005477
3270.8999999981206
9899.200000018482
5163.200000001252
7846.900000011015
5115.400000001078
11816.500000025457
6401.800000005758
7965.900000011448
14033.800000033523
4337.699999998249
9954.800000018684
3202.6999999981826
5335.600000001879
4519.29999999891
3794.899999997644
9432.200000016783
7375.000000009299
10800.000000021759
12692.900000028645
14246.300000034296
14310.30000003453
4959.500000000511
4126.499999997481
5065.300000000896
13174.300000030396
13594.000000031923
11479.50000002423
5942.3000000040865
7655.200000010318
5916.200000003992
12574.600000028215
9146.500000015743
9962.00000001871
4848.800000000108
14767.300000036192
6113.400000004709
12247.200000027024
6589.20000000644
6815.3000000072625
11495.000000024287
6343.100000005545
13741.200000032459
13834.000000032796
5373.500000002017
6557.500000006325
8599.400000013753
6061.900000004522
5873.900000003838
10920.600000022197
4321.099999998189
8313.300000012712
7484.200000009696
10637.100000021166
4138.699999997525
14170.900000034022
8272.100000012562
13542.600000031736
6754.0000000070395
14190.500000034093
8012.600000011618
13217.400000030553
4916.200000000354
6831.00000000732
12948.900000029576
13023.400000029847
7012.700000007981
6807.400000007234
5634.400000002966
5200.000000001386
13528.500000031685
6928.600000007675
13556.800000031788
11439.500000024085
8452.200000013218
4904.9000000003125
11073.100000022752
15377.00000003841
8659.300000013971
7196.200000008648
14926.30000003677
14243.400000034286
9786.00000001807
13449.400000031397
11165.200000023087
4854.400000000129
15150.700000037587
12419.20000002765
13901.700000033043
12572.500000028207
6784.700000007151
7743.000000010637
11392.800000023915
6512.500000006161
5493.900000002455
14145.80000003393
4784.099999999873
4192.6999999977215
7247.600000008835
8402.300000013036
3751.7999999976832
12518.50000002801
13119.100000030196
9012.700000015257
5840.500000003716
7071.100000008193
7896.500000011196
7813.500000010894
6492.90000000609
7149.700000008479
3737.699999997696
11351.300000023764
8642.50000001391
9197.000000015927
4869.400000000183
13391.400000031186
6121.600000004739
6503.700000006129
6580.600000006409
12620.700000028382
4557.299999999048
3758.899999997677
4149.599999997565
4709.899999999603
12363.300000027446
14820.800000036386
5601.200000002846
4164.0999999976175
6032.400000004414
15794.100000039927
8990.300000015175
10811.800000021802
11995.500000026108
4473.299999998742
7937.100000011344
12933.800000029521
12774.700000028943
9953.000000018677
10543.700000020826
8580.400000013684
5652.400000003032
12479.300000027868
9640.40000001754
5348.100000001925
4545.8999999990065
5525.900000002572
13067.400000030008
6149.100000004839
5811.30000000361
8889.70000001481
10800.000000021759
13987.500000033355
9179.300000015863
8230.00000001241
13695.800000032294
5972.8000000041975
5586.700000002793
11934.700000025887
4481.299999998771
10176.800000019492
5001.300000000663
5562.700000002706
5473.600000002381
6751.000000007029
4310.199999998149
12383.40000002752
6821.400000007285
11039.100000022629
6390.800000005718
13352.200000031044
6840.900000007356
5376.300000002027
8730.40000001423
4350.999999998297
10782.600000021695
8307.40000001269
8078.1000000118565
12285.400000027163
12893.700000029376
7725.900000010575
12620.600000028382
4796.699999999919
12127.500000026588
7229.900000008771
14356.700000034698
12212.200000026896
10902.20000002213
7042.300000008088
9871.20000001838
12077.700000026407
7688.100000010438
4173.599999997652
6962.000000007796
11095.400000022833
7280.300000008954
6639.900000006624
10281.200000019871
14530.60000003533
14422.500000034937
4882.10000000023
10800.000000021759
12463.40000002781
12110.500000026526
14091.900000033735
14159.30000003398
7114.900000008352
12428.200000027682
6669.600000006732
8049.200000011751
4407.0999999985015
7480.400000009682
6249.6000000052045
3928.4999999975225
12507.40000002797
5872.300000003832
5703.800000003219
12595.000000028289
9020.200000015284
14803.900000036325
9274.000000016207
14274.9000000344
10901.100000022127
7462.200000009616
11931.300000025874
11068.200000022734
4454.699999998675
10314.100000019991
6071.400000004556
4855.400000000132
10928.700000022227
7439.100000009532
7905.2000000112275
5313.000000001797
5229.900000001495
14190.000000034091
3411.8999999979924
13012.600000029808
11626.300000024765
3388.299999998014
7565.500000009992
6301.600000005394
14370.400000034748
9367.100000016546
11757.00000002524
7008.600000007966
13205.200000030509
6646.300000006648
4018.199999997441
6977.500000007853
12090.800000026455
5301.700000001756
6881.0000000075015
10278.10000001986
13869.900000032927
7651.500000010305
10606.200000021054
14970.10000003693
13667.800000032192
6833.400000007328
9076.90000001549
4930.700000000406
5249.100000001565
10941.100000022272
11444.200000024102
4306.699999998136
13845.600000032839
4720.399999999641
7773.000000010747
9372.200000016564
13250.100000030672
9389.800000016628
7199.3000000086595
4754.399999999765
16844.100000035378
9667.200000017638
14119.400000033835
7576.200000010031
12352.800000027408
14645.70000003575
6428.300000005855
4299.099999998109
10800.000000021759
6511.900000006159
5641.500000002992
7735.40000001061
5381.900000002048
5790.400000003534
12680.7000000286
5370.700000002007
11916.600000025821
6029.400000004403
15025.700000037132
6019.500000004367
7535.800000009884
14243.500000034286
7267.900000008909
10800.000000021759
7399.300000009387
13600.100000031945
13329.600000030961
14145.50000003393
13951.600000033224
10800.000000021759
4266.999999997992
7559.50000000997
13904.500000033053
6820.500000007281
11741.100000025182
13302.400000030862
11277.000000023494
8205.60000001232
11517.400000024369
5323.500000001835
10532.100000020784
6673.900000006748
5822.700000003651
10267.400000019821
11341.300000023728
10595.800000021016
12426.400000027676
4103.799999997398
12837.600000029171
4135.199999997512
13437.100000031352
5622.800000002924
11279.300000023502
10800.000000021759
5539.400000002621
5583.700000002782
3949.799999997503
12269.900000027106
12216.600000026912
5310.800000001789
14586.500000035534
11537.20000002444
13067.500000030008
14678.100000035867
12494.400000027923
15323.000000038213
14071.900000033662
4268.599999997998
8561.900000013617
6384.600000005696
7427.400000009489
10055.100000019049
12098.500000026483
5029.7000000007665
12516.100000028002
15357.70000003834
14132.200000033881
5432.4000000022315
12386.40000002753
8512.200000013436
12217.600000026916
8645.10000001392
8617.90000001382
16149.200000041219
13012.800000029809
12206.900000026877
10800.000000021759
13776.700000032588
9965.200000018722
4992.000000000629
13857.20000003288
12901.800000029405
6057.100000004504
14675.800000035859
12683.600000028611
5404.50000000213
12972.00000002966
13480.800000031511
10557.400000020876
10787.500000021713
7674.100000010387
13602.300000031953
4130.599999997496
10083.800000019153
5043.400000000816
13468.000000031465
10594.600000021012
6559.900000006333
14727.700000036048
3881.999999997565
4433.1999999985965
12920.200000029472
12807.500000029062
4866.500000000173
15424.300000038582
12136.500000026621
4341.199999998262
11633.30000002479
13075.500000030037
12714.200000028723
12678.800000028594
6931.100000007684
6664.100000006712
8104.500000011953
10985.200000022433
13064.400000029997
9958.800000018698
12058.600000026338
4870.800000000188
5818.400000003636
3169.7999999982126
5953.400000004127
4005.4999999974525
9163.000000015803
8005.500000011592
8083.200000011875
14440.000000035001
13099.000000030122
4737.4999999997035
13223.000000030574
12215.700000026909
10800.000000021759
6972.700000007835
12664.800000028543
5432.200000002231
5100.900000001026
9640.000000017539
4576.499999999118
5139.1000000011645
8828.500000014586
8220.800000012376
12163.60000002672
14566.700000035462
4824.000000000018
5054.400000000856
12962.100000029624
11271.600000023474
12294.800000027197
8917.700000014911
8007.6000000116
11257.700000023424
10380.500000020233
14560.90000003544
7012.300000007979
9344.200000016463
10800.000000021759
9708.000000017786
7659.400000010333
11480.800000024235
9199.700000015937
4239.899999997893
4650.799999999388
6979.300000007859
11049.000000022665
13965.200000033274
5364.900000001986
11157.90000002306
6842.20000000736
4686.699999999519
10800.000000021759
5679.30000000313
12338.700000027357
13137.700000030263
6257.600000005234
11804.400000025413
8473.100000013294
8224.50000001239
6330.200000005498
6670.400000006735
6426.300000005847
6063.400000004527
7426.100000009485
10305.50000001996
13713.600000032358
5397.300000002104
14678.100000035867
15114.300000037454
7229.300000008769
8458.60000001324
14017.700000033465
10800.000000021759
10126.70000001931
7595.900000010102
13852.600000032864
3998.299999997459
13338.800000030995
13807.7000000327
10908.100000022152
15469.700000038747
6159.700000004877
13502.50000003159
10655.000000021231
10659.900000021249
4800.899999999934
13230.900000030602
14361.200000034714
5946.0000000041
10800.000000021759
14221.100000034205
9540.700000017177
13498.000000031574
5037.500000000795
12758.400000028883
15071.400000037298
6450.800000005936
11229.20000002332
6196.800000005012
12309.800000027251
11651.700000024857
4125.8999999974785
10800.000000021759
4634.79999999933
5495.400000002461
8189.7000000122625
7389.400000009351
8203.400000012312
9720.700000017832
9439.000000016807
10164.100000019445
5905.800000003954
12498.300000027937
10800.000000021759
9354.200000016499
13856.600000032879
14673.000000035849
10318.900000020009
6009.30000000433
6247.100000005195
11880.70000002569
9342.900000016458
7068.300000008183
11106.200000022873
4310.59999999815
9714.60000001781
5469.000000002365
5674.600000003113
7802.100000010852
11691.300000025001
7331.8000000091415
8428.00000001313
6727.600000006943
13995.000000033382
12940.000000029544
14590.500000035549
7512.8000000098
13926.800000033134
9717.900000017822
7024.700000008024
14123.40000003385
12361.40000002744
11460.30000002416
13323.80000003094
5545.000000002641
4987.000000000611
12278.300000027137
11474.200000024211
13391.400000031186
4387.999999998432
12388.600000027538
9229.400000016045
9247.10000001611
7324.500000009115
7797.900000010837
10578.100000020951
11866.70000002564
11587.400000024623
