11233.300000023335
11033.200000022607
10966.100000022363
3616.0999999978067
2513.2999999988097
11022.100000022567
2524.3999999987996
10545.100000020831
2352.399999998956
2011.1999999992663
3216.0999999981705
10800.000000021759
7740.0000000106265
8284.000000012606
11055.200000022687
11099.200000022847
10993.100000022461
3887.19999999756
4254.299999997946
5757.200000003413
7201.200000008666
4644.099999999364
3377.5999999980236
10800.000000021759
4358.499999998325
5204.100000001401
10916.100000022181
1995.3999999992807
8208.30000001233
6083.100000004599
10943.10000002228
3527.0999999978876
11611.30000002471
7999.100000011569
8522.500000013473
2705.499999998635
11417.300000024004
6603.00000000649
3158.099999998223
6688.000000006799
10921.1000000222
1582.0999999996566
11051.100000022672
11673.600000024937
7877.000000011125
10800.000000021759
9821.000000018197
7021.000000008011
3728.1999999977047
10800.000000021759
8114.000000011987
11179.300000023139
5831.100000003682
2834.2999999985177
9503.200000017041
4387.199999998429
11231.300000023328
4069.1999999973946
3155.199999998226
5818.100000003635
11251.2000000234
11544.300000024466
1563.0999999996739
1943.399999999328
11323.400000023663
5345.200000001914
7995.100000011555
7301.0000000090295
2548.3999999987777
10939.100000022265
11187.300000023168
5921.100000004009
11289.100000023538
11435.10000002407
11490.40000002427
8693.400000014095
10920.100000022196
10800.000000021759
10972.100000022385
11370.400000023834
4018.199999997441
4267.499999997994
4682.199999999502
10955.100000022323
7030.400000008045
6812.100000007251
7991.20000001154
11249.300000023393
8596.100000013741
4297.499999998103
9654.400000017591
10941.100000022272
3487.099999997924
4549.59999999902
4110.299999997422
10909.100000022156
11286.300000023528
7704.400000010497
10800.000000021759
7127.400000008398
10938.100000022261
10800.000000021759
2801.199999998548
4260.499999997968
11468.10000002419
11239.200000023357
10902.10000002213
11457.40000002415
11543.600000024464
1948.1999999993236
3584.0999999978358
11238.100000023353
10916.100000022181
2471.099999998848
10935.10000002225
10800.000000021759
10105.00000001923
11257.100000023422
10928.100000022225
11137.200000022985
10800.000000021759
11423.500000024027
11202.300000023222
10800.000000021759
6412.100000005796
11328.30000002368
10800.000000021759
11100.20000002285
5926.200000004028
4151.09999999757
5462.000000002339
10800.000000021759
4575.199999999113
5508.300000002508
10800.000000021759
3245.399999998144
2835.3999999985167
11229.20000002332
9266.200000016179
10438.300000020443
10901.200000022127
3409.099999997995
10050.10000001903
10937.100000022258
11156.200000023055
11159.000000023065
11414.200000023993
5201.00000000139
3149.399999998231
10800.000000021759
6631.000000006592
9247.20000001611
10984.100000022429
9567.200000017274
5665.000000003078
3747.0999999976875
10183.000000019514
11227.300000023313
9300.300000016303
11287.300000023532
5614.000000002892
3798.5999999976407
11351.100000023764
11544.400000024467
10800.000000021759
11447.400000024114
11015.100000022541
4380.199999998404
5205.400000001406
4926.500000000391
2830.1999999985214
11085.200000022796
5728.000000003307
6397.100000005741
2132.399999999156
5848.0000000037435
4140.399999997531
11171.30000002311
10800.000000021759
2987.1999999983786
6669.400000006732
10913.10000002217
6370.100000005643
2580.099999998749
10973.100000022388
3546.0999999978703
10947.500000022295
5659.000000003056
2152.099999999138
10916.100000022181
2940.1999999984214
4992.3000000006305
4754.099999999764
3079.099999998295
2440.299999998876
2772.0999999985743
6425.100000005843
10800.000000021759
9878.200000018405
10800.000000021759
11147.200000023022
2501.3999999988205
9696.200000017743
3381.0999999980204
4315.399999998168
6780.100000007134
10800.000000021759
2632.1999999987015
4293.2999999980875
6416.300000005811
5995.000000004278
10800.000000021759
7396.000000009375
11406.100000023964
4712.099999999611
11017.100000022549
3452.1999999979557
1738.0999999995147
11080.200000022778
3703.499999997727
6795.5000000071905
11127.000000022948
6567.000000006359
8617.200000013818
11603.00000002468
6187.000000004977
2080.4999999992033
2637.399999998697
3697.3999999977327
5619.100000002911
11196.3000000232
5422.5000000021955
3235.199999998153
4100.199999997385
5046.200000000827
11193.20000002319
3982.3999999974735
4308.099999998141
10800.000000021759
6866.400000007448
5785.000000003514
2766.3999999985795
11401.300000023946
2081.0999999992027
10800.000000021759
10135.500000019341
11189.200000023175
4121.199999997461
2832.1999999985196
4142.299999997538
11409.400000023976
11028.100000022589
10800.000000021759
3524.0999999978903
11320.200000023651
11086.2000000228
7940.200000011355
10800.000000021759
8893.100000014821
4651.39999999939
11476.50000002422
11228.100000023316
5207.100000001412
11058.200000022698
6253.100000005217
8415.000000013082
2865.3999999984894
5350.100000001932
2021.0999999992573
4985.100000000604
2413.2999999989006
2646.2999999986887
4140.09999999753
11164.300000023084
11086.2000000228
6503.000000006126
7386.000000009339
11271.300000023473
2487.2999999988333
5372.000000002012
5180.000000001313
2774.499999998572
3130.1999999982486
3591.0999999978294
3903.1999999975455
7031.200000008048
2405.299999998908
3094.499999998281
2873.0999999984824
11013.200000022534
3382.0999999980195
11276.400000023492
5697.1000000031945
8411.100000013068
11560.200000024524
5884.3000000038755
4374.0999999983815
3964.49999999749
11647.10000002484
6482.200000006051
11054.100000022683
11000.100000022487
10800.000000021759
3627.3999999977964
10800.000000021759
11146.200000023018
2780.099999998567
6734.000000006967
5132.000000001139
4200.299999997749
6921.200000007648
4550.2999999990225
7917.100000011271
11604.000000024684
2940.1999999984214
10800.000000021759
6636.400000006612
4614.299999999255
8965.000000015083
11342.300000023732
8404.200000013043
2850.0999999985033
4947.000000000466
10800.000000021759
11002.100000022494
4405.099999998494
11553.3000000245
1435.1999999997902
5468.000000002361
11057.100000022694
11270.30000002347
3901.1999999975474
6982.100000007869
2193.099999999101
2361.4999999989477
3446.0999999979613
11513.100000024353
8781.300000014415
10986.100000022436
6262.20000000525
11220.300000023288
11045.20000002265
4147.199999997556
10947.100000022294
7507.20000000978
10800.000000021759
6263.100000005254
11439.400000024085
3079.199999998295
3420.199999997985
3860.3999999975845
8017.100000011635
2789.2999999985586
4111.199999997425
8521.300000013469
11531.30000002442
7532.400000009871
5419.2000000021835
5626.200000002937
10949.100000022301
3805.4999999976344
2582.199999998747
11112.200000022895
10914.100000022174
7209.100000008695
8590.30000001372
3922.1999999975283
3760.2999999976755
11294.100000023556
10909.100000022156
6177.00000000494
11135.000000022977
11130.00000002296
9650.000000017575
11683.200000024972
10763.300000021625
11251.1000000234
4621.399999999281
4861.300000000154
10800.000000021759
3426.2999999979793
2526.299999998798
11029.100000022592
7826.000000010939
3827.4999999976144
10268.300000019824
10023.100000018932
7972.500000011472
3160.299999998221
11026.200000022582
3476.299999997934
8536.100000013523
2482.299999998838
5526.000000002572
10800.000000021759
11184.200000023156
5467.200000002358
5027.100000000757
11042.20000002264
11196.2000000232
11303.30000002359
11452.400000024132
5982.100000004231
7883.300000011148
11356.400000023783
7320.000000009099
3028.399999998341
3754.199999997681
6983.200000007873
8771.100000014378
1629.0999999996138
11062.100000022712
11200.000000023214
7967.100000011453
10800.000000021759
11288.400000023536
2862.0999999984924
3145.199999998235
10800.000000021759
8956.00000001505
11241.000000023363
11096.100000022836
3813.2999999976273
4022.1999999974373
2347.1999999989607
2718.1999999986233
4077.0999999973874
11231.000000023327
8723.000000014203
8289.000000012624
11174.20000002312
5810.000000003605
11010.100000022523
10949.100000022301
8011.000000011612
7847.400000011017
11017.200000022549
4090.1999999973755
5984.100000004239
10800.000000021759
7928.0000000113105
4071.3999999973926
1406.3999999998164
8463.100000013257
4914.000000000346
5155.300000001223
4270.1999999980035
10800.000000021759
4367.499999998357
6407.200000005778
11521.400000024383
3039.1999999983314
8984.100000015153
1498.099999999733
4664.199999999437
3312.099999998083
2536.2999999987887
6739.100000006985
4789.499999999893
10800.000000021759
11107.200000022876
11441.200000024091
11505.400000024325
2771.399999998575
3062.0999999983105
3341.4999999980564
11225.100000023305
11390.100000023906
10800.000000021759
3015.399999998353
7348.0000000092
4945.100000000459
10996.100000022472
6937.400000007707
9316.00000001636
3127.1999999982513
11449.400000024121
3358.499999998041
11070.200000022742
5524.100000002565
4792.1999999999025
10800.000000021759
3250.1999999981394
11403.400000023954
11354.200000023775
3160.499999998221
4176.499999997663
5289.400000001711
3609.199999997813
3657.499999997769
10082.100000019147
2340.299999998967
6212.200000005068
5076.500000000937
10505.000000020686
2612.2999999987196
11562.500000024533
7478.100000009674
11325.100000023669
3589.199999997831
11025.200000022578
5018.300000000725
11327.300000023677
3003.099999998364
3884.3999999975626
11293.000000023552
11223.200000023298
4926.20000000039
5307.200000001776
3241.1999999981476
3583.0999999978367
11238.400000023354
4811.399999999972
11387.300000023895
8227.6000000124
6097.30000000465
3703.2999999977274
10800.000000021759
11318.300000023644
7254.30000000886
4641.499999999354
11545.40000002447
11448.200000024117
9786.00000001807
11283.300000023517
10800.000000021759
4214.099999997799
11476.000000024218
10947.100000022294
11514.500000024358
11143.200000023007
3971.1999999974837
4187.399999997702
9554.400000017227
4802.299999999939
4404.099999998491
11343.000000023734
2873.499999998482
2823.2999999985277
5541.300000002628
5477.400000002395
1846.3999999994162
11057.200000022694
11235.300000023342
6891.300000007539
4977.100000000575
6112.100000004704
6476.200000006029
7196.100000008648
5433.100000002234
4265.099999997985
3005.1999999983623
10793.000000021733
5821.100000003646
6388.000000005708
4165.1999999976215
11290.300000023542
3238.0999999981505
4143.599999997543
4121.099999997461
11149.30000002303
2924.099999998436
1812.499999999447
2594.199999998736
2993.199999998373
11099.200000022847
11319.400000023648
3279.099999998113
3393.0999999980095
4129.299999997491
11637.200000024804
8560.00000001361
8457.100000013235
10937.100000022258
3483.2999999979274
5372.500000002014
11190.300000023179
11097.20000002284
7023.50000000802
8762.000000014345
5591.0000000028085
4908.2000000003245
11086.2000000228
7360.200000009245
4068.1999999973955
2652.499999998683
3557.39999999786
10909.100000022156
3907.4999999975416
3763.4999999976726
6105.3000000046795
10800.000000021759
11470.500000024198
6625.100000006571
5422.300000002195
11380.40000002387
3561.2999999978565
3777.29999999766
10970.100000022378
3617.1999999978057
7010.300000007972
2965.0999999983987
3195.499999998189
3558.399999997859
6751.000000007029
2199.0999999990954
11083.100000022789
3478.199999997932
10800.000000021759
4697.399999999558
11295.400000023561
4637.49999999934
4852.00000000012
6927.30000000767
2715.299999998626
9289.200000016262
7472.000000009652
7869.000000011096
10349.30000002012
11262.10000002344
6049.000000004475
11117.000000022912
2123.599999999164
11030.200000022596
5765.0000000034415
11411.400000023983
11012.20000002253
8961.100000015069
4129.499999997492
9542.000000017182
10702.100000021403
5635.100000002969
3933.0999999975184
5978.100000004217
8830.200000014593
5226.400000001482
4471.399999998735
10007.000000018874
11031.2000000226
11496.200000024292
2809.0999999985406
10800.000000021759
11019.100000022556
10953.100000022316
10877.50000002204
11347.40000002375
5994.100000004275
11084.200000022793
3800.299999997639
6667.200000006724
2300.3999999990033
6390.000000005715
4006.099999997452
1525.2999999997082
11047.100000022658
5534.000000002601
3909.29999999754
11126.200000022945
8716.000000014177
11628.300000024772
7311.100000009066
11352.200000023768
10800.000000021759
5348.500000001926
10943.10000002228
10800.000000021759
2360.299999998949
9442.100000016819
4968.300000000543
3681.1999999977475
8696.300000014106
4757.499999999776
6706.100000006865
4382.099999998411
3733.1999999977
11475.400000024216
1792.2999999994654
11105.200000022869
10911.100000022163
1560.0999999996766
5683.300000003144
3892.4999999975553
11523.20000002439
7170.300000008554
10901.100000022127
5597.100000002831
11063.100000022716
3950.4999999975025
1927.2999999993426
3615.0999999978076
11005.100000022505
4500.19999999884
4014.5999999974442
7582.300000010053
11119.00000002292
6002.2000000043045
7197.300000008652
11632.300000024787
11217.300000023277
3278.299999998114
7619.100000010187
4387.099999998429
5086.000000000971
10800.000000021759
10800.000000021759
2267.3999999990333
11447.300000024114
4273.099999998014
5812.300000003614
7370.200000009281
11260.200000023433
7085.100000008244
4552.599999999031
3088.099999998287
11600.10000002467
7000.100000007935
11289.100000023538
7269.000000008913
11063.200000022716
11454.200000024139
4125.399999997477
2007.19999999927
10800.000000021759
3623.2999999978
3335.499999998062
5827.200000003668
3313.299999998082
4421.299999998553
10261.300000019799
2626.099999998707
10968.10000002237
3675.5999999977525
11535.400000024434
4882.20000000023
5334.000000001874
11439.100000024084
5589.000000002801
10800.000000021759
4554.099999999036
11364.200000023811
11336.30000002371
11334.400000023703
11494.400000024285
10800.000000021759
2770.399999998576
5766.1000000034455
11360.300000023797
5429.20000000222
10902.10000002213
10847.30000002193
7863.4000000110755
6600.20000000648
10800.000000021759
4020.099999997439
10360.000000020158
4186.399999997699
3800.0999999976393
6506.100000006138
10770.10000002165
9211.100000015978
11048.200000022662
2300.0999999990036
11116.200000022909
2795.0999999985534
11208.300000023244
2522.1999999988016
10800.000000021759
10800.000000021759
4176.099999997661
2815.499999998535
2435.2999999988806
11020.20000002256
11018.200000022553
3402.399999998001
11524.100000024393
10800.000000021759
11232.00000002333
11448.400000024118
11096.200000022836
11624.000000024756
11447.200000024113
2846.099999998507
6080.400000004589
4370.099999998367
6129.300000004767
9888.000000018441
10950.100000022305
2567.0999999987607
10800.000000021759
11591.400000024638
11335.100000023705
3097.0999999982787
10965.10000002236
5724.100000003293
10960.100000022341
6230.100000005134
6166.300000004901
11639.200000024812
10169.300000019464
9352.300000016492
10800.000000021759
11349.000000023756
9738.000000017895
2093.6999999991913
10800.000000021759
11220.200000023287
4062.199999997401
11365.400000023816
11170.200000023106
3065.3999999983075
10987.20000002244
11292.40000002355
9711.100000017797
7268.000000008909
7450.0000000095715
11312.300000023622
2227.19999999907
8471.200000013287
3052.2999999983194
11313.400000023626
8578.000000013675
5140.100000001168
11588.300000024627
2283.199999999019
2305.099999998999
11112.000000022894
11098.200000022844
2037.3999999992425
11390.100000023906
10979.10000002241
2392.09999999892
10908.100000022152
11057.100000022694
11143.200000023007
11129.200000022956
4058.0999999974047
4174.099999997654
6841.100000007356
8969.100000015098
11121.200000022927
7491.200000009721
11056.10000002269
2583.299999998746
4059.2999999974036
1495.9999999997349
3939.3999999975126
2231.199999999066
6407.1000000057775
5519.300000002548
7411.00000000943
11561.100000024528
11089.20000002281
2801.3999999985476
11283.300000023517
10991.100000022454
10800.000000021759
5243.200000001543
10163.500000019443
2704.199999998636
3519.099999997895
9640.000000017539
2103.4999999991824
4065.0999999973983
8022.100000011653
7689.000000010441
11017.100000022549
11459.400000024158
4824.000000000018
4628.0999999993055
11208.200000023244
10231.000000019689
11079.200000022774
5716.200000003264
6143.300000004818
10800.000000021759
8161.300000012159
11465.30000002418
4767.099999999811
7278.2000000089465
10800.000000021759
6715.6000000069
5845.200000003733
10176.20000001949
6697.400000006834
3349.0999999980495
2517.399999998806
4413.199999998524
8089.400000011898
11347.100000023749
3758.0999999976775
8442.300000013181
4221.399999997826
2609.1999999987224
10800.000000021759
4941.100000000444
11060.100000022705
11152.20000002304
3967.1999999974873
10919.100000022192
8341.000000012813
5880.300000003861
4283.09999999805
5211.200000001427
4938.400000000434
4054.199999997408
5782.000000003503
8735.200000014247
11014.200000022538
3012.199999998356
11418.400000024008
11550.300000024488
6693.000000006818
6257.200000005232
11427.20000002404
10800.000000021759
8858.100000014694
5344.10000000191
11293.100000023553
2492.2999999988288
11243.200000023371
11434.000000024065
10800.000000021759
11645.300000024834
5203.100000001397
11381.300000023874
10097.000000019201
8354.300000012861
2121.0999999991664
11148.000000023025
11388.100000023898
4557.299999999048
10800.000000021759
11498.6000000243
8108.100000011966
11349.200000023757
3431.2999999979747
11127.000000022948
11519.100000024375
4324.399999998201
10800.000000021759
4068.499999997395
11065.200000022724
9746.400000017926
2206.399999999089
10800.000000021759
2681.299999998657
4972.000000000557
6836.2000000073385
5587.300000002795
7558.000000009964
7004.30000000795
9439.000000016807
7874.100000011114
3911.1999999975383
11076.200000022764
10800.000000021759
5497.400000002468
11428.100000024044
11448.100000024117
6998.400000007929
4715.199999999622
5056.100000000863
10925.100000022214
7453.3000000095835
4049.1999999974128
10800.000000021759
2296.099999999007
7686.200000010431
5469.000000002365
4258.399999997961
7188.000000008618
10937.100000022258
5126.300000001118
6592.200000006451
4468.499999998725
11406.000000023963
11087.200000022804
11525.200000024397
5560.2000000026965
10716.100000021454
7336.100000009157
6340.000000005533
10800.000000021759
11052.100000022676
10800.000000021759
11137.200000022985
5195.000000001368
3095.0999999982805
11041.200000022636
10904.100000022137
11291.100000023545
2739.299999998604
10964.100000022356
8582.10000001369
9034.000000015334
5341.3000000019
6487.1000000060685
10436.000000020435
10470.200000020559
10911.100000022163
