622.385619999822
644.5018399998381
636.9472099999672
518.9117199999537
439.9963399999547
774.2018300003427
583.1668399999334
572.4013400001171
482.7119199999454
626.2436799998925
598.2176099998579
892.3002300002589
603.8648499998967
731.0281599998607
602.0327800000591
674.9284300000952
775.2424600003052
486.8241899999707
660.02839999989
665.8730799999473
658.3129199999983
714.5555899998099
595.7060999999183
822.6036900004104
580.1953799999364
567.9389199998828
570.7240600002132
504.1642799999079
659.0599700000234
687.4250999999581
536.7669600000631
657.3928799997993
713.0396199998625
707.6600200000478
766.8021900000462
435.1545299999369
850.048100000678
591.5377499999179
608.8907299998372
714.6317299999007
671.2727500002923
563.2091199999496
717.4120800003832
913.2740100002733
553.5643800001112
585.7045899999401
578.2849600001092
715.534709999928
631.0554499999162
717.8335200002331
722.9331299998474
632.6091699998361
606.5752599999737
581.4845199998656
582.3172100001367
525.8279699998972
625.4804000001797
749.1894099998261
518.4419399998898
703.765259999848
711.4010400002697
728.4026099998576
669.1765699998966
497.26139999994024
776.5295700001699
511.52865999999085
783.8439199998194
581.9286599998645
572.3280099999218
595.1308900001575
473.49631999994455
469.60844999991923
598.8267000002071
788.1415000002148
777.4368000003674
742.7324300000215
653.460509999889
841.4227099997165
631.9143400002317
919.0940800005037
449.1178599999353
680.8276099998589
526.0464599999282
707.7468600001027
766.8973699999204
596.7150799999829
630.3829000000446
767.1372400002642
687.5806900000606
538.3230799999178
715.5645800000706
732.7880800001012
769.8266999997643
663.0525599998932
536.8456199999591
816.7900500001987
825.5784700001676
708.377120000025
697.8662499998408
507.5550800001025
602.6887600001332
617.4079299998734
614.5104599999381
423.4201499999766
950.3631700000683
713.0388200002079
747.6332100001363
836.8202200001456
688.2873000004257
680.9687999998616
619.6685199998961
610.7762999999431
783.8357500000684
553.195499999943
697.8483000001027
861.1650599996991
559.458050000137
710.2715700002252
626.6347900001721
675.9359500000296
618.3295800000737
646.5040700002063
651.5607300001687
715.700790000355
628.1636299999494
624.1148700000255
716.2898900000678
790.0663200001037
476.07972999999123
660.7224999999
535.1990899999844
728.3874399998253
886.9330899997885
512.378589999884
747.099060000103
483.09136999994627
652.0682699998915
685.210239999941
564.3399200001448
638.1709600001677
796.9943200002044
472.0869899999427
691.8417300002897
567.0126199999318
514.4588000000007
914.2561200003136
757.0778000001648
757.5928199998093
647.9089699998633
788.672020000057
608.8811599999162
498.94404999991775
640.2274299998547
726.0205400000794
744.4363199998412
548.6269199998446
842.3335699999884
765.3332700001738
707.1074399998141
564.5311799999
725.1937499999091
547.0856899998979
848.9874800002628
597.3129199999341
621.6112100001494
697.6327200004432
1014.192349999784
558.8186199998737
615.6700099999044
785.1313099998512
435.345409999969
728.4740599998358
706.7910899998669
640.3982699999334
487.2384899999541
724.8842499998797
554.6632399999135
700.109030000289
662.028429999864
594.4019999999172
499.4546999999739
607.546379999902
730.761519999787
714.6678699998349
591.1435899999285
421.2846799999517
793.2054600001887
675.7920599998564
449.8829299999442
583.2808799999252
582.6352599999209
644.0695599998054
656.4363899998003
523.2732199999413
540.3108199999283
606.0093299998817
710.4691099998821
678.1405100001435
618.606259999915
739.7898199999768
751.4616300004482
541.7992599999736
604.0287100002088
729.3386499998065
551.9304699999286
776.692599999894
814.2543200002524
570.4612399998803
630.6036299998789
718.2714499997693
695.5210299999509
659.1431799998078
745.8657399998211
685.497189999952
578.6417399999082
569.7286199999214
578.488359999913
543.8219199999437
655.5668699998874
460.4355499999585
457.1183199999232
707.6845599998487
842.7924599999023
711.0026300000712
861.2933400001084
717.1369699998794
594.711189999884
553.0115299999115
603.7667399998475
628.8292499998993
572.5958200002381
504.92671999993325
594.2860099999087
800.6011999998386
533.5579499999759
845.3594600000632
520.670949999943
541.6398999998839
646.2175500000873
601.6023900000303
741.025869999946
549.0608299998892
624.7645699998907
596.7201999998892
846.8858800000248
556.7365299999154
619.0208700002809
589.3507099999163
610.3391399998635
556.5488999999525
1379.7010300000102
532.8217399999197
687.9091199998084
469.70557999989376
835.7199200000643
778.550390000212
531.7991399999032
551.6443200001454
584.1863999999154
523.5403099999239
800.3388500002702
497.7193699999274
617.8147599998954
465.50842999991715
478.13624999998586
537.2309699999024
493.09013999994767
574.6988699998707
609.0083599998906
715.8494399998131
447.84219999994923
581.7002899999202
606.3244499998461
777.5315500003592
771.8714300000314
645.7475099999751
764.2611400000246
985.4689100005565
481.5727399999352
676.8380799998697
724.8239399998025
831.1782399997605
535.2779099999241
480.211849999934
618.5770099998787
712.5445699999448
569.6083599998753
469.6929699999554
478.8129399999563
726.1408700001361
513.0372399999734
670.6264200002098
573.9428199998795
606.7146699998792
660.8616399999354
845.5536699998914
507.3793099999457
486.81364999993593
912.0272100001425
614.6396000000879
508.73652999996784
672.8165300001558
778.8438800003009
573.0638999998938
631.2522499999093
521.1181899999649
696.3830899998563
683.9010799998717
626.0118099998657
791.8404599998357
687.3682999998175
647.1164299998463
719.1464000000884
579.9007300002173
703.9161499997929
709.9248500000821
701.233219999976
635.1227599998676
594.840159999902
763.086350000167
456.5358799999621
598.1785899999412
491.85373999995574
568.5018900001511
464.8846499999417
613.5184199998927
1075.5041100003461
481.32110999997707
561.4318999999432
572.5196500001782
666.5066599998888
467.32120999994817
599.628170000054
506.20716999993374
555.5307299998933
537.0355599998949
854.621969999768
557.0538299998847
703.6482600000827
623.1429899999529
711.6207300001545
651.0167300001361
820.8788399998342
920.1217000001682
693.5173499998751
637.0181899999507
704.3491999998182
715.6450500002129
555.9779499999245
661.4709399998969
448.192219999998
511.1083299999407
683.7627099998617
732.8289899998106
608.5528800001252
576.9988099998826
710.3921900000131
785.1119299998347
844.1852799997693
943.4922799998582
629.2634099998949
446.6352599999614
560.5489200001706
656.4534099998749
666.686449999936
667.0063100000579
604.244439999884
597.2654999998848
493.6352599999178
640.3530899998884
619.8468399999332
523.9667999999572
646.334149999851
677.5224300001479
739.4885000001668
552.2726199999303
707.7556000001198
427.7922199999918
673.8340399999142
578.6048799999254
557.0289299999471
494.53312999994625
678.1848000002094
869.6923299998431
545.6007799999361
633.6985499998202
741.4866000001816
844.8625999999355
871.8162899997596
829.7047899997824
555.2395599999417
768.3270099999654
456.27197999995894
736.5747799999092
716.4040300000764
809.0778999998511
459.30776999996334
607.0790599998982
638.355210000406
792.0603000000945
631.9600700001536
771.8470100000382
574.246269999958
658.7050400000396
779.3050899998088
608.8051899999845
626.5074899998313
887.7119899997301
733.5645599999684
994.8073599998964
502.2824599999491
670.3030999998523
927.4824799999916
601.814119999906
620.921399999888
688.30673999988
505.52932999990355
497.96928999995123
665.04027000014
699.4790000000452
928.7714200002599
626.5199500000354
575.7288199999582
615.4804599999195
458.7675799999548
527.8302399999109
502.6651799999188
760.2694900002143
719.4107599999595
623.3670899998918
725.0794300001266
930.8164099996585
843.9577100000747
719.1920100000775
656.8136000000397
536.564299999911
826.3654800000405
540.0121099999247
505.75608999993926
613.0111000002171
603.7175900000465
524.6357499999098
463.0473699999827
626.2989200000808
675.1310499998721
624.6754599998515
530.3777599999286
832.5914100002061
707.7255899999524
519.9964299999339
427.5373199999202
707.0127899998712
741.6561800002024
420.246559999976
649.9830199998504
569.7677299998812
438.55689999995155
699.1614
552.8829299999693
695.228179999806
667.971960000188
741.1173700005493
696.8186200002108
716.8499799998064
598.6365899998698
530.0600799999199
657.6143499998527
630.9712700002627
733.6671700000657
484.3205399998953
593.1962700000091
536.7145699999766
819.1475600000705
663.9867899999223
549.7045099999053
624.7764499999041
806.6945100001489
443.1925599999038
779.0638000001136
669.0945399998543
692.4908999998192
1014.6964099999353
614.2236199998157
535.0735600002236
662.57439999985
557.299299999931
586.8916199999592
639.6891499999203
556.1466899999182
517.3499699999242
669.648169999935
644.7091599999225
668.3376899998445
531.6941299998954
937.6138499999334
441.9131499999792
645.7444800000115
519.6725100000419
603.8804199998915
673.1559999997996
711.1711500001738
806.0985099999302
483.10256999999035
511.16829999989255
722.9911299998482
573.4863000002053
705.9888499998996
586.700469999951
511.2831599999944
705.6254499998415
664.4621199998088
651.8485300002055
533.121339999935
583.0565800002381
729.9957299998382
605.6205899999878
540.5027499999368
827.8850499998952
1012.22164000045
497.71786999994055
564.2682199999174
620.4609500000137
535.7679900002186
705.3475800000208
579.4715700003359
727.45558999984
641.448719999852
771.4055800000825
661.3860800001115
695.8854100001995
688.8247599998713
800.8849099997705
696.8919099998977
654.9268900002577
500.1577699999538
500.1117299999652
794.4447899997318
531.7535799999398
507.7638399999308
658.8172899998547
682.925179999998
486.22166999996125
660.5372399999598
619.2886700001783
559.1483299999991
534.2377199999494
638.17720999987
614.1538699999691
583.3195400000363
556.53707999994
745.2724099998893
399.31089999994396
673.051050000204
600.4224599999861
693.9431699998645
484.7865799999768
780.2343800001005
642.8776099998466
704.12185999989
400.80981999990263
622.4799200000905
446.60556999990166
468.3171399999479
515.4967699999069
560.1972899999207
734.8351499999195
766.4778599997786
654.3619099998554
584.6952799998423
559.9415399999114
688.3715300000586
544.8942600000656
647.9311900000857
643.0480600002688
532.0928199999258
601.2666499999768
511.5962199999495
731.4602399999775
608.5579800000279
543.9412499999223
773.900489999879
582.1247799998545
602.2662200001764
627.0065400001911
657.0562999998442
485.4607299999591
586.5191399998859
707.539120000293
470.2273799999715
555.4204499999418
895.7471299997394
673.125620000117
573.2778800002095
700.0667499999687
426.48942999990356
501.4895899999003
631.0953599998505
698.3455799998607
574.7461500001102
474.05879999997944
675.2001999999701
492.36001999994335
541.2514099999281
525.5085399999334
482.7864899999578
619.7525999999125
603.678470000188
670.7559999998706
706.8323500001015
579.7816499998798
625.871939999887
519.2616199999493
555.1132199999389
690.4430799999782
443.1897199999693
682.8035900001267
750.4835999997933
781.0377399999485
674.2498499998306
570.0294499999397
590.8477299999009
682.4392900004258
758.6670099998362
640.2657399999341
650.800909999864
744.9783900002767
786.459960000171
598.3222900002304
777.2895099998199
691.2454200001071
677.8060400001034
582.3457899999943
470.63034999992635
604.4775299999113
625.3192699998228
579.1945699999711
575.0763799999194
475.3272300001336
888.7440300000937
622.4759700004515
558.618599999908
765.6118000000877
823.4149499999523
742.503140000375
686.265290000302
822.4754300001154
507.4325499999278
623.9683600001231
583.3936099998244
571.8580000001115
542.4770499999325
971.7322599997669
607.0314999998618
609.2212299998899
758.5763500000738
556.4810199999165
524.5306799999413
658.0331000001618
865.8991499997667
691.0779400001666
605.3679800000446
615.1693499999975
554.6349299999224
585.458739999975
832.001400000357
690.2098200001025
679.4360499998888
612.3175299999232
581.0797999999622
643.8996599998906
729.9334499997993
490.25065999997116
722.2695799998149
694.1966699998226
569.4257599998876
615.5075699998865
521.0305699999545
643.0513200001257
696.327209999798
512.3580799999643
540.187829999953
610.2416899999041
638.160669999881
590.92626000001
601.2446199999473
686.6012399998432
829.8046999997277
656.330009999885
606.0906599999129
820.5172499997262
729.6455499998506
508.388099999946
595.0863999998958
692.1371500000683
865.7934500002946
659.554569999907
840.2938799999531
687.4627100001604
814.7095500004615
718.3326499998598
783.6986499998322
487.1719199999023
580.0968099998822
538.4782799998919
702.3549399998448
599.0257999999209
688.354760000374
637.5165999999019
599.1304700000144
597.441439999931
695.169910000182
650.9195799998192
501.35435999990557
589.789889999897
808.8866800001928
568.5300199998422
729.8072100003793
778.6394099999104
828.0518099997456
798.0143900001295
545.3906099999216
486.83421999995494
644.7970100000763
592.8510999998775
542.1944099999192
700.0000299997853
631.4413499998855
629.6726799998848
543.4832499998741
686.1899799998059
593.1326399999158
580.0798899999202
769.779890000156
593.2426199999237
837.687199999767
928.085170000426
612.9205399998852
744.3079399998205
757.7803199998754
651.8982100001707
426.99534999997246
651.9029599998314
570.8758699999152
704.4716000000888
480.93236999996077
549.9098700000104
672.6389900001237
539.2984499999642
712.7397399997939
621.9695900001333
741.8788100000567
477.5094200000502
785.1411600001375
613.6146699999206
561.9739000001057
427.10019999991187
704.8660999998021
889.0384699999521
477.55377999997467
567.79355000002
543.4590599999416
456.18209999992155
677.4878300001276
632.7642599998737
809.8748400001018
664.7477899998256
688.8062900000892
810.4192299998729
480.95178999987115
530.675279999898
586.190019999896
653.4093999999106
553.2090300001948
541.4408899998971
688.872009999957
642.6012399999821
827.5675400000749
714.0978899999152
551.2986099999017
747.418830000174
802.2102200001333
489.4654899999729
528.5318099999233
625.3525799998633
644.9749299999207
517.6096299999427
856.2811199999285
739.8351999998271
772.8264700000328
657.8428700000545
733.6349100005713
430.11874999992966
717.0320700000441
578.2351999998787
912.5566799997484
529.8750299999591
703.5368599999406
853.2909899999115
721.2286600001196
582.2659200001111
873.1384400002505
518.0873300001782
546.2882499999384
682.4998099998587
1063.4589699999594
544.1794599999287
606.3244999998545
779.3557199999277
519.5789699999422
560.3812799998864
660.3753499998509
463.2133199999221
674.487009999953
978.4060899999448
541.2118500000497
577.8260699998827
517.8832399999255
653.3225100001193
608.7284099998501
712.5918100000762
578.4193200001229
713.2009299998571
723.1781999997828
513.3812999999432
703.681219999827
679.2904200001759
709.1783000000013
613.2793799998523
714.4172300002881
710.4415699998468
505.56703999992584
610.5607500000784
781.9265000000352
651.4337700001861
614.8858300001862
545.5696699998963
532.6304399999126
671.4169199999445
829.2200099997726
686.3621499998615
897.2666299998928
507.90289000019976
533.1430799999348
605.5539599998276
445.14101999997956
534.7215199998857
535.0858899999464
586.533029999885
630.1425999999291
750.6637699999261
586.1355399998911
838.3268099997872
513.0113199999449
472.4279400002513
642.5864700002757
737.258610000054
686.1609199999377
556.0559000001908
709.1238699998602
556.6730899998627
579.7235599999299
488.5953799999104
677.908639999832
518.3541400000845
700.0692499998318
558.7209100001679
697.8209400004893
477.4687299999223
574.5688099999236
649.419090000176
860.8141499999646
686.6695300001477
748.2974699998232
682.8337799999415
875.574530000403
566.748740000097
762.592770000449
649.6439099998345
613.592480000083
586.2156499999234
632.0675399998714
540.3875699999857
554.75434000017
467.3970999999194
485.4592099999196
665.920129999852
547.171679999898
779.610360000013
930.1257700002134
776.5714399997837
813.1062999999688
779.0229099998963
589.0281899999259
839.0309299999877
498.7465399999569
723.3028900003685
746.2594300000861
499.2065699999213
674.8330899998492
547.7687900000651
871.5098799998402
677.147409999823
599.5430599999414
433.00176999996444
726.7199699998243
638.8943099999757
556.373470000138
902.0453200003603
647.7965699998567
737.2708600002226
855.4591500001616
474.91071000001784
615.0865099999432
713.3764700001567
680.9912099998407
762.1762999999571
639.7414899998719
713.9524800002041
517.8318299999373
625.251449999877
603.637440000223
654.1126200001471
787.0767400003092
586.8246199999382
603.6579499998857
807.8679499998801
573.912219999913
685.5155799998432
697.8651299999292
676.1205699998701
698.6916599998565
902.676469999972
530.8879299999144
649.3775200000039
636.5461200001923
561.2530499998792
831.2823800000998
791.8407200004319
727.0974799998345
741.8127500002162
534.1207799999542
576.2561999999183
620.7467200001464
526.5856999998998
531.0198200001082
638.132469999883
518.6649899999295
556.071669999959
496.29280999994313
682.1289899998171
614.4326099998589
714.8235299998311
633.5802599999174
759.0212099998091
751.6427700003982
610.3812499999023
869.4554599998658
760.1113000001513
659.3387900002459
947.6402299998332
610.3515499998794
599.6533399999397
826.3953300002391
621.6028300000313
595.290269999879
799.2701399998291
584.3991999998922
742.8406499998331
592.1185099998685
530.5683799999371
622.8648599999934
443.25376999992113
671.2472899998819
714.5863399999216
620.0453499999384
710.1465400001548
902.555460000159
778.0079399998133
490.84759999993287
912.6736300001211
632.8524800000631
683.2433999998129
730.8302100003135
794.4670300001915
932.1089599999266
727.3002699998915
570.048239999843
795.113099999797
702.2454600001512
744.3198300000779
509.17450999991195
538.7235999999398
867.6768499997463
510.8374000000861
594.164980000051
628.6964699998852
748.6364299998608
781.2952100000983
619.8006800001746
702.6432600001395
