5503.075000005108
6994.000000010753
4467.7500000049295
2245.649999999053
1429.8999999995222
8246.700000012535
1724.9249999995268
4163.700000004653
1729.4249999995225
1623.9499999996187
2014.674999999263
8645.875000014521
3128.6000000023746
3899.7750000023098
7326.15000001196
6875.675000010123
6356.950000009639
1576.6499999994567
2475.5249999991383
4175.775000000274
3058.200000001977
2668.9999999992915
1870.899999999394
6674.150000010179
2291.5499999994986
3303.8999999994176
5479.400000005466
1916.0999999993528
3318.650000002885
4386.950000000302
6555.300000006317
3071.274999998302
5938.2250000082195
4128.500000002043
6022.975000005597
1972.1499999993018
9548.450000017205
3396.725000000856
2281.6999999990203
4301.050000000571
3885.250000005311
1380.1749999998083
6827.675000010927
7860.925000011419
3008.7000000026765
5396.900000007931
3699.1250000042396
3296.6750000014226
2092.4749999991923
4412.9000000047035
3372.4000000025962
4287.25000000537
3270.5000000004466
2494.9499999988266
3672.300000003922
3462.049999998654
6006.825000005138
2488.2749999988655
2104.6999999991813
4402.225000000773
5221.625000007434
8863.900000017402
1363.1499999998262
1429.0999999996848
5421.92500000894
2986.974999999811
3425.225000002453
3547.9750000015124
1729.7999999995222
4334.225000004961
3987.2250000056997
2537.2000000009775
5207.80000000466
8916.175000014904
8450.97500001625
3582.95000000321
4491.900000004779
4591.250000004541
6078.950000009317
8877.825000014767
2556.574999998675
2780.9249999989142
2988.4999999993906
4540.000000004695
3815.7500000012205
3591.4500000009725
3509.525000002446
5591.95000000636
3343.17500000314
3075.099999998718
4874.175000003368
6228.47500001091
2633.9999999987
2758.2249999993473
1766.1499999995983
5982.6500000097385
4303.550000005412
4307.650000002772
4693.525000004448
2630.925000002181
4729.200000004634
4455.450000004665
2087.5249999991966
1899.2499999997015
5838.925000006019
5344.600000005325
4853.975000004838
6604.450000011342
9599.00000001739
1612.7249999995802
2291.999999999011
4918.650000006514
4984.0500000051115
1648.699999999596
4353.950000004948
4800.175000004351
3905.275000004375
4669.150000005728
4496.250000004877
7125.750000008391
5097.425000006138
4426.975000005441
4604.5250000054075
4612.025000004637
3657.4500000009357
5455.725000007944
4970.12500000433
4527.450000005063
2648.2250000008585
2404.1499999989715
2629.875000000184
4932.025000004958
3098.7999999990825
3410.2749999997577
3841.2000000052235
2049.8499999991836
2193.6999999991003
4934.2750000055585
3456.1500000039878
3885.950000004892
6744.725000008239
2326.0499999989797
5875.625000006891
3663.4250000055786
5316.925000007517
6384.325000011093
5940.050000007752
3406.2499999992538
2292.0749999990107
5020.9250000050915
3607.92500000195
3945.5000000035475
6296.400000010901
4589.950000003748
3528.524999999796
2979.0749999983864
3873.175000004493
6568.650000010978
5278.450000006619
6477.450000008965
4505.800000000781
2333.849999998973
5837.425000006502
5788.050000006795
3954.97500000512
6872.150000011152
6795.400000010489
2639.2999999991534
3055.4499999997797
2769.4999999997713
2075.7749999992075
6889.775000010579
4503.649999999585
3609.275000001944
1562.2249999996748
2965.35000000039
2189.424999999267
5555.950000008211
5203.8750000039845
1840.9749999993828
2886.625000001409
4649.400000004596
3020.875000001061
1969.9249999993037
3948.975000005381
1855.699999999267
8009.0000000144955
3139.425000000017
1477.5999999997516
4741.900000005649
2068.2249999992146
2957.4499999994873
2828.9249999992708
2241.374999999057
1615.949999999566
2385.624999998926
4080.150000002556
7081.950000010169
4984.950000003949
5799.475000009183
5015.225000004944
1513.774999999693
4506.475000005246
2993.249999998373
2406.899999999283
3017.025000001493
6973.400000010136
2020.0249999992268
2233.6999999992418
3640.175000000557
4538.2250000005215
4751.05000000496
3641.4000000015353
7157.000000011947
2431.449999999648
7256.475000011672
2103.2499999991824
1373.1749999997874
5080.500000005409
1871.7749999993316
3042.72500000141
4340.475000005257
3101.15000000133
4023.9750000026725
5047.450000005456
3214.500000000549
1697.5249999995517
1622.24999999962
3006.574999998361
3364.2749999998236
3872.4750000056697
2259.0750000007124
1996.14999999928
2836.474999998625
3152.975000000258
5305.975000004678
1974.4749999992907
2702.4999999988786
3925.8000000051466
3318.275000001384
4747.750000000988
1766.0249999994892
4856.275000005417
1652.3499999995927
5596.550000005261
4405.325000004093
5837.725000005998
2403.224999998882
2332.7749999989737
3126.974999998412
8828.15000001484
4177.050000005248
4589.975000004542
2750.499999998594
5273.875000006215
7629.4500000125645
3341.5000000024706
4960.725000004793
4688.000000003044
2187.474999999882
7294.275000011186
7542.375000011594
3297.874999999572
4447.650000006379
2998.875000000846
3861.00000000261
1643.3999999995647
3571.9249999993417
1708.274999999542
3001.8749999995343
1800.674999999323
1768.2499999994552
2623.59999999876
6730.375000007114
5709.275000005039
3750.1500000004216
4538.2000000018925
7789.975000013693
1656.224999999438
4104.624999998949
3285.42499999934
2374.8749999989354
2020.1499999992134
2525.5249999987986
2728.724999998614
4081.9250000026195
1914.674999999354
1742.1499999994285
2003.5749999992731
3878.1750000055013
1754.9499999994255
5157.9250000059155
3352.3500000000477
5772.750000003835
5877.4500000066155
3257.5500000003262
2200.399999999519
2332.0749999989207
5389.900000005007
3805.2500000018645
3792.400000005566
5536.275000006281
4693.650000005263
2375.2249999989353
3672.7000000053768
4449.375000005204
2354.5249999989537
3481.325000000928
2657.9499999998557
2655.049999998979
3879.8500000009026
2800.8499999991477
5038.250000003238
4262.400000005934
2272.9499999990285
4474.775000004647
3440.3000000010634
3351.7499999987685
3526.2250000035588
4364.450000005516
3049.5000000031923
2055.7249999992105
2698.449999999532
4398.45000000467
4080.5000000052787
2511.3999999991534
7389.675000011417
1243.62499999993
3333.975000000568
4359.900000005237
5235.750000004596
1953.9749999992368
3952.675000002054
1711.949999999457
1904.899999999363
2735.3249999986074
5106.625000005094
3862.2500000030195
5598.025000005625
3187.650000000532
4334.225000005421
5422.950000005047
2718.7749999987946
8305.200000013452
3753.4500000024686
5713.825000004576
3308.4500000005887
4568.425000005411
1827.2499999994336
2638.0249999986963
1755.1749999994652
2984.3250000028042
2020.2249999992582
2472.1749999990916
3217.4750000033264
5237.075000004994
4995.200000003116
3930.5499999993167
3326.4999999999472
4873.500000004495
2223.449999999073
1583.3999999995342
4226.4750000053455
4593.450000004788
3658.000000001517
3388.7000000032467
2656.02499999868
2357.2499999989514
3972.400000005797
3856.4500000052885
3903.5250000000306
3811.4750000056956
5264.350000005557
4907.700000004505
4556.750000005809
6580.250000010379
5412.22500000663
1805.9499999999853
3822.499999999549
4042.000000005041
2578.4749999987503
1517.7999999996673
5658.700000006487
5237.225000003576
2904.549999998454
4581.325000004132
6120.450000007431
5463.525000004695
2953.749999998409
4739.525000004612
1779.6999999994355
3905.82500000264
1637.949999999606
3242.2499999999213
4471.82500000465
6423.900000011167
2225.950000000446
3737.449999998857
3850.150000005559
6375.175000007771
7008.750000010891
7247.5500000115735
3308.2250000003187
4026.3250000040275
8121.225000012013
2926.500000002193
2545.99999999878
3043.3999999983275
3542.75000000131
5406.550000004196
1336.9749999998544
5547.200000004519
5456.800000004368
4759.725000001965
4791.750000004853
4561.975000005254
1645.2749999995992
1986.7499999992885
4125.000000004965
4843.675000002547
7158.400000010494
5813.775000009589
2090.024999999151
2278.499999999134
1409.3999999997136
2309.8499999989945
3052.0749999983195
4832.875000005989
4894.1250000051605
5070.7500000054
5253.575000006924
3038.1750000005495
3916.9750000054764
4723.200000004643
3382.625000002613
4256.2000000028675
5797.600000004721
2319.724999999
2688.9000000009487
4457.425000005505
3404.7250000023514
2952.94999999851
1145.9499999999425
3574.1250000029345
2392.9999999998204
2897.9499999998484
2410.0249999990792
6482.950000008597
2378.999999999394
2784.9500000012595
4137.550000005942
2031.7749999992475
5667.650000005638
1201.749999999939
2599.999999999405
2565.924999998762
1981.774999999293
4815.175000002115
3331.9749999996957
4908.450000004632
5575.675000009325
5188.45000000731
5419.175000004967
2194.2499999990996
1774.6749999994813
1903.9249999993076
4336.7000000053995
4886.72500000667
4515.725000004745
2520.499999998803
4299.825000000881
2362.1749999999483
6943.675000008867
3846.1000000022345
3453.3000000038887
2160.4749999990245
6838.150000011208
2396.9999999989154
6566.025000010746
2540.125000000484
3389.1499999988932
5377.4500000078215
2404.54999999889
3876.200000005998
4445.050000005485
1876.299999999389
2359.799999999183
2569.725000000214
2895.499999998462
2359.6749999989083
4067.6500000042242
1577.9499999996603
3073.5250000008514
3090.97499999957
4864.4750000044305
1411.949999999685
4412.800000005764
3137.0000000021128
4302.200000005555
3164.1999999982177
7409.6500000124015
4092.07499999988
3890.9500000057315
2146.1249999991437
2829.499999998522
3787.450000005717
4690.275000005171
3392.37499999951
2317.4750000004365
2465.9999999988527
2464.424999998854
5165.525000005522
3000.0249999993302
4937.700000005496
3401.2000000029648
3372.0500000004413
1936.4749999992123
5784.200000004925
6695.825000011282
2944.7000000021444
2106.4999999998463
6620.675000008152
4439.250000005505
4014.725000003913
6090.900000008237
4392.750000004722
2340.474999999249
6692.400000011194
3872.7000000054563
4024.125000006036
6373.650000009107
3217.0749999981695
2996.449999998647
5981.950000006551
2803.2499999994616
2483.699999999146
4584.27500000536
1762.924999999469
1956.5499999993158
2991.225000000178
3889.7250000007325
1586.1999999996528
7144.975000010223
4115.050000005604
3799.0000000013433
2356.9749999999153
3046.7500000006075
4112.300000001565
3044.9000000018777
3070.6250000002524
3256.77499999851
1891.7499999993747
4501.500000005561
3268.450000000266
5521.675000002557
1989.8999999992886
4311.175000005456
2450.424999998867
2110.7249999994265
3229.249999998187
6070.925000009914
1916.9499999993295
1430.7749999997798
1674.024999999416
2481.749999998838
4558.20000000493
6983.150000008879
2453.0249999988646
2052.3749999992287
2408.449999998908
7336.975000012543
3979.2750000025508
3331.1250000030404
6054.000000008125
2329.2499999989773
2789.9750000001704
4236.250000005408
6754.2000000079515
3440.325000001486
4223.500000002648
3148.4000000007554
2912.2499999993897
3892.300000005554
4367.650000004731
2636.4499999987297
1705.224999999491
2129.624999999141
7471.225000011913
2067.499999999215
2828.049999998498
4798.675000002169
3954.65000000512
4368.975000005697
3695.6500000006804
3215.8749999998768
3908.9000000060464
2893.049999998464
2276.924999998973
4426.275000004908
2396.94999999887
3611.950000001325
2265.724999999035
2008.9749999992657
2220.7749999990756
3398.15000000187
1736.9499999994837
4287.950000005039
2250.2249999989986
4760.45000000449
2560.4749999995574
5144.975000005133
2185.949999999886
2497.5249999997086
4117.15000000069
1561.374999999527
4567.675000004056
3525.5000000018604
3842.52500000189
5580.825000003524
4080.1750000056736
3794.499999999939
6448.175000010935
1734.249999999518
6404.725000010826
4226.699999999942
6327.950000007285
4636.175000005664
5369.900000006635
2838.049999998732
6092.150000007368
4347.9000000047345
2585.675000000623
2301.224999998998
3069.5000000004725
4426.500000002557
2515.400000000237
2886.2749999990897
4302.225000003903
7750.625000011554
6579.250000011363
2116.0499999991707
5035.275000004471
8150.475000012119
4470.775000004905
4811.450000006526
9402.625000016675
2691.4000000008837
4469.625000005047
2423.2249999988917
3834.400000002125
1665.5749999995805
3818.6000000017775
3291.799999998101
1444.4499999997815
4681.425000004857
2412.7000000005023
2396.7749999989064
6522.725000010862
3628.2500000030477
5590.300000008352
2924.0000000022656
5837.000000006412
4657.750000005154
2482.0000000003865
7394.650000010853
4149.425000004943
1751.1999999994473
4098.025000003452
3128.6499999996913
2218.424999999078
4174.05000000268
3489.949999999197
3986.1750000026796
2909.4499999987747
2624.9999999986903
4313.750000005799
1275.3999999998603
6330.525000011079
3981.200000005268
1290.7499999998631
3304.2750000007127
2129.22499999905
4876.0000000053315
3540.175000001499
5412.975000005797
3408.0999999997853
4630.9000000049355
2675.749999998662
1600.0249999996402
3023.8249999983454
4225.550000005198
2506.424999999223
2775.4999999986544
4922.600000002454
6872.050000008847
3329.175000000344
3737.0000000014415
6937.50000001169
5603.225000005518
2877.674999998478
4991.225000002532
2336.4999999993015
2928.7499999995575
5106.450000004381
7006.8500000111835
1847.9749999994146
5831.975000008896
2466.4749999990536
2493.2500000009077
3239.0500000019724
6033.175000010353
4101.950000003691
2987.47499999913
1815.4499999993368
9322.625000016385
3203.2000000016487
6534.525000011443
3519.1750000015018
5548.450000006515
6781.950000011264
2081.7249999994
1709.0499999995413
4620.225000005182
2612.1249999987003
2282.4999999990196
3770.0499999997805
2284.249999999018
2637.424999999154
4311.500000004369
2110.2249999991764
3955.9500000053554
2589.99999999874
4708.950000005561
2921.9749999993587
3481.8749999999877
5752.750000006969
2804.37500000037
4991.750000004177
2896.724999999181
4102.175000005709
3656.275000005933
7149.725000010601
6414.125000011894
4533.7750000045935
1698.4999999994402
3956.4500000010253
5774.900000006812
2787.175000000011
4695.95000000461
6169.975000010653
4467.025000002816
2675.1750000015154
7530.950000012122
2666.77499999867
3459.2500000050413
2859.7249999985925
2769.1499999985767
4486.575000001628
4334.975000004846
5423.500000006697
4235.1250000052105
1769.9499999994857
5583.50000000613
1946.974999999325
5145.500000004605
2100.374999999185
4796.500000004495
5419.725000005779
2860.4499999985846
2457.0999999988608
1662.1499999995774
4589.200000004916
3878.7250000055124
2435.99999999888
5260.50000000648
4854.650000006975
4247.225000005468
5448.250000006064
5796.725000006607
4597.750000005937
5880.450000008943
2151.9999999991383
2776.6500000010374
2365.0499999993817
2641.5000000011014
4044.9750000040017
5545.7500000064
2037.5749999992058
6112.700000009478
5449.900000006839
7439.225000012992
1939.1999999993318
6750.525000009096
3291.9500000001453
5409.25000000598
3160.2250000007975
3790.925000002324
6994.300000007914
4331.70000000423
4065.6000000035283
4357.700000004754
4678.975000005226
5214.725000006532
1707.1749999994572
7535.250000010057
3934.4250000056168
2669.524999998742
6995.750000009713
3839.9000000056512
2141.549999999148
5156.450000005041
4502.175000005318
4135.250000003738
5732.475000004952
3067.6500000021183
5010.250000004874
1708.1249999995418
3695.7750000027936
2534.99999999879
5582.475000008848
2899.450000003576
3509.649999999634
4939.275000005372
1850.224999999405
1942.2499999993292
5306.750000005311
8024.175000012565
1732.8499999995195
7134.450000008477
5769.000000004626
1894.8499999993721
6354.625000009062
9304.525000016318
3739.7500000057844
3909.72500000563
2843.199999998661
2995.7999999984595
4244.2250000023705
4591.725000002689
5231.500000007578
3596.25000000182
4156.950000005281
1714.4999999994902
2993.324999998388
1178.1999999999503
3118.524999998259
1622.6749999996186
2955.1500000011806
4156.075000000141
4285.850000000966
4065.975000006094
5971.775000006866
1763.949999999336
5031.9000000076485
5407.650000004847
4096.075000004992
2446.6500000002843
4803.500000004211
1903.7499999993122
2553.249999998773
4149.900000003624
1536.0499999996985
2509.699999998894
3140.200000002744
5005.125000003551
6229.725000009232
7730.675000013005
2747.574999999424
3231.0499999987615
4408.72500000531
7549.100000011283
4079.7000000053395
4018.9999999998313
3683.9250000011775
6983.625000008438
3223.200000002928
9037.225000017508
2885.94999999937
4679.000000001635
4063.7000000049466
2741.9000000017863
3557.7250000005247
3772.5500000046663
3092.200000001339
2389.7499999989222
1907.0249999993612
3429.9749999987484
4217.8500000023
7048.225000010717
2433.549999998882
5888.375000005311
3028.5249999986863
1741.7249999995115
5534.950000006139
2336.1999999999675
6124.25000000828
4560.500000005044
2361.3249999989575
4982.650000005777
3654.450000002598
3446.0250000001465
3150.5249999984426
2285.9250000003562
2069.725000000145
3165.5749999982963
3124.775000000257
4567.450000002903
6992.400000010895
2447.774999998869
5454.675000007457
6121.900000006401
2962.6500000014735
3397.9500000005846
6971.075000011501
5007.400000004345
4304.850000002683
2746.9750000002095
5356.575000006339
1873.999999999391
4450.200000005335
4260.925000005702
4035.225000005047
6878.900000009318
2547.1500000000465
3863.4500000059925
5475.000000006559
3799.0250000025144
1741.924999999511
5064.650000007137
4953.450000005068
3153.8749999988713
4548.52500000458
4923.950000005198
4210.100000001916
5501.325000005654
2205.6749999990893
5758.475000008113
6631.5250000117685
3047.574999998875
4715.375000004428
2603.249999998838
4969.700000005352
3554.100000004367
1709.224999999541
4788.200000004362
1961.2999999993117
2820.9749999995256
3851.750000001933
3316.625000000024
3664.9500000022135
5226.975000003028
4063.3000000034735
4583.150000003157
2913.174999998446
6101.100000010541
3992.5250000050855
3886.0250000000897
4840.700000005488
7368.175000010589
5278.825000004077
2924.5749999992045
2568.4749999999303
5180.9500000047865
3478.950000001844
2932.0499999985796
4780.525000004369
1775.2749999994294
5343.4750000044805
2609.4750000002828
2482.224999999054
4612.150000002736
4102.725000005151
3306.9999999995084
3672.0000000007176
3114.9249999988215
4321.600000005661
6894.45000000755
5601.875000008884
2766.525000000368
5416.07500000479
2822.825000002349
4501.725000000135
6356.275000009688
5353.550000005516
5878.9500000061
6236.000000006037
2837.2249999997643
2364.724999998945
4505.750000004946
4920.400000006177
4781.900000005178
1782.9249999993963
4890.225000004538
3959.950000002631
3435.750000003585
3347.949999999879
5233.525000002789
5559.625000003938
4655.975000005441
4694.100000006418
