11389.400000023903
11103.000000022861
11043.100000022643
3616.0999999978067
2548.099999998778
11065.100000022723
2619.0999999987134
10556.100000020871
2524.2999999987996
2138.199999999151
3216.0999999981705
10904.100000022137
7740.0000000106265
8284.000000012606
11149.20000002303
11176.200000023127
11055.200000022687
3956.399999997497
4355.099999998312
5826.3000000036645
7352.500000009217
4644.099999999364
3534.0999999978812
10800.000000021759
4524.599999998929
5263.100000001616
10930.100000022232
2128.4999999991596
8325.100000012755
6244.200000005185
11022.100000022567
3657.1999999977693
11790.400000025362
8179.600000012226
8674.500000014026
2824.099999998527
11575.50000002458
6603.00000000649
3272.1999999981194
6688.000000006799
10942.100000022276
1761.1999999994937
11113.200000022898
11907.100000025786
8000.400000011574
10800.000000021759
9821.000000018197
7021.000000008011
3784.2999999976537
10800.000000021759
8114.000000011987
11285.400000023525
5847.10000000374
2981.399999998384
9596.30000001738
4408.399999998506
11350.400000023761
4132.199999997501
3251.3999999981384
5838.1000000037075
11364.00000002381
11741.300000025183
1710.39999999954
2113.1999999991735
11448.100000024117
5445.3000000022785
8077.200000011853
7301.0000000090295
2657.4999999986785
10963.100000022352
11336.000000023709
6088.200000004617
11398.200000023935
11571.200000024564
11682.60000002497
8822.200000014564
10930.100000022232
10800.000000021759
11023.20000002257
11559.20000002452
4110.299999997422
4426.199999998571
4741.199999999717
10996.100000022472
7258.500000008875
6861.100000007429
8135.400000012065
11345.300000023743
8614.100000013806
4464.599999998711
9884.300000018427
11008.100000022516
3487.099999997924
4765.099999999804
4258.399999997961
10914.100000022174
11399.40000002394
7831.200000010958
10800.000000021759
7228.100000008764
10992.100000022458
10800.000000021759
2853.1999999985005
4412.5999999985215
11620.200000024743
11332.400000023696
10928.100000022225
11688.30000002499
11716.400000025093
2123.2999999991644
3584.0999999978358
11364.300000023812
10947.100000022294
2590.4999999987394
10968.10000002237
10800.000000021759
10105.00000001923
11345.100000023742
11019.100000022556
11229.30000002332
10800.000000021759
11561.300000024528
11298.300000023572
10901.100000022127
6506.200000006138
11466.500000024183
10917.100000022185
11207.30000002324
6006.200000004319
4151.09999999757
5462.000000002339
10800.000000021759
4804.599999999948
5647.400000003014
10800.000000021759
3330.4999999980664
2956.4999999984066
11310.200000023615
9405.200000016684
10544.200000020828
11098.400000022844
3409.099999997995
10156.200000019417
10970.100000022378
11221.300000023291
11294.000000023556
11564.50000002454
5201.00000000139
3349.599999998049
10800.000000021759
6631.000000006592
9409.3000000167
11056.20000002269
9739.3000000179
5776.100000003482
3847.1999999975965
10183.000000019514
11340.100000023724
9510.400000017067
11403.400000023954
5730.100000003315
3984.199999997472
11503.200000024317
11734.500000025158
10800.000000021759
11581.1000000246
11091.200000022818
4499.499999998838
5383.300000002053
5146.700000001192
2921.2999999984386
11191.300000023182
5728.000000003307
6491.200000006083
2242.299999999056
5848.0000000037435
4270.1999999980035
11287.400000023532
10800.000000021759
3116.499999998261
6774.200000007113
10945.100000022287
6482.200000006051
2580.099999998749
11025.100000022578
3659.1999999977675
11134.300000022975
5659.000000003056
2152.099999999138
10938.100000022261
3057.299999998315
5067.300000000903
4754.099999999764
3179.199999998204
2568.3999999987595
2772.0999999985743
6447.100000005923
10800.000000021759
9994.200000018827
10800.000000021759
11245.200000023378
2641.599999998693
9860.30000001834
3441.2999999979656
4427.199999998575
6859.200000007422
10800.000000021759
2693.199999998646
4393.399999998452
6575.000000006388
5995.000000004278
10902.10000002213
7396.000000009375
11559.500000024522
4797.299999999921
11082.200000022785
3501.299999997911
1902.1999999993654
11145.300000023015
3811.499999997629
6983.400000007874
11229.40000002332
6783.300000007146
8702.300000014127
11881.000000025691
6187.000000004977
2242.499999999056
2745.4999999985985
3912.499999997537
5669.100000003093
11275.200000023488
5609.200000002875
3263.1999999981276
4192.29999999772
5221.300000001464
11308.300000023608
4097.2999999973745
4308.099999998141
10800.000000021759
7034.50000000806
5896.1000000039185
2875.1999999984805
11545.40000002447
2081.0999999992027
10900.100000022123
10257.500000019785
11284.30000002352
4169.299999997636
2899.2999999984586
4237.099999997883
11596.000000024655
11090.100000022814
10800.000000021759
3524.0999999978903
11460.00000002416
11147.300000023022
8068.500000011822
10800.000000021759
8983.20000001515
4786.399999999881
11627.400000024769
11336.100000023709
5245.10000000155
11102.200000022858
6275.100000005297
8517.100000013454
2964.3999999983994
5411.100000002154
2021.0999999992573
5124.700000001112
2506.299999998816
2765.2999999985805
4140.09999999753
11251.0000000234
11148.200000023025
6503.000000006126
7386.000000009339
11438.20000002408
2563.399999998764
5372.000000002012
5180.000000001313
2974.59999999839
3269.0999999981223
3591.0999999978294
4024.2999999974354
7144.000000008458
2501.2999999988206
3219.1999999981676
2873.0999999984824
11074.200000022756
3382.0999999980195
11392.300000023914
5856.500000003774
8525.400000013484
11727.300000025132
6025.400000004389
4478.19999999876
4087.599999997378
11849.100000025575
6548.200000006291
11111.20000002289
11100.20000002285
10800.000000021759
3748.2999999976864
10800.000000021759
11257.000000023421
2889.199999998468
6734.000000006967
5132.000000001139
4358.599999998325
7030.400000008045
4623.299999999288
8106.4000000119595
11762.20000002526
3131.3999999982475
10800.000000021759
6820.300000007281
4730.399999999678
9084.100000015516
11476.30000002422
8496.300000013378
2850.0999999985033
4947.000000000466
10800.000000021759
11054.100000022683
4405.099999998494
11738.200000025172
1533.3999999997009
5468.000000002361
11140.200000022996
11363.300000023808
3992.3999999974644
7031.100000008048
2291.0999999990117
2540.599999998785
3546.1999999978702
11698.500000025027
8878.400000014768
11045.10000002265
6326.200000005483
11368.300000023826
11123.200000022935
4247.19999999792
11012.10000002253
7560.200000009972
10800.000000021759
6297.100000005377
11586.30000002462
3200.199999998185
3594.599999997826
3967.2999999974872
8100.200000011937
2918.399999998441
4311.299999998153
8632.400000013873
11714.600000025086
7723.200000010565
5524.2000000025655
5747.300000003377
10985.100000022432
3962.099999997492
2604.299999998727
11215.20000002327
10946.10000002229
7393.300000009365
8699.200000014116
3991.3999999974653
3917.3999999975326
11443.100000024098
10932.10000002224
6282.100000005323
11234.100000023338
11214.100000023265
9786.20000001807
11887.300000025714
10860.400000021978
11366.40000002382
4728.499999999671
4950.400000000478
10800.000000021759
3508.2999999979047
2591.2999999987387
11098.200000022844
7826.000000010939
3976.499999997479
10432.00000002042
10098.100000019205
8159.600000012153
3287.2999999981057
11132.300000022968
3630.3999999977937
8579.10000001368
2562.399999998765
5657.000000003049
10800.000000021759
11276.300000023492
5538.300000002617
5056.100000000863
11102.200000022858
11361.3000000238
11432.40000002406
11627.50000002477
6059.200000004512
7980.2000000115
11532.500000024424
7425.100000009481
3164.2999999982176
3777.19999999766
7119.300000008368
8858.200000014695
1631.6999999996115
11119.00000002292
11340.400000023725
8118.300000012003
10800.000000021759
11403.100000023953
2862.0999999984924
3208.1999999981776
10800.000000021759
8956.00000001505
11386.200000023891
11181.300000023146
3919.399999997531
4206.599999997772
2432.2999999988833
2814.6999999985355
4077.0999999973874
11336.30000002371
8723.000000014203
8289.000000012624
11289.100000023538
6046.100000004464
11083.200000022789
10995.100000022469
8137.100000012071
8004.100000011587
11102.200000022858
4169.199999997636
6118.100000004726
10800.000000021759
7928.0000000113105
4184.199999997691
1522.3999999997109
8573.200000013658
4914.000000000346
5317.400000001813
4329.199999998218
10924.10000002221
4502.599999998849
6468.300000006
11669.500000024922
3111.299999998266
9021.100000015287
1498.099999999733
4689.199999999528
3412.199999997992
2606.299999998725
6761.100000007065
4966.400000000536
10800.000000021759
11199.300000023211
11589.40000002463
11655.20000002487
2873.1999999984823
3062.0999999983105
3454.4999999979536
11351.200000023764
11507.400000024332
10919.100000022192
3171.299999998211
7348.0000000092
4977.100000000575
11070.100000022741
7072.400000008198
9316.00000001636
3188.2999999981957
11610.300000024707
3523.299999997891
11134.200000022975
5590.100000002805
4870.300000000187
10800.000000021759
3286.1999999981067
11543.400000024463
11513.400000024354
3290.5999999981027
4301.599999998118
5517.400000002541
3638.1999999977866
3820.199999997621
10102.10000001922
2448.4999999988686
6340.3000000055345
5227.200000001485
10505.000000020686
2701.4999999986385
11732.500000025151
7500.100000009754
11460.20000002416
3720.099999997712
11110.200000022887
5086.400000000973
11452.400000024132
3003.099999998364
4051.4999999974107
11389.300000023903
11369.40000002383
5038.200000000797
5370.300000002006
3309.2999999980857
3583.0999999978367
11355.300000023779
4943.300000000452
11508.200000024335
8461.500000013251
6218.20000000509
3778.299999997659
10800.000000021759
11542.60000002446
7374.300000009296
4795.399999999914
11718.2000000251
11582.500000024605
9786.00000001807
11403.100000023953
10800.000000021759
4344.199999998273
11628.100000024771
11030.100000022596
11661.100000024891
11259.20000002343
4047.2999999974145
4339.299999998255
9673.20000001766
4901.4000000003
4404.099999998491
11515.400000024361
3005.1999999983623
2901.3999999984567
5682.300000003141
5581.1000000027725
1962.3999999993107
11137.200000022985
11382.400000023878
7017.400000007998
5066.200000000899
6170.200000004916
6551.300000006302
7220.100000008735
5483.200000002416
4427.299999998575
3036.199999998334
10917.100000022185
5981.100000004228
6476.1000000060285
4212.1999999977925
11381.100000023873
3420.3999999979847
4316.499999998172
4121.099999997461
11222.200000023295
3031.1999999983386
1930.4999999993397
2636.199999998698
3022.199999998347
11182.30000002315
11535.200000024433
3400.4999999980027
3393.0999999980095
4205.299999997767
11834.400000025522
8560.00000001361
8599.200000013752
11030.200000022596
3551.2999999978656
5539.500000002621
11278.300000023499
11186.200000023164
7192.000000008633
8841.300000014633
5772.200000003468
4925.200000000386
11169.300000023102
7456.400000009595
4124.199999997472
2794.199999998554
3710.099999997721
10928.100000022225
4063.4999999973998
3874.5999999975716
6181.100000004955
10800.000000021759
11639.300000024812
6759.000000007058
5596.700000002829
11578.10000002459
3724.499999997708
3854.39999999759
10991.100000022454
3690.299999997739
7187.400000008616
2965.0999999983987
3323.499999998073
3667.49999999776
6751.000000007029
2199.0999999990954
11146.200000023018
3633.199999997791
10800.000000021759
4806.399999999954
11418.300000024008
4781.299999999863
4954.1000000004915
7009.000000007967
2819.3999999985313
9388.200000016623
7589.100000010078
7869.000000011096
10468.400000020552
11387.200000023895
6049.000000004475
11205.000000023232
2298.399999999005
11076.100000022763
5886.100000003882
11580.200000024597
11069.200000022738
9027.100000015309
4287.499999998066
9542.000000017182
10775.200000021669
5749.200000003384
3933.0999999975184
6004.100000004311
8922.300000014928
5353.200000001943
4608.499999999234
10007.000000018874
11111.00000002289
11649.50000002485
2932.2999999984286
10800.000000021759
11086.2000000228
11024.100000022574
11041.300000022637
11514.300000024357
6074.200000004566
11153.000000023043
3967.1999999974873
6766.200000007084
2430.599999998885
6390.000000005715
4006.099999997452
1672.3999999995744
11150.200000023033
5534.000000002601
3978.2999999974772
11200.200000023215
8716.000000014177
11798.10000002539
7464.300000009624
11477.500000024223
10800.000000021759
5475.500000002388
10986.100000022436
10800.000000021759
2488.3999999988323
9504.100000017044
5014.20000000071
3742.299999997692
8828.400000014586
4916.300000000354
6740.100000006989
4382.099999998411
3755.19999999768
11684.400000024976
1859.2999999994045
11238.200000023353
10951.100000022308
1560.0999999996766
5789.40000000353
4043.499999997418
11723.300000025118
7283.200000008965
10924.10000002221
5670.100000003096
11178.300000023135
4084.299999997381
2051.3999999992297
3615.0999999978076
11085.200000022796
4545.199999999004
4169.399999997637
7723.400000010566
11264.500000023449
6103.300000004672
7390.300000009354
11826.600000025494
11346.100000023745
3531.199999997884
7710.200000010518
4387.099999998429
5086.000000000971
10800.000000021759
10907.100000022148
2415.299999998899
11565.500000024544
4273.099999998014
5925.400000004025
7458.400000009602
11379.300000023866
7186.200000008612
4757.399999999776
3189.199999998195
11778.400000025318
7145.500000008464
11419.400000024012
7269.000000008913
11134.000000022974
11619.200000024739
4270.399999998004
2128.5999999991595
10800.000000021759
3703.0999999977275
3477.4999999979327
5955.400000004134
3426.499999997979
4498.299999998833
10425.300000020396
2626.099999998707
11008.100000022516
3823.299999997618
11791.100000025364
4916.200000000354
5334.000000001874
11608.5000000247
5702.100000003213
10800.000000021759
4729.499999999674
11496.200000024292
11465.50000002418
11474.100000024211
11654.100000024866
10800.000000021759
2856.3999999984976
5811.100000003609
11484.100000024247
5509.00000000251
10944.100000022283
11022.400000022568
8020.400000011647
6694.100000006822
10916.100000022181
4020.099999997439
10360.000000020158
4331.399999998226
3800.0999999976393
6761.500000007067
10791.100000021726
9219.100000016007
11104.000000022865
2300.0999999990036
11195.200000023196
2795.0999999985534
11299.300000023575
2771.7999999985745
10923.100000022207
10800.000000021759
4176.099999997661
3012.5999999983555
2521.2999999988024
11127.30000002295
11084.200000022793
3520.099999997894
11714.600000025086
10916.100000022181
11340.300000023724
11615.500000024726
11195.200000023196
11861.50000002562
11618.300000024736
2938.299999998423
6266.200000005265
4501.299999998844
6215.30000000508
9888.000000018441
10961.100000022345
2657.3999999986786
10800.000000021759
11808.100000025426
11478.400000024227
3234.299999998154
11004.100000022501
5894.000000003911
11011.100000022527
6362.3000000056145
6321.200000005465
11790.500000025362
10318.300000020006
9488.500000016988
10800.000000021759
11472.400000024205
9738.000000017895
2270.099999999031
10910.10000002216
11328.30000002368
4161.299999997607
11540.600000024453
11275.300000023488
3207.4999999981783
11079.300000022775
11412.100000023986
9729.100000017863
7268.000000008909
7450.0000000095715
11427.400000024041
2277.1999999990244
8568.40000001364
3155.199999998226
11471.500000024202
8717.500000014183
5231.2000000015
11809.400000025431
2340.199999998967
2305.099999998999
11208.200000023244
11225.200000023306
2251.099999999048
11603.300000024681
10995.100000022469
2392.09999999892
10933.100000022243
11149.20000002303
11212.200000023258
11217.300000023277
4229.299999997855
4174.099999997654
6920.200000007644
9101.300000015579
11260.300000023433
7627.200000010216
11128.200000022953
2715.399999998626
4109.299999997418
1598.2999999996418
4039.4999999974216
2254.1999999990453
6615.2000000065345
5664.400000003076
7411.00000000943
11748.300000025209
11211.300000023255
2953.2999999984095
11371.500000023838
11071.200000022745
10800.000000021759
5340.000000001895
10309.200000019973
2854.699999998499
3620.3999999978028
9640.000000017539
2278.799999999023
4167.199999997629
8085.100000011882
7689.000000010441
11087.200000022804
11615.100000024724
4824.000000000018
4628.0999999993055
11330.300000023688
10231.000000019689
11180.300000023142
5941.100000004082
6262.10000000525
10800.000000021759
8286.400000012614
11648.300000024845
4887.200000000248
7368.300000009274
10800.000000021759
6897.400000007561
5935.300000004061
10255.200000019777
6867.200000007451
3454.199999997954
2622.0999999987107
4472.199999998738
8265.600000012539
11494.100000024284
3758.0999999976775
8556.300000013596
4341.099999998261
2736.4999999986067
10800.000000021759
4973.100000000561
11117.300000022913
11217.200000023277
4104.499999997401
10944.100000022283
8341.000000012813
6018.100000004362
4283.09999999805
5328.400000001853
5026.500000000755
4155.2999999975855
5858.200000003781
8813.10000001453
11078.20000002277
3173.2999999982094
11556.000000024509
11712.100000025077
6799.100000007204
6365.300000005625
11606.000000024691
10800.000000021759
8937.100000014982
5514.3000000025295
11426.500000024038
2580.3999999987486
11385.100000023887
11561.200000024528
10800.000000021759
11880.000000025688
5270.100000001641
11494.100000024284
10199.100000019573
8481.500000013324
2220.299999999076
11253.200000023407
11553.3000000245
4663.099999999433
10800.000000021759
11666.20000002491
8186.000000012249
11456.400000024147
3544.299999997872
11256.300000023419
11703.600000025046
4450.499999998659
10800.000000021759
4196.299999997735
11144.200000023011
9862.000000018346
2318.399999998987
10800.000000021759
2760.399999998585
4972.000000000557
6899.200000007568
5713.100000003253
7558.000000009964
7154.200000008495
9439.000000016807
8005.200000011591
4036.2999999974245
11184.200000023156
10800.000000021759
5726.300000003301
11570.300000024561
11614.10000002472
7168.400000008547
4772.29999999983
5126.200000001118
10986.100000022436
7557.300000009962
4228.499999997852
10800.000000021759
2296.099999999007
7840.100000010991
5469.000000002365
4340.2999999982585
7188.000000008618
10976.1000000224
5278.500000001672
6701.200000006847
4588.09999999916
11569.600000024559
11174.20000002312
11682.100000024968
5669.400000003094
10912.500000022168
7517.600000009817
6340.000000005533
10927.100000022221
11134.200000022975
10901.100000022127
11228.300000023317
5195.000000001368
3095.0999999982805
11087.200000022804
10918.100000022188
11398.100000023935
2830.3999999985213
11036.200000022618
8632.100000013872
9034.000000015334
5474.300000002384
6537.10000000625
10436.000000020435
10550.30000002085
10950.100000022305
