1756.1885499999826
957.2805100000968
821.9485000001915
1031.7322799995993
722.9987499997478
985.1562800003525
939.0928199996446
1232.4655499995583
913.0045299996615
989.610849999582
1356.7227499993576
1458.1997700002798
1166.2981599995246
1306.61829999977
1038.1146300000385
723.8765400004179
1131.4302599999944
776.57913999981
1042.5436999995952
1714.3191099995797
948.4554199996534
1591.7530199993594
902.7456599996757
1315.3232199998704
1134.2056399996393
1237.6268899996596
780.3070200001246
894.0867499996463
1320.7155999994363
1452.7456199995033
1542.0785199996071
1488.960959999424
1453.8373999997766
1320.7211999997005
1637.6102199994923
1022.4781899996509
1445.800980000553
664.9102199998819
1242.4760099994498
1184.7368399996863
1039.5937099999464
926.3856099996644
1041.7472999999745
1535.2264500007605
833.9022499996973
1153.302519999549
1073.8961699996044
1789.684219999296
1208.9313899994736
1297.603869999555
1015.4174399997196
1473.0435599995396
839.2759999998492
1098.0875299996194
917.257399999678
821.3806499998395
1172.7044200002879
1655.9165899995555
1079.6509699995559
1128.8352899999466
1104.570369999538
1719.7784299997384
1044.4292399995566
990.6417499996255
1441.6779399994289
751.7629299999493
1066.2531899997778
1180.9542999994653
1083.3053999995445
820.1209600000793
849.2879700000284
960.8067299996252
1021.7066599997045
1011.7402500003358
1035.5863999998994
1062.0281800001142
857.4201599999485
1331.5879600000726
1189.6144700000843
1184.1039900002122
913.8704299996652
880.1309999997139
741.6977499997702
1035.4193999999852
1441.8694799996783
926.8403999997781
995.0882899996121
1199.6121799994964
916.6123299996506
917.9221899996027
1266.5264299996718
1587.293409999701
1096.3418499997608
971.0066799995616
809.2023299997069
1514.1749700000855
1286.2255300000104
1214.2003599993948
1417.591169999747
889.0124999997454
1240.2656799997926
1063.9953600002464
1223.6393899995453
775.6073599997985
1619.5296700000417
1045.7290999997922
1584.9735599993821
1566.3258500000195
882.3248400006192
973.8571199995707
1164.3292399994855
1149.517629999676
1351.7022699999036
766.0449599997318
1483.3503099992645
1208.3335600001158
932.3797399998452
1060.6309499997801
1019.6392699996388
1035.5899699998345
601.6998700001703
978.7492600002931
1037.4396899999429
1657.7508899993068
1209.699709999584
896.6165300002092
1346.52891999996
1342.106449999439
1016.0188499995512
1134.3790099995351
821.2747499997541
1476.7607099999118
1485.6954299995493
1219.204209999696
1315.737359999704
854.7884299996922
1355.6120799993892
1172.5750599996445
1056.7453200000057
892.3365699996589
1355.6198300005105
727.380589999733
1229.626309999791
1032.2131499995635
828.3884600001476
1284.88944000041
1055.6811400000436
1289.1473699998126
1107.468139999562
1365.2915699999635
861.2415999998018
876.1036999998828
955.6848800000232
1308.696219999689
1376.4079299994983
1112.1030899995976
1807.164529999483
1271.057440000128
1063.9487400001794
865.690719999911
1557.4481000005421
1088.4095599995137
777.8356100001251
971.3871299999133
1019.7738999998053
977.6506199997427
1614.3485200003897
814.5257099997966
776.725749999951
1726.7719299991486
764.9469599996966
1732.416009999336
1472.0114399997242
1324.7769799996372
852.0052999997207
1182.5783099994924
964.8659199996832
1003.4818700000883
1226.144559999574
877.7821799996484
1175.4359499997063
1015.8557199998788
1279.330069999562
1168.5300599994305
987.128519999582
728.4437699997463
1127.9342500002367
1474.7902999996068
870.984119999657
1111.263689999509
1060.3763899995706
1352.761409999599
1742.6526699993576
776.362459999673
794.4775499996908
988.9866899995627
1282.7140399997816
1342.392849999819
1082.4341699998579
918.1980200003029
1349.7136299999622
853.5020399997161
1057.6698299999016
1398.5081799996267
1048.9930799995518
965.8135499996831
1423.6692099997472
993.9326299995929
1109.119639999673
1268.6710600000297
966.6498600000351
1426.582509999735
1361.5014899994235
1381.4982199999067
836.5619099996613
1171.3637300000025
754.591169999753
861.8463599996853
1133.0174799999083
867.2259199997519
814.9735699999579
1465.8266999997822
1374.3493199996362
810.0538099996119
1158.2833999996683
920.5768899999026
985.8400899996064
884.5036099996667
1512.4779199994393
1017.7947599997207
662.3260100001337
989.289279999696
969.0371599995971
1064.895799999651
989.13445999976
1310.5269400001478
1010.2639399996177
1345.0235899994495
1116.0668999998113
1205.778169999808
1178.4068899997728
1158.3205299995016
1155.6482499997658
1193.9414499994778
1343.5360899998682
1003.5338099996873
1023.2727200002628
870.1725299996801
1338.4706599994313
794.7997199998582
1402.0114100013814
817.5356500000115
1336.2163199995919
873.0226999996869
1771.3869699996537
1089.8520599999874
978.2420599999039
1014.137449999843
1077.078139999914
993.7991499997205
1160.7670199996815
1195.3281200001152
852.4164199998215
1075.3407599997663
631.1440199998484
1074.1355399996248
850.0682499996988
1117.2798699995326
1013.1601199995235
1391.1903099995823
925.1482699996508
1041.05096999958
959.2742599996434
759.8891000004149
1958.4980400003953
882.1874299997938
1196.418709999732
1359.783290000447
826.7829699997133
1237.7589799997338
1179.9539299998337
1613.577059999256
817.5523799996996
638.2742999997358
1064.721079999525
1302.154999999764
1085.182259999542
802.3641499997511
921.9932499996341
894.2970499999213
819.1781299996804
1406.4842099997957
875.5990699996586
1119.1333200002018
1003.711649999789
1099.5552999997483
854.0757099996928
905.9162399997414
947.0752399996331
893.0951799999801
913.0889999996771
815.1970300003316
1363.2339900001173
1115.215049999591
1137.0506299995086
925.1329399997703
1243.7747799994868
1273.7474099995773
738.6840799997632
1240.0199599993985
1184.6794899995093
1254.2848799994824
751.821390000105
1229.147319999867
1474.4392199994863
1442.8711099993554
969.0011599998745
1124.98633999947
943.6294899998582
1303.7630299994714
697.8422999999904
929.0574099996276
819.7546199997398
1055.778789999804
1096.0005399996057
1069.3904899995518
984.8675199997156
886.5059199996987
895.9947399997285
1213.4788399998063
1358.863159999416
921.6320999996431
1130.4381999996028
954.9748899996358
960.7390299995747
894.9045699996068
1424.9312399994628
1322.3809699994172
1957.4854199996
911.1772799997628
846.3466800001542
1678.9668999997189
1227.4424299995221
1395.2479100003663
927.4024699997651
1224.6129099997509
1515.7336399993824
923.3415400000671
756.0733799997611
774.0460799998165
724.4544799997973
962.5361899996212
892.1812799996267
1178.7095799995175
943.8653799998973
941.8834499995496
1443.105999999871
1105.3713599998432
1251.2015799997719
1018.0404600001157
1006.939769999635
807.9769999997374
906.6853299996417
1220.0701899999226
1029.8619599999029
1204.4671199996938
1087.7551999996313
1159.151739999604
1205.854089999445
1105.222649999537
1112.753489999832
858.7904500000299
2039.6235699995973
1230.8574299997974
1211.6125099998726
1082.1807900002957
1802.5347300007136
738.9994799998067
1277.0834199995736
1067.317759999569
1102.0961399995797
843.7903499996713
1296.911989999809
1396.3050600002068
1119.1290799996557
1301.5446899999715
1111.9793099998062
1364.6776300003671
1446.7060499995932
1465.413669999798
848.6309199996668
1288.1574699996627
773.1293399997537
1305.875499999553
1470.6012599994494
1619.852260000344
965.9519799996458
1097.6661499994946
740.0960300003785
1565.674899999759
776.7500600004246
1499.5820000001775
1224.2710799995496
1062.090439999748
1646.597380000096
981.8613099997481
1122.4586699995273
1449.3464199997356
1118.7097399995112
2041.0796100008401
878.7688899996411
1340.6098200000386
1348.4075100002801
924.8871599996959
971.5726399996896
1106.315370000205
820.403309999621
792.2763899997599
1198.4865199994886
1363.366099999416
1406.4939699998256
1283.0641299996348
949.3603399996323
996.1174499996658
781.4109799997229
1118.621879999558
909.3489699996336
1678.9150599998784
1345.1513099995861
1442.5595799997404
1424.1786099995777
1433.2215299997345
1419.633919999667
1121.0576799999824
1008.4673099995812
1062.648929999906
1484.6685000002983
826.5061799997151
1003.4028099997746
985.0962699998715
817.1467799998168
587.5073899998765
760.9498899997627
774.5559599999826
1177.7244299995152
1242.9561699995027
1022.3108299996545
1155.031620000294
1196.8802799995303
984.7086299997732
1121.2888699999185
785.3823499996928
1192.1736000002554
858.8420799997101
1202.369739999524
817.5101999996742
709.6709599997511
1151.3017999999745
1122.2105899997744
1315.430309999588
1061.9680099999887
1196.2548499999152
1228.1014899995964
1008.831439999696
936.76059999957
1033.410809999604
1274.2094899994597
733.7062499998921
1465.344879999394
1143.9540699995616
838.7537699997563
844.6488799997588
1628.4667100001454
1199.3624499997175
1118.960729999733
635.5932799997743
1304.9763099998513
1002.4513299996065
1539.0101900000293
919.8366599996762
1371.07040999953
1759.0306499999956
973.5978399996602
784.5974899997921
1110.0085699999115
923.7839799996306
933.5840899997291
1239.324619999485
871.62855999962
876.9630199996442
1651.3963499998135
826.0464999996718
1421.5535599993436
1149.9398899994642
1814.930849999546
725.0672099997661
1052.6170299995733
1113.218879999632
1446.3186199999939
1451.9146899995692
1350.067389999991
1028.8348299997072
733.443509999791
1143.3648999995064
1388.2206099994394
678.3082099998556
1012.3847399996961
1027.2102199996089
630.0953299999059
1163.4032199996018
1360.2473199995125
826.2095100000288
1233.218929999437
1038.8959699999891
1272.4121999997847
942.6583299998324
913.7096499997015
1990.3707099996514
1144.3301100002236
1063.7231699995534
955.0622999997025
1111.0508000001644
1128.4198600000275
1293.5980399997934
1219.4512099999397
1761.881849999438
1045.768459999565
1332.553140000232
1209.9069599994439
1014.581019999594
1086.8948299998985
1753.588479999323
983.1556599996484
817.5894000001266
808.7864699997377
766.6517199997202
1356.3355099995592
900.5331399997091
924.41444999961
1033.7710599997902
1188.2077199996295
859.4492799997221
1393.6597200000815
1222.9735399998356
1017.1476399997991
798.2949299997662
891.4855299998242
781.32053999989
1107.8904399995026
1026.4316599996798
972.9039599997204
792.7879899996755
1192.770919999636
945.3562099995459
1060.879219999907
768.5749599997695
1091.3882299995641
1191.5993499995225
1105.9960899996172
1000.9699199996577
1014.6007500002232
907.3645799995793
1017.810289999585
647.1836799997274
1027.0728299995717
809.1333600003397
1496.6319300003604
1173.2339399995399
1474.6884899992517
979.6046999996111
1640.206960000034
803.4215499998722
1051.1770599999356
1579.7370899996438
861.6025799996701
1004.059879999615
948.3706499997733
929.1267000002399
1231.5637699995896
1293.1155099994946
814.9397499997067
1176.5562299994817
935.9954499996848
1090.9803799998108
1316.6790699994472
982.941189999649
911.3069099996954
2046.3073700003233
782.7790799998013
793.8942399997303
1953.9450000001373
1029.1708699998278
985.456079999606
1147.819579999755
885.5942299997987
913.2823399996159
1192.657779999567
1165.3195599994722
932.3468800000177
915.9676399996897
1366.2016799996206
762.4062399996963
851.932249999731
1044.2213499996803
984.8907499997053
897.0251699995997
911.7518099999637
1186.592919999525
1400.4772099993215
1153.368599999523
824.3380799997061
860.7456699998095
1054.061539999687
1570.0252099992636
720.7368899997762
1131.3041199999395
1556.664549999607
1215.9257199997994
1368.83081000003
989.2658099996092
1199.4793699998318
968.1699399998893
1275.8331399993995
1265.9139299997578
1332.9616599995832
1108.1507500001562
1331.9592699998868
1225.5388299997549
990.1293799997349
1422.8199399997422
894.1278700000819
961.2473999997808
982.6831299995295
1342.0631699994594
1356.4408999994876
944.0571299995755
868.5146599998147
1143.2979799995223
1178.0326900000437
999.0314900003509
893.430709999657
1253.795669999902
1706.5717700002288
815.6166300000673
1078.923430000092
1131.5718800001082
907.7443799997574
1050.4406499995305
1160.3719599996246
976.2326699996506
884.152179999664
1912.0292100002011
1114.2670299996273
910.4173999995721
1252.272529999541
1290.0040699994174
622.5926899998226
1207.8722299998885
1352.4413999997619
1407.7985999997713
976.7629399996233
1134.0370799999855
938.8410499998797
1083.0289599997063
971.9500600004067
618.0239800000867
1072.9460599995616
919.1001099999933
1107.7578799996043
669.7971299997569
1296.8199599996885
974.7291599996814
1356.0040199995385
978.9293699996613
928.7378499996544
1095.773429999698
798.5714699997153
1123.0079900001126
1607.5869499995415
734.8512199997439
894.8951999998843
1018.9649599996621
1555.9755799997167
984.8885699997669
1544.8295099995128
1221.2908399995245
1555.0299999999784
816.7211899996973
1025.6325099995709
1269.8433899997547
1222.0078799995672
1054.554109999645
1073.895709999675
1141.420309999847
1910.808239999453
1013.7016899998156
1365.573449999637
1027.19037000001
1527.3126000001926
1183.260029999604
1314.5511800003444
935.8831099995837
1451.581979999357
1276.3423799996701
1553.6474799997197
1076.21998999955
1006.8879900000181
1014.1792199995958
927.6332999998446
975.2538599998085
1168.8835399996176
1383.247449999744
985.9418699997008
1023.2715899995628
2631.9152700004447
1200.895019999725
1379.1322300001668
1123.9550099997202
1222.2681700001121
1249.355309999848
928.6241599995966
745.9538799997284
1129.0910799998906
890.9302099996604
1009.1711499995333
1646.144169999697
1178.579109999562
799.3188699997659
1200.6242199999153
1397.3133299993867
887.3155699996189
967.064819999669
1390.0668499999065
1114.6640699995528
1271.5126099998026
930.2921199997445
1127.4295599997172
974.3930399997091
1155.6205999995948
1022.4098900002131
776.2498099997615
1326.8585799999141
1012.6292799996638
1094.9778799998007
774.1135499997592
1146.5227399997175
1334.3391599999316
695.3097499998372
1040.2316399997164
707.48450000005
1592.6555899999394
981.7181799998124
900.5232700004933
813.547969999696
1004.626319999776
864.7901299996612
1375.3700899994517
1110.1506900000488
907.5021399999398
862.4292699999485
1193.1089899998674
1040.844699999519
1212.4199499999904
1252.2199899994102
1478.3542999995145
1001.8842699996454
1271.0348799997782
1661.3941399999267
1127.8203799995922
1190.303629999489
1083.469389999536
981.1548600000127
827.9995400000366
1089.4428399996416
1161.3167699996352
1009.2252699998257
1249.9245699999578
764.4812899999847
1020.9429299999407
803.8749299998822
1253.7818099994715
734.5459599997207
1006.7161599998408
1014.8898299996475
992.4602199997514
1152.524859999775
764.3949000004504
1116.3389599995303
1235.473869999687
1258.9372399995764
2017.3362400003905
930.0566799996246
1032.172590000397
1370.490579999362
1224.936999999999
864.0818499998453
1049.3759499997402
1847.4088100002234
1129.3403899998384
1208.6923299997977
1385.9417300001614
923.4906699996604
1085.2422899999674
1024.8273099995683
2039.2521200007436
1027.141059999978
1230.6788999995565
1340.3796300001545
799.2777300000498
1108.3201199995808
1329.563079999868
830.0628799996325
1367.7987799996417
1765.6929299998799
1496.6023599993757
983.5414599996703
964.4310199996359
817.5990999997738
1474.376909999343
1261.4540300001966
885.4173699996921
1640.5626899995718
1576.1280099994347
988.4285299996129
1478.786329999322
1514.2330099996252
1633.625909999807
1082.6175499995422
1805.1233299999885
1476.07375999968
862.4206699996005
1293.8634800000718
2034.182340000264
1093.0808499995553
1022.1921899998996
899.5471699995878
724.8325999997771
1143.9789599998164
1293.9240799996478
1416.3166499993408
1687.266849999666
743.602630000077
905.0239899996677
1408.1738099995707
876.4431999997245
1296.6183699995229
943.3356299996307
1230.5585099997693
1076.870469999694
1367.8422899998998
1113.8766599995633
2070.037779999607
821.5982399997121
735.1903599997928
757.630780000276
1183.6967099997878
784.447909999807
1031.7522299996383
1311.264979999481
1187.709339999436
1355.3597299993742
1029.5062599995822
1552.7773799993547
980.0173499996055
1319.9859999997827
1117.7458199998591
1175.1555500002048
1038.8608999995704
1107.4613699995953
1123.2211400000415
1331.9249899998365
1143.8323299998483
1469.0671299996225
1176.2820799996744
1260.3273100004778
1006.549339999595
1113.0453800003459
956.9230899996711
1173.503159999734
811.0242299997648
1165.5484399997295
1022.8390199995724
974.4875599995747
983.9874399995658
1053.7463799995855
895.3393599996334
1571.4785399992254
1103.7790999997926
1267.8644200002047
1122.3303899995285
1542.9170399999869
945.2104699996427
1027.506609999569
2475.4424700009927
800.6081499996982
813.9125099996646
1473.4269399997168
1000.7705899995843
1237.7657699998338
1251.7897599995138
1281.7880899997099
1238.3150599996768
852.4261599997709
745.8661599997843
1424.1215799998233
1114.6607499996924
908.689069999728
1459.2732199997442
1449.654029999333
1016.7217400001365
1364.2293700001549
960.8887799996102
868.5338799998841
1314.0247699998463
1441.1107399996235
1519.266719999723
1231.8361699995946
1067.6746200002128
1183.4110299995407
1468.7047699997304
965.3792699996665
1222.5425499995108
1211.682569999856
1189.5733199995607
921.9965700000354
1353.49842000019
1019.1444299998611
982.5000299995596
1071.8439700000472
1235.9627399995436
943.4033099997259
1063.953380000011
1160.8814799999955
1306.0662499994964
1141.3386099996076
913.225209999648
1261.161019999515
1237.7260399999873
1018.8655399997277
1723.7329299998976
1090.9374499996752
1179.290979999493
934.9481199996911
1062.7295099995113
1281.8394299999186
708.0077099997079
1350.4963199993724
917.3306499998766
1098.827129999587
1099.6404899997985
1238.445129999809
1436.9273799994294
1257.5331099995994
1177.1598899996882
1297.0129399998298
1194.6732299994758
1277.6300499996648
1094.2748999999485
1391.9057800001358
1798.346039999893
1121.0661499995506
970.0409299996959
918.8525100002214
1032.0154499998323
1076.950389999663
715.042190000131
1165.5567799995176
1180.7950799999462
1133.5528799995145
1159.9957899995177
1183.36544999973
1109.6228099995587
1295.1101399996487
995.3034399998076
761.0178999997158
1132.1613399999196
1348.4834599997503
1269.744219999922
915.5733599997712
1482.4029599999756
863.9628099997085
1322.3839899999002
1298.107820000175
899.3120800002199
1484.8076799999583
1550.20307999997
1321.106359999569
1550.541179999339
995.6354000003216
1376.5313499996787
958.754289999992
785.1490599997265
1575.3935100001306
763.8954599999005
1120.4119899998464
961.5405499996137
1642.5767399996619
1066.8465100004098
1034.8068599996075
1202.5066499997636
