11392.550000014286
12957.025000029607
8645.250000016546
5589.050000002801
3953.200000002142
13836.200000026143
4858.025000002433
7800.2250000135755
4641.325000002957
5059.500000003174
6183.675000004964
14552.72500003433
7532.375000009872
9635.350000017523
12037.20000002463
11734.450000025157
10875.52500002359
4133.675000001578
5911.675000005599
8758.675000014937
6280.225000007856
8184.550000012244
5003.875000003399
12354.9000000227
5686.575000004843
8083.92500001235
9862.77500001835
5433.8750000041
7345.550000011535
8354.825000012863
12012.15000002617
8382.600000012964
10972.250000005199
7571.050000012418
10358.15000001448
4873.425000001675
14480.075000006895
7377.750000009308
5858.125000005888
9778.500000018043
8737.100000016791
4383.350000001097
11424.450000026556
13641.924999999923
5678.45000000644
9754.900000017957
7741.825000010633
8511.075000013432
5567.075000005025
9873.000000018386
7699.1750000104785
8593.200000015073
6816.650000010139
6393.150000007243
6562.925000009951
7223.600000010118
10858.375000019772
7106.800000010681
5770.125000005602
9655.225000017594
8342.175000015268
13364.675000003637
4844.275000002459
4565.375000002588
9735.22500001008
6031.575000007343
7774.500000013275
7840.075000010991
4971.025000002722
7830.150000013231
7221.925000011548
5662.250000005865
8745.500000016216
12953.550000009674
12347.875000018263
7381.225000011007
8207.22500001471
11291.700000023548
10019.725000021546
13978.825000002395
5688.725000006152
6177.700000007466
6751.875000007031
8175.400000015303
8653.675000013951
7954.050000013036
7001.4000000104315
9540.175000017176
7071.2500000107
7336.125000009157
9062.325000007379
12361.300000027439
7500.900000009757
6781.025000009176
4999.250000003445
11254.425000009995
9189.600000018461
8056.175000012778
9486.45000001698
5058.025000005144
9560.175000017249
11345.800000023744
5422.625000003723
4851.9750000030635
10297.325000003155
9746.125000017924
9202.90000001606
11352.825000008448
15264.4249999952
5348.050000004472
5845.0250000039205
9205.050000016956
9992.850000018821
4669.900000001622
8809.92500001478
11136.625000022985
7865.475000011083
8364.02500001503
8178.100000014245
11788.175000024654
10526.575000020763
8192.000000002263
8107.80000001451
10430.975000020417
8299.825000012663
8505.475000015256
10134.175000019337
8377.700000014585
5683.50000000633
6779.275000007131
6113.5500000055235
10884.500000022066
8397.650000013018
7608.350000011091
10360.325000020159
5537.950000003966
5966.55000000528
8718.425000015943
6619.525000009111
7145.875000010872
13044.325000011817
5894.800000003914
10020.925000018924
7171.325000010816
9214.050000016668
13494.625000020245
10408.150000007618
8867.075000014727
6323.900000006004
10112.550000019259
7533.175000010209
7362.250000011543
10044.575000019671
8350.875000014395
8324.200000012752
7382.375000009325
10460.800000020525
12104.900000025198
9269.375000010914
10470.075000013472
9861.725000018345
6375.550000007287
9612.17500000761
10546.250000003602
8038.450000011713
10421.350000010541
15093.475000029759
6727.675000008473
6704.875000007996
7583.025000010055
5055.325000002683
12835.225000027827
9321.550000016381
6812.325000009665
4407.1500000014685
7014.750000007987
5687.300000004576
9269.250000018725
10449.050000020481
4985.050000003199
5910.900000007914
8229.600000014841
7013.425000010183
6253.7000000061
7458.40000001226
4606.000000002318
13932.47500000369
8668.775000014006
4797.175000001622
8482.275000015505
5122.775000004165
7235.475000011618
8125.025000012027
5807.7250000035965
4898.225000003416
6183.77500000647
9378.87500001659
12548.425000020652
8556.250000013595
14117.95000003383
10179.725000018567
4447.275000001551
7462.025000013271
7333.075000010513
6345.225000005756
7847.250000012854
12365.750000027456
5368.100000004686
5555.525000006144
8874.250000017377
9529.700000017137
9656.725000019538
8508.775000013424
10789.225000015918
6348.675000005896
11877.125000025677
5450.825000004557
4291.625000001657
8576.15000001646
4579.900000002377
6423.650000010437
8320.800000015217
7435.325000010871
7872.350000011109
9543.04999999905
8890.075000014811
4943.22500000297
5143.5500000041475
7265.150000010279
7744.875000010645
6595.425000010042
5483.97500000565
5615.07500000509
7205.600000008957
6511.575000006238
10548.17500001652
4897.15000000301
6878.950000007494
9123.40000001566
6601.200000008546
8895.425000016077
5287.750000004271
8702.975000007631
5477.475000003096
12345.450000027382
7590.450000011486
9488.100000016986
5273.125000004591
6227.950000007175
6037.650000006558
17359.64999997494
7441.375000012109
9588.700000017352
6918.900000007926
10229.025000012592
11661.075000024892
6510.82500001005
9003.750000015225
8492.900000013835
4967.100000003587
11218.875000011118
13394.125000019088
7852.625000012575
7329.175000013877
6689.0750000095095
7839.750000013364
4560.325000002638
7841.450000011226
5171.925000003106
7221.650000008742
4737.500000002784
5096.625000003436
6942.775000007727
11383.150000022793
11314.175000016923
8323.000000012747
8879.575000014773
15075.474999999253
4875.975000003239
8907.100000014872
8095.325000011919
6849.225000008184
5301.700000003993
5936.675000004366
6843.075000007746
8310.400000012813
5749.57500000531
4521.425000002821
5045.250000002214
8035.475000012778
5190.7500000016025
9040.425000014267
6968.875000009157
11197.32500002164
9782.025000002319
7816.925000012964
5473.025000005105
5426.675000004794
9121.750000002121
6712.9000000087235
6502.4250000099255
10718.200000021461
12936.775000021411
5373.050000004627
7899.5750000112075
7481.975000012506
6071.300000005404
8452.97500001322
7345.0000000091895
6854.475000008379
7861.050000012388
6587.00000000782
8489.100000013352
8056.525000006326
6482.275000007833
8666.575000013998
7242.15000001123
7236.850000009643
7067.750000009735
8295.000000014577
6253.8250000087155
5602.925000003212
6429.750000006226
9592.150000017366
7582.050000012478
6689.6500000068045
12157.175000007408
3958.2000000002854
7192.350000008633
7881.400000014148
8832.850000010425
4809.025000003781
7758.350000012934
4803.550000002715
5563.625000004776
6320.600000005463
9771.85000000721
7410.400000010835
10664.450000021265
6839.7000000107255
8301.400000012185
10329.87500002085
7054.450000008286
14647.750000023203
8076.575000014752
10318.450000020006
7634.100000011485
7643.575000009156
5089.22500000384
6051.12500000691
4194.525000001733
6526.850000009279
5914.3500000053145
6512.775000007701
6014.125000007272
9198.300000003605
9407.450000016477
8197.275000012743
8280.325000012592
10771.800000023139
5265.550000003941
4518.075000001796
8008.825000012439
9239.250000018192
7825.150000010937
7300.275000011069
6767.125000008315
6360.3000000075735
7803.325000012541
7498.800000012207
8150.875000012122
7318.225000012508
10661.625000016866
8382.37500001375
8312.87500000217
10426.925000010999
12285.750000008438
4007.5250000019005
7160.5500000106495
7954.825000011408
5796.750000004505
4432.875000001925
10097.150000019203
11562.400000024532
6188.150000007539
9083.150000009995
10796.250000022232
10673.450000010063
7590.300000010714
9097.02500001888
5107.500000003336
8711.975000016306
4639.475000001819
7419.650000009482
9328.300000016407
11818.625000027048
4977.225000005686
7345.925000009832
7282.425000012625
11308.075000018709
10879.500000017473
11860.300000007162
7348.650000011104
7482.325000012212
13527.80000001124
8531.900000013507
6766.375000008551
7856.900000012275
7756.4500000114695
13153.27500003032
4861.250000001326
10256.500000020267
10633.850000015496
9189.025000016736
10480.575000020597
9915.375000015447
5497.0250000038395
4722.050000002509
8219.700000012737
8931.750000014963
12850.40000002026
10146.32500002119
5246.450000003905
5429.325000004767
4200.17500000164
6107.975000006483
6408.275000005782
10486.175000017192
10011.47500001889
10602.47500002104
9604.22500001871
8522.475000013474
8536.775000015234
9150.575000017896
6373.000000007874
7865.600000012735
11939.100000025903
5879.87500000683
5856.875000006763
8723.65000001448
6995.950000007921
6332.000000008127
3789.500000000179
7315.650000009456
7025.075000008026
6970.550000008741
5896.125000006756
12003.425000026138
5814.150000005086
5984.350000006794
7413.325000006634
5829.875000006074
10357.70000002112
4109.325000000358
6286.275000007265
6360.000000005606
5019.550000001707
8944.775000015008
6668.525000009282
10071.075000019107
10150.900000019397
9271.850000006936
9028.92500000718
7178.325000008584
6194.700000005005
5210.500000003871
8192.900000013655
8040.575000006684
8889.650000015603
6256.550000006789
8480.925000013322
5779.700000005218
13332.300000030971
7201.425000010827
8033.575000011695
5923.425000006923
11303.975000010552
6009.60000000493
11787.975000025353
6787.225000008457
7975.825000013612
12011.450000023156
6484.225000008259
6761.650000006837
7912.725000008832
4818.375000002517
5481.775000004542
6687.375000009768
6507.650000006755
5464.475000004568
10275.675000019852
4846.225000002109
7531.000000010559
6322.4250000074335
11056.825000022693
3851.450000000558
7570.425000005336
6765.950000009725
9349.950000011226
7806.525000010868
13386.450000006866
8333.550000012787
6535.800000010201
5835.3250000045355
7324.750000010309
6495.500000010079
8554.450000015822
7255.350000010375
5715.275000005937
6634.975000008354
7074.725000008206
8878.425000014604
7184.225000010065
7667.275000009287
7727.125000011821
6936.750000009068
4870.525000003405
12111.075000026527
12420.875000001393
6140.450000008136
5536.550000005625
11081.22500000344
7992.125000006577
9741.97500001791
9732.250000017872
10924.825000022214
6246.70000000748
12692.075000006647
8122.2250000133445
7501.450000006798
10325.000000022377
7975.925000012327
7728.200000010584
10633.650000021153
6340.975000006936
6255.325000005225
9618.175000009964
4493.125000001842
5449.250000003525
6897.75000000976
8132.0250000124615
4441.6750000010325
12381.675000026225
7988.0750000136195
8124.500000014106
5918.875000007301
7227.925000011412
7266.225000009656
6703.350000009432
6784.500000010286
7506.15000001064
4816.775000002516
8011.125000013886
7217.975000008728
9982.550000018786
4761.925000002855
9049.02500001515
6230.725000007358
5826.400000005397
6744.150000007004
9865.175000021363
5363.325000004684
4459.025000001513
5634.050000005798
5765.425000005336
10366.950000022473
12527.150000005746
6678.2250000072745
6312.325000005432
5806.950000006604
12395.29999999726
7599.725000010442
6449.350000009083
11784.775000025342
6097.950000005765
6094.900000007352
7183.350000011744
11325.100000023669
7699.950000010481
7782.50000001119
7957.225000011416
7275.20000000945
7507.300000012503
7197.975000011949
7170.600000008591
4545.800000002143
5655.600000006027
14074.300000018304
5052.150000003556
5612.225000005722
10163.350000019444
8766.550000014362
8029.875000007961
7602.000000012567
6995.825000009187
7046.975000009066
7149.625000009082
6310.575000006022
8828.825000017061
5254.050000003995
7495.22500001104
5364.150000003071
5252.000000004569
4985.275000003203
7619.6000000101885
5361.975000003309
7383.125000012601
6277.7500000075715
9421.800000016745
6342.200000008044
9118.825000015058
5274.7000000040825
6024.900000004936
8242.900000012456
4136.900000001205
8626.200000015171
8830.475000015427
9327.350000016402
10289.800000020241
7201.600000011396
9264.475000016173
9999.750000019296
5686.800000004807
10888.20000002208
8075.975000013701
10188.125000005748
9946.125000020935
9262.375000017562
7082.57500000871
11269.825000023468
9026.80000001736
5985.075000005114
6070.825000004666
7308.400000009788
8612.925000013998
5792.4750000044605
6146.05000000736
7967.600000011767
13324.450000004212
10660.700000008776
5389.525000003659
11725.575000025126
14365.025000034728
9756.550000019251
9292.850000001074
16049.275000012934
5705.350000006571
8566.625000016009
6533.07500000766
6760.825000009463
4767.050000001938
10672.825000021296
8029.975000011682
5056.350000002705
9081.825000016612
7336.925000009161
5866.650000005873
10957.950000022334
9497.97500001702
10297.075000004108
6032.550000006314
9896.900000005986
9031.500000015325
5569.000000004863
13879.875000028103
9448.150000016842
5351.775000004487
7782.150000013444
6705.2750000088345
5969.800000006449
8904.97500001657
6947.025000008504
8426.475000014536
7099.475000008296
6147.850000005464
7813.525000005823
4234.625000001264
11572.850000024358
9952.025000020745
4264.675000000503
5759.750000007288
5534.175000005316
9377.600000007787
7281.250000010716
9807.850000018148
7565.650000011722
10535.250000020795
6295.475000006994
4965.450000002942
8415.475000013084
8673.825000015015
5889.850000006632
6871.200000007466
9304.075000016775
11392.900000017582
6717.325000008481
8280.65000001319
11088.375000006266
11523.625000018452
7201.900000008902
10943.35000002228
6143.300000004818
7404.875000009407
10177.700000019495
12632.000000028424
4936.00000000243
8931.525000010919
6218.775000005093
5697.850000004555
6662.475000008128
9764.15000001786
8485.400000016414
6488.475000007151
5135.225000004306
15922.499999989606
7199.100000009665
12731.900000018013
8860.525000014703
10238.275000021022
11042.650000009053
5415.500000004284
4577.150000001779
9822.050000018202
6104.150000007743
5476.300000004561
8168.7000000126445
6329.500000005495
6843.600000009015
7922.875000012806
6445.6500000063925
7686.625000012575
5850.9750000054755
8641.999999999389
6216.3250000078715
7932.200000011326
9723.200000009529
6257.025000008188
9462.825000016894
7167.900000008545
7442.12500000916
6345.075000009536
12006.300000012954
9770.775000012069
9195.25000001592
4691.750000003502
7207.300000008842
9540.300000009109
6071.725000007433
9493.050000017003
10107.000000014508
8997.45000001667
6026.900000008611
13698.575000032306
6339.10000000553
8025.375000011665
5848.075000007119
8004.0250000115875
10034.475000019418
7693.750000013584
10009.300000021329
9372.125000018581
5254.125000002802
9724.700000017847
5923.000000004593
10297.350000016635
6479.025000006603
9572.77500001826
11318.550000020554
7249.250000008841
6081.850000005822
5324.800000004428
8323.625000013846
6875.900000010042
6106.625000005712
9323.075000004956
9092.300000017456
8643.000000015527
9908.900000002326
9767.450000018001
8966.724999997914
10040.37500001083
5089.175000003597
6134.450000006981
6437.9000000082215
5799.300000006677
7733.125000010602
11711.100000025162
6192.950000005887
10984.650000015696
10623.65000000165
13377.075000001714
5274.400000003543
12137.42500002682
7441.30000000954
10868.550000022009
6336.6000000073
7480.5750000123535
12867.974999998863
8077.000000009685
8039.375000012416
11602.600000024679
8272.700000009138
9878.725000018407
5670.50000000565
14277.800000010902
7275.0000000120635
7020.500000008238
11696.07500000608
7021.875000011483
5593.625000004557
9958.025000018695
7560.5750000097905
8914.375000017082
11465.7000000199
7013.600000007984
9043.400000015217
4884.425000002635
6602.6750000100565
6887.475000007525
8953.900000013244
5904.000000007496
7823.6750000109305
9309.52500000365
5010.500000001804
6177.025000005805
9340.525000017224
13813.350000012575
5726.900000004769
12316.775000001766
10258.300000019788
5531.850000002822
11266.95000002505
15980.450000025416
6953.875000010848
7189.625000011352
6566.850000007043
6402.950000005762
8621.6750000157
9838.275000019088
9621.25000001747
9616.975000017455
6827.900000010897
5210.1250000039845
7197.57500000992
3979.200000000897
6856.675000008516
4774.950000002357
7011.3750000083055
8416.125000013533
10081.300000019144
7717.700000004681
10979.525000021129
4531.725000003045
7646.00000001359
10447.625000020476
9879.125000018408
6184.525000006743
7951.700000012192
5915.075000006136
6200.250000005268
8009.075000011605
5203.72500000295
6666.7000000087
6720.075000009188
10232.250000019692
10483.475000020608
12990.500000008713
6291.125000005355
6215.600000005081
8512.550000015774
13419.675000025383
7566.900000012887
8604.950000014305
7499.650000010552
14436.075000017732
6255.750000007731
13396.525000011385
7130.775000010935
8905.850000015993
8151.000000012122
6856.525000009542
7768.4250000107295
7436.175000011589
6910.32500000775
5887.200000003886
6105.825000005226
8088.400000011894
8439.275000013171
12830.57500001494
7682.450000010418
11328.250000019201
7156.550000009
4734.975000002643
12932.875000028562
5538.975000005452
8806.250000016385
8850.700000014667
5678.875000004875
9854.80000001832
7727.10000001058
7969.050000012226
7629.875000010226
5766.125000006343
4946.125000004753
8309.8750000127
6546.100000008071
7873.700000014154
11365.275000016121
6806.5000000086275
10452.475000006223
10913.525000001686
6691.00000000681
7218.975000010621
10596.450000014709
10544.125000020827
9572.600000017293
6260.000000006425
10318.45000001478
5104.0750000027165
8455.55000001404
7500.8000000068605
8204.775000012318
11630.025000000416
6598.200000009069
7201.575000010165
10956.425000024428
6940.250000010625
5579.375000003966
9951.650000016532
9014.025000006983
7679.050000011889
10274.350000019847
8802.550000005265
8548.200000014356
9366.450000015597
5457.300000004618
9954.450000018682
10772.12500000496
7072.450000009654
11400.300000023943
6162.675000004889
8360.250000014388
6674.500000008753
5249.7000000036205
10097.525000019203
6266.175000006269
7020.300000008008
6879.4250000112515
6829.750000009887
8981.700000015144
9109.500000016653
8868.550000014731
8303.550000014104
7671.450000010376
10410.87500002082
8437.775000013165
8851.800000014671
8644.350000010516
11691.900000007205
11488.025000024261
6707.675000008372
6368.650000007197
10734.35000002152
7249.600000011245
7079.675000009114
10196.625000019563
5305.750000003451
10468.475000020553
7499.925000009754
5795.875000004529
8778.150000014404
7572.025000012455
7274.500000010141
7887.400000013212
6359.750000007224
7856.475000008084
11900.72500002376
10580.550000007072
5563.100000005311
9887.750000006112
6217.200000007895
9956.50000001869
12107.950000006735
10376.375000022317
11593.450000024646
10441.825000016765
7991.250000011541
7366.87500000927
9210.575000018187
8944.500000017599
7692.175000012301
4911.375000003445
10706.000000021613
7663.825000010349
9711.375000017799
7365.6000000092645
10313.975000019991
13202.9500000305
7941.075000014129
8449.27500001606
