18501.40000001126
15716.800000039646
13714.500000032362
7262.900000008891
7398.300000009383
17849.30000002075
7047.200000008106
12339.60000002736
7586.700000010069
8020.1000000116455
8287.600000012619
16554.800000039588
9469.70000001692
12088.200000026445
16742.400000036858
15796.500000039936
14452.900000035048
7575.500000010028
8867.000000014727
12673.400000028574
13062.50000002999
10236.200000019708
8623.000000013839
17420.700000026987
10211.400000019617
11603.700000024683
12413.80000002763
8095.50000001192
12984.000000029704
13110.100000030163
14451.300000035042
11369.20000002383
20163.09999998708
14863.500000036542
17631.300000023923
7546.100000009921
20697.599999979302
9951.900000018673
9314.700000016355
13462.700000031446
12690.200000028635
6740.50000000699
16348.500000041944
23459.199999939116
12002.700000026134
12364.50000002745
10667.400000021276
11217.100000023276
7598.7000000101125
12669.60000002856
10262.900000019805
15517.500000038921
11045.800000022653
9907.20000001851
12780.900000028965
10455.200000020504
16867.500000035037
11119.20000002292
8985.300000015157
12932.800000029518
15614.300000039273
22420.59999995423
7417.300000009453
7700.900000010484
18100.700000017092
10347.00000002011
11517.80000002437
9956.50000001869
8082.900000011874
12893.700000029376
15750.400000039768
11073.400000022753
16196.500000041391
20764.199999978333
18840.30000000633
14591.200000035551
12985.300000029709
12918.300000029465
13437.900000031355
21612.29999996599
8442.900000013184
10519.300000020738
8240.400000012447
12916.300000029458
14174.700000034036
11913.80000002581
14019.700000033472
16009.800000040712
10312.500000019985
11081.300000022782
18156.000000016287
14851.500000036498
11477.000000024222
11762.30000002526
9246.200000016106
19947.799999990213
15726.40000003968
14692.70000003592
13083.500000030066
11703.500000025046
13982.200000033336
13052.100000029952
7688.500000010439
9182.100000015873
20268.89999998554
15924.500000040402
12767.200000028915
19752.999999993048
24477.1999999243
8098.600000011931
8024.10000001166
16739.800000036896
14650.900000035768
7240.300000008809
13671.300000032204
13610.000000031981
10105.00000001923
15305.000000038148
13280.000000030781
16537.900000039834
12111.200000026529
19215.200000000874
15795.700000039933
14376.900000034771
11658.300000024881
16513.700000040186
13266.10000003073
16092.500000041013
9353.300000016496
8304.800000012681
8814.000000014534
12768.50000002892
12719.400000028741
12822.400000029116
12901.400000029404
8090.300000011901
8213.70000001235
15429.3000000386
14272.400000034391
14870.200000036566
18999.60000000401
8591.000000013722
13092.8000000301
12909.200000029432
15437.70000003863
18872.60000000586
19180.200000001383
11780.200000025325
9702.500000017766
12183.800000026793
12134.200000026613
16527.700000039982
16710.70000003732
16260.100000041622
10069.600000019102
10436.400000020436
12148.600000026665
16671.700000037887
18048.100000017857
17942.300000019397
14552.900000035412
10256.500000019782
18626.50000000944
20173.99999998692
10925.100000022214
18985.600000004215
18059.50000001769
9473.200000016932
11829.300000025503
11727.500000025133
7097.400000008289
16677.6000000378
13614.400000031997
11634.200000024794
6976.600000007849
9496.700000017017
9561.200000017252
15293.200000038105
13513.100000031629
8128.300000012039
12553.600000028138
12756.100000028875
10488.600000020626
8517.700000013456
13044.800000029925
6941.700000007722
23287.999999941607
10805.300000021778
6552.600000006307
12691.60000002864
8582.500000013692
11429.200000024048
10342.500000020094
8342.400000012818
8479.200000013316
9003.400000015223
11526.0000000244
18026.00000001818
14696.700000035935
15982.400000040612
16679.80000003777
7252.000000008851
15281.10000003806
11102.50000002286
10383.900000020245
10660.00000002125
15798.100000039942
8782.60000001442
9765.700000017996
13455.60000003142
12338.400000027355
14230.000000034237
11215.30000002327
18105.100000017028
8897.100000014836
14430.600000034967
7345.300000009191
7136.400000008431
14495.800000035204
8207.800000012328
13739.800000032454
15393.100000038468
13056.300000029967
13486.800000031533
20711.199999979104
11981.200000026056
7907.800000011237
7603.700000010131
11868.200000025645
10162.60000001944
14729.000000036052
11268.800000023464
8099.700000011935
10170.80000001947
10303.400000019952
17334.800000028237
8495.000000013373
9188.400000015896
10810.500000021797
13339.100000030996
14509.900000035255
7817.400000010908
18133.600000016613
7705.600000010501
14718.100000036013
15909.300000040346
16005.400000040696
8260.800000012521
9708.500000017788
9247.600000016111
25418.599999910602
13823.400000032758
11821.800000025476
11070.400000022742
17942.80000001939
15359.000000038344
14102.200000033772
10800.000000021759
12467.900000027827
8961.700000015071
19059.40000000314
19046.800000003324
12430.60000002769
13370.000000031108
9092.000000015545
10932.40000002224
6978.800000007857
10309.400000019974
8048.500000011749
11592.500000024642
7075.80000000821
7531.9000000098695
8812.500000014528
16623.700000038585
17858.600000020615
12329.000000027321
12512.300000027988
21581.299999966443
7505.600000009774
12204.000000026866
10920.100000022196
9771.100000018016
8687.200000014072
7703.000000010492
11114.300000022902
12887.800000029354
8465.000000013264
7953.000000011401
6620.4000000065535
14250.20000003431
7203.300000008674
16967.200000033587
12000.200000026125
16728.40000003706
20111.699999987828
11589.30000002463
8209.800000012336
9226.200000016033
19629.89999999484
10539.700000020812
13649.800000032126
15479.600000038783
18170.100000016082
9350.600000016486
12195.300000026835
14624.800000035673
9030.800000015322
11439.900000024087
9508.700000017061
11192.200000023186
11724.500000025122
9771.600000018017
14534.700000035346
17884.700000020235
10414.900000020358
11146.300000023019
13796.800000032661
9974.300000018755
10666.500000021273
16423.3000000415
12300.500000027218
7538.900000009895
9669.900000017647
13294.200000030833
13387.800000031173
8906.700000014871
19534.599999996226
6126.300000004756
8554.70000001359
14543.900000035379
17371.300000027706
7350.400000009209
12100.000000026488
7585.5000000100645
8827.700000014584
8932.100000014963
19075.100000002913
12838.900000029176
14693.800000035924
10835.500000021888
16956.70000003374
14849.700000036491
10095.700000019197
19144.500000001903
10768.600000021645
12181.800000026786
10534.600000020793
17173.80000003058
7584.4000000100605
9882.000000018419
7888.300000011166
10614.700000021085
7979.800000011499
11070.200000022742
13363.300000031084
19095.000000002623
16587.00000003912
12891.300000029367
12309.30000002725
13712.400000032354
8806.000000014505
6718.900000006912
15147.900000037576
13039.600000029906
13927.300000033136
13793.100000032648
10030.90000001896
9232.300000016055
15684.300000039528
12709.700000028706
11880.900000025691
15097.300000037392
17349.400000028025
16488.60000004055
18999.400000004014
19149.60000000183
20349.39999998437
8010.30000001161
12204.90000002687
10800.000000021759
7714.000000010532
6928.200000007673
15494.700000038838
14726.100000036042
10937.90000002226
17597.300000024417
13894.000000033015
18952.90000000469
11099.200000022847
15299.500000038128
9151.30000001576
11699.30000002503
6581.600000006412
11057.500000022696
12365.000000027452
16402.400000041805
8128.800000012041
11068.000000022734
14090.40000003373
17744.20000002228
17389.70000002744
20119.499999987715
11089.600000022812
14091.900000033735
20878.899999976664
10234.500000019701
10362.400000020167
12643.600000028466
11849.100000025575
16000.300000040677
6901.900000007578
14301.000000034495
17628.500000023963
13499.70000003158
12432.800000027699
17064.300000032174
7369.600000009279
7313.700000009076
11928.200000025863
11071.400000022746
18353.900000013407
15921.40000004039
7559.100000009968
10077.800000019131
6947.900000007745
9151.500000015762
8937.500000014983
17485.20000002605
11599.600000024668
14051.90000003359
15624.900000039312
12811.300000029076
14869.700000036564
14265.400000034366
13078.90000003005
14857.100000036518
15299.700000038129
9166.600000015816
11462.70000002417
12268.3000000271
9167.70000001582
10298.400000019934
6023.700000004383
12222.400000026933
9393.00000001664
11882.200000025696
8298.90000001266
14810.000000036347
10322.600000020022
10398.300000020297
17575.000000024742
8446.900000013198
16584.700000039153
6050.200000004479
8958.60000001506
8652.900000013948
6898.900000007567
14568.000000035467
11189.800000023177
13052.900000029955
15408.100000038523
18857.100000006085
18321.700000013876
9718.000000017822
8072.800000011837
7428.100000009492
15891.700000040282
18180.100000015937
13355.700000031056
9988.100000018805
10529.400000020774
7640.600000010265
15779.900000039876
12285.800000027164
10916.200000022181
8400.70000001303
19310.499999999487
9870.700000018378
15718.300000039651
8846.10000001465
11760.500000025253
17045.700000032444
10935.700000022252
17162.90000003074
17230.400000029756
8290.60000001263
9902.400000018493
13073.000000030028
9716.300000017816
9231.00000001605
13106.40000003015
7624.400000010206
11323.700000023664
11052.700000022678
13056.400000029967
6377.300000005669
17933.500000019525
9758.70000001797
17889.10000002017
11919.10000002583
21727.89999996431
12809.000000029067
16183.900000041345
7747.100000010652
11278.4000000235
15669.400000039474
15730.600000039696
9848.100000018296
9155.700000015777
10000.000000018848
10068.100000019096
16762.90000003656
10339.200000020082
17292.70000002885
15891.20000004028
12145.500000026654
7489.500000009715
15788.700000039908
22263.19999995652
10573.600000020935
10690.100000021359
20637.599999980175
18102.500000017066
11197.500000023205
16605.200000038854
14402.800000034866
8968.700000015097
21220.499999971693
14201.500000034133
17354.800000027946
14710.400000035985
11634.800000024796
12547.500000028116
15380.600000038423
9135.000000015702
9217.800000016003
18193.400000015743
7371.000000009284
7968.7000000114585
10225.400000019668
14427.000000034954
6968.800000007821
16667.000000037955
16027.300000040776
12814.700000029088
9297.500000016293
10567.100000020911
11683.100000024971
8906.700000014871
9071.700000015471
11514.80000002436
6994.300000007914
12066.400000026366
12562.000000028169
14762.000000036172
6827.200000007306
16436.50000004131
10429.10000002041
9907.700000018513
10720.60000002147
15047.30000003721
8377.700000012946
6896.900000007559
8022.000000011652
7888.300000011166
14896.400000036661
21286.69999997073
8900.70000001485
8137.400000012072
10177.100000019493
23047.499999945107
9803.600000018134
14131.80000003388
13631.900000032061
8012.4000000116175
11758.600000025246
15354.600000038328
15828.00000004005
13996.800000033389
13344.000000031014
13001.800000029769
9590.80000001736
14379.900000034782
13404.100000031232
9980.900000018779
7262.60000000889
8688.600000014078
19763.1999999929
9071.30000001547
9324.700000016392
13551.70000003177
11191.000000023181
17371.500000027703
14354.30000003469
12309.700000027251
16714.300000037267
9723.700000017843
9036.900000015345
13274.800000030762
7171.800000008559
14356.900000034699
8301.70000001267
9146.500000015743
8154.800000012136
10739.70000002154
7957.7000000114185
14564.400000035454
11154.600000023049
12243.50000002701
10567.600000020913
16512.600000040202
9903.800000018498
8567.400000013637
11584.000000024611
6757.3000000070515
14483.400000035159
11907.600000025788
12539.700000028088
15437.50000003863
15284.900000038075
13424.100000031305
15511.9000000389
8358.700000012877
14111.400000033806
12299.400000027214
19673.399999994206
15407.30000003852
15943.900000040472
11088.300000022808
13136.60000003026
13976.600000033315
10401.80000002031
7949.100000011387
9713.800000017807
14145.000000033928
10044.40000001901
10340.500000020087
10815.100000021814
22262.099999956536
19821.199999992055
8696.900000014108
15272.200000038029
16169.500000041293
13839.700000032817
20185.79999998675
20594.899999980797
8873.40000001475
14529.500000035327
10690.000000021359
10478.400000020589
7564.500000009988
12915.300000029454
10854.300000021956
7558.800000009967
14789.400000036272
9196.800000015926
9314.900000016356
15154.3000000376
11151.100000023036
19863.299999991443
11846.900000025567
19130.100000002112
11098.700000022845
10195.000000019558
17453.000000026517
11381.400000023874
8445.600000013193
11425.700000024035
8919.500000014918
8341.100000012813
14097.400000033755
11790.800000025363
11038.600000022627
10090.400000019177
8645.50000001392
17804.800000021398
6673.300000006746
16430.600000041395
13586.700000031897
6418.90000000582
10503.000000020678
9752.300000017947
18459.000000011878
12391.300000027548
13365.700000031093
10164.000000019445
15846.500000040118
10803.900000021773
7365.000000009262
12045.200000026289
13986.00000003335
8904.200000014862
10533.100000020788
14075.800000033676
18016.100000018323
10233.700000019699
14996.900000037027
20048.599999988746
17498.500000025855
11770.50000002529
14625.500000035676
8752.50000001431
9498.400000017024
12019.700000026196
16291.000000041735
7617.20000001018
17755.80000002211
8357.800000012874
10424.400000020392
12078.200000026409
16919.50000003428
14239.900000034273
10746.900000021566
8585.600000013703
24223.499999927993
13340.700000031002
19317.19999999939
10409.300000020337
14782.500000036247
19788.099999992537
9454.700000016865
7443.600000009548
11528.200000024408
10901.600000022128
9075.700000015486
12996.70000002975
8489.500000013353
9000.700000015213
16127.100000041139
9395.200000016648
13256.600000030696
9609.100000017426
19944.199999990265
9898.50000001848
12097.70000002648
18212.10000001547
9963.000000018714
11206.900000023239
11214.600000023267
17143.400000031023
15996.000000040662
19285.099999999857
18242.200000015033
11400.200000023942
7465.600000009628
10928.400000022226
18216.20000001541
8989.800000015173
13999.9000000334
17915.90000001978
16600.200000038927
10585.100000020977
15429.2000000386
9148.30000001575
11203.500000023227
10451.800000020492
10210.000000019612
16330.600000041879
12180.700000026782
14841.20000003646
14846.100000036478
8086.800000011888
15641.700000039373
7833.500000010967
17119.700000031367
9871.900000018382
14118.00000003383
17063.700000032182
9951.20000001867
9242.200000016092
7568.900000010004
14248.200000034303
13782.90000003261
8998.400000015205
19310.99999999948
14041.800000033552
15791.100000039916
20086.0999999882
15104.000000037417
20639.89999998014
18552.000000010525
7127.500000008398
12469.800000027833
9476.600000016944
9227.700000016039
10473.10000002057
14941.900000036827
9760.900000017979
17864.900000020523
20664.69999997978
19886.699999991102
8803.500000014496
16150.800000041225
12286.700000027167
14850.300000036494
11967.700000026007
12825.400000029127
23072.79999994474
17043.90000003247
16150.400000041223
15080.700000037332
17388.600000027454
11102.80000002286
9064.300000015444
21553.19999996685
15353.800000038325
10019.50000001892
20548.69999998147
14689.80000003591
9170.000000015829
16326.000000041862
16968.600000033566
12900.100000029399
17325.200000028377
8254.200000012497
16856.800000035193
7435.600000009519
12189.500000026814
9315.200000016357
17019.90000003282
13702.300000032317
11155.600000023052
19261.300000000203
7293.400000009002
8629.00000001386
15641.700000039373
20394.999999983705
8984.600000015154
21993.79999996044
14193.500000034104
7552.8000000099455
15834.500000040074
18633.200000009343
15126.8000000375
14745.900000036114
10857.700000021969
10265.600000019815
11151.600000023038
13614.800000031999
16312.300000041812
13487.300000031535
13633.000000032065
8619.100000013825
10338.900000020081
6061.900000004522
10936.600000022256
7159.100000008513
13045.700000029929
11922.200000025841
13894.500000033016
18237.300000015104
16666.00000003797
7756.700000010687
16301.200000041772
14501.400000035224
11531.50000002442
9263.100000016168
16512.500000040203
9924.800000018575
8685.900000014068
10267.600000019822
7986.800000011524
9819.20000001819
10022.900000018932
13395.4000000312
14390.30000003482
21005.099999974827
8215.500000012356
8443.100000013184
16123.100000041124
17682.700000023175
14413.500000034905
13727.200000032408
11787.30000002535
20178.599999986855
13321.20000003093
20948.59999997565
10655.400000021233
12523.200000028028
10932.10000002224
14259.900000034346
10647.400000021204
13271.100000030749
12877.700000029317
7854.200000011042
8839.000000014625
11073.300000022753
15263.800000037998
19508.29999999661
9615.70000001745
17368.800000027742
11491.700000024275
7561.400000009977
16594.100000039016
7538.000000009892
14205.200000034147
16270.700000041661
9536.500000017162
13429.200000031324
10110.40000001925
11865.000000025633
11275.80000002349
9079.900000015501
8641.400000013906
11088.100000022807
9734.500000017882
12831.100000029148
18075.700000017456
9965.500000018723
19522.099999996408
20888.999999976517
8353.70000001286
11196.500000023201
18251.3000000149
12937.000000029533
12475.800000027855
10860.500000021979
18045.300000017898
7492.300000009725
16293.000000041742
17199.30000003021
11092.200000022822
21741.59999996411
9360.800000016523
16402.20000004181
15663.00000003945
13831.200000032786
8475.800000013303
16854.700000035224
18238.600000015085
10148.80000001939
12819.700000029106
18420.30000001244
12243.100000027009
17130.300000031213
8516.10000001345
15753.60000003978
20278.799999985396
9767.500000018003
15999.300000040674
9718.100000017823
14380.400000034784
14404.300000034871
7937.400000011345
12657.000000028514
8457.700000013238
8976.900000015126
12296.100000027202
10166.100000019453
13159.700000030343
14827.000000036409
12293.10000002719
14464.000000035088
11062.300000022713
16699.100000037488
10800.000000021759
14344.400000034653
17475.60000002619
20297.999999985117
15384.800000038438
9044.600000015373
8353.70000001286
14153.80000003396
12226.90000002695
11409.100000023975
13091.700000030096
7780.600000010774
14692.40000003592
9802.000000018128
7942.800000011364
10758.200000021607
12749.600000028851
10824.100000021846
11642.400000024823
10106.500000019236
17611.200000024215
16824.300000035666
19438.299999997627
10204.00000001959
19353.49999999886
12985.70000002971
13258.500000030703
20825.099999977447
15126.100000037497
16169.300000041292
17195.90000003026
10526.000000020762
9496.500000017017
14491.600000035189
12416.60000002764
16280.900000041698
8218.700000012368
15119.100000037472
10394.400000020283
12181.800000026786
10418.30000002037
12716.40000002873
15668.700000039471
14196.600000034116
12581.40000002824
