640.2232300001871
559.9944200001007
470.67441000022313
349.3402500000066
340.05720999999517
580.2909500001477
379.6619800000201
491.37351000000336
326.87389999999783
440.45455000000123
396.39299999997917
643.5218200003596
382.79225000000594
512.6400000001036
605.8331900004971
612.6209200004055
598.5415500003709
343.8284099999973
423.77358999999393
437.0221899999904
438.2084500000869
419.436779999952
419.2819199999904
558.642240000219
437.15994999997883
393.0036799999452
448.56606000002546
376.7029000000018
539.5909500000968
537.6146400000293
539.0229500000692
458.7939599998959
597.3867300003293
536.1368100001085
539.3917600002617
402.2774000000039
673.0477400005065
420.87143000006387
425.83877999994553
456.0008900000095
359.51744000001213
346.8036500000251
486.02014000019153
624.8544200003722
329.42881000000847
378.38899999999944
501.2121900001872
490.7056400000371
378.6677800000088
533.4931500003382
360.15254999997813
531.7211499999427
481.69608000003956
390.90214999997727
455.4421800001686
423.70152999998294
637.6489000004564
446.1677399999748
358.9773799999962
537.8167500000645
479.65107000024113
533.5681500002755
399.46618999999805
362.3403499999958
522.0759500000605
364.1494600000075
561.0943000000899
415.7466899999891
374.44615000000476
421.95384999999425
394.1144200000035
448.718020000072
506.1340100002442
609.5190100004968
476.0556900001752
641.7647100001708
472.25144999997576
751.1832100001254
536.8822000003854
620.0658400002725
387.21029999998586
501.33415999997226
356.71492000001433
431.34464999995413
470.1598300000507
431.2454699999842
469.8836900001064
455.9542700000568
344.33518000001663
496.6048799999792
471.6815099999449
546.3274300001974
600.2302599999495
473.42361999999395
325.9938700000239
604.5034700003995
538.8942000002357
454.9477899999783
488.52148999993864
384.7556800001221
459.41982000020784
609.2219300003159
362.35277000002026
378.9072600000153
529.1332699999814
552.0117800002372
420.4622799999536
564.2253000002158
559.2805800001897
451.06626999998565
367.0994299999869
569.3310300002262
496.32397999997403
355.12703000001073
392.12696999997587
459.8468899999129
443.77662000019393
551.5203000002439
346.886229999997
536.3231700002194
482.7445099999597
378.3997599999901
506.85311000023836
484.1316800001946
532.1908900000565
541.1857800002279
478.72615999992956
447.78389999997825
359.1513100000458
472.67423000002236
334.7329400000242
511.85004999994953
614.2646699999459
470.235080000024
610.4565800004334
380.3973300000165
457.80032999997036
519.428320000232
485.03816000018946
400.7502900000106
571.5023700000992
346.7497099999983
523.0551600001139
458.62949000025304
507.0242600002904
658.7138800006519
583.1729100002575
537.0050199999315
464.13793000000146
511.85009000019835
432.78704000009714
467.9611500001697
464.3505200002099
446.30348999999563
506.84154000001706
467.48463999993095
581.901710000158
438.2016700000073
489.4005400000541
549.410840000385
561.365529999875
420.79078999998507
511.5597000000474
609.959160000272
477.458350000218
510.58963000020884
578.4909400000204
413.1423099999777
410.7631699999636
492.2780099999704
345.1002899999873
611.799000000232
528.2587599999447
512.5587000000702
319.56678000001887
479.55610999999436
377.1083099999861
525.8970300003397
438.33843999996236
339.6745999999988
438.40554999999387
534.0849300001854
465.2687100000156
480.3112899999749
481.9719800002367
352.7650599999852
693.3114600003594
455.3543499999634
351.75679000001315
422.87404000003386
432.64744999997924
555.0306099999443
497.14316999994065
376.3754099999927
444.7109999999955
419.7610699999861
542.4327800000884
432.45299999995336
449.4341500002032
573.778810000251
600.6290300002164
349.0022400000155
477.9214200002519
535.5126899999133
424.99542999995555
448.32758000009466
579.3756600002064
377.70394999994846
419.763909999983
536.1780199999818
558.5349300000306
552.8260700001747
521.5436699999809
611.0021400005012
409.71598999999696
518.514140000281
382.4666599999944
359.97619000000986
499.9928000002358
335.736500000012
455.61207000006675
430.33249999994433
491.9113699999507
467.5438400001492
638.7989700001958
538.8473100000122
340.6387899999811
345.55748999997894
456.37343999996943
459.526459999997
305.66604000003167
410.6169000000325
368.4196399999704
482.1044899999761
422.1821100000401
630.9305099999083
356.88764999999853
431.6220299999618
476.7644000002069
444.01968000001887
486.6964499999864
436.96055999999766
529.9738999999381
437.4958199999915
532.3830299999803
412.16524999997966
505.5603700002923
380.649529999997
472.5557699999609
364.5709099999896
803.1978299999865
382.44737000002095
505.7486000001608
443.79744999992965
534.2566499999425
540.4869900004604
337.174969999988
429.9058400002248
458.47468000017136
402.9492600000035
633.065040000491
662.4854200004703
519.0352699999606
461.2932300002043
396.3529499999936
423.7857599999659
346.90982999999864
489.9826799999987
397.6489799999965
511.7752099999563
329.8336499999977
403.93942999999365
523.6800400000036
524.6199900000302
632.2704700003449
398.1753100000085
548.3461400000605
546.9777500001765
373.4389999999927
530.4639899999712
418.0070699999311
515.7553199999535
375.89450000001176
366.56991999998434
434.07645999996845
517.493620000009
474.3072899999773
415.29575999998184
369.6211800000143
432.5876599999949
352.6241100000217
542.4574600002641
440.3135200000399
505.0236200001023
484.71355000000983
501.2800800000225
429.682519999998
371.2052299999775
564.4629100002148
438.7143500001159
457.54201000025273
574.8821000002318
611.6818400003485
410.4400899999711
466.7690200002298
416.9252600000085
418.6518299999713
488.05688000005904
432.1714899999743
547.0101599999791
396.6614399999572
425.5794599999468
457.66474000014284
683.2513300005221
439.69862999993376
522.1686100002084
513.1410500000239
421.4260399999543
476.7894700001814
512.1366900002154
373.04191000001885
398.2745199999917
410.19153999999077
478.88715000022285
412.7885200000082
450.76780999997936
739.2409400004524
342.61294000003005
424.1198600000622
455.2694900002472
548.2164400002289
355.69222000001207
540.1400000000887
431.3185100000278
388.5266499999727
357.6085099999666
584.1684400002173
453.21333999996835
501.8182799999697
409.68268999995473
473.4619600002307
601.4212800001956
482.7247399999794
639.4281500001595
407.34469000000047
452.6860899999885
516.2297300000232
460.2913400002773
429.27317000001756
396.87633999998684
320.25446000000403
415.4976300001321
453.57658999997636
453.6007199999538
446.47793000017055
529.8128200002495
521.6941700000078
463.172069999979
604.0740999999333
593.7611000001563
428.2659500000053
323.46480000000685
395.739890000014
461.36249000002323
512.5907200000518
449.6079099999745
450.7579199999656
409.7329299999594
513.558880000231
460.5625700002262
454.6655100000047
487.8527800002464
581.0128600001837
556.5433500001732
540.3970600002417
538.7275600002181
570.7366900000475
310.6925600000305
381.1709799999776
345.7731800000019
352.13463999999055
306.9068400000004
461.59553000018116
590.4472400001019
378.0181699999705
469.5918399999528
567.726850000328
659.5815200001197
507.46316999993434
480.2603199999103
445.92621999997226
464.8027500001088
360.4716700000033
439.04193999999535
534.2953500001948
637.4128800002284
361.03825000005395
391.10737999997997
352.0665600000157
611.236190000053
531.77482000034
602.5305000001919
419.60550999994945
561.4178900001825
695.4929100002141
517.4685400000984
447.40117999995505
565.7614899998877
428.61619000005135
629.4602599998692
404.0954100000279
517.9147499999481
545.712810000171
459.14644000012385
507.10377000021225
634.4121600002632
390.3680699999898
357.917620000001
442.1400300002214
525.3205400001091
519.2827500001918
487.2482600001263
370.8249800000287
442.1842699999925
343.17349000000735
444.88317999998327
361.20780999996197
598.2496400004619
515.4469200000067
486.6601099999966
544.5469500001797
603.6523099999048
475.8925800002065
482.17933999996353
361.7536999999918
495.0510600001169
563.8486500002125
479.56831999996706
447.04463000003983
445.90358000004113
398.5452900001276
393.94041999998785
311.80930000003104
423.3262000000157
480.6328799999942
516.2344300000073
405.2030600000089
611.630030000117
453.8019899999758
329.8168700000005
380.9474099999927
422.09574999997494
632.4148000001811
329.1900100000259
423.90809999999425
365.1844199999715
345.9194700000012
571.4671200000478
433.5235600000217
458.1802299999657
531.5062900002679
442.55670000005625
523.8740000002493
440.47236999992987
471.1907800000113
383.9544699999817
522.1281300002388
409.2392600000387
471.6959799999567
365.66312999995256
457.90420999995297
346.17081000001735
582.0688299999472
397.917410000013
385.7759199999992
389.9575899999993
507.7590900002101
333.51920999996895
636.5031500004422
432.85331000003106
465.2941199999708
615.5107400001575
507.0748099999701
491.168620000253
496.74207000023586
392.36335000000093
377.1430400000057
499.1022299999952
395.3590799999506
406.26681999997686
550.4037800000788
399.3161200000002
496.0881100000318
428.79907999999267
597.5446200001545
314.6459800000285
476.51848000024955
395.27059000008654
630.7878800002139
488.78043999993565
571.6147700002708
392.1003999999531
439.3495800002591
433.78838999997987
463.61983999995107
460.4644300002495
427.267979999995
402.77802000001043
397.2536200000501
514.521349999953
450.6844699999391
437.5898299999748
473.4910399999793
318.48222000001607
489.73824999996674
482.9197200000257
421.79288999999795
527.8560999999829
703.3417600004451
359.45524999999856
496.2634999999934
430.1093299999978
391.51331000000164
554.104280000142
533.3033800001134
576.739619999923
437.77491999997414
595.1677100001648
468.7441599999818
452.837760000006
440.8372799999789
474.1507199999424
454.92193999999034
439.60346999997114
376.4726600000125
402.3803399999846
491.66086000016685
374.4963000000232
418.0450400000151
469.8639299999671
426.2233699999818
310.2264999999954
559.8881000000598
422.35951999999867
439.7576899999665
357.34280999999623
405.5764499999566
414.8963500000075
389.32340000000835
380.59357000002694
478.17721999998304
341.6904700000005
423.94090000021964
477.26826000003496
528.03493000008
318.7658500000243
543.328870000209
484.54990999995107
453.670809999969
422.40138999996265
436.8138200002393
411.8331799999778
341.51628000001256
395.7029299999911
403.55909000001077
634.0642700001889
541.6076599999283
384.77332999996577
469.1989699999956
423.9343299999804
639.2573500004266
452.93904000013856
481.87717000012
467.01836000015703
405.34760000001467
435.36265000004045
365.4772100000309
548.2594300003428
372.8510499999504
435.6691000001221
516.3733600000264
460.02124999997363
507.4567400002368
449.446120000175
483.6097699999996
341.5922800000072
377.4878799999966
536.8678100001504
334.8645700000265
387.10703000000916
464.66001999997417
490.5024000002229
423.29491999999306
545.4279400000174
439.3349199999922
485.7839700002554
468.17957999996565
472.00457000001455
501.37610000020425
346.43675000002753
390.6007099999614
385.3189000000194
323.3005599999936
423.52502000000413
396.66553000003603
392.8952500000029
481.1875800002258
552.7597599999435
522.508310000186
481.2885399999805
524.5956500002299
335.69273000001454
434.4673699999869
488.38590999998314
358.95036000002324
568.6623900002229
421.3723499999546
485.1835199999395
570.8975500001644
481.8182500002559
518.2900799999821
521.926210000469
549.4596099999791
450.44484000023743
482.66876999999846
455.07760000003395
571.8137499999942
548.2193900001026
522.6899999999786
507.784580000251
526.0017600001661
402.15149000002054
399.4482499999988
468.42812000002084
562.1491800001039
457.3810499999932
445.4699000000023
470.5658600001632
585.6207900002245
621.371580000483
469.89185000000055
511.13316000020967
518.7966800002245
457.6190800002133
462.6248300001028
675.8206600004564
359.5523700000078
508.6787800001977
458.4534699999497
398.57701000009723
375.1899000000158
559.5166399999113
493.05144999992444
366.2517799999876
537.6378100001725
393.9862999999774
391.13861999998005
520.5830400002164
567.057219999959
582.8686300002403
389.0851900000021
378.31040000001894
388.78442000001314
380.2164700000363
538.3471200001818
529.4246300002058
437.8776399999964
397.45810999999156
451.11123000001527
397.58805999997713
564.3399400000592
341.4910799999767
468.2943300000255
516.0745199999618
387.65646999999217
593.4741900003141
378.32013000002763
615.5159200006423
668.5031500003378
312.954550000011
367.76105000001496
362.07114999999214
598.0235100002476
483.69784000007826
483.1720800002484
548.1011899999371
561.4050299999144
483.7847099999655
373.6977800000004
534.7901999999038
369.73492999995034
380.63023999997887
441.55884999998653
515.0632099999682
645.8593300003492
445.72482000002304
539.4779099999643
509.7595199999659
610.9004300004358
500.67509999997293
621.0598100000518
440.0846199999892
522.4507200000053
466.0301099999618
524.5311600002052
404.2379800000055
554.6285800004059
490.93557999999234
381.0697200000584
405.550650000018
457.30642000004826
428.90192999995924
409.8003200000058
434.0965399999802
710.3913900003321
401.8907299999623
683.2629700004502
504.5139299999822
545.5020100001713
525.0215299999617
442.97429999999264
377.9585800000096
546.5036400001974
431.9031899999752
412.74503000000726
497.83583999991055
356.85877999997496
438.1902699999908
405.9945399999671
470.76659999996787
467.0749500002302
441.2265799999821
594.4961800002377
405.3014199999845
560.2110899999611
556.8774800002222
463.90793000002094
441.2920199999633
494.5596699999621
563.5616700002355
429.3509100002725
453.5285299999489
518.2510600002363
530.677710000196
385.529490000006
393.4218600000565
439.9701200000182
458.21733000006134
535.0899600001845
495.4522700002362
582.0806600000809
386.19009000001336
485.0924500000776
363.84966000000304
508.904880000209
351.95798999998647
484.303859999932
491.8545699999266
384.4783800000116
549.2554100001299
554.3986600002218
390.31429999999864
414.3643599999725
380.2543399999915
490.3101599999373
410.55158999994524
518.3267900002132
518.1300599999266
456.19048999994607
362.3559599999906
404.7423600000138
525.5900100002093
406.36318000022914
442.70941999997837
458.2560200000048
492.9912900002319
494.35712999991404
561.24582000025
493.0429500000419
659.0587700002293
444.5414599999706
338.5377600000127
407.73132000005074
456.5874199999864
479.3710700000701
376.48608000000445
614.1347900002553
461.44623999996156
521.2982800001499
436.6711999999898
657.4781100003997
453.6527999999562
603.4169600001702
395.9467199999743
491.5310000001814
453.21905000007087
483.9977300000135
529.972160000034
400.9125700000025
556.5151100001519
766.6938300003811
388.50861999996977
382.7968200000237
408.072109999971
641.0210999999885
405.96414000001283
476.1436499999605
653.3828900002991
380.1627600000083
408.2792999999892
541.4844599999509
369.71484999998887
577.5591000002288
524.7811000000879
408.1651200001125
515.6245100002103
394.07015999999595
394.6785700000027
453.4691399999746
494.97911000010487
447.35265000016574
463.33890999999
550.5985299999231
339.6277700000043
521.8312599999751
631.3399600001991
461.9733600001008
381.0081499999758
557.0038000002261
460.0839499999659
434.70020000000875
609.8069000003474
641.0148300004167
354.4997400000117
543.7368000002518
369.42819999998267
409.91705999998624
497.4698700000686
572.7699000000766
549.4190600002398
615.9765400000606
372.280020000014
387.5147799999883
434.2451299999418
327.92113000002456
490.8210099999464
369.03804000001134
471.62106000002785
471.9449100000181
548.7215400000593
547.8130300002567
487.5425099999944
366.512869999995
313.2067500000163
467.5771600000909
599.6582500001864
452.73481999999586
428.4444600002118
457.3073199999718
362.6248799999476
484.85824000001617
408.26511000001045
444.7357199999512
372.418050000025
552.0682800000378
406.7299200000192
611.3398000005255
364.77430000001664
388.0511200000292
518.9637600002172
501.1706800001513
412.386790000009
591.3693399999386
374.8849100000004
645.2473700002973
442.62595000015193
727.0110800006947
420.9086699999597
474.75319999999317
379.19469999995925
527.199180000112
435.1871999999946
460.21054000021684
507.71594000010197
421.6249000000225
548.3989599999832
407.8360499999611
432.47638999998026
492.8961100000413
513.442789999932
576.9788699999473
506.4508099999966
399.2994100000077
666.5612400000881
378.1960600000202
351.8084300000311
545.4218700002108
400.49349999996923
488.79184000020774
481.4558300001097
571.9942899999825
479.5766599999226
408.05907000000434
395.002310000031
567.6833199999264
488.9671099999855
455.47200000014186
643.0969200004354
510.8904299999496
404.2720799999549
634.8504800002557
403.37559000001033
465.31446000002296
555.0917200002541
469.52423999996796
472.85381999992126
451.6959499999957
669.8594300002653
348.83982999998835
421.5771499999807
470.0611400002417
466.81789000022667
523.3244800001233
442.11984000002593
439.34153999998546
576.084310000168
434.85918000010935
458.28945000000914
561.6473500002655
518.2395900002132
497.1322899999762
504.2029800001554
371.2940999999737
485.32724000012325
532.7297300002674
418.81642999995614
530.0330200002343
379.9593899999545
438.94262999995726
593.3682700002807
373.2356300000073
418.6496299999862
425.73884999997114
398.0111999999879
531.5403800001302
468.2433600000001
388.7326999999808
447.91868000008486
402.8491400000159
444.436450000067
533.1068500001397
476.82623999998657
454.6242700000052
480.1057199999503
545.3244700002109
384.0240299999951
462.43408999994557
461.0207699999855
556.4357500000064
474.0480300000297
510.8874299999947
449.826100000012
532.5763400001119
482.9185200000745
425.76176999996517
586.5979000001713
362.00418999999573
509.9018799999745
421.6530599999813
379.44122000001676
489.81994000007717
483.4964200002356
540.2991699999986
484.6461000000229
342.7726699999869
556.1150100002276
655.5406700002344
471.9017699999807
370.2802500000238
641.1933200001779
377.04587999999944
506.35516999991125
467.2801799999234
603.2001200002924
513.3659499999466
446.32956000021005
440.04034999995594
464.99388999995716
520.8823000002408
443.89994999996554
406.37641000000275
396.19420000001605
481.74598999993026
464.3464400001547
546.736330000267
425.50966999998604
567.9506700000535
510.2285900001921
475.49362000023194
425.1878400000553
