6518.175000006988
7933.100000012741
5132.350000004898
2735.2749999986077
1814.249999999293
9048.975000015389
2272.3999999990288
4775.425000005428
2244.824999999054
2232.3249999990653
2750.199999998594
9302.825000016312
3755.325000001823
4692.500000001589
8020.800000013551
7537.550000011133
7070.975000010978
2041.0999999998025
3048.649999999393
4874.925000001078
3643.9000000027954
3541.399999998896
2453.3499999993855
7503.07500001046
2944.725000000187
4151.099999999552
6126.225000006425
2572.799999998756
4106.025000003223
5033.275000001683
7282.350000008962
3926.0999999986734
6754.30000000954
4736.5250000033375
6689.175000007435
2474.199999998845
10302.525000019948
4035.700000000505
2886.3999999984703
5128.325000003104
4576.950000005132
1947.2749999993243
7452.5000000132
8664.62500001399
3538.6000000031627
6011.750000008244
4311.700000003844
4089.75000000078
2718.674999998829
5044.850000004368
4005.6250000021373
5061.775000005608
3879.6750000015318
3188.324999998215
4162.100000004204
4133.974999999547
6666.3500000069525
3208.59999999877
2746.749999998647
5218.750000001726
5799.375000009015
9502.525000019134
2002.1499999992748
1974.6749999992317
6030.525000009549
3537.3000000010456
4192.15000000298
4245.725000000877
2336.024999998971
4928.200000004779
4609.800000006168
3112.950000001607
5865.275000006208
9492.625000017002
9146.875000018652
4307.9000000038395
5094.325000005755
5630.475000004307
6626.675000010118
9631.575000017509
3094.7499999985866
3340.099999999652
3566.4999999994106
5112.825000004888
4774.475000002123
4346.125000001851
4168.050000003272
6275.650000008296
3954.750000003016
3848.749999999787
5606.950000005412
6947.650000010795
3587.849999998694
3529.800000000172
2389.1750000002135
6627.950000011014
4971.275000006321
4960.42500000467
5408.500000004912
3116.2250000028207
5439.3500000047725
5271.125000004196
2673.7249999986634
2464.7500000003315
6610.900000008476
6058.050000007069
5624.900000006153
7357.025000012232
10382.125000020238
2257.399999999008
2885.9249999984704
5597.5500000074635
5747.175000005035
2236.999999999061
5180.750000004731
5847.900000004422
4421.575000003905
5409.325000007449
5121.075000005273
7835.425000010973
5893.4750000060685
5022.625000006314
5292.375000007333
5300.150000005605
4349.075000001376
6020.400000009524
5856.300000004563
5207.025000005584
3116.150000001143
3182.424999998454
3234.2499999999736
5829.3500000046115
4006.8000000002594
4121.800000000834
4763.1750000048205
2704.5499999986355
2870.199999998485
5594.600000007336
4053.8750000045648
4523.77500000529
7693.700000011413
2973.3249999983914
6501.425000007933
4247.675000005473
5876.800000008129
7253.12500001166
6622.675000008599
4381.225000000245
3095.9999999989795
5702.900000004759
4212.675000003044
4532.650000004825
7001.250000012124
5242.550000005661
4317.374999999623
3744.649999998468
4840.500000003613
7293.400000011684
5968.525000008489
7111.475000009757
5441.400000002264
3161.8499999995993
6420.225000008039
6692.375000009039
4533.500000004594
7474.825000012486
7934.950000011337
3405.1999999995414
3663.3500000007143
3691.1500000006217
2586.599999998743
7796.925000012549
5164.325000001574
4179.925000003224
2095.44999999919
3638.525000000236
2887.9749999999103
6106.8750000088085
5952.700000004441
2390.3249999989043
3444.525000002085
5264.350000005044
3629.025000001294
2790.949999998557
4459.550000005327
2348.1499999988573
8835.225000017346
4142.224999999105
2104.3249999991817
5246.500000006344
2558.4499999987684
3660.775000000483
3777.9249999984368
2887.574999998469
2190.424999999057
3087.1749999982876
4821.050000002422
7822.575000012396
5505.000000004728
6786.125000009182
5768.100000007227
2076.1249999992074
5017.425000006769
3677.674999998519
3078.949999999789
3797.125000001471
7616.375000011656
2597.874999998722
2845.12499999946
4574.400000002546
5303.050000001761
5581.100000006486
4465.775000001664
7763.400000014153
3151.9999999998754
7947.150000013279
2734.224999998609
1871.3249999993936
5683.725000006504
2388.8249999995514
3685.15000000277
4968.900000005506
3871.7500000021196
4656.975000003036
5890.150000007785
3996.4249999998383
2267.5499999990334
2271.3749999990296
3757.2499999998636
4050.0249999998136
4377.925000006031
2794.700000001464
2640.624999998694
3665.574999999663
3744.0750000010457
6180.225000006443
2536.9999999998404
3410.02499999838
4695.450000004446
3966.0750000022513
5496.800000003714
2394.849999998917
5560.52500000654
2380.7249999989303
6573.825000007143
5018.425000004852
6476.200000007664
2858.8499999990463
3049.999999998442
3623.849999999078
10190.900000019798
4724.275000005279
5342.300000004046
3474.474999998699
5994.475000006897
8243.650000014179
3938.400000003223
5514.675000004564
5312.950000004368
2682.5250000003825
7948.500000013081
8316.825000012945
4053.1750000012157
4928.575000007626
3490.3500000007666
4489.750000002194
2164.3499999991272
4333.900000000328
2366.9999999989427
3773.4000000004744
2329.8749999988795
2400.874999998885
3393.1249999983143
7417.625000009613
6360.825000005743
4423.200000001217
5217.975000003602
8701.37500001615
2232.4499999989484
4907.80000000051
4070.9999999990396
3187.1499999983466
2651.0999999989394
3055.999999998316
3495.0499999995427
4870.150000004405
2560.7499999987667
2239.5999999990304
2560.174999998767
4635.6000000055565
2251.299999999048
5800.7750000068345
4017.9250000007764
6613.325000006527
6594.200000008492
4056.8500000009903
2797.749999999728
2913.499999999559
6104.900000007017
4338.275000003077
4289.925000005779
6353.250000006505
5590.325000006719
2902.0249999991665
4357.45000000498
5034.600000006658
3049.149999998322
4224.225000000492
3490.6999999990985
3403.099999999985
4618.075000001772
3460.6249999991805
5596.800000004796
4981.725000006659
3092.224999999055
5100.2250000040785
4136.350000001947
4068.3749999997817
4172.800000003263
5055.075000005997
3626.1750000035795
2659.9499999986765
3301.7249999996397
4975.250000005749
4656.950000005302
3202.22499999877
8245.000000013566
1668.049999999544
3884.5500000007605
4939.250000005711
5822.275000006181
2426.2249999993155
4569.275000003344
2290.449999998964
2562.199999998765
3330.524999998066
6042.100000007362
4538.175000003421
6414.700000006476
3771.175000000876
4900.825000005824
6211.600000007211
3514.2249999992614
9064.025000015445
4437.325000003405
6317.20000000545
3993.8500000006393
5166.400000006348
2408.5999999989403
3210.2749999988705
2181.3999999998377
3643.0000000027767
2760.8249999985846
3206.475000000072
3735.000000003897
5935.350000006098
5823.275000005577
4730.400000001613
4252.400000001059
5825.025000005902
2784.5749999995387
2124.049999999097
4902.275000005509
5231.0000000054715
4387.975000002422
4047.4000000038086
3407.749999999033
3051.924999999219
4615.650000006175
4432.150000005209
4561.175000001222
4408.22500000607
6147.050000007419
5541.125000005978
5240.075000006886
7190.825000012477
6349.525000008
2195.400000000449
4420.975000001472
4681.575000004459
3128.7749999982498
2089.4499999991954
6471.525000007968
6170.825000004918
3495.2499999993724
5441.875000005159
6718.350000008459
6325.700000007477
3749.499999998568
5516.35000000658
2377.6249999996007
4628.875000002779
2207.499999999088
4004.0000000004125
5255.950000004708
7299.725000011738
2663.175000000727
4336.950000000126
4309.925000005638
7191.800000010189
7629.075000012766
8013.5500000135835
3987.375000000751
4608.825000005343
8897.70000001484
3767.475000001745
3382.649999998192
3879.9499999991995
4321.100000001592
6746.250000007012
2037.899999999242
6251.400000006461
6355.2500000057225
5564.000000004404
5654.075000005084
5458.775000005642
2365.1999999989443
2455.749999998862
4783.625000004581
5434.775000002917
8009.825000012802
6474.0250000101905
2651.699999999234
2855.6999999998825
1983.6749999992298
3048.4999999983233
3623.4249999978
5583.225000006963
5635.625000004961
5882.950000005767
5987.750000008789
4020.17500000132
4800.300000005346
5454.275000004865
3948.0250000032574
4844.550000004259
6579.075000006404
2947.124999998926
3297.525000001589
5167.700000006259
3954.6250000019218
3531.4249999994486
1613.1249999995212
4175.725000003128
3139.949999999316
3624.3500000006397
2997.2499999990414
7311.150000009797
2980.5499999998906
3368.9250000015345
4688.1000000068325
2728.174999998614
6386.500000008253
1747.7999999995059
3221.499999999147
3235.324999998153
2503.224999998819
5419.375000003407
3959.5500000013576
5752.300000005498
6197.975000009586
5880.800000008637
6031.400000006651
3134.8249999982445
2585.3249999987443
2548.524999998927
5018.250000005802
5413.075000008145
5150.025000004531
3213.224999998732
4939.900000000698
2966.6999999998025
7849.550000011025
4481.1250000038435
4172.850000003518
2765.774999998516
7578.0000000127375
3036.7499999990832
7231.650000011035
3340.1750000003717
4155.400000000592
6368.700000009146
3111.899999998883
4401.600000006754
5045.57500000621
2477.8749999991787
2949.2499999999563
3278.4000000014244
3535.1749999985936
2916.3749999992347
4967.125000003803
2124.3749999991633
3914.675000001161
3713.30000000045
5879.52500000517
1859.7749999993775
4988.900000006575
3639.500000002051
5188.500000006315
4056.6249999992883
8253.900000014335
4839.875000001855
4406.425000006384
2803.7499999985457
3684.8499999999353
4306.900000006304
5389.6750000069715
3998.250000000565
2950.0750000007138
3238.0999999981505
3178.424999998205
5867.050000007522
3771.8999999997372
5420.925000006626
4204.300000003799
4038.2250000012937
2418.324999999157
6688.5250000074175
7645.525000013115
3453.5250000023807
2734.1750000006386
7321.925000009667
5065.575000006431
4929.97500000308
6753.975000010008
5236.825000005418
3033.8249999988957
7545.05000001221
4587.000000005526
4719.775000006611
6976.400000011172
4099.924999999492
3898.34999999991
6708.550000008077
3411.4499999997543
3028.124999998848
5554.700000006307
2256.074999999044
2656.2999999986796
3695.9500000004455
4583.775000002649
2074.974999999208
7766.825000011879
4793.07500000598
4543.300000002304
2908.199999999817
3695.4250000005504
4671.250000003079
3556.0000000017335
3689.2500000012737
4033.7249999994797
2404.4749999989085
5121.55000000662
3968.3500000011304
6239.8250000051685
2428.7249999992855
5182.775000005777
3154.0499999990043
2786.0000000000637
3822.999999998653
6579.525000010464
2533.8249999987684
2000.324999999276
2361.2999999988742
3033.324999998337
5250.300000005165
7754.67500001068
3251.9749999985906
2797.0999999985515
3020.049999999811
8197.100000014962
4512.150000002323
3930.850000003833
6728.125000008014
3050.8749999983206
3373.1250000009704
4743.800000005871
7417.600000009454
4197.750000002422
4811.425000002993
3944.450000001795
3673.0999999990545
4534.850000005714
4861.075000006099
3470.249999998341
2266.1499999990237
2785.524999999162
8404.050000013292
2665.099999999872
3317.8999999989173
5661.950000003364
4608.550000004526
5032.475000006376
4298.0000000022355
3927.6500000007695
4529.450000006739
3714.6749999986564
3058.974999998964
5132.125000004829
2884.8999999984717
4349.100000002476
2809.7749999985404
2617.024999999023
2714.92499999914
3995.825000002305
2466.799999998852
4784.925000005354
2946.2999999993913
5444.500000005519
3219.7249999999103
5775.100000006434
2781.0250000005485
3057.924999999467
4841.475000001579
2045.674999999203
5283.500000006071
4355.375000001512
4669.700000001998
6408.07500000612
4616.800000006022
4699.000000001112
6945.575000011174
2478.3999999988414
6993.20000001089
4882.225000002327
6981.42500000954
5366.22500000691
5994.300000007929
3629.7249999995825
6757.550000008022
5133.975000004685
3275.575000001058
2960.274999998403
3817.6750000003503
5141.175000003718
3142.650000000683
3461.400000000191
4863.90000000391
8621.625000014723
7203.0000000125565
2762.1999999985833
5961.725000005865
8838.625000014625
5194.850000004828
5579.975000008054
10311.375000019982
3225.52500000092
5149.475000005402
3191.274999999594
4366.1500000034175
2207.049999999088
4914.0500000017055
4140.099999998538
2133.8499999991545
5459.725000005111
3264.599999999895
3024.8749999993775
7212.675000010993
4607.5750000023
6379.900000009322
3516.5750000028347
6438.000000007647
5308.550000005409
3044.0500000010243
8235.400000012703
4876.9000000044125
2429.2499999988686
4701.175000003886
3768.6000000003487
2889.924999998715
4972.350000004328
4043.525000000672
4715.350000003621
3609.6499999984053
3235.499999998183
4927.350000006712
1752.5749999994873
7081.72500001142
4888.775000004855
1856.6499999994069
3740.950000002009
2758.949999999793
5669.375000006399
4232.400000001997
6007.475000005761
4129.050000000515
5626.725000006036
3385.6499999995003
2214.6999999990812
4055.1499999987786
4911.875000005083
3027.3249999992386
3538.0249999994257
5765.8750000052605
7669.500000011747
3947.6000000017443
4579.300000002567
7693.325000013481
6411.950000007505
3610.6749999990493
5918.525000004508
2936.9499999987547
3719.899999998953
5784.47500000471
7713.175000012467
2373.6749999989365
6354.225000010003
3116.174999998462
3112.875000001426
3882.4000000023625
6687.700000012279
4698.325000005059
3632.774999999874
2413.424999998793
10247.90000001975
3938.700000002456
7395.17500001277
4312.2750000009055
6322.6500000077685
7462.95000001269
2713.1250000000387
2280.5249999990215
5379.200000005434
3232.9999999993224
2867.4999999989577
4515.200000001194
2995.4999999987226
3346.5249999992093
4958.075000005032
2981.8499999983833
4554.450000005358
3215.5999999991545
5406.425000007141
3444.2250000001045
4171.150000000964
6411.350000008806
3371.5750000009666
5648.325000004612
3656.7999999999574
4701.65000000634
4157.000000006604
7912.900000011895
7059.650000013362
5212.6000000042295
2261.0499999989856
4475.525000002047
6383.725000008438
3390.4000000002766
5396.875000004516
6817.625000011709
5102.375000004598
3213.475000001935
8229.97500001291
3293.3249999981167
4165.250000004428
3347.199999999334
3718.1249999979664
5422.925000004247
4839.000000005592
6088.725000007724
5091.350000005426
2390.699999998921
6275.800000007863
2707.299999998633
5940.575000005185
2946.2249999984983
5480.850000005583
6337.825000007195
3470.9999999981537
3148.974999998421
2284.2249999990117
5252.475000005776
4389.175000005611
3136.1749999985714
5990.800000007874
5534.625000008042
4926.775000005906
6241.750000008165
6449.550000008092
5335.9000000081505
6609.325000010239
2634.3749999986994
3374.92500000177
3077.8499999996943
3186.600000001331
4617.225000003481
6491.32500000747
2784.049999998563
6895.975000010414
6311.425000008037
8191.875000014954
2552.8499999991077
7655.925000011453
4077.750000000874
6282.4500000071
3700.7750000015403
4455.000000004218
7948.925000011386
5058.025000005076
4836.350000004437
5215.075000004932
5318.600000005872
5804.975000006684
2435.974999998858
8457.850000013237
4550.175000006025
3445.1499999994635
7653.475000011696
4419.725000005973
2820.9999999987936
5843.87500000706
5028.125000006018
4820.9000000035485
6736.125000008062
3641.075000001743
5776.925000006626
2271.1249999990296
4222.87500000394
3382.5999999980454
6173.87500001035
3466.4750000042204
4078.4999999999536
5650.525000006739
2426.349999998889
2778.899999998568
6009.575000007353
8785.275000015106
2519.699999998804
7832.925000010964
6445.975000005919
2582.824999998746
7096.100000010778
10193.15000001955
4305.575000006171
4498.850000005936
3515.7999999995745
3609.7999999991553
5000.875000003338
5564.950000005076
5924.27500000795
4625.600000002269
4634.950000005388
2369.3749999989404
3721.1499999986
1676.6249999995166
3739.4499999988248
2163.0249999991283
3675.9000000020665
4962.700000002342
5260.975000002583
4736.42500000706
6780.325000007873
2290.5749999989657
5501.975000008657
6079.725000005895
5035.625000004137
3087.3250000006155
5338.875000005262
2659.074999998677
3226.374999998361
4768.275000004189
2262.7749999990374
3229.4499999984255
3702.675000002659
5766.575000004721
6743.225000009334
8405.975000014496
3333.799999998891
3651.924999998722
5005.25000000569
8313.900000012714
4635.6750000054335
4867.7750000024225
4356.52500000286
7821.650000010924
3797.400000003585
9747.225000019936
3581.8499999997803
5454.500000004263
4593.1500000050255
3501.6000000027643
4284.750000000844
4417.750000004702
3781.8000000020847
2994.574999998372
2689.6499999986495
4249.349999999906
4941.450000004223
7832.1000000130725
3318.674999998084
6758.275000008113
3823.425000000436
2316.8999999989883
6487.500000007325
2894.674999999832
6594.9750000095455
5277.475000005255
2992.249999999609
5777.850000005773
4275.025000002167
4282.625000001557
3946.2749999985444
2883.1250000005307
2536.100000000497
4144.649999999413
3671.9750000005815
5136.675000004883
7715.3500000124
3243.07499999827
6307.600000008741
6974.250000008602
3561.9250000011107
4072.6250000013397
7627.625000013459
5822.450000004383
5175.625000002527
3409.125000000793
6167.075000008343
2511.1999999988116
5196.675000005771
4803.225000006398
4656.700000004482
7660.17500001139
3270.5749999998866
4479.950000006575
6155.250000007543
4321.000000003093
2403.999999998909
5799.4750000075
5581.10000000591
3959.299999999743
5413.400000003954
5645.425000006075
4909.87500000296
6164.400000008067
2794.5249999987236
6430.67500000859
7362.500000013879
3690.124999999616
5568.4000000060405
3240.4249999993312
5560.075000005672
4194.725000004949
2305.249999998999
5518.950000004061
2757.1749999985877
3420.0249999993102
4399.22500000365
3926.2500000011014
4644.450000003479
5837.70000000525
4861.200000003869
5216.400000004449
3691.824999998577
6787.900000011873
4678.225000004462
4751.975000001332
5537.450000006892
8054.0500000119755
6373.000000006742
3596.5499999992526
3281.4999999998845
5909.525000004671
4164.525000002877
3740.7249999995256
5575.125000005285
2409.749999998904
6134.125000005136
3366.699999999594
3019.649999999419
5214.500000003059
4648.625000005079
4052.250000001558
4364.650000000963
3680.4999999996717
4969.075000006442
7686.975000010434
6471.775000010039
3291.3500000010204
6211.775000007219
3510.2500000030104
5391.850000002084
7366.300000011388
6132.000000007855
6816.650000007963
6922.975000008157
3672.9499999992363
3345.6999999980526
5237.375000005737
5549.625000006768
5352.375000006654
2334.199999998963
5792.025000004414
4553.875000002648
4093.1500000031456
4025.8750000001864
5972.850000004197
6488.700000006389
5237.0250000061305
5292.225000006919
