11336.40000002371
11071.200000022745
10987.10000002244
3616.0999999978067
2531.1999999987934
11036.100000022618
2554.3999999987723
10551.100000020853
2429.299999998886
2062.5999999992196
3216.0999999981705
10800.000000021759
7740.0000000106265
8284.000000012606
11107.200000022876
11127.000000022948
10999.100000022483
3921.399999997529
4297.299999998102
5790.0000000035325
7274.300000008932
4644.099999999364
3441.4999999979655
10800.000000021759
4424.499999998565
5215.100000001441
10926.100000022218
2035.1999999992445
8251.300000012487
6154.200000004857
10993.100000022461
3579.49999999784
11689.400000024994
8081.300000011868
8600.500000013757
2748.4999999985957
11518.500000024373
6603.00000000649
3269.199999998122
6688.000000006799
10935.10000002225
1646.399999999598
11076.200000022764
11782.100000025332
7932.100000011325
10800.000000021759
9821.000000018197
7021.000000008011
3735.1999999976983
10800.000000021759
8114.000000011987
11237.20000002335
5840.100000003715
2895.499999998462
9559.200000017245
4397.1999999984655
11279.400000023503
4093.1999999973727
3201.4999999981837
5829.100000003675
11300.100000023578
11647.300000024841
1629.3999999996136
2005.4999999992715
11386.400000023892
5386.2000000020635
8013.00000001162
7301.0000000090295
2607.1999999987243
10947.100000022294
11257.200000023422
6020.10000000437
11345.300000023743
11516.500000024365
11592.20000002464
8756.500000014325
10922.100000022203
10800.000000021759
10999.100000022483
11465.40000002418
4066.1999999973973
4342.199999998265
4705.299999999586
10965.10000002236
7114.400000008351
6820.10000000728
8056.1000000117765
11280.100000023505
8605.100000013774
4366.299999998353
9745.100000017921
10948.100000022298
3487.099999997924
4649.599999999384
4197.69999999774
10910.10000002216
11331.300000023692
7756.2000000106855
10800.000000021759
7175.300000008572
10962.100000022348
10800.000000021759
2826.299999998525
4325.499999998205
11549.400000024485
11287.10000002353
10918.100000022188
11557.400000024514
11628.500000024773
2045.4999999992351
3584.0999999978358
11301.300000023582
10923.100000022207
2538.099999998787
10950.100000022305
10800.000000021759
10105.00000001923
11297.000000023567
10990.10000002245
11177.300000023131
10800.000000021759
11477.200000024222
11248.30000002339
10800.000000021759
6452.200000005942
11386.400000023892
10900.100000022123
11152.20000002304
5950.200000004115
4151.09999999757
5462.000000002339
10800.000000021759
4665.499999999442
5571.300000002737
10800.000000021759
3287.3999999981056
2889.199999998468
11264.200000023448
9311.400000016343
10481.3000000206
11019.500000022557
3409.099999997995
10071.100000019107
10955.100000022323
11181.300000023146
11210.00000002325
11478.100000024226
5201.00000000139
3239.499999998149
10800.000000021759
6631.000000006592
9335.500000016431
11025.100000022578
9652.600000017585
5665.000000003078
3747.0999999976875
10183.000000019514
11271.200000023473
9384.200000016608
11347.30000002375
5715.10000000326
3875.199999997571
11440.400000024089
11632.300000024787
10800.000000021759
11522.400000024387
11040.200000022633
4431.49999999859
5300.400000001751
5016.600000000719
2895.299999998462
11132.000000022967
5728.000000003307
6425.000000005843
2168.3999999991233
5848.0000000037435
4198.099999997741
11232.200000023331
10800.000000021759
3026.399999998343
6719.500000006914
10926.100000022218
6433.200000005872
2580.099999998749
10990.10000002245
3657.1999999977693
11036.400000022619
5659.000000003056
2152.099999999138
10926.100000022218
3010.5999999983574
5032.300000000776
4754.099999999764
3079.099999998295
2507.399999998815
2772.0999999985743
6431.100000005865
10800.000000021759
9941.200000018634
10800.000000021759
11188.200000023171
2568.1999999987597
9785.500000018068
3402.0999999980013
4374.499999998383
6809.20000000724
10800.000000021759
2638.199999998696
4327.299999998211
6482.300000006051
5995.000000004278
10800.000000021759
7396.000000009375
11475.400000024216
4747.099999999738
11047.100000022658
3482.1999999979284
1838.999999999423
11110.200000022887
3746.499999997688
6861.40000000743
11162.300000023077
6664.200000006713
8642.200000013909
11720.200000025106
6187.000000004977
2159.1999999991317
2688.4999999986503
3792.1999999976465
5629.100000002947
11235.000000023341
5518.200000002544
3246.199999998143
4173.299999997651
5156.500000001228
11249.300000023393
4036.4999999974243
4308.099999998141
10800.000000021759
6937.200000007706
5888.100000003889
2825.399999998526
11475.400000024216
2081.0999999992027
10800.000000021759
10199.300000019573
11213.000000023261
4134.199999997509
2840.1999999985123
4189.49999999771
11485.200000024251
11053.20000002268
10800.000000021759
3524.0999999978903
11398.100000023935
11103.200000022862
7990.4000000115375
10800.000000021759
8954.200000015044
4757.099999999775
11526.0000000244
11295.00000002356
5221.100000001463
11071.200000022745
6265.100000005261
8415.000000013082
2901.3999999984567
5379.200000002038
2021.0999999992573
5042.100000000812
2448.4999999988686
2681.299999998657
4140.09999999753
11190.200000023178
11123.200000022935
6503.000000006126
7386.000000009339
11335.300000023706
2516.099999998807
5372.000000002012
5180.000000001313
2861.399999998493
3197.5999999981873
3591.0999999978294
3950.5999999975024
7123.000000008382
2435.1999999988807
3172.1999999982104
2873.0999999984824
11033.200000022607
3382.0999999980195
11311.000000023618
5787.400000003523
8463.100000013257
11609.200000024703
5955.000000004133
4419.299999998546
4024.599999997435
11734.100000025157
6505.200000006134
11073.200000022753
11034.20000002261
10800.000000021759
3666.199999997761
10800.000000021759
11219.300000023284
2884.1999999984723
6734.000000006967
5132.000000001139
4283.3999999980515
6951.200000007757
4576.299999999117
8026.100000011667
11644.600000024831
3039.599999998331
10800.000000021759
6720.100000006916
4661.399999999427
9080.100000015502
11411.300000023983
8463.000000013257
2850.0999999985033
4947.000000000466
10800.000000021759
11029.200000022593
4405.099999998494
11628.200000024772
1475.2999999997537
5468.000000002361
11091.200000022818
11320.300000023652
3955.299999997498
6993.100000007909
2248.2999999990507
2451.299999998866
3446.0999999979613
11605.400000024689
8821.20000001456
11010.100000022523
6320.000000005461
11307.100000023604
11072.200000022749
4196.399999997735
11005.100000022505
7532.200000009871
10800.000000021759
6273.10000000529
11509.50000002434
3154.1999999982268
3488.299999997923
3909.49999999754
8042.200000011726
2843.4999999985093
4210.499999997786
8570.300000013647
11622.00000002475
7640.300000010264
5466.000000002354
5666.200000003082
10964.100000022356
3870.1999999975756
2594.299999998736
11145.000000023014
10925.100000022214
7291.000000008993
8640.100000013901
3963.299999997491
3821.39999999762
11350.20000002376
10919.100000022192
6177.00000000494
11159.200000023066
11160.20000002307
9721.200000017834
11789.500000025359
10803.10000002177
11302.300000023586
4663.399999999434
4911.400000000336
10800.000000021759
3455.299999997953
2542.2999999987833
11066.200000022727
7826.000000010939
3882.4999999975644
10339.300000020083
10076.100000019125
8053.100000011766
3192.299999998192
11084.200000022793
3530.4999999978845
8545.100000013555
2519.399999998804
5583.000000002779
10800.000000021759
11240.00000002336
5488.000000002434
5044.100000000819
11067.20000002273
11272.300000023477
11353.500000023772
11505.200000024324
6028.200000004399
7927.100000011307
11413.20000002399
7320.000000009099
3090.099999998285
3765.199999997671
7030.300000008045
8812.200000014527
1629.0999999996138
11092.100000022821
11294.100000023556
8011.3000000116135
10800.000000021759
11349.100000023756
2862.0999999984924
3180.199999998203
10800.000000021759
8956.00000001505
11299.300000023575
11148.300000023026
3856.299999997588
4127.599999997485
2390.1999999989216
2738.199999998605
4077.0999999973874
11292.30000002355
8723.000000014203
8289.000000012624
11219.100000023283
5892.200000003904
11073.100000022752
10951.100000022308
8064.100000011806
7918.500000011276
11063.200000022716
4111.199999997425
6048.300000004472
10800.000000021759
7928.0000000113105
4136.199999997516
1459.3999999997682
8527.20000001349
4914.000000000346
5237.300000001522
4300.199999998113
10906.100000022145
4418.399999998543
6438.200000005891
11590.200000024633
3069.299999998304
8998.100000015203
1498.099999999733
4669.199999999455
3312.099999998083
2551.299999998775
6745.100000007007
4892.600000000268
10800.000000021759
11138.20000002299
11489.200000024266
11558.400000024518
2822.099999998529
3062.0999999983105
3401.399999998002
11299.300000023575
11442.400000024096
10909.100000022156
3100.299999998276
7348.0000000092
4952.100000000484
11050.200000022669
7003.000000007945
9316.00000001636
3149.1999999982313
11530.400000024416
3433.099999997973
11094.200000022829
5554.100000002674
4832.200000000048
10800.000000021759
3276.199999998116
11459.300000024157
11420.400000024016
3230.4999999981574
4236.599999997881
5395.400000002097
3616.1999999978066
3731.4999999977017
10097.100000019202
2390.2999999989215
6275.300000005298
5136.100000001154
10505.000000020686
2649.399999998686
11638.400000024809
7489.100000009714
11381.100000023873
3664.199999997763
11080.200000022778
5051.300000000845
11376.300000023855
3003.099999998364
3975.19999999748
11337.300000023713
11276.00000002349
4987.200000000612
5336.300000001882
3281.1999999981113
3583.0999999978367
11273.30000002348
4886.500000000246
11437.300000024077
8353.500000012858
6153.300000004854
3754.299999997681
10800.000000021759
11429.100000024047
7298.000000009019
4715.399999999623
11626.300000024765
11515.20000002436
9786.00000001807
11356.100000023782
10800.000000021759
4323.199999998196
11548.400000024481
11015.100000022541
11584.400000024612
11174.00000002312
4004.1999999974537
4248.4999999979245
9627.100000017492
4838.400000000071
4404.099999998491
11432.000000024058
2940.399999998421
2839.299999998513
5614.300000002893
5534.1000000026015
1915.4999999993533
11093.200000022825
11297.300000023568
6962.300000007797
5011.100000000699
6143.200000004817
6505.000000006134
7201.100000008666
5450.100000002296
4339.499999998256
3015.199999998353
10896.100000022108
5878.100000003853
6388.000000005708
4187.1999999977015
11337.000000023712
3333.4999999980637
4229.199999997854
4121.099999997461
11188.200000023171
3031.1999999983386
1867.1999999993973
2617.199999998715
3009.1999999983586
11125.200000022942
11406.500000023965
3351.3999999980474
3393.0999999980095
4164.299999997618
11743.40000002519
8560.00000001361
8513.100000013439
11009.10000002252
3521.299999997893
5456.3000000023185
11243.300000023371
11126.000000022945
7121.200000008375
8792.100000014454
5696.300000003192
4919.2000000003645
11132.200000022967
7392.100000009361
4087.199999997378
2747.4999999985966
3620.099999997803
10914.100000022174
3996.199999997461
3820.4999999976208
6145.000000004824
10800.000000021759
11528.500000024409
6690.100000006807
5506.3000000025
11481.400000024238
3618.4999999978045
3816.3999999976245
10974.100000022392
3634.19999999779
7094.3000000082775
2965.0999999983987
3262.599999998128
3593.2999999978274
6751.000000007029
2199.0999999990954
11121.200000022927
3538.3999999978773
10800.000000021759
4751.199999999753
11345.100000023742
4697.599999999558
4852.00000000012
6958.300000007783
2772.399999998574
9312.200000016346
7573.100000010019
7869.000000011096
10390.200000020268
11323.300000023663
6049.000000004475
11146.000000023017
2204.199999999091
11059.200000022702
5871.1000000038275
11482.20000002424
11035.200000022614
8996.200000015197
4219.099999997818
9542.000000017182
10740.200000021541
5683.500000003145
3933.0999999975184
5988.100000004253
8878.000000014767
5284.5000000016935
4518.299999998906
10007.000000018874
11068.200000022734
11571.300000024565
2903.299999998455
10800.000000021759
11038.200000022625
10989.100000022447
10920.500000022197
11399.40000002394
6027.200000004395
11115.000000022905
3892.3999999975554
6712.300000006888
2365.399999998944
6390.000000005715
4006.099999997452
1590.1999999996492
11105.000000022868
5534.000000002601
3951.299999997502
11175.200000023124
8716.000000014177
11714.100000025084
7390.300000009354
11401.500000023947
10800.000000021759
5404.50000000213
10967.100000022367
10800.000000021759
2415.4999999988986
9490.200000016994
4992.3000000006305
3706.2999999977246
8754.200000014316
4852.600000000122
6722.100000006923
4382.099999998411
3740.199999997694
11604.100000024684
1816.2999999994436
11157.000000023058
10920.100000022196
1560.0999999996766
5733.300000003326
3971.4999999974834
11608.5000000247
7239.400000008805
10910.10000002216
5656.100000003045
11109.200000022884
4019.39999999744
1993.2999999992826
3615.0999999978076
11043.100000022643
4526.199999998935
4077.0999999973874
7657.000000010325
11196.3000000232
6065.200000004534
7278.600000008948
11721.20000002511
11275.400000023488
3432.6999999979735
7680.100000010409
4387.099999998429
5086.000000000971
10800.000000021759
10900.100000022123
2354.2999999989543
11503.500000024318
4273.099999998014
5878.300000003854
7406.100000009412
11308.300000023608
7121.100000008375
4627.299999999303
3088.099999998287
11678.700000024955
7062.200000008161
11357.300000023786
7269.000000008913
11101.200000022855
11528.500000024409
4205.499999997768
2059.2999999992226
10800.000000021759
3651.2999999977746
3410.5999999979936
5878.000000003853
3351.2999999980475
4462.299999998702
10346.500000020109
2626.099999998707
10976.1000000224
3751.2999999976837
11663.3000000249
4909.200000000328
5334.000000001874
11531.40000002442
5635.100000002969
10800.000000021759
4610.4999999992415
11401.100000023946
11400.400000023943
11410.300000023979
11548.300000024481
10800.000000021759
2808.3999999985413
5769.100000003456
11425.300000024034
5477.000000002394
10916.100000022181
10933.400000022244
7923.100000011293
6626.000000006574
10901.100000022127
4020.099999997439
10360.000000020158
4272.499999998012
3800.0999999976393
6632.600000006598
10775.100000021668
9217.100000016
11066.200000022727
2300.0999999990036
11165.200000023087
2795.0999999985534
11244.300000023375
2597.599999998733
10902.10000002213
10800.000000021759
4176.099999997661
2900.4999999984575
2505.099999998817
11043.100000022643
11065.200000022724
3463.3999999979455
11614.20000002472
10906.100000022145
11281.100000023509
11519.100000024375
11115.200000022905
11732.20000002515
11526.400000024401
2877.3999999984785
6143.300000004818
4430.099999998585
6171.000000004919
9888.000000018441
10957.10000002233
2617.0999999987152
10800.000000021759
11680.10000002496
11394.10000002392
3154.2999999982267
10988.100000022443
5804.200000003584
10998.10000002248
6282.500000005324
6209.300000005058
11716.300000025092
10245.20000001974
9414.200000016717
10800.000000021759
11402.30000002395
9738.000000017895
2171.4999999991205
10800.000000021759
11276.300000023492
4104.1999999974
11442.200000024095
11227.000000023312
3130.4999999982483
11023.20000002257
11347.30000002375
9721.100000017834
7268.000000008909
7450.0000000095715
11361.400000023801
2252.199999999047
8528.100000013494
3098.099999998278
11385.400000023888
8638.400000013895
5182.200000001321
11685.30000002498
2296.199999999007
2305.099999998999
11177.200000023131
11149.20000002303
2111.2999999991753
11515.500000024362
10982.100000022421
2392.09999999892
10908.100000022152
11117.000000022912
11162.300000023077
11179.200000023138
4124.599999997474
4174.099999997654
6861.2000000074295
9001.100000015214
11160.20000002307
7565.300000009991
11085.200000022796
2632.2999999987014
4090.2999999973754
1536.2999999996982
3985.299999997471
2253.199999999046
6491.400000006084
5551.300000002664
7411.00000000943
11642.200000024823
11160.000000023068
2892.199999998465
11323.100000023662
11038.200000022625
10800.000000021759
5287.300000001704
10231.50000001969
2772.499999998574
3548.0999999978685
9640.000000017539
2179.3999999991133
4065.0999999973983
8038.100000011711
7689.000000010441
11054.200000022684
11536.400000024438
4824.000000000018
4628.0999999993055
11275.300000023488
10231.000000019689
11156.000000023054
5786.100000003518
6187.300000004978
10800.000000021759
8201.300000012305
11534.50000002443
4808.199999999961
7307.300000009052
10800.000000021759
6822.300000007288
5876.200000003846
10212.20000001962
6752.500000007034
3349.0999999980495
2574.499999998754
4419.1999999985455
8154.100000012133
11419.100000024011
3758.0999999976775
8473.000000013293
4276.199999998025
2641.1999999986933
10800.000000021759
4949.100000000473
11085.200000022796
11172.200000023113
4033.499999997427
10938.100000022261
8341.000000012813
5960.100000004151
4283.09999999805
5267.00000000163
4968.300000000543
4094.2999999973717
5809.000000003602
8777.2000000144
11051.200000022673
3106.2999999982703
11484.500000024249
11614.500000024722
6693.000000006818
6309.200000005421
11490.30000002427
10800.000000021759
8918.100000014912
5410.200000002151
11355.100000023778
2548.099999998778
11336.000000023709
11494.300000024285
10800.000000021759
11750.400000025216
5236.100000001517
11444.400000024103
10197.100000019565
8431.200000013141
2134.0999999991545
11201.300000023219
11480.200000024233
4613.199999999251
10800.000000021759
11569.500000024558
8124.100000012024
11392.100000023913
3484.2999999979265
11191.000000023181
11594.100000024648
4373.099999998378
10800.000000021759
4136.499999997517
11104.200000022865
9816.40000001818
2278.0999999990236
10800.000000021759
2719.2999999986223
4972.000000000557
6864.20000000744
5651.300000003028
7558.000000009964
7071.100000008193
9439.000000016807
7933.200000011329
3979.2999999974763
11141.200000023
10800.000000021759
5577.300000002759
11496.400000024292
11529.00000002441
7076.300000008212
4749.199999999746
5078.100000000943
10935.10000002225
7494.300000009733
4122.299999997465
10800.000000021759
2296.099999999007
7755.1000000106815
5469.000000002365
4306.399999998135
7188.000000008618
10966.100000022363
5191.200000001354
6651.100000006665
4531.499999998954
11465.40000002418
11132.200000022967
11619.200000024739
5612.300000002886
10793.500000021735
7427.000000009488
6340.000000005533
10924.10000002221
11078.10000002277
10800.000000021759
11166.200000023091
5195.000000001368
3095.0999999982805
11056.20000002269
10912.100000022167
11333.300000023699
2792.099999998556
11017.200000022549
8622.100000013836
9034.000000015334
5381.200000002045
6496.100000006101
10436.000000020435
10526.100000020762
10918.100000022188
