7662.375000010406
9027.825000015311
5868.325000006616
3409.4749999979945
2294.2999999989156
9932.350000018601
2834.3999999985176
5432.77500000672
2764.9499999987947
2839.424999998611
3564.149999998237
10245.575000019742
4589.450000001637
5647.250000003901
8821.925000015392
8446.825000013197
7810.275000013335
2552.450000000249
3674.1000000004206
5709.675000004114
4285.875000003563
4697.599999999797
3067.3750000000537
8462.025000013253
3634.0000000008567
5034.850000002152
6901.500000007576
3237.9749999984997
4829.675000004026
5813.125000004134
8237.300000012436
4940.325000001483
7694.500000012096
5429.85000000537
7536.975000010032
3036.49999999913
11110.250000022887
4767.05000000153
3595.874999998966
6098.07500000612
5380.650000006432
2557.4499999987693
8300.075000015964
9755.275000017959
4078.300000003705
6786.100000009341
4993.625000003886
5005.250000002289
3380.5499999988747
5902.150000005957
4816.8750000024565
5923.825000007877
4559.900000002669
3896.149999999765
4716.075000005187
4897.500000002173
7679.300000010406
4105.900000000738
3469.6749999996223
6249.775000005205
6368.025000010637
10270.625000021224
2740.549999998603
2611.2999999990343
6848.200000010347
4159.825000002627
4983.875000004692
5076.27500000108
2927.974999998866
5579.925000005682
5242.500000006675
3753.8500000022705
6539.575000008634
10195.175000019559
9873.80000002111
5026.600000004433
5790.250000007038
6816.725000007349
7243.500000011936
10580.30000002096
3637.174999999234
3942.3500000005683
4257.77499999941
5763.925000007053
5735.325000004417
5198.925000003519
4855.700000005046
7035.85000001048
4629.500000003843
4676.9000000017895
6478.900000007674
8019.025000011983
4533.37500000041
4325.500000001422
3064.6500000007877
7509.475000013182
5739.050000008312
5716.675000006475
6211.275000007142
3591.825000003434
6367.15000000658
6426.025000005937
3327.0749999985296
3026.200000000909
7481.05000001131
6877.475000009217
6462.275000007572
8261.625000013106
11500.850000024308
2963.3499999984906
3645.0749999981535
6361.32500000882
6683.350000006782
2855.099999998828
6009.500000005433
7041.1250000080845
5063.1250000033215
6119.525000009118
5764.700000006175
8739.225000014261
6847.425000007495
5728.8000000079355
5941.600000009062
6225.975000007016
5289.650000003876
6593.7750000111155
6868.025000007541
5954.825000006753
3691.600000001456
4078.524999998242
3891.4000000005904
6944.100000007731
5162.800000001816
5032.400000002364
5779.700000004781
3376.27499999889
3605.4499999987383
6290.925000009172
4642.325000005123
5123.625000005652
8786.325000014967
3682.4999999986876
7270.925000009051
4912.625000005262
6514.725000008832
8506.425000014922
7419.925000009895
5485.675000003058
3924.949999999647
6628.825000006584
4904.700000004032
5202.975000006658
7707.175000013316
5899.1750000076045
5212.00000000152
4625.975000000963
6063.725000005514
8109.325000013549
6733.175000010593
7812.375000010975
6537.550000006252
3993.5500000003058
7231.1500000101405
7623.600000011497
5280.850000003964
8113.12500001464
9550.150000017213
4160.675000000966
4390.675000001698
4677.750000001208
3189.749999998194
8870.40000001488
6072.550000004571
4769.675000004582
2612.6249999987194
4388.400000000909
3583.3250000004355
6768.250000010394
6951.575000007759
2982.349999999528
4047.975000003127
5952.300000007296
4422.300000002277
3586.3499999982328
5111.900000005498
2849.249999998465
9918.250000021075
5221.625000001464
2758.0749999985874
5919.7250000071745
3143.9499999994378
4472.325000002875
4933.875000000418
3597.649999998541
2842.599999999423
3843.4249999985327
5884.525000003876
8734.40000001512
6140.47500000664
8233.05000001242
6645.77500000953
2660.274999998952
5598.000000008355
4508.200000000828
3859.325000000341
4703.15000000281
8490.775000013753
3291.2499999990273
3548.650000001181
5663.350000006327
6316.725000005448
6540.2250000081995
5391.5250000028445
8420.825000016295
3922.1250000002447
8724.850000015038
3384.799999998583
2386.324999998925
6346.950000008761
2939.700000000138
4343.300000004683
5725.875000006824
4735.350000002829
5363.17500000366
6814.050000010334
5191.225000002213
2829.649999999017
2952.6749999989365
4570.850000002216
4895.050000001073
4937.700000006343
3399.0250000021383
3390.0249999981033
4493.400000001043
4385.725000001872
7155.925000009565
3098.950000000294
4293.049999999077
5618.250000004765
4611.275000003183
6255.875000006474
3084.4249999988906
6247.925000007674
3129.899999998249
7690.975000010449
5626.525000006429
7183.000000009667
3449.449999999271
3808.2749999994385
4185.925000000541
11737.650000025424
5352.375000005768
6209.350000005129
4273.124999999942
6935.725000009351
8887.525000015903
4552.350000004812
6204.37500000504
6066.925000005887
3196.5750000008384
8790.875000015354
9236.350000016071
4961.850000003469
5454.32500000894
4190.700000000959
5233.675000004059
2726.899999998756
5210.575000002571
3026.224999998677
4554.475000001285
2898.5999999985993
3028.149999998426
4204.124999999016
8305.725000012844
7374.375000009296
5304.85000000342
5997.7250000054955
9898.00000001954
2858.399999998498
5832.500000003687
5007.275000001616
4041.2749999995417
3304.3249999996515
3784.1999999979275
4337.300000000402
5686.475000006172
3348.524999998543
2750.7749999994367
3171.749999998211
5394.375000005659
2875.84999999848
6538.02500000793
4744.125000001732
7767.700000010727
7347.950000010998
4926.325000003357
3411.350000000041
3535.75000000025
6839.4000000092055
4930.375000004524
4751.000000005943
7389.07500000935
6864.575000009449
3462.0999999998326
5164.575000004614
5622.750000008039
3815.174999998653
5154.775000002595
4423.699999999431
4188.750000000812
5415.95000000391
4182.90000000076
6281.125000006708
5711.075000007551
3950.374999999891
5820.875000004722
4922.075000003527
4886.025000001952
4841.175000003735
5810.475000007351
4260.850000003967
3380.624999998021
3959.3250000004873
5680.200000006869
5314.0750000059925
4000.2499999991974
9223.775000016025
2177.1749999991152
4588.400000000767
5629.225000006577
6540.475000008133
2979.424999999452
5247.100000004725
2882.974999998666
3262.699999999087
4048.4249999984945
6989.850000010445
5222.300000005122
7381.300000009322
4464.150000002751
5638.750000007052
7059.850000009962
4397.450000000357
10046.300000019017
5253.95000000523
7036.125000008065
4793.225000002676
5763.950000007801
3013.9249999993954
3908.4750000000954
2674.175000000206
4293.825000002793
3537.2999999990893
3939.4000000007927
4285.900000004511
6761.375000007864
6684.525000008024
5559.175000003854
5170.425000003152
6815.325000009353
3397.050000000036
2685.899999998635
5624.375000005842
5972.125000007393
5169.22500000356
4802.625000004485
4231.450000000665
3866.500000000539
5391.375000006779
5110.425000005507
5319.675000003426
5080.425000006409
7182.225000010172
6236.650000007668
5998.17500000779
7921.5000000150085
7708.05000001207
2606.975000000907
5115.50000000368
5384.300000004257
3757.72499999842
2632.949999998701
7330.625000009655
7456.0500000095935
4153.700000000896
6293.500000006102
7485.97500001057
7362.000000010705
4628.400000000993
6357.675000009324
3025.8500000002887
5519.350000005271
2794.5249999985535
4844.050000001198
6140.825000006164
8299.100000015103
3165.8500000008967
5055.100000001712
4853.600000005868
8044.475000013292
8309.85000001488
8946.875000016182
4767.950000002555
5236.175000006832
9894.325000018463
4809.375000001857
4217.600000000378
4844.300000001827
5191.775000003532
8356.60000001287
2747.2499999985966
7157.725000009607
7462.450000009621
6437.150000007385
6693.700000007006
6446.1000000074655
3205.3999999981797
2946.0499999987087
5550.60000000491
6154.25000000506
8914.300000015479
7276.400000011661
3265.074999999386
3446.425000000644
2539.549999998775
3786.3749999990937
4280.799999998786
6593.925000009312
6529.125000006221
6853.575000008421
6782.20000001084
5053.55000000297
5686.625000006151
6275.9250000076045
4528.325000003874
5467.5750000055705
7563.600000009985
3633.575000000224
3911.4250000022766
5921.950000006859
4585.125000002565
4150.325000000513
2138.049999999112
4892.275000003243
4081.749999999318
4430.450000001957
3646.224999999614
8304.850000012862
3615.925000000428
3983.9500000018716
5270.2500000076
3449.1999999984596
7210.325000011112
2304.999999998999
3893.7499999994125
4026.824999997914
3052.0499999983194
6156.9000000052365
4595.225000003147
6730.1000000077065
6918.7000000099715
6639.300000010104
6791.150000008829
4147.649999999238
3502.6499999979446
3200.074999999287
5721.275000007435
6006.0000000095115
5883.275000005846
3954.2249999999417
5676.725000003121
3651.5999999998435
8977.600000015129
5144.85000000545
4976.8000000033935
3525.749999998842
8463.875000014232
3773.424999999957
8147.925000013311
4174.500000000511
5068.925000003663
7642.250000011041
3948.0500000001425
4986.850000007519
5733.150000006952
3050.749999999773
3584.9750000006334
4127.075000002412
4282.724999999793
3500.6249999999327
6070.625000005306
2713.1249999988836
4785.50000000241
4327.775000001496
7015.900000007992
2317.2249999990363
5580.0250000076085
4203.550000002856
6136.225000008673
4937.200000001651
9424.72500001719
5670.150000004089
4928.975000006983
3571.72499999878
4546.30000000162
4828.500000006728
6141.300000008747
4749.575000001759
3595.6000000009076
4003.524999999611
4123.049999998776
6617.825000009383
4610.175000001605
5905.37500000774
5063.950000005048
4770.700000002991
3000.0999999992864
7844.700000011007
8746.750000015709
4049.2000000026005
3403.150000001525
8149.900000012118
5768.600000007855
6015.725000004353
7490.500000011813
6245.425000006654
3742.349999999123
8751.625000014388
5377.900000005667
5419.075000007315
7559.850000013224
4978.800000002285
4847.225000001366
7535.075000010417
4091.225000000139
3633.82499999973
6560.275000008593
2815.174999999317
3344.449999998231
4477.950000002159
5387.425000004773
2630.799999998703
8519.200000014036
5579.400000006279
5398.275000004634
3571.7000000007306
4429.800000001944
5297.525000004676
4199.100000001503
4347.025000002167
4888.675000002104
2964.649999998399
5799.450000007668
4726.600000001965
7051.10000000812
2962.524999999229
6110.925000006626
3921.7499999998317
3512.050000000638
4514.649999999842
7195.025000012094
3188.924999998697
2593.4749999987366
3122.9499999983045
3589.9749999985283
6284.550000008587
8724.650000014208
4129.024999999587
3672.424999997833
3699.7500000014657
9128.225000017708
5137.900000003176
4548.875000004574
7684.375000010423
3787.3249999983063
4012.7750000025044
5275.025000006345
8287.100000012617
5046.1000000031645
5565.675000004734
4841.6750000029415
4545.024999999674
5237.0750000067
5375.325000007537
4366.474999999449
2839.999999999024
3438.0500000005622
9670.40000001765
3278.5500000004477
3818.5500000002507
6762.725000007071
5414.600000004513
5779.000000007085
4992.625000004151
4669.900000002001
5157.3250000073185
4595.400000000749
3844.4999999998413
5963.85000000715
3394.649999998764
5089.850000003884
3411.4749999990217
3269.549999999789
3272.2249999996857
4747.100000002691
3172.899999998453
5441.675000006922
3802.175000001194
6209.750000006681
3989.450000001847
6561.7500000085965
3379.125000001143
3711.25000000034
5635.70000000397
2540.5249999990747
5996.9750000079275
5304.000000003116
5707.200000004833
7374.275000009635
5168.550000006397
5776.275000003483
7545.8000000120865
3230.9749999989535
7702.900000010842
5584.550000004881
7640.85000001183
6179.750000008348
6728.500000009544
4445.675000001313
7643.325000010274
6028.950000006854
3981.575000001558
3751.8999999977714
4625.1000000010845
5971.025000006006
3798.250000001261
4054.700000001311
5466.000000004764
9602.650000018148
7949.750000015072
3414.0249999989423
7247.675000008836
9849.625000018303
6029.375000006719
6402.025000009837
11474.450000024213
3792.625000001956
5908.300000007324
4048.550000000817
4930.450000004703
2815.1499999988887
6378.500000005673
5063.100000001259
2825.0249999985263
6275.525000006682
4232.424999999976
3685.9000000006836
7962.450000012101
5701.8500000038
7209.17500001041
4148.150000003209
7189.425000009369
6095.725000006838
3658.225000001595
9305.375000016322
5790.7750000051055
3179.599999998791
5383.600000005584
4447.8000000011625
3636.849999998665
5816.750000006514
4702.650000002477
5513.950000004981
4396.599999999933
3944.0249999993
5571.775000007503
2326.4999999989795
7946.125000012384
5909.400000006532
2423.1249999988913
4204.125000003309
3420.9500000004914
6583.100000008659
4929.800000003579
6784.750000007491
4910.425000003028
6606.550000008394
4066.100000001152
2829.4499999985223
5119.475000001423
5803.775000005617
3719.0500000001953
4395.225000000264
6613.575000008094
8498.02500001476
4589.350000003177
5453.025000003906
8501.800000015766
7410.250000011007
4471.950000000269
7058.750000008149
3683.424999999025
4526.674999999765
6738.3500000069835
8730.60000001423
2910.799999998688
6946.70000001125
3853.5999999985015
3777.2500000018404
4554.400000002952
7369.4250000141
5554.275000006712
4353.900000000664
3125.9249999989324
11515.85000002227
4762.625000003098
8407.925000016017
5287.750000002194
7134.57500001053
8236.250000014572
3393.95000000066
2852.6249999987317
6336.000000006974
3967.3250000012836
3511.124999999659
5372.300000003607
3801.099999999128
4159.325000000352
5618.600000005745
3869.3499999990254
5232.600000005534
3843.2500000006708
6232.07500000917
4052.150000001185
5031.575000002244
7229.3000000107595
3926.2500000023647
6391.200000006781
4574.400000000691
5342.1000000072345
4706.650000007168
8776.600000014398
7669.400000014791
6065.45000000616
2813.499999998731
5072.100000003116
7027.100000010231
4072.700000001707
6220.500000006172
7514.5250000129545
5907.175000007085
3877.8500000028703
9172.90000001584
4023.7749999988982
5042.950000003826
3956.2500000007335
4751.850000000115
6458.700000007715
5398.900000006263
6956.250000010765
6060.700000007302
3051.624999998329
7091.45000000998
3488.024999997968
6994.575000008642
3808.7749999997445
6273.050000007104
7466.950000009749
4368.4749999991
3888.74999999925
2980.5249999983794
6012.550000007164
5003.825000005776
3884.6250000001496
6794.925000009506
6279.700000009245
5704.000000007924
7104.100000010344
7179.100000010081
6151.450000010285
7419.625000011898
3248.824999998337
4041.5250000024967
3891.7750000010396
3739.075000001612
5277.700000003152
7654.300000011013
3582.949999999421
7717.650000011954
7336.675000009533
9241.925000017913
3180.1749999997223
8640.20000001486
4879.750000001678
7349.825000009208
4300.825000002355
5192.750000006118
9220.150000016012
5797.350000005959
5571.8250000057105
6290.150000006718
6013.800000006709
6526.325000007486
3235.4249999991716
9803.500000018132
5147.925000006531
4365.3500000007225
8484.325000014249
5014.850000006518
3439.9499999994546
6812.9750000095355
5609.275000006663
5579.725000005239
7856.450000011504
4312.550000001242
6551.300000008947
2860.6499999985326
4753.900000005247
4220.874999999342
6805.600000011705
4037.675000004782
4871.200000002061
6447.000000008781
3063.774999998309
3629.0999999981927
6746.275000009473
9697.350000018101
3303.9749999989667
8810.975000014523
7222.725000008744
3318.374999998356
8023.375000013919
11317.22500002364
4875.525000006459
5115.3500000062
4268.500000000437
4351.400000000146
5814.07500000586
6559.625000008356
6721.450000008637
5771.550000005013
5171.2250000064005
3043.0999999992086
4537.800000000833
2237.674999999037
4464.425000000963
2808.649999998541
4497.9000000027645
5814.775000004744
6439.475000005895
5417.550000007928
7795.3750000108275
2830.774999999248
6004.90000000974
7021.8750000080145
6155.950000005453
3883.0250000008346
5962.650000006507
3451.1499999994758
3899.024999999231
5473.075000004886
3009.2999999989047
4090.2750000002943
4433.825000002443
6775.575000007118
7470.425000009725
9255.725000016315
4040.174999998606
4163.724999999698
5787.325000007589
9347.900000016476
5312.075000006032
5782.225000005488
5098.05000000472
9031.975000015327
4412.075000004227
10513.425000022486
4473.025000001663
6304.275000007145
5245.400000005673
4251.5250000036085
5108.325000002173
5133.900000004821
4531.2000000027765
3678.449999998004
3568.874999998935
5191.150000001609
5800.225000006379
8726.150000015947
4361.474999999867
7773.775000011453
4592.100000002221
2867.549999999159
7941.525000011521
3479.1999999997306
7118.200000010857
6102.325000006795
3670.5500000002144
6672.650000007092
5002.1250000031905
5157.350000003875
4799.925000000732
3565.550000000779
3071.275000000868
5128.650000002319
4296.375000002195
5734.525000006988
8542.850000014165
4106.900000000194
7289.52500001039
7883.900000011778
4252.950000000789
4786.650000003448
8324.9000000158
6773.40000000711
6218.175000005223
4067.9500000013745
7128.200000011668
3178.6249999982047
5960.700000007111
5464.875000007166
5364.125000005046
8529.950000013772
4050.5000000008977
5179.150000007079
7123.525000011015
4974.000000004869
3205.3749999989814
6743.925000008896
6422.050000006997
4820.225000002295
6417.175000005858
6379.05000000787
5812.850000004944
6947.250000010798
3442.8499999998944
7155.0000000103355
8180.450000016049
4488.975000001026
6758.7500000086675
3915.849999999922
6210.550000007108
4806.700000005314
3063.449999998343
6569.150000006368
3612.849999998422
4150.349999999295
4984.850000005434
4586.2750000026335
5661.450000004832
6584.550000007834
5686.4500000048465
5860.400000006379
4686.650000000863
7577.525000013151
5483.475000003974
5781.800000003503
6263.8250000083235
8881.57500001478
7610.525000010155
4307.750000000409
4027.6000000005047
6943.175000007727
4928.375000004891
4568.225000001414
6576.975000006765
3106.874999998514
7124.525000008388
4351.150000000048
3632.4249999995864
5924.175000004445
5279.475000005827
4823.775000003379
5159.975000003425
4328.000000001137
5636.500000007223
8612.925000013802
7384.525000011327
3834.125000001493
7069.125000009983
4154.075000003702
6386.250000005701
8469.62500001436
7035.725000011107
7914.20000001126
7740.025000010626
4594.025000000018
4368.949999999029
6070.7000000075295
6237.000000008442
5931.85000000804
2945.999999998748
6925.62500000786
5189.075000003049
5083.3750000037435
4858.8250000012995
6958.425000007783
7770.775000010739
5865.950000007201
5933.0000000074915
