5384.275000005039
6900.4250000105485
4380.775000004922
2190.8749999991032
1392.9499999995537
8154.97500001237
1650.4999999995944
4094.7250000047034
1631.124999999612
1539.4249999996955
1932.174999999338
8538.6250000143
3046.5500000024304
3805.2500000023956
7237.450000011765
6796.400000010018
6269.250000009499
1523.649999999464
2379.649999999111
4106.450000000217
3008.150000001851
2601.424999999352
1802.474999999456
6577.750000010138
2222.7499999993724
3190.6749999994536
5418.950000005505
1812.0249999994476
3231.425000002832
4301.450000000195
6454.27500000595
2952.2999999984104
5827.150000008118
4050.175000001871
5947.750000005404
1902.9749999993649
9466.600000016908
3320.0250000009255
2191.5249999991024
4206.000000000445
3806.400000005341
1299.6249999998736
6756.200000010666
7765.750000011171
2923.375000002588
5327.150000007901
3629.225000004303
3212.500000001499
2036.2499999992433
4327.175000004781
3293.200000002668
4198.775000005329
3202.1500000003102
2410.9999999989027
3591.3750000038895
3391.3249999985733
5922.7250000048825
2401.499999998903
2030.4749999992487
4300.700000000634
5143.850000007191
8776.675000017165
1268.824999999912
1367.449999999741
5328.875000008858
2909.124999999768
3346.2000000024314
3442.950000001608
1652.024999999593
4270.925000004991
3892.9750000056165
2457.325000000849
5128.975000004608
8839.625000014626
8355.4750000159
3495.275000003143
4418.625000004835
4467.650000004654
6009.725000009239
8807.175000014508
2480.724999998728
2704.9999999988027
2916.6999999993886
4472.200000004709
3688.275000001077
3500.2000000010003
3435.4500000023495
5512.050000006113
3278.7000000031785
2995.2999999986005
4772.725000003191
6146.15000001091
2525.7999999987983
2651.849999999199
1678.9249999994522
5907.100000009625
4237.500000005343
4247.750000002567
4590.250000004543
2583.4500000020944
4648.500000004626
4379.975000004733
2008.499999999243
1824.1999999995635
5763.100000005743
5268.1750000051325
4764.325000004683
6510.725000011164
9505.025000017049
1529.9749999996557
2210.4749999990854
4833.825000006369
4903.150000005151
1584.3749999996544
4273.775000004984
4704.3000000044385
3837.9500000044363
4576.4250000055345
4412.70000000485
7047.675000008108
5013.625000006204
4361.750000005344
4529.950000005167
4484.600000004638
3581.875000000882
5376.225000007735
4847.850000004308
4455.950000005006
2587.4000000008227
2304.2499999990623
2551.2000000002404
4811.775000004998
2970.224999998939
3345.674999999658
3728.4000000053256
1942.2499999992533
2104.7999999991816
4853.2250000053555
3367.87500000391
3810.67500000484
6611.950000007757
2240.049999999058
5795.925000006728
3597.4250000056013
5256.90000000749
6282.825000011033
5851.675000007662
3293.824999999356
2192.2999999991016
4931.9500000050475
3538.1500000018395
3846.4250000034535
6212.450000010727
4502.475000003473
3405.199999999782
2868.4249999984863
3787.6500000045708
6485.450000010926
5177.450000006351
6397.225000008904
4386.925000000648
2228.249999999069
5755.675000006284
5694.92500000652
3885.9750000051827
6804.00000001102
6689.375000010499
2555.2749999990942
2974.9499999996506
2658.274999999612
2002.699999999274
6793.225000010484
4411.424999999255
3534.650000001739
1495.6999999997352
2887.6500000004303
2110.999999999177
5481.950000008117
5098.55000000408
1758.1749999994581
2815.150000001355
4588.250000004616
2942.175000001005
1875.3999999993898
3891.2000000053745
1776.2249999993394
7916.95000001416
3044.4500000001035
1390.8999999998305
4668.450000005571
2006.3999999992707
2879.449999999473
2725.949999999364
2153.3999999991365
1550.6249999996255
2302.4749999990013
4008.625000002596
6975.750000009897
4917.725000003878
5715.4250000092225
4916.475000004684
1440.4749999997437
4431.425000005005
2928.7249999984315
2332.999999999223
2932.22500000148
6886.600000009889
1923.199999999315
2136.399999999212
3541.2000000004664
4443.275000000379
4647.625000004733
3545.2500000015943
7072.125000011638
2355.4249999996027
7178.100000011515
2020.4749999992578
1299.8749999998442
5008.400000005372
1796.9749999993865
2943.725000001287
4260.175000005214
3003.400000001173
3942.1250000026503
4929.425000005147
3135.6000000006206
1621.5249999996208
1525.2499999997083
2920.4499999984396
3283.7249999998403
3766.650000005647
2186.700000000566
1926.8749999993431
2728.7499999986185
3073.425000000102
5188.425000004654
1912.974999999321
2597.949999998974
3807.500000005254
3230.4750000012727
4642.225000000604
1663.949999999582
4767.450000005299
1574.4249999996637
5464.825000005161
4332.775000004021
5758.9750000057875
2338.374999998887
2243.5249999990547
3064.024999998361
8669.25000001426
4097.725000005249
4496.5000000046275
2668.6999999986683
5175.1250000061455
7545.97500001236
3259.4000000023993
4894.650000004832
4605.750000002868
2116.9749999997925
7218.700000010969
7428.125000011371
3200.624999999448
4382.100000006191
2941.875000000872
3778.6250000025693
1591.699999999612
3493.2249999993437
1638.6749999996052
2892.1499999994758
1734.9499999993827
1671.7249999995431
2512.77499999886
6657.67500000685
5625.175000004923
3673.4750000004906
4443.775000001645
7696.200000013389
1596.9499999994919
4007.199999998901
3196.0249999994207
2267.0749999990335
1931.1999999992609
2462.4499999988557
2658.199999998678
3985.5000000023088
1806.974999999452
1676.9749999994876
1929.9249999993403
3801.125000005488
1690.649999999476
5072.4750000057375
3267.449999999944
5676.125000003603
5794.150000006417
3156.275000000258
2112.0999999994624
2250.999999998962
5310.92500000485
3728.7250000016747
3740.6500000055357
5444.750000006249
4605.90000000512
2313.4999999989914
3589.150000005453
4380.125000005042
2250.224999999049
3402.0000000010004
2567.8749999999377
2552.6499999988923
3789.6750000008606
2718.22499999914
4956.650000002993
4165.675000005842
2194.4499999990994
4381.375000004732
3356.7750000009305
3257.7499999987217
3432.150000003482
4269.025000005451
2961.9250000031434
1988.1749999992444
2621.924999999578
4339.3500000047015
4012.3750000052814
2428.174999999199
7276.725000011136
1200.624999999969
3267.9000000005935
4278.900000005113
5180.475000004541
1897.8749999992879
3865.6750000018565
1643.8749999995189
1803.799999999455
2629.749999998704
5000.975000004979
3783.200000002981
5506.700000005528
3139.450000000503
4234.1750000053435
5332.050000004838
2631.67499999876
8191.700000013308
3675.600000002357
5629.725000004506
3226.050000000625
4497.425000005309
1754.6999999994996
2555.999999998771
1678.4249999994781
2900.175000002786
1934.9499999993354
2376.9499999989507
3159.450000003253
5156.700000004858
4896.950000002845
3845.649999999102
3218.7499999999077
4768.22500000455
2141.474999999148
1528.424999999584
4149.450000005298
4510.5000000047285
3562.400000001395
3316.9750000031877
2579.949999998749
2262.9999999990373
3859.8500000057115
3792.150000005321
3809.2499999999973
3738.15000000565
5179.825000005537
4837.900000004321
4481.200000005645
6487.400000010106
5305.150000006597
1750.6499999999028
3733.974999999345
3957.975000005117
2504.674999998818
1437.2249999997146
5569.150000006324
5123.275000003595
2834.524999998517
4511.700000004009
6046.225000007304
5370.950000004437
2868.224999998487
4651.72500000457
1695.8999999994796
3816.2250000026725
1569.2499999996257
3138.849999999866
4379.250000004734
6329.150000011019
2168.1750000004004
3666.6249999988195
3789.425000005533
6276.725000007579
6931.200000010647
7156.250000011314
3221.6500000003093
3961.625000003856
8014.950000011627
2802.4250000021584
2440.524999998876
2944.4999999984175
3444.9750000012446
5255.17500000389
1249.4749999999108
5468.95000000433
5340.175000004315
4656.4750000017975
4697.22500000483
4470.000000005207
1565.2249999996673
1913.8999999993348
4051.200000005032
4761.725000002548
7056.125000010423
5695.125000009483
2007.9749999992255
2177.4249999991002
1344.1749999997728
2226.274999999071
2977.7249999983874
4742.1500000059295
4787.175000005217
4977.700000005383
5160.92500000666
2894.8500000004115
3820.400000005451
4629.875000004676
3295.8500000025488
4168.450000002704
5708.225000004586
2211.7249999990154
2611.9000000008664
4376.3750000054315
3327.6250000024093
2886.2499999984702
1079.425000000003
3499.850000002867
2286.7249999998867
2805.4249999997483
2339.249999999077
6346.9000000084525
2299.774999999292
2712.700000001256
4073.2500000058326
1945.6749999993258
5572.025000005289
1127.4499999999882
2522.3999999994426
2481.4999999988386
1927.899999999342
4757.200000001991
3251.2749999994535
4797.675000004501
5507.925000009273
5113.450000007165
5344.550000004728
2070.0749999992127
1669.1499999995772
1823.974999999363
4255.4500000053295
4817.100000006527
4426.925000004691
2443.499999998873
4212.725000000961
2291.3749999999764
6833.2000000087055
3754.5000000020354
3376.825000003959
2085.849999999092
6769.950000011064
2327.4499999989785
6494.175000010739
2430.4500000005087
3283.7249999989003
5266.9500000076705
2325.524999998962
3800.6500000059073
4361.70000000538
1796.2499999994618
2243.249999999147
2484.450000000032
2803.9249999985454
2294.199999998951
3991.350000004271
1509.1749999997228
2972.4500000007974
3001.2749999994758
4726.450000004273
1364.6499999997222
4323.975000005651
3073.7000000021453
4213.450000005481
3060.449999998312
7295.37500001213
4023.774999999684
3830.1750000056295
2055.9999999992256
2745.4999999985985
3726.8500000056424
4592.750000005021
3322.6999999993914
2219.9000000004535
2376.7249999989335
2398.699999998914
5101.225000005337
2901.7249999992696
4887.4500000053695
3301.05000000279
3279.2250000003883
1867.6499999992493
5674.575000004609
6590.450000011078
2876.1750000020697
2024.1999999997465
6536.975000007993
4368.925000005416
3913.375000004005
6012.750000008016
4284.72500000482
2228.7499999992024
6601.900000011103
3767.7000000054572
3932.275000005936
6284.675000008784
3120.2999999982576
2872.249999998587
5896.550000006493
2731.399999999414
2418.4999999991896
4444.350000005292
1704.2249999995183
1876.9999999993884
2895.725000000105
3821.0000000004875
1510.6999999997215
7076.175000010195
4024.2000000055186
3699.550000001218
2279.174999999885
2950.1750000006004
4040.250000001381
2973.7250000019158
2987.450000000149
3163.92499999841
1825.699999999435
4395.425000005375
3188.7000000001567
5431.725000002229
1924.4499999992947
4225.6250000054315
2380.89999999893
2021.7749999993107
3145.249999998263
6009.650000009851
1822.1749999994158
1362.224999999837
1612.7249999994717
2411.4749999989026
4474.900000004911
6892.25000000869
2355.899999998953
1966.7249999993069
2321.1749999989006
7233.375000012279
3908.1500000026163
3262.900000002941
5971.650000008094
2246.4749999990527
2701.250000000061
4188.2500000053515
6671.975000007926
3357.67500000137
4155.900000002621
3058.3250000006124
2849.474999999427
3823.9750000055064
4304.400000004507
2553.2249999987735
1624.9749999995638
2031.199999999213
7380.950000011819
1985.9999999992624
2761.9999999985585
4709.925000002038
3875.4500000051876
4291.2250000055765
3629.3500000005884
3130.9499999997556
3829.9750000058934
2802.2499999985466
2207.7249999990286
4352.475000004952
2299.47499999893
3535.7250000011927
2204.474999999089
1907.7499999993422
2168.2499999991232
3342.6750000018164
1649.0749999995428
4226.375000005024
2177.1999999990653
4690.250000004451
2473.5499999995127
5065.975000005064
2107.2249999997944
2409.1499999996568
4021.7750000006563
1484.9249999995745
4496.400000003829
3401.6250000018395
3768.1250000019577
5472.725000003409
4009.9000000055953
3672.774999999975
6376.150000010899
1647.7999999995968
6335.650000010837
4123.974999999567
6256.250000007024
4552.700000005498
5274.000000006396
2758.7499999986244
6023.6750000073425
4256.775000004734
2504.875000000567
2215.174999999039
2984.1750000005204
4353.475000002518
2445.000000000157
2803.7749999989724
4251.9750000039485
7639.225000011149
6499.425000011239
2029.1249999992501
4951.30000000431
8066.150000011814
4379.725000004908
4741.2250000063195
9303.700000016315
2633.425000000834
4381.175000005049
2343.4249999989643
3760.2500000019427
1581.724999999657
3696.150000001745
3185.999999998198
1382.1749999998383
4591.900000004822
2299.175000000571
2294.724999998952
6442.15000001085
3518.2000000031476
5500.450000008241
2837.37500000217
5757.625000006342
4582.175000005115
2419.2250000002705
7308.275000010603
4066.7000000050184
1675.4249999995163
4015.5000000034565
3070.4749999996097
2133.2249999991554
4084.7250000026106
3425.2499999989727
3892.650000002569
2838.2249999988394
2545.999999998722
4207.700000005658
1210.1749999998956
6238.975000011011
3869.225000005324
1219.6249999999031
3249.975000000525
2056.749999999113
4768.150000005202
3441.4500000014605
5338.700000005837
3314.974999999787
4516.650000004908
2604.274999998727
1516.674999999716
2914.274999998445
4145.45000000518
2434.4999999992374
2695.749999998644
4839.700000002153
6785.625000008531
3258.950000000288
3640.9500000013095
6833.875000011396
5509.75000000541
2786.199999998561
4909.425000002503
2231.9749999993965
2829.2249999996475
5020.425000004365
6914.100000010979
1791.7499999994661
5763.925000008766
2387.649999999125
2419.700000000814
3166.9000000019373
5949.650000010098
4027.6500000035066
2891.7749999989846
1723.5999999994206
9252.850000016131
3108.10000000157
6430.5000000113305
3416.1250000015734
5442.500000006329
6708.675000011111
2002.9499999993072
1653.6999999995915
4523.125000005115
2518.699999998785
2186.749999999104
3663.024999999732
2195.174999999089
2541.149999999154
4230.425000004257
1992.4499999992831
3893.9500000053667
2514.5749999988084
4613.225000005357
2845.7499999993893
3397.1749999998624
5674.1500000067335
2724.875000000299
4896.600000004264
2793.9749999990754
4026.2000000056278
3592.7000000058397
7070.500000010516
6336.225000011667
4452.975000004667
1640.7499999994927
3897.4000000008964
5709.700000006638
2687.4749999999904
4602.900000004647
6079.9000000104825
4389.175000002619
2590.4000000014535
7420.625000011962
2596.2499999987267
3386.6500000050983
2792.9749999984883
2667.5249999986695
4361.700000001394
4270.200000004775
5342.900000006605
4145.475000005229
1703.699999999546
5483.875000005915
1858.1249999994025
5063.475000004575
1973.4749999993005
4709.500000004434
5293.975000005617
2761.6749999986746
2365.274999998944
1596.8999999996367
4492.625000004881
3796.975000005512
2341.4499999989657
5162.400000006281
4749.675000006748
4169.925000005416
5372.525000005811
5734.175000006551
4482.575000005635
5794.700000008779
2102.149999999184
2697.675000000898
2269.2249999993196
2561.700000001052
3969.950000004069
5462.175000006344
1950.3999999992527
6011.150000009389
5361.200000006673
7347.6000000127115
1870.624999999394
6658.375000008954
3184.2000000000503
5313.57500000601
3101.4000000006945
3700.925000002009
6871.125000007465
4263.475000004122
3991.450000003441
4252.27500000485
4612.675000005145
5141.950000006498
1616.7999999995395
7415.875000009795
3844.9250000055754
2542.6499999987727
6922.200000009484
3754.6500000056094
2049.999999999231
5087.725000004815
4437.95000000524
4061.200000003785
5624.000000004638
2978.6500000021997
4920.575000004825
1631.3999999996117
3630.7000000027424
2437.7499999988786
5509.700000008624
2827.2750000034744
3449.474999999585
4817.450000005232
1773.9999999994388
1860.3999999994037
5206.675000005071
7921.725000012315
1640.249999999604
7055.400000008289
5690.725000004565
1813.6499999994458
6275.725000009015
9206.950000015962
3676.1750000057536
3843.6750000055904
2758.424999998587
2937.9499999985123
4147.725000002232
4466.2750000025735
5142.4000000075
3481.9250000017387
4096.650000005255
1606.1749999995322
2912.6999999984464
1105.3250000000062
3031.2249999983387
1562.8999999996456
2852.450000001007
4054.924999999851
4181.250000001061
3988.9000000059514
5877.950000006778
1683.3999999993885
4976.600000007551
5324.600000004713
4005.150000005074
2373.450000000241
4717.275000004005
1823.674999999385
2467.1249999988513
4062.975000003703
1452.9749999997648
2401.899999998911
3066.6500000027395
4925.125000003423
6173.175000009202
7641.700000012818
2676.7499999994884
3165.6249999988213
4328.900000005244
7450.7250000111735
4000.400000005297
3902.6749999994836
3606.700000000918
6879.150000008212
3165.1750000028383
8960.65000001723
2795.699999999316
4596.775000001337
3997.4500000049766
2650.500000001663
3463.975000000508
3692.975000004649
3002.225000001211
2295.224999999008
1819.9749999994401
3339.774999998611
4120.175000002053
6933.675000010655
2335.4249999989715
5780.175000005036
2930.449999998573
1675.9249999995714
5407.17500000615
2267.6999999999935
6069.925000008139
4467.175000005054
2268.1999999990326
4908.900000005816
3570.175000002674
3326.4750000000986
3063.7749999985217
2196.4750000003046
2012.400000000097
3046.5249999983243
3070.7000000002195
4497.200000002647
6904.250000010728
2328.8999999989774
5373.000000007375
6044.675000006282
2854.450000001452
3299.2500000005516
6887.675000011216
4911.70000000433
4214.125000002677
2658.700000000096
5265.100000006192
1799.7749999994585
4359.950000005256
4193.125000005615
3948.225000005122
6776.72500000903
2464.8250000000453
3787.700000005933
5386.675000006419
3717.9500000024436
1641.2249999995759
4979.625000007073
4885.375000004942
3032.574999998862
4447.8500000046715
4846.325000005068
4121.725000001908
5429.775000005395
2127.7249999991604
5660.1000000080385
6555.375000011507
2935.7249999987
4597.975000004535
2525.9999999987585
4906.225000005305
3481.750000004276
1605.7499999996348
4717.975000004425
1847.2249999994156
2724.874999999613
3783.9500000017024
3229.3999999998914
3560.375000002062
5147.175000002738
3960.4500000035678
4514.350000003029
2835.3999999985167
6004.675000010344
3909.1250000051614
3769.999999999935
4759.6750000052925
7299.175000010437
5159.2500000037435
2839.149999999217
2477.374999999899
5097.500000004794
3402.750000001795
2843.2249999985092
4701.475000004415
1707.424999999484
5225.85000000429
2513.200000000371
2409.149999999006
4524.850000002705
4040.8750000051627
3219.024999999339
3578.975000000678
3040.249999998754
4243.6000000055465
6801.775000007214
5510.650000008789
2708.4500000002968
5317.200000004457
2740.825000002217
4408.725000000189
6242.875000009422
5257.450000005312
5729.100000005799
6169.200000005827
2751.199999999843
2267.549999999033
4433.700000004958
4859.550000006078
4715.6750000050115
1732.9249999994415
4801.150000004536
3889.42500000261
3358.6250000036543
3257.24999999981
5141.90000000268
5456.425000003814
4587.175000005333
4637.40000000635
