2959.89727000346
2462.1492600029496
3739.339400003396
1710.9071600007155
1525.5057100005047
2188.2517000023545
1302.8937000002995
2596.1185100017647
1487.754859999942
1699.7682000007512
2365.39839000132
3112.0201200071206
3200.4058000022237
4124.3542000045245
852.1869300008048
2666.259890003733
2783.2250800031966
1265.6994099999401
2726.6617800015392
3620.860150004793
2330.0621900011033
3140.6941100037325
1833.5382700003613
4769.893360006628
2104.1172200006513
2951.6321900032403
1277.228700000912
1882.1595500006881
1879.200870001569
2694.391090002383
3047.332140003803
3042.2363900029745
2998.4208100019214
2040.2340000009676
2002.4920400015073
1244.134880000102
2707.6796900042727
2587.254520001521
2019.4651700014654
2467.021920003011
4425.661330005725
1727.4183299999283
858.8880000010074
3162.584670005213
1447.0674400000346
4495.493850005324
2898.1421200018794
3386.0529300032877
2158.0961200009774
4154.636910004906
3041.8684000023663
3035.126250003475
1895.8241800018586
2387.2267700010875
1443.4863600004887
2917.3084000022204
2359.102690002002
2389.3811200031314
1893.365450000956
3055.371420004313
2072.200300001054
1469.5469100012097
2025.1455000006774
1863.3895400003548
3048.7307400024542
2302.520490000987
1636.5916400011981
2640.2908400023275
1549.651390000414
1545.037530001458
1752.640440000565
2049.05207000081
1878.3298900013435
1280.198530001275
1860.875660000979
2458.676310002172
1737.5362900016778
4693.398910007461
727.2910100004918
4127.957060007143
2553.791700001193
2063.326170001828
2156.96159000148
1870.6242300024655
2959.6990200033224
1641.3303800017156
2354.116610001501
2480.143530001275
1861.4931300013561
2180.1083000010117
2964.5422700030836
3522.5666500069865
2361.3382800029694
2459.9372500016234
1711.27172999999
3193.8687800059033
4280.4819000063
2833.643370002548
2994.791480003224
1267.1786199997844
2751.47162000314
4015.0647500078117
2138.705700000519
1428.4759199998653
3061.143440003105
3486.7726500035624
3331.458700003342
4351.405240006177
3143.848060004789
1997.3717500009052
2136.204460001199
3073.2458300033163
4372.295390005921
1824.4330700003122
2171.6201800019026
5203.819020007122
1591.8199200007177
2021.576380001089
2398.257020001737
3268.2945200032345
1902.7101300024763
2811.0494900018157
2351.4980200015907
767.7810800014939
2539.3302700024155
2444.6825500021514
1973.5761400027925
2037.4606600017055
1152.8832100002946
2686.120380000962
1296.6767300005442
4516.139920006297
2673.5359300036885
1239.7452900011667
3558.9077700047765
1850.4568100004406
2854.9139700015785
1899.702310001221
1588.3243200003717
1835.7252400006641
2114.109490000985
2053.5479500005786
3093.408700002728
1615.6312600011602
2286.561700002463
3568.21247000432
2587.3153200032184
2441.5910600031384
2270.517800001073
2804.945060005002
1149.7473800006817
2180.246860000907
2789.8852000025627
2436.6460600021373
3079.5362600028707
2159.800690001606
4008.457390006139
3905.6106600045287
3083.825100003649
2166.656280002474
4029.6469400064
2303.5680400013684
2324.9254200024843
2941.7033900028605
2583.101070001565
942.0309900002767
3755.527510008151
1693.5977100006899
2404.458070001738
3200.155100002896
1515.6552000003214
5895.426500008054
3228.9722100042777
2733.5190200021593
1554.5695199998925
2467.7066800016305
2282.0403800009917
1274.2901200013025
3840.663480005385
2023.7679500004378
1735.411050001067
2441.3185500015297
2035.5896800022235
2779.783370001942
1835.5785300014747
1981.1241300001282
4358.420970005475
2874.1528200035686
1351.429250000194
3457.792890003076
1471.8148800006168
3181.526030003449
2891.618230003032
2093.563500000753
1808.534370000655
2433.8355600015348
2362.890380003879
3343.541320004376
2734.925050002417
1954.6335100040842
3382.319160003907
1505.6460499999907
2269.6235900009947
1794.0122600022191
1811.2548300012886
2184.9994700025586
2763.4766500030896
2282.2870400015267
1376.9674400007325
2398.834870002705
3001.7918900045006
3532.8783600055967
3332.403000003388
2834.551990001731
1966.7974600008365
2861.2671700028427
1975.8669000008117
1525.217910000116
2513.2351700024774
1693.09594000007
1435.5230100006288
2127.798970002025
2788.4892400031254
2196.609400002024
2340.464290001236
3274.918160003885
2005.3475600008544
1433.486380000326
3000.508720002407
1482.5257200007056
1500.0010800000457
1868.6766300007098
2384.748670001097
2128.1204500015865
1992.0859900004
3398.835010004886
1675.9878700002769
2538.6430800020803
1813.5038600025705
2012.126670001314
2347.8701300020807
1933.0160700006932
1555.5336200007896
2259.696920000834
2586.2533800047268
2077.325110001131
1376.724660001035
2289.3996000012385
1984.6993600016629
1889.2062900006404
6650.151200009426
1613.6835100007509
3608.176750005079
1836.152840001683
2404.1375100023515
2010.6858600025998
1680.3650300008178
1638.3838100013827
2510.6685000016423
1934.2348400006322
2244.2972100016163
3612.864390004325
1877.761790001711
2073.477410001609
2061.278200001311
1998.89053000192
1521.9398000003157
2794.440140001956
2392.9504600010564
3050.786350002284
1708.6280000006802
1747.905350000362
2834.85212000249
1145.9358000008804
2802.28459000469
2202.7125800025747
2025.2165500025233
4994.850140006469
1247.5115300000427
2654.5232500025054
2817.0513900031133
2657.079140002583
1780.115910000605
2501.4950100009187
1947.582920000958
3015.1981500030174
2130.6203800014555
1689.3226400000012
1390.1921800000384
1896.7110500013162
1634.4579300005792
2720.621230001372
1567.9242200007584
3202.888810004649
1870.4066400017268
3288.75509000297
1861.9922600003767
1659.1625900001509
2461.993600001942
1892.4565100006628
1776.8497800003927
3967.599230005336
3041.374680006658
2237.273020001123
2750.0242100014602
1749.5264600007608
2043.609880001012
2107.5110700032833
1892.7848400019593
2656.215240001916
2840.3958200025704
3197.7004300029716
3003.8270700017138
1787.4915500009893
2660.815460002116
1338.5310700011992
2456.763770002045
2454.975790002153
1484.7743600010058
1316.8815400007472
1747.1936300004918
1822.7922300005812
1821.5663600009427
2552.336130003457
2330.3520000013
2809.1232700016094
3628.5161100044575
1453.9741899999021
1327.6591700015729
2929.2552100026496
1975.1336000013284
1948.3420300002624
3694.318580004139
1931.3388600004484
2011.5953900009533
2249.333680001332
2909.7871400027566
1970.4293300012912
4402.368990007253
2213.5599100022855
3216.244920002693
3461.403700005194
3070.1764700024364
3122.1312100055807
2584.8613400025233
2722.0888100027883
2046.5039700019045
1412.8580300004633
1962.5812300006967
1576.05569000052
1494.2585899997584
2246.441120000683
2247.337730001068
2605.2294100019735
1775.7069900002261
2632.4603300017875
2771.8750000024675
2476.980080003124
3604.9707200040775
3062.1840100044083
2408.8347100011115
1951.3201700003387
2525.990430001934
3800.479480004767
2737.9713300025783
2169.7900400011667
2322.0487100009345
1945.202160001116
2474.3894200016903
2512.3147100012984
2634.2663400027536
1303.9670600012496
3986.1614600050107
2522.732510002744
2314.890090001417
1751.4502000013863
4198.182610007553
969.8403699998656
2500.7776500019863
3034.6142000022264
1772.7220700007988
1643.9770000003136
2573.223060002209
3915.2706200072876
2098.8694600016447
2891.486070002826
1285.3163500005708
3089.788070004547
3032.014000002831
3547.7133100054866
1832.5642900003018
2380.5211900026356
1794.0123400004006
3017.23955000208
2075.1653400024657
4228.3547400083935
1773.0334700007172
1558.3472900012941
2347.423070002183
3331.742940004575
3058.681380004165
3433.136140003467
1882.347700001623
2389.4113600020123
2109.356980003345
2314.6708600023244
3025.1406900025677
2599.070560003244
1807.1332800008634
3767.229990006721
1706.3819100001836
2252.723250002764
2968.5296600041324
1628.4629100013785
1624.0799800018535
2706.826830003201
1794.4695500008006
1602.615470000443
3147.763880002368
1054.0153800011524
1875.5988000017505
2810.3586000034425
1764.6410800002989
1997.5149900009894
1379.6708600002848
1952.7686700011527
1774.9515200013493
1556.9642300007317
2697.7463200028537
2405.884480004035
1350.5786000008668
3029.286680003624
2102.564120002122
3642.1524400044036
2281.192070001579
1478.6023900016903
2982.9794200060383
2251.186410000987
2214.0980900008813
2920.9239800014802
1275.1612000008047
2141.4375100018356
1452.874379999888
1978.4092400013615
3287.0932700026524
1838.1332700008363
2208.2296800015715
3141.923360005046
1660.0521000007489
2270.0140700009874
1918.322820001003
1632.0672000011734
2850.2429700038338
1718.2636799998947
1772.7010500014935
1781.8139900013298
1972.739530000318
2502.834610003544
1687.147000000789
3631.4692500043443
2434.683140002839
1814.9877500012497
2118.604600001076
2283.446550002631
2369.239760001422
1875.8548000005376
1657.0082200011266
2683.1793300019267
3172.9208500034347
1703.013700001181
1596.9857500015485
1166.3161300003949
2790.0411300035585
2079.624770001133
1738.3015300017496
1645.9585000007794
1509.3837400011782
1848.5339800011914
4915.823750008413
2831.2836800021337
2432.9392900019407
3357.5948200060916
2614.3613700027286
2010.1490400003759
2333.8623700015023
1676.6975900001592
1978.9751000005338
2344.2955600023397
2372.9159500011897
2043.211090000652
964.4903100016277
2181.688590000652
2171.6411700017916
1761.0621700010279
2795.5442000030266
1828.8334699999562
1635.5678100006137
2394.3643400016917
2774.6818500033837
3070.7973500024887
2914.9845200045834
2208.0716900017696
2110.4452800002628
2771.2343300011617
1996.6731500014876
2155.439300001349
1762.335030001133
2063.1499300014266
1211.4482200004165
2570.0069600024217
2757.3556700027907
2430.1231700014437
2553.740980001548
1421.6497500008945
2383.8084100013352
1794.5729400012801
1251.6354100006154
3533.1362500048413
3616.612590004041
2149.1778800015245
2183.8234900005446
2515.302030002753
1148.9277200008512
4366.701200005907
1989.7295900013978
5507.462940008107
2354.630340001969
2343.4433200026474
1894.268940001407
1946.1695600006535
2050.6831600015375
2353.7690700028206
2460.639390002375
1082.0712900013757
2295.0955700012983
2256.701650000915
3330.7038000038633
1901.8653500002229
2306.0054300008696
2699.314470002538
1834.4234100008716
1690.9239000001064
2271.599080003304
2093.6347200013474
2388.4372600024526
1831.6786900014083
2713.6213400027814
1347.0900600006614
1434.8254200016058
1700.580210001296
1940.9264800016144
1920.481970000723
1400.0988500008054
1997.1963700011952
2150.0164400030767
1273.507430000488
2934.248910002797
2076.1385100012226
2123.101760000936
1967.381180001767
3762.995910004586
2191.6741100014083
1509.8375200001472
1801.288320001183
2268.4609300011866
4432.00379000849
2746.838370004023
2080.3946500009993
2212.2507300012653
1796.9314500010444
2851.5413200031257
2489.1085100017126
2270.5151800010744
3355.1720800047374
2479.2177600008613
2229.4225000008682
1973.127800000518
4266.171000007216
1886.1369600009898
1348.0289100006103
2671.901900002088
3317.426540003557
1695.6980600010806
1090.8896900003474
2572.271140001944
1529.300360000028
2044.796040001061
2117.0154800035266
1527.8545799998888
2374.856050000716
2213.0115700030547
2062.2410900018167
2326.689770001395
2523.3818500033885
2466.64731000137
1934.4473500005663
2774.125330002231
2631.642940002068
2490.843350002692
2340.7540800004076
2562.6077600019566
2241.145850000791
1949.5260000006006
1610.3610999998243
2820.9958100017793
1983.3639900008034
2201.5282600012592
2623.8082000018644
1483.6157700017209
2101.949840001955
2375.174330002283
1578.6560000002364
2405.2577300007742
2504.9077400023652
1196.981439999939
2012.4458400018932
3580.371680005003
3503.8633800039843
3714.7915400046704
1587.0924300005752
3171.625760003864
1690.2130800012883
2642.9638000015457
4614.349220005068
1735.461300001524
2596.104370001687
697.3290300009401
2265.218070002232
2266.6358700019205
2005.8879900028105
3106.9166500039773
1955.2011100003876
2430.1738600011913
2932.678220002174
2283.401050002136
2398.060730001001
1695.0740200009282
1749.0600200014708
4426.2179700054
920.1151200010421
2136.4745100006385
3030.906820005567
2471.1579900032016
2819.6226600036225
2366.1244300022336
2325.8951700041644
2486.19133000106
1832.900330001217
2151.6277900018645
1519.031290000398
1866.3025900002938
2292.32538000444
2427.9267400025315
1880.3814100009006
2717.1423300023553
2247.7569800021256
2237.25385000033
1051.7510500012017
3405.595380004487
2886.48831000225
1138.6711800004236
1663.1278800015496
2088.507820001578
2138.206830001363
5479.746690009277
4715.658160005283
1460.5041300006621
2187.955300001005
1995.0484800015772
2523.8085100017033
1678.116880000944
2410.475840001256
1723.7830900016268
2673.4995200030266
2247.5764800020474
2664.604340001233
1944.2895300001342
1951.4540900010134
1575.8780800031009
1731.410080000077
1281.9350000002776
1725.0036500005485
1992.4479700013458
2630.31056000169
2187.6178300016413
2297.0407700020614
2413.41094000313
2563.6196100017846
1975.8635700007042
3065.499010003478
1860.9259200018498
2141.7706800009164
2025.7063300013103
3388.15715000358
2560.801920003865
2769.1748800021783
2595.3792300024297
3136.975880002368
3595.80046000509
2669.1431900022462
2308.0631000027047
2221.701120001258
2095.6752500019197
2096.540110003577
4117.719500006713
1883.3054400006067
2253.8684200007515
2471.2995800013814
1871.7496900003546
2443.424930000745
2058.277830000875
3039.5779400050415
1877.7891200010583
2340.629180001422
4302.67999000828
2078.3459100013624
1989.5814500013955
2998.8104600037796
3380.2654100046448
1639.7709000019802
1704.8411100004319
1751.4785900000204
2267.47637000322
2046.4190700017448
2145.9928400010463
3205.3647800042136
2433.207710001722
2810.413550001814
3046.339510002893
1830.1306400013068
2688.3203500016634
1719.8601600005318
2510.6782500018157
1639.1488900011473
2956.7071300029165
2100.953480001606
1809.4606900006586
4361.546320004812
2746.7147800021285
2042.8846400011348
1237.5652100001946
3543.862340003813
2334.882630001369
2267.448050003079
1434.892940000088
2502.702490001668
3364.9678700032737
2653.5450300017606
2257.5520500030166
1947.0094800013849
3022.737620003685
1873.363910000477
3646.91817000679
2186.5040600010893
3497.2584000026604
1933.7667500009675
2292.6007900021823
2784.150470003818
1766.9439800009932
3241.4835500051877
2717.132790002826
1848.4825400006239
3048.1869500032644
2880.4199500015015
2260.9580000023634
2346.4809600017998
3197.600200003685
2170.9723000038002
2584.2492400027045
1811.3163800007594
2188.915680001023
1464.5618000005331
1373.7845400006047
2378.520530001483
2139.428870001762
3349.059880003751
3368.3337400038554
1732.7959300010336
1658.8831400021172
2585.414170002158
2976.949050002503
1750.5712500004843
2278.769100001202
1475.4172200009336
1857.401420000815
1635.843470000912
2062.1718500037705
2082.271730001047
2374.1328000030867
3181.3534200037775
2872.4518100039363
1874.0064100006414
3551.273880004429
2304.581460001858
2108.512930002969
2328.5277100005587
2258.3911800015658
3240.4990100055766
1819.325680001097
1964.599270001345
3331.553510005784
2315.892610001557
3285.840970003572
2069.4351700007396
6726.773480012605
2389.402200001387
2445.369490002137
2617.12585000286
1503.9495400005117
1888.152090001085
4623.547690006192
1847.3931500012543
1222.8354000020347
3924.5160800055564
3199.861200001908
2375.1547300015754
1871.8964900004453
1175.524110000175
2066.261430001364
1591.7269600005104
1888.5165800005075
3693.518310004128
2630.653490001881
1828.8876500001397
1926.8710800014787
3905.272210005208
3447.8276500065485
2131.636390001081
2959.825960005025
4506.775160005744
1953.9111700005158
3146.543840005426
5036.4219200086945
1806.7584700007208
1467.3929900009343
2271.0640400015395
2205.4487000017493
4023.8005700046256
3274.847820003931
2911.431060003608
4706.73504000722
2367.9245600012387
1796.8135500005765
2102.858810001811
1541.9361199997857
1485.9979500009993
1877.7636900001903
2363.3218800020063
2051.930680001128
3705.8628300038026
2030.7153300011707
3869.860020006815
1992.3496900002397
2149.771620000531
3453.7558100046735
2839.002280004079
2603.586810001533
2681.1862000010756
2129.354730000836
2150.841510001529
2207.0512100020587
2293.6782400006855
3292.7689300033817
1650.6761300007418
3129.3640300046577
3913.1407700041073
2250.202730002661
2845.915720001288
2792.952910001469
2090.381500002482
4087.3715300050303
1889.311800001601
2278.6592700020187
1742.7748300014252
3372.954580006067
2011.627890000737
2515.8749500029508
2025.2907500015694
1688.8661000011928
1318.905180001468
2165.67756000139
3391.227920002819
2406.4779400010393
1339.9708100005948
1729.4992900009838
2135.4390500015297
2603.6938900028954
2226.1256300016657
4253.657870005622
2421.9576900019447
2609.7169500028936
2368.227220001373
1650.457820000409
3305.913410005409
1555.6462000005472
2026.4906800008685
1844.2072700016736
1876.4157100008897
2335.789070002337
1569.3001700012665
2654.4458900029645
1925.6303700017825
2184.4504100012728
2045.0975500002585
2692.7967600034053
2116.516810001135
2021.4851400008777
3640.2317300034374
2893.70719000225
1889.333950002135
2977.355900003093
1348.4943900007247
2382.9469300021174
2611.7192000019886
4654.281950006471
2208.2632100024525
2013.2340600010687
3089.362560003486
1441.7357100003883
2127.651220001485
1908.0414300004456
2459.8130800014546
3163.6729600039425
2308.5997700018374
2347.991000001187
4885.207740007687
1614.6132800011235
2207.1339400011143
2944.5282500038447
1855.7342000016274
2117.1791100012556
4140.68770000608
1825.5719900002734
1754.9441000015022
2153.6119300013943
1694.1020600008183
2870.380440003453
1896.439310001482
1956.3900900014023
2469.4208500049926
1796.0449700007428
2340.5882100017348
2517.94729000134
2022.9597600007373
2494.2946400037063
1866.898150001511
1968.1678100021193
1135.7658800006689
2014.958020000452
3501.537180003227
1804.5479900022715
2286.970870002641
2132.8698400014728
3028.7476600032574
2504.5917700021264
3235.7097500021614
2752.270520002837
2500.5027000015966
3406.0162900041905
2845.032300005133
1743.2259800015281
2466.251220001365
2629.5834700040987
2244.869010001786
1839.7762300008662
2280.0399100028408
2089.652790000795
2378.3400500031644
2745.8897800029863
2344.650470000899
2069.7582900022726
2109.7435500013694
2439.8932200024296
878.543090000401
1715.6477600008097
2367.4352300014307
4236.622880005781
1878.8303400016891
1630.8161500003575
3430.099010003574
2387.9424500006107
4773.793570006813
2485.184720003633
2289.4080100024175
2575.004300004282
2982.0052300028065
3322.900770003931
2015.699500001996
2698.821900002159
2070.6667800025602
1876.206810001026
1672.905980000451
2766.0504100039066
2459.6540700018268
3287.903260005636
2744.918960002633
2237.3614900036073
6635.167360012017
999.2407700004201
2257.604970002547
