5350.675000005048
6858.350000010494
4344.675000004944
2154.224999999136
1349.374999999563
8119.125000012287
1610.1749999996312
4064.1750000047214
1609.1749999996318
1506.9749999997248
1903.1999999993645
8513.175000014267
3004.9250000024645
3765.9500000024314
7195.07500001171
6765.150000009976
6229.7000000094895
1500.6749999994743
2335.74999999906
4074.2000000001754
2983.6750000018105
2552.8999999993966
1771.924999999484
6543.650000010114
2194.2249999993082
3158.9749999994674
5398.675000005514
1774.9499999994814
3181.200000002821
4249.925000000181
6433.700000005916
2905.6999999984528
5788.900000008061
4026.6500000018295
5900.950000005259
1879.949999999386
9436.9000000168
3292.0000000009513
2165.424999999126
4170.975000000414
3787.3750000053396
1277.424999999892
6734.625000010588
7727.425000011102
2899.175000002559
5290.100000007887
3599.8500000043296
3158.450000001548
2004.4249999992726
4294.425000004811
3262.475000002696
4166.1250000053005
3141.425000000174
2366.9249999989424
3569.375000003896
3357.424999998524
5883.700000004825
2375.0249999989273
1992.0499999992837
4260.475000000573
5122.400000007132
8745.200000017085
1235.1249999999427
1339.7249999997662
5298.025000008811
2886.174999999752
3313.375000002432
3412.1250000016357
1624.474999999618
4239.900000005006
3856.7000000056096
2435.6750000008174
5093.275000004605
8814.125000014534
8312.900000015747
3464.22500000311
4399.625000004844
4427.65000000469
5981.600000009191
8777.1000000144
2456.17499999875
2677.424999998747
2893.6999999993654
4439.925000004737
3640.975000001057
3466.275000001021
3406.725000002313
5482.400000006022
3237.350000003093
2940.249999998567
4745.100000003119
6126.150000010916
2492.1249999988286
2612.5249999991543
1652.6499999994437
5858.40000000949
4203.700000005308
4195.7250000024915
4548.65000000458
2556.9000000020496
4622.425000004617
4353.500000004758
1971.4749999992632
1798.1499999995126
5727.950000005616
5233.975000005063
4702.700000004488
6482.675000011103
9475.900000016942
1498.724999999684
2179.999999999113
4797.650000006322
4875.47500000517
1552.1499999996838
4245.475000005002
4663.275000004475
3814.1500000044575
4543.200000005425
4384.400000004872
7016.700000007995
4965.850000006133
4341.400000005294
4497.975000005064
4459.700000004661
3551.975000000868
5339.700000007624
4811.125000004341
4405.625000005006
2569.8750000008076
2272.949999999091
2516.2000000002595
4770.500000005009
2927.8499999989144
3320.999999999625
3678.350000005372
1902.9249999992826
2082.2499999992015
4812.200000005267
3336.4000000038577
3781.375000004829
6577.600000007631
2214.974999999081
5769.925000006693
3580.150000005612
5212.900000007461
6259.075000011024
5820.200000007627
3245.7499999993997
2150.14999999914
4904.650000005073
3505.950000001791
3827.525000003416
6176.1500000106735
4472.250000003369
3371.174999999813
2833.2249999985183
3722.42500000463
6454.700000010881
5129.400000006218
6371.25000000888
4356.725000000636
2187.724999999106
5733.950000006225
5656.25000000641
3859.6750000052066
6778.1250000109685
6641.22500001049
2506.4999999990823
2946.2499999996244
2618.974999999539
1972.974999999301
6749.100000010476
4367.39999999921
3511.425000001681
1475.6999999997533
2853.4500000004414
2074.1749999991493
5453.125000008087
5066.20000000411
1721.4499999994914
2789.950000001306
4563.200000004636
2898.4000000010255
1828.149999999433
3861.7000000053786
1750.4499999993627
7875.175000014009
2999.4000000001442
1359.924999999843
4640.950000005525
1978.6749999992958
2853.6749999994727
2695.4499999993923
2128.2249999991595
1519.224999999654
2265.2749999990356
3981.850000002598
6950.925000009822
4877.175000003898
5684.1250000092405
4879.450000004562
1413.6249999997567
4410.425000004929
2895.1999999984623
2300.899999999208
2900.200000001499
6862.12500000985
1893.4249999993422
2111.3999999992047
3497.925000000442
4399.350000000288
4614.450000004672
3506.000000001617
7046.675000011546
2323.424999999579
7136.17500001143
1994.6499999992811
1276.8749999998604
4982.900000005355
1768.8749999994002
2915.4250000012134
4229.625000005184
2976.5000000011273
3920.075000002636
4894.5250000050955
3070.0000000006803
1599.7499999996405
1499.7249999997314
2865.699999998489
3255.574999999852
3742.4500000056423
2167.625000000517
1892.9499999993739
2685.524999998653
3050.200000000059
5155.925000004654
1874.9499999993466
2568.674999999
3775.425000005283
3203.4500000012395
4616.900000000513
1632.6749999996105
4737.750000005257
1542.6999999996924
5426.400000005152
4304.175000003987
5731.650000005729
2318.9499999988757
2207.224999999088
3033.999999998336
8619.17500001408
4074.725000005241
4468.750000004653
2626.4999999987067
5136.875000006105
7516.425000012268
3231.6750000023417
4870.975000004852
4573.9250000028005
2094.8999999997645
7184.850000010849
7390.650000011316
3164.424999999462
4356.1000000061285
2914.67500000089
3758.2250000025874
1551.3499999996486
3454.7499999993324
1607.124999999634
2859.6999999994077
1701.7249999994128
1644.9499999995674
2474.674999998895
6630.200000006749
5595.950000004905
3638.7250000005224
4413.425000001555
7642.725000013275
1574.999999999512
3972.649999998933
3157.449999999456
2223.449999999073
1907.0249999992723
2433.4249999988824
2632.1749999987014
3952.925000002206
1779.6999999994769
1653.7249999995088
1911.424999999357
3762.9500000054713
1668.5999999994947
5040.150000005686
3237.974999999914
5641.700000003499
5762.150000006323
3108.15000000021
2073.97499999943
2225.249999998985
5262.700000004776
3702.725000001606
3718.350000005525
5416.400000006273
4582.700000005085
2290.699999999012
3531.375000005471
4342.950000005015
2224.1499999990724
3378.1750000010225
2530.6749999999715
2508.9499999988366
3753.1500000008164
2679.774999999119
4927.125000002907
4120.375000005771
2154.7749999991356
4355.575000004756
3313.1750000008756
3229.2249999987216
3408.950000003492
4212.900000005454
2909.6750000031557
1956.1499999992584
2594.624999999596
4291.125000004714
3970.450000005271
2397.224999999213
7236.375000011039
1154.0500000000116
3245.425000000611
4267.9250000051
5161.725000004517
1877.949999999306
3846.9000000018145
1616.1749999995445
1778.9749999994774
2612.4749999987193
4946.225000004921
3761.2250000029667
5474.2000000054895
3112.675000000502
4214.225000005331
5297.65000000476
2589.92499999874
8154.4250000132415
3635.6250000023197
5597.95000000447
3167.5000000005634
4467.4250000052625
1717.6999999995332
2519.299999998804
1657.3999999994853
2869.4000000028
1895.1749999993717
2349.7749999989583
3119.9000000032374
5127.150000004807
4864.65000000274
3813.449999999105
3166.8749999999027
4726.150000004581
2120.749999999167
1492.6499999996165
4122.925000005293
4484.625000004745
3536.17500000132
3258.850000003184
2541.7749999987836
2230.0249999990674
3824.900000005686
3766.7000000053367
3777.475000000026
3715.125000005638
5133.400000005522
4798.4000000042315
4446.200000005599
6467.150000010033
5267.475000006592
1725.1499999998634
3710.924999999261
3929.4250000051434
2479.97499999884
1413.1749999997348
5535.650000006244
5087.125000003594
2775.3999999985713
4483.9750000039585
6018.600000007269
5328.450000004346
2825.9499999985255
4611.425000004584
1654.6749999994922
3777.2750000026826
1544.9249999996262
3098.899999999834
4335.200000004774
6288.675000011006
2151.6500000003907
3636.199999998832
3758.325000005516
6235.950000007532
6889.175000010499
7108.150000011234
3185.4500000002836
3934.3000000037655
7988.875000011532
2756.5750000021894
2404.2749999989087
2918.474999998441
3409.325000001228
5215.625000003856
1218.8749999999227
5445.4500000042735
5300.225000004324
4612.2250000017475
4649.625000004829
4418.975000005144
1538.474999999673
1888.8999999993503
4010.6250000050695
4737.72500000252
7024.225000010415
5669.92500000948
1982.2249999992487
2161.474999999115
1318.699999999796
2186.9999999991064
2946.949999998415
4704.900000005886
4733.07500000515
4936.950000005343
5128.875000006576
2841.1500000004044
3772.650000005444
4601.7000000046855
3270.6250000024966
4129.150000002597
5679.725000004569
2176.224999999048
2581.72500000085
4332.975000005396
3305.9250000024235
2865.974999998489
1050.3500000000245
3467.350000002851
2258.1499999999123
2771.249999999697
2306.6999999990903
6306.37500000845
2269.699999999244
2688.2250000012373
4039.97500000579
1901.6749999993658
5539.650000005172
1094.4000000000074
2487.924999999446
2455.7499999988618
1899.9749999993674
4713.375000001846
3221.4499999993604
4758.675000004445
5480.675000009242
5079.175000007071
5306.925000004603
2028.4749999992505
1648.374999999594
1793.874999999381
4216.450000005322
4796.825000006457
4406.47500000471
2414.1749999988997
4187.650000000984
2265.699999999986
6794.700000008667
3717.975000001945
3352.6500000039805
2060.4249999991152
6743.950000011016
2295.2749999990083
6466.15000001073
2390.425000000495
3249.0499999988797
5230.175000007632
2273.8749999990087
3773.200000005869
4333.425000005338
1767.9499999994875
2222.899999999101
2445.974999999996
2779.7249999985675
2261.924999998972
3941.3500000041877
1475.6749999997533
2938.1250000007813
2974.47499999942
4656.40000000424
1330.349999999725
4287.200000005596
3043.875000002171
4173.100000005461
3029.8749999983397
7263.900000012057
3997.249999999589
3810.6750000055954
2013.4749999992641
2704.0249999986363
3706.9000000056158
4568.050000005003
3286.749999999306
2180.1500000004353
2333.4249999989734
2369.4249999989406
5067.450000005254
2851.249999999266
4860.725000005345
3271.1500000027318
3244.7250000003423
1846.5999999992632
5634.225000004517
6558.650000011028
2852.325000002045
1985.1499999996836
6497.950000007908
4340.42500000538
3877.6750000040374
5974.225000007903
4244.600000004856
2201.4499999992277
6569.20000001107
3737.700000005474
3895.975000005865
6258.875000008689
3070.0249999983034
2837.0499999985304
5860.700000006464
2707.9249999993967
2390.199999999212
4395.025000005267
1685.399999999532
1843.399999999419
2874.4750000000968
3760.300000000359
1495.2249999997357
7049.425000010195
3979.675000005483
3669.5250000011692
2249.1749999999074
2920.350000000598
4010.475000001289
2928.700000001836
2950.8750000000928
3123.4999999983456
1797.7249999994606
4367.400000005331
3157.1750000000943
5403.600000002127
1906.4249999992985
4183.375000005393
2344.1999999989634
1989.724999999286
3117.7249999982887
5982.375000009829
1795.72499999944
1315.5749999998498
1581.1249999995007
2383.4749999989276
4440.150000004908
6858.875000008606
2322.449999998983
1941.3749999993297
2291.1999999988902
7191.9500000121425
3886.675000002635
3238.37500000292
5945.4500000081025
2211.499999999084
2672.900000000016
4140.925000005344
6641.7250000079175
3310.100000001281
4129.0000000025875
3018.725000000555
2828.9499999994378
3782.7250000054805
4257.600000004422
2531.7249999987926
1585.3999999996
1992.1999999992413
7351.6250000117625
1958.9499999992768
2730.6999999985865
4666.100000001971
3848.1750000052093
4259.70000000549
3607.675000000555
3097.2749999996936
3803.9500000058456
2762.2249999985834
2177.17499999905
4309.425000004947
2272.6749999989543
3497.7250000011363
2186.449999999104
1875.3749999993606
2142.174999999147
3316.675000001793
1616.4249999995654
4214.625000005017
2128.4999999991096
4653.925000004484
2431.2499999995125
5034.200000005023
2076.899999999762
2389.924999999672
3982.00000000063
1462.6749999995868
4476.400000003758
3376.1250000018626
3711.1250000020095
5424.95000000333
3981.850000005542
3629.275000000015
6351.375000010878
1598.7499999996414
6291.650000010784
4100.474999999556
6207.675000006848
4514.750000005409
5237.925000006311
2720.974999998621
5990.925000007308
4211.950000004725
2462.650000000509
2182.4499999990558
2952.2000000005432
4320.175000002497
2416.925000000101
2766.2249999989176
4223.675000003974
7611.350000011048
6471.45000001117
2012.699999999265
4911.95000000425
8034.900000011699
4339.625000004933
4703.925000006204
9262.900000016207
2612.4250000008406
4352.650000005033
2310.2249999989945
3736.7000000018766
1548.9749999996866
3657.450000001764
3157.674999998224
1344.8999999998723
4550.000000004836
2268.675000000594
2265.4999999989677
6417.8500000108415
3479.775000003183
5460.175000008183
2818.875000002148
5733.4750000062995
4546.6500000051055
2397.700000000209
7276.975000010532
4029.4000000050523
1645.149999999544
3989.1000000034496
3042.1499999995567
2101.699999999184
4038.2000000025923
3377.9499999988902
3858.6000000025056
2806.9999999988677
2502.6499999987514
4183.650000005609
1179.9249999999174
6198.450000011014
3828.950000005354
1190.8999999999248
3238.450000000487
2027.4749999991263
4724.525000005153
3401.625000001428
5282.600000005774
3264.0249999997936
4470.625000004917
2566.749999998761
1493.8749999997367
2862.0499999984922
4108.650000005169
2400.974999999244
2653.2499999986826
4808.275000002039
6744.650000008383
3213.700000000261
3595.7250000012364
6800.375000011288
5479.700000005354
2757.174999998588
4873.9500000025
2207.374999999419
2794.874999999679
4996.225000004374
6884.125000010931
1745.8999999995076
5730.900000008709
2352.0249999991574
2387.9250000007596
3135.4250000018965
5923.22500001001
4000.925000003464
2863.4749999989313
1702.924999999439
9192.07500001591
3078.1750000015245
6395.175000011262
3386.650000001589
5406.45000000625
6681.950000011042
1976.2249999992982
1624.9749999996175
4497.325000005093
2495.2499999988067
2161.4749999991272
3643.2499999997317
2167.8999999991074
2504.99999999915
4201.225000004219
1951.7249999993205
3868.4500000053536
2478.4499999988416
4589.000000005302
2822.249999999405
3366.4749999997985
5633.125000006627
2689.1250000002374
4873.0000000042855
2752.49999999902
3995.425000005577
3573.950000005797
7034.200000010491
6315.150000011601
4424.750000004692
1605.4499999995246
3876.6750000008496
5687.950000006571
2662.149999999995
4559.900000004569
6050.925000010435
4354.375000002509
2568.625000001437
7396.10000001194
2560.4499999987456
3362.800000005107
2767.974999998444
2621.9749999987107
4320.275000001294
4244.42500000473
5295.7000000064945
4101.000000005235
1669.374999999577
5451.12500000581
1830.1999999994146
5029.975000004545
1925.1999999993445
4688.450000004453
5254.400000005569
2738.074999998696
2339.0249999989683
1578.6249999996535
4456.850000004876
3769.1250000054856
2302.899999999001
5134.750000006192
4722.875000006679
4143.150000005383
5341.975000005716
5691.925000006564
4453.875000005531
5760.000000008698
2073.4499999992095
2674.6750000008515
2230.174999999311
2531.650000001021
3939.650000004097
5430.475000006285
1899.7249999992855
5989.650000009342
5324.6250000065775
7305.600000012597
1849.6999999994132
6615.900000008879
3146.175000000011
5277.150000006038
3065.7000000006346
3666.6750000018956
6826.375000007303
4231.8000000040765
3941.4750000034305
4222.375000004877
4563.150000005141
5121.6250000065
1586.9749999995665
7387.425000009709
3819.925000005559
2513.7499999987863
6891.925000009402
3723.7000000055873
2014.2499999992633
5054.225000004696
4413.750000005226
4029.2000000038042
5582.350000004499
2958.125000002208
4885.9750000048025
1606.8749999996342
3611.2000000027238
2379.674999998931
5479.4250000085285
2794.1250000034115
3418.9499999995705
4778.8500000051845
1746.1999999994523
1823.6249999994368
5188.875000005006
7889.9000000122
1604.149999999624
7030.125000008231
5665.450000004555
1786.999999999467
6219.175000008866
9170.825000015831
3647.7500000057094
3794.150000005573
2733.4499999986097
2900.499999998546
4113.6500000022215
4422.425000002592
5109.150000007501
3440.475000001708
4073.4250000052434
1573.9499999995537
2866.974999998488
1060.6000000000322
2998.4749999983683
1539.8999999996604
2819.150000000959
4021.19999999976
4145.900000001093
3950.8750000059167
5842.6750000067195
1654.599999999404
4952.600000007511
5292.475000004668
3955.00000000512
2341.6500000002143
4691.675000003954
1785.9499999994193
2441.699999998875
4025.9500000037356
1419.524999999775
2371.974999998938
3035.250000002759
4889.050000003388
6143.925000009191
7611.125000012757
2647.4749999995156
3141.699999998843
4296.475000005227
7421.600000011135
3954.375000005324
3869.699999999401
3581.200000000831
6840.87500000814
3137.9250000027846
8930.600000017119
2759.89999999931
4563.450000001216
3975.6250000049818
2611.475000001604
3440.250000000493
3656.450000004646
2973.9000000011692
2263.749999999037
1791.699999999466
3311.7999999985577
4083.925000001938
6907.150000010622
2273.199999999028
5740.12500000489
2899.524999998561
1656.2249999995893
5363.000000006141
2242.6500000000106
6047.650000008062
4427.750000005008
2226.89999999907
4880.900000005828
3542.2250000026997
3287.6250000000505
3024.0499999985577
2163.7000000002854
1992.3750000000875
3003.7249999983633
3028.950000000232
4469.925000002548
6863.9000000106325
2284.8999999990174
5339.6500000073265
6001.950000006196
2834.9250000014695
3270.7750000005176
6861.450000011129
4888.675000004346
4173.500000002648
2629.475000000056
5224.425000006108
1773.6499999994826
4328.95000000524
4170.625000005588
3922.6750000051325
6731.650000008916
2437.175000000061
3742.650000005894
5364.4250000064
3694.85000000243
1620.3749999995948
4947.950000007049
4868.700000004903
2996.2249999988753
4398.500000004717
4800.425000005018
4082.9250000018933
5383.950000005227
2103.949999999182
5616.675000008023
6521.950000011389
2898.4499999986756
4566.000000004564
2493.724999998772
4882.175000005286
3445.6250000042364
1583.924999999655
4694.175000004448
1817.0999999994428
2700.4499999996356
3745.1500000016763
3190.224999999824
3525.850000002019
5116.175000002625
3910.0750000036132
4478.675000002954
2802.2249999985465
5968.600000010281
3878.1750000051893
3736.749999999855
4724.425000005225
7246.875000010303
5113.7500000036125
2813.9499999991885
2439.399999999864
5069.7750000048145
3377.950000001782
2811.4749999985384
4664.12500000443
1671.2249999995079
5193.0750000042835
2479.3500000004015
2382.4499999989575
4496.875000002697
4012.125000005165
3186.4999999993165
3549.250000000654
3004.4249999987214
4193.92500000545
6762.25000000707
5463.45000000875
2656.9750000003196
5269.700000004397
2700.400000002178
4375.725000000206
6205.975000009354
5222.925000005242
5684.6500000057185
6142.950000005738
2725.3499999998658
2217.4499999990785
4403.225000004952
4802.575000005942
4688.7250000049535
1710.599999999462
4760.475000004537
3843.1250000025316
3305.8500000037025
3227.87499999981
5102.850000002627
5412.675000003819
4554.17500000528
4614.900000006313
