375.9048699999769
410.34424000013234
285.2849000000078
256.81373000001963
256.2215199999865
533.7787900004216
290.2658300000093
302.5456600000016
272.5285500000123
322.0912200000099
309.6986300000058
557.9011200003544
295.2789700000216
385.9562400000966
359.5257400001472
421.0146200001944
468.0852100001773
247.62947000002364
342.35183000000654
347.5192899999981
284.436970000001
377.6163700000038
283.4124199999986
526.0710200004229
274.9737500000129
377.2808200000147
395.05087000026106
285.48163999998627
408.85679000013914
340.1654500000037
441.95152000025706
377.0917099999522
519.1098400003249
409.9782600001153
330.50201999999314
281.91820000000155
629.742330000664
293.7628699999934
296.48938999996994
441.09021000004
331.2741000001157
265.16123000002017
575.3708300004088
456.61901000018355
349.7550600001257
275.81828000000917
372.3189500001983
412.50028000007586
303.1659000000269
451.4680000003325
311.9134800000118
353.73293999997605
365.14047000004683
326.46960999998055
354.4388800001869
369.19189999996604
319.0988999999696
357.71145999993445
295.34201999998567
426.5389000000474
395.0355600002578
347.7909899999787
308.65925000002477
251.8652500000215
302.9827100000099
299.6225600000321
351.35015999999194
287.92511000000513
286.31759000000426
370.6193500002213
288.33633000002214
320.75513000005964
373.656740000243
484.3282700001891
379.74324000025024
345.3496599999737
319.41541000002184
462.04246000020737
419.59210000023313
388.0796699999957
309.7895000000024
381.4397700000038
296.2202400000133
401.5528300002146
373.4959500000137
319.20484999999184
387.4886600000906
450.410320000289
301.9320000000322
377.694589999981
461.4440000001394
536.0443500004297
360.65160999998676
352.9642300000103
290.00256000000235
326.2259100000407
510.4175300004364
391.0716300001118
337.297339999995
305.47818000008914
335.7465199999686
339.5142600000215
308.7491000000111
302.4324299999969
359.71531999999553
400.085409999968
422.9875300002001
433.1652300000203
314.8306299999937
342.5642300000319
261.1943000000118
364.96130000002165
382.5309400000164
272.2812899999991
325.5438900000079
365.42745999995293
376.19732000020406
435.04997000023855
382.89351000023305
363.2856199999878
349.060860000058
302.7905799999847
321.9765199999981
395.1550600002231
408.1848000000329
391.0581100002328
480.1898700001893
419.42284000022534
255.11143000001482
281.9548500000143
258.6654400000268
322.9196200000157
358.4776200000013
358.3491900000048
488.040010000467
279.39966000001556
341.37450000001263
435.25431000020217
414.5650100002027
350.0712600002228
529.6558900001218
248.73277000001144
320.2701300000106
276.07051000002826
407.6443900003198
540.4270200004473
394.9333700002368
405.71435999998147
343.2178600000069
431.5193300002254
306.6522600000824
381.8226700001314
365.62038000000035
400.92710000018474
363.7673899999729
342.06641999997197
437.99725000021334
436.1114600002303
420.57170000011183
294.0997200000115
406.8866299999507
337.63229999999277
485.92085000026617
474.8849700002427
383.78342000023144
501.88040000045856
422.8965000000294
302.4222800000059
339.13210999997546
345.6400199999805
267.03092000000606
430.2578600002154
400.38627999994947
387.673530000037
268.37941000001206
292.82427000000416
344.37315999998333
407.3389600002419
350.9381699999477
300.58976000002326
297.1997900000185
309.73270999999784
368.18570999998957
355.1327300000155
373.661010000223
271.0559100000119
550.5957700004379
401.42439000002344
253.4106800000167
366.3704000002449
336.9861499999752
393.1933600000084
354.39363999999864
312.77749000000773
321.21554000001527
280.6138300000082
372.4203300000471
408.81435000006655
407.93874000015364
461.34555000029945
354.1048899999573
272.75220000000945
277.7433000000016
374.4296099999694
383.09306999995795
294.3532000000082
562.7884800004235
325.2745300000023
329.6835299999922
411.4270500000112
386.10893000003523
445.26995000018957
355.7001900000099
471.19669000022674
316.7228799999981
387.7271800002433
262.0781300000197
265.5851700000143
332.9704200000173
301.160409999987
371.12022000009006
297.59843999999777
397.96932000000044
280.35569999999154
478.1306400002131
397.23490000004875
299.9111999999975
299.8269399999979
345.1497499999797
340.1129999999817
254.97911000001676
338.4304000000221
321.34468999999643
354.5277800000053
308.88570000002716
529.9797400002121
288.7876599999915
325.0335999999571
427.8588800002366
354.1065500000795
396.33837000007924
306.8440800000151
396.7123099999413
310.45661000002104
405.02500000001675
314.71272000000516
465.47585000028374
252.47452000000766
340.0539999999999
302.33470999999116
715.5314300002217
290.69274000001474
457.2062400002033
326.2550899999588
465.7002200002429
516.7764700005242
363.7299200000985
366.99521000021406
399.62442000016307
300.79757000001547
470.3212100002869
425.7699900000126
363.3433900000318
321.9002800002432
306.1328100000042
355.06243000013274
272.6647500000045
339.9187799999787
297.90715000000813
404.56828999998334
235.6491200000111
289.69726000001964
341.6358100000265
430.0998400000532
444.91834000020174
349.96434000002876
365.9974200001146
456.4475400002263
280.9452799999953
394.72472999997876
398.10150999998996
397.7754500000083
255.40965000001776
262.2280800000148
365.23849999995014
362.09350000002223
335.9963200000101
260.6890100000175
285.2989599999985
398.74562000024247
242.74274000002083
281.60397000001745
330.60866000000357
457.2332300000187
342.45397000004283
356.7425099999936
311.43191999999414
354.24597999995734
454.99468000022586
275.61415000002467
274.42993000002616
332.05294000004085
428.9246700001693
291.07749000000354
400.4915900002395
316.298369999997
352.2564200000065
340.53497999999286
346.4280400000175
422.09455999998806
338.26074000000415
354.18429999996806
319.23708000005234
329.5073400000315
358.1965699999666
396.68152000021894
404.52417000006375
361.16187999998
317.80128000001184
449.5574300002565
329.3381700001412
290.1393799999962
347.9361099999908
407.33662000020263
306.38930999999826
356.4339499999827
403.06308999999027
236.94279000001833
321.7065800000398
361.08607999997207
329.61662999997634
255.87713999999755
383.4070600000181
274.4328000000122
294.85075999999674
312.8537599999959
460.96838000023234
316.56565999998486
377.54330999998535
359.15789000002485
317.59281000001204
492.83727000022935
346.13848000000036
586.7378800004067
368.029840000004
353.1667599999925
379.6508699999837
358.28258000025335
301.9903400000265
307.5060800000101
253.00814999999326
290.99592000002025
311.8256500000077
351.8380799999535
343.14800000014975
417.8000900002239
456.68576000011075
385.1133399999728
405.517889999975
510.10173000031057
311.7904900000223
262.5605200000064
292.69694999998546
354.575460000005
340.0203699999852
324.13030000000833
359.43659999996186
317.0997200000036
411.1607800002368
372.056000000238
311.6426700000008
286.71448000002215
436.7857000002426
309.00863000001186
423.629580000277
388.9076400001948
509.7961600003187
268.79656000000637
356.9568199999874
296.392370000017
274.39172000000434
310.0274900000099
348.9886499999692
446.9536800001335
363.04180999996015
350.63459999997036
365.28303000013375
475.5715700002049
419.4623499999472
447.5450600002125
311.8903899999932
406.46098000013603
251.97970000002402
362.21449000005157
426.84886000022766
577.2467200004321
244.00554999999287
336.57785999998157
308.1151200000228
514.7982100002008
472.8159200003432
539.1284300004544
330.47418999997353
434.96289000014286
483.40206000025006
331.04899000002354
331.0469400000072
385.8842099999242
393.97575000007856
511.0221500000982
303.14775000002885
438.38949000020955
486.8799300001893
410.115800000102
390.90536000023087
400.2927000000386
303.36134999999524
297.38941999999145
361.73654000024214
391.079500000131
502.4513700003149
330.7335300000331
266.88656000001623
301.0540799999841
272.8121200000124
317.7702499999973
309.4351199999755
444.3463400002344
363.8108600001
376.6709100000225
466.6379300002211
376.04536999997873
321.5630800000229
363.3551800000074
373.51306000012033
341.9149599999842
367.15765999998916
336.35513000000554
324.93777000004405
327.80304000002724
333.20435000012816
357.15700999993356
258.4000300000198
346.418260000153
349.352790000003
332.1130900000078
297.8523399999856
501.47966000021944
271.5595700000193
304.80931000007024
496.4475600002648
329.7566700000209
344.60859999995716
256.6718700000221
319.06960000001544
283.4105299999976
261.84137000000794
417.8430800000268
279.4689200000088
375.91010000002746
337.24447000001345
512.4909400004672
394.54063000026036
396.61262999998434
333.49590000003104
252.22740000001082
336.2714900000255
470.3664000004974
413.4496300001956
305.2211799999766
347.653959999997
280.19555000002015
383.0395599999972
319.2925800000304
325.50980000002073
272.955600000005
344.47060999997086
315.9715199999671
478.6221700003359
354.48444000004946
396.53089999998497
440.7222699999862
348.64270999999803
347.2196100002577
310.1612600000103
294.2358199999953
243.14581000001803
364.05290000000025
307.7814300000071
329.7348399999884
494.824150000292
332.67157000001595
392.8238400000626
346.4607699999868
489.36201000020156
268.79745000000736
286.989870000025
341.8011800000979
402.9103399999864
381.48664999993065
517.3658200002318
364.72621999998773
375.01184000022164
348.8004199999939
404.1922699999733
407.96699000024586
320.7934599999955
254.02738000001716
277.7762500000167
375.66112999998745
342.2969099999661
329.0771699999958
393.645390000014
376.94932000024005
442.615360000121
365.6993900000374
261.3825700000231
367.35754999998477
525.0535300002158
277.70609000001315
344.02564000000746
392.01998000002067
321.8439999999964
432.2618100002092
363.66614999997034
408.51295999997353
333.1229999999928
465.52510000019487
410.57719000024355
415.6440100002614
446.54207000023786
394.96600999998833
354.96608000001174
330.4352899999939
276.0998099999982
331.1381999999649
353.86100999998337
285.09358000000844
338.3072699999897
377.3353799999942
300.5739499999966
257.2280300000147
355.6216399999908
301.6023400000112
350.75566000008496
318.560450000011
275.3072000000152
303.745809999988
364.72584000007316
346.2225300000272
360.05092999995776
281.4067300000066
327.28750999999954
381.8154200000421
356.31303000000423
269.54559999999276
452.3067000002638
337.7213799999703
367.4258899999945
355.7539799999662
286.70207999999093
295.10341999999304
254.98230000001914
289.30072000002156
312.90618999999435
426.6165800000529
374.64901999998574
329.30211999999904
326.6937200000239
348.73293000000405
540.7181800004262
359.942450000131
373.7683100001268
484.3570000003629
334.2646099999909
308.6359600000059
398.1296100002608
418.6854500001165
395.5156200000572
339.8210300001245
393.55999000002527
334.3018799999749
344.73515000024565
295.4773400000463
329.47635999998937
229.31585000000806
345.37028999996664
477.299140000139
258.9855500000182
330.7523999999679
454.8549900000712
378.6204200002386
432.84003000026644
367.8225499999721
280.49094999997874
377.7146400002577
346.3351099999825
311.8743000000195
429.3754800001885
275.051249999994
412.5057100000936
276.9888999999996
290.05498000000824
289.80867999998355
234.16386000001694
310.00912000000335
375.44354000022906
351.5843099999681
433.00136000021683
309.39944000001196
428.676230000222
263.19024000002247
290.72490000000755
367.81106000001813
250.1077500000236
415.64483000002224
384.492280000069
332.7053500000066
468.8632700001505
277.7635400000162
436.12806000002064
448.38487000046547
343.01281000001194
408.8397900002499
375.02607000001547
434.7363100002997
497.2806500002152
410.52269000009653
343.4120399999704
460.2896500003088
370.57956000019703
280.0173000000209
254.4897900000124
380.42327000003615
327.89876999999865
328.1444899999962
302.03361999999345
379.97365000017584
587.7191000005132
409.2701800002432
303.71225000000277
391.103030000213
486.9614900002715
418.34497000022196
298.3707400000097
505.2786600001977
259.04564000001494
420.82677000021687
367.3036399999747
309.8376000000309
253.22644000001378
371.8554000000043
312.4800199999762
317.3861500000239
363.71926999998965
300.09047999999257
263.7348700000156
401.3103300002518
359.35110000002646
348.2222900000085
289.86811000001484
371.8265400000092
301.88847000000555
323.0272599999787
396.87002000020533
433.2115500002209
306.41167000001036
366.42554000016275
302.66090000000463
299.10993999998936
447.6847100001368
342.38467999999784
409.9242800000737
366.5113199999827
332.98109999998707
437.13449000028834
276.26058000002934
414.8898200002474
407.0331600001352
241.8828800000179
346.4557900000334
263.44574000001086
297.06751999998846
380.55604000009305
431.0289300002503
371.3280800000554
404.39623999999327
371.63575999996567
301.6855100000095
384.9071999999323
344.1478300000068
283.953650000019
293.7684500000115
460.88648000011216
435.96527000024594
406.681060000007
343.65184999999474
487.0828000002255
457.98592000025957
360.81080999997704
483.58080000010386
293.0093200000047
335.1760400000059
324.25459000000234
369.4343700000417
314.1908500000192
364.0364800002639
317.22091000000677
302.2072900000552
302.63405000001944
401.5914600001847
410.47546000005445
337.307819999996
314.98683999999116
509.08347000029056
317.63389000000484
360.1564200000022
371.8286500000197
420.19625000003043
527.6133700004708
258.0495700000225
298.21246000000866
471.95202000020953
320.645500000013
338.06575999999734
467.94637999998736
301.56437999999434
281.7911400000255
457.4478300001515
383.54613000002263
290.41869000001464
296.4391300000025
450.6139900002342
310.1329999999717
375.4694600000047
527.9155800004592
286.0048500000186
325.22237999999436
375.7032699999667
319.9228099999935
344.19220000025103
413.7228000002394
534.0564100004661
400.61052000020413
266.3822499999976
302.2361200000553
494.947310000281
356.1781000000381
436.6903700002089
413.2258100002164
440.10201999996394
396.9064000000422
488.4670200003205
278.26834000000576
387.5800300002214
254.15845000000826
343.2184799999762
393.9069600000168
257.5645200000217
304.08390000000725
423.3878100002173
322.13267
437.68728000021736
317.66529000000867
399.53204999995825
332.81515999998965
356.7667399999726
486.6785200000541
360.15195999998303
293.85405999998494
261.1667400000106
386.99525000021606
280.35638000001256
312.7163800000208
316.7817300000347
447.0661700002734
394.9606699999933
478.0651000002437
366.6226500002503
362.1560800000006
414.75059000011674
273.37555999998904
285.8747799999976
317.5927900000138
286.8943100000165
275.58688000002763
536.4817300002475
334.2435299999807
439.0370900001833
377.22411000002364
644.3572200005239
302.2900200000156
379.1819699999829
327.15564999999145
353.49059999997934
279.67476000000147
358.1868600000497
510.3561100002839
283.7789899999948
324.44304999999525
573.3843600004489
320.2625100000016
283.6500600000052
349.18175000001133
611.6345900003727
385.75757000024197
381.85998999998674
430.2106800002692
265.41197000002126
310.3354700000152
486.821920000171
273.23847000000643
387.6194200000898
504.2826500001507
295.94069000010364
353.6847699999885
281.64978000001605
370.47900000010975
400.5074400000067
386.64843000009546
277.0215800000201
380.5966599999915
416.19171999998974
267.0671100000216
354.9380400000028
394.8541499999926
475.0060100002363
308.1011200000089
480.7621000003611
467.48095000021414
302.07235000001333
482.79185000038245
567.5063800004357
375.23098000024663
390.1220300002526
314.5912700000053
323.02638999996356
399.72023000011615
424.7147300000133
405.31594000025774
475.0416300001678
338.68028000023486
339.0442299999875
360.0390800000021
260.54381000002354
326.1646999999759
263.8300500000195
319.93906000001584
385.735950000015
421.06291000009514
350.39200000000443
392.50784000004705
267.53012999999623
351.21109000025086
431.40585000024015
442.14670000022954
321.6551400000178
292.1694299999983
284.5560599999999
297.5043399999992
341.91193000000044
285.7944300000228
362.621609999974
258.80662000002644
399.6895400000483
305.30705000000717
563.2277700005279
256.17288000001537
288.27292000000574
296.3853600000045
434.4880200001415
300.39374000002204
414.14458999997174
423.9107300000431
496.2488900003248
275.5849000000243
462.2669900002201
334.57127999996976
363.2089100001008
349.2586899999606
373.68906000008684
366.21614000003535
396.4771500001956
358.70988000009334
296.74132000002004
357.880340000006
337.741149999957
432.8871200001011
432.5793900000289
352.2529499999569
501.53447000021225
331.1033100000033
299.17168000002357
490.89469000007773
283.34235000001985
347.37858000022806
309.3146899999987
323.8927399999793
312.4804900000212
384.7631600001091
425.1471900000377
396.8931899999554
309.8714300000197
275.94700000001836
364.31120999993595
360.50122999999644
322.65636999997594
332.3477400000066
352.7372999999929
438.8293700002268
383.2125000000179
275.89960000001815
365.36269000002756
432.4382700002363
361.6724499999558
340.18478999996637
361.5016300000383
429.150290000015
277.94479000000376
350.0935200000199
414.75368000022775
381.43746000023833
487.20062000011586
320.66527000002526
308.6469200000065
380.9576200000604
316.4758700000047
331.25456000001896
472.6121300002783
309.66738999998495
359.8357099999701
469.32349000021185
315.6221999999647
400.64336000013
335.3674499999945
307.79335000000304
435.9296500002327
302.9458899999852
311.34143999998815
518.4737500002877
265.8757200000245
330.47162000001316
308.9901700000115
284.5999000000262
453.56191000016247
307.74452000000036
338.99471000000347
327.27866000007884
305.35061000002054
444.88350000007
357.1326300000505
372.18808999998635
357.0367000000465
378.13335999997514
513.2093400004279
291.58799000002375
367.9919499999662
308.53886999999355
639.0348800004555
386.3998699999992
333.93639000002025
290.9275400000186
389.5135500002279
347.6175899999704
363.17058999997033
437.12388000022503
290.3175700000227
426.41317000011884
354.6794500000089
293.20742000002525
386.62796000010115
343.6324200000009
353.2542899999927
303.1311000000154
309.46738999998064
294.9974500000069
373.6287399999915
352.92710000012136
269.4520400000146
490.67921000018646
323.840919999998
426.72764999995195
438.5475800001838
381.3322600000579
409.3222200000333
367.74232999998935
379.6513000000095
337.7999600000047
428.4722400002116
414.4791300002557
370.9068600002481
301.8899999999859
484.2599000001942
295.17167999999174
405.567520000272
390.808940000023
321.70849000001436
420.9726700001752
384.8305000002414
382.5085200002332
