15787.800000039904
13698.100000032302
12653.400000028501
4883.200000000234
4985.700000000606
13448.000000031392
4759.999999999785
11682.80000002497
5272.60000000165
5412.500000002159
5584.200000002784
12994.300000029742
7740.0000000106265
8569.100000013643
13099.300000030124
13647.500000032118
12549.300000028123
6180.900000004955
6435.500000005881
8561.300000013614
10822.600000021841
7004.40000000795
6639.900000006624
14260.800000034349
7969.900000011463
8071.100000011831
11807.600000025424
5682.600000003142
11114.800000022904
10322.400000020021
12396.100000027565
7738.9000000106225
16515.000000040167
12084.700000026432
13724.000000032396
5752.200000003395
16364.200000042001
7155.300000008499
6398.700000005747
9785.700000018069
11995.300000026107
4770.899999999825
13104.700000030143
18970.10000000444
10411.700000020346
10950.100000022305
10317.000000020002
7829.6000000109525
5383.100000002052
11399.100000023938
8421.200000013105
13833.500000032795
8151.100000012122
6594.200000006458
11594.300000024648
7352.500000009217
14204.400000034144
7734.800000010608
6153.500000004855
9739.4000000179
13927.000000033135
17197.400000030237
5095.600000001006
5507.400000002504
15112.400000037447
7661.700000010342
10101.500000019218
7301.0000000090295
5510.200000002515
12106.500000026512
14013.300000033449
9137.30000001571
14219.100000034197
16552.70000003962
15650.700000039405
12181.400000026784
12203.400000026864
11824.300000025485
12480.600000027873
17277.300000029074
5770.00000000346
8103.70000001195
6020.800000004372
12030.600000026236
11257.300000023422
8443.500000013186
11711.900000025076
14021.80000003348
9524.500000017119
8401.000000013031
14923.30000003676
13035.600000029892
8230.00000001241
9034.200000015335
7270.300000008918
14967.800000036921
13878.000000032956
11798.800000025392
11222.200000023295
9888.600000018443
12643.200000028464
11526.400000024401
5538.600000002618
7240.300000008809
16923.200000034227
14113.000000033811
12027.100000026223
16185.30000004135
18626.900000009435
5546.900000002648
5635.600000002971
14263.100000034357
12804.500000029051
5322.900000001833
12265.30000002709
10957.10000002233
10105.00000001923
13721.600000032387
12309.40000002725
13994.40000003338
11529.100000024411
15886.900000040265
14137.000000033899
11955.100000025961
9662.30000001762
14493.100000035194
12002.500000026133
14210.800000034167
8043.500000011731
5728.300000003308
6203.200000005036
11061.200000022709
9716.100000017816
10114.400000019265
12044.400000026286
5553.00000000267
5875.800000003845
13743.600000032468
12380.70000002751
13083.000000030064
14953.100000036868
6187.400000004978
11902.50000002577
12138.400000026628
13539.600000031725
14835.40000003644
15981.60000004061
8513.40000001344
7217.100000008724
10800.000000021759
8996.500000015198
13745.300000032474
14137.000000033899
13422.7000000313
6815.600000007264
7319.300000009096
10557.300000020876
14411.900000034899
14434.10000003498
14770.500000036203
9876.9000000184
7896.700000011197
15566.400000039099
16777.600000036346
10800.000000021759
15404.40000003851
14530.800000035331
7505.700000009774
9381.200000016597
9212.100000015982
4951.00000000048
14463.500000035086
10146.10000001938
8636.200000013887
4723.1999999996515
6907.200000007597
7410.800000009429
13577.000000031861
10922.100000022203
6148.200000004836
10104.300000019228
11994.600000026105
8709.900000014155
5690.200000003169
12321.600000027294
4707.299999999594
17197.000000030243
7388.500000009348
4404.499999998492
12022.500000026206
6133.300000004781
8148.900000012114
6994.900000007916
5964.600000004168
6145.500000004826
6178.300000004945
7905.300000011228
12681.400000028603
12728.500000028775
11873.400000025664
13987.200000033354
5341.2000000019
12995.600000029746
7685.100000010427
7454.500000009588
8874.800000014755
11649.100000024848
6118.100000004726
6965.1000000078075
10371.900000020201
8924.600000014936
11733.500000025155
7919.300000011279
15106.900000037427
7279.400000008951
12902.900000029409
5110.600000001061
4778.399999999852
13029.70000002987
6465.200000005989
10911.400000022164
13533.400000031703
10624.50000002112
11482.800000024243
17065.100000032162
8309.7000000127
5644.400000003003
5527.700000002578
8540.000000013537
7679.200000010405
13341.500000031005
8779.100000014407
5491.300000002446
7451.900000009578
8074.900000011845
14834.400000036436
6745.500000007009
6655.800000006682
10800.000000021759
10830.60000002187
10892.800000022096
5506.800000002502
15468.100000038741
5166.000000001262
11951.700000025949
13565.40000003182
13985.800000033349
5755.400000003407
6924.000000007658
7004.7000000079515
17982.70000001881
12725.600000028764
11277.000000023494
7966.30000001145
15310.90000003817
13223.000000030574
11424.800000024032
10800.000000021759
10786.900000021711
7240.60000000881
15862.200000040175
14858.100000036522
9194.100000015917
12423.500000027665
7280.700000008956
9057.200000015418
4842.800000000087
7574.300000010024
5615.500000002898
9140.400000015721
5221.700000001465
5244.800000001549
6082.900000004598
14102.100000033772
13248.000000030665
9136.300000015706
8952.700000015038
16015.100000040731
5011.4000000007
9123.000000015658
7762.8000000107095
6983.8000000078755
6539.500000006259
5320.900000001826
8280.500000012593
9849.2000000183
5867.000000003813
5611.100000002882
4554.299999999037
13043.700000029921
4933.800000000418
14552.900000035412
9530.900000017142
12253.200000027045
16625.800000038555
9257.200000016146
6439.100000005894
7075.400000008209
16497.70000004042
8418.000000013093
12610.900000028347
13424.900000031308
12255.300000027053
6772.800000007108
11635.500000024798
13304.60000003087
6265.200000005261
7888.400000011166
6598.300000006473
8511.700000013434
9876.6000000184
6802.200000007215
12036.600000026257
15373.100000038396
7625.900000010211
10983.100000022425
11127.40000002295
7983.000000011511
9991.700000018818
14519.000000035288
10788.900000021718
5220.700000001461
6915.200000007626
11256.300000023419
12431.500000027694
6371.500000005648
16380.30000004206
4179.799999997675
6233.400000005146
12784.400000028978
15076.400000037316
5805.500000003589
9160.300000015794
5448.200000002289
6131.800000004776
6400.600000005754
16265.700000041643
11159.500000023067
12873.600000029302
8797.600000014474
14435.400000034984
13244.300000030651
7741.500000010632
13413.800000031268
9254.800000016137
10929.100000022228
7759.000000010696
14780.300000036239
5874.300000003839
7290.500000008991
6288.500000005346
9651.40000001758
5857.700000003779
8290.400000012629
11481.90000002424
16305.800000041789
12773.100000028937
9366.900000016545
8557.800000013602
12545.300000028108
6860.000000007425
4697.299999999557
13560.500000031801
12183.500000026792
11392.200000023913
11748.300000025209
7295.200000009008
6938.30000000771
14004.600000033417
11956.400000025966
8664.200000013989
13522.100000031662
14886.700000036626
13656.20000003215
16185.40000004135
15333.30000003825
16526.600000039998
6693.500000006819
9254.700000016137
10800.000000021759
5524.800000002568
4740.499999999714
13696.900000032298
10266.300000019817
8229.900000012409
14860.800000036532
11826.700000025494
14063.30000003363
8184.2000000122425
13269.700000030743
6906.600000007595
10054.600000019047
4661.599999999427
9038.700000015351
11651.300000024856
14085.20000003371
7053.100000008128
8102.800000011946
12749.700000028852
15144.700000037565
14773.000000036212
16607.300000038824
7768.40000001073
11220.500000023289
16690.70000003761
8334.100000012788
7266.200000008903
9037.600000015347
9958.100000018696
11776.20000002531
4801.199999999935
12952.70000002959
14964.200000036908
11352.60000002377
11672.200000024932
14877.400000036592
4991.2000000006265
5348.300000001926
11497.100000024295
9557.300000017238
15377.500000038412
13771.60000003257
5844.7000000037315
7738.400000010621
4778.099999999851
6638.200000006618
6287.8000000053435
14633.100000035703
8723.000000014203
10897.300000022113
13990.600000033366
10113.10000001926
13405.600000031238
12869.100000029286
11129.900000022959
11975.200000026034
13208.900000030522
6549.400000006295
9351.70000001649
11809.20000002543
7928.0000000113105
7922.200000011289
4140.09999999753
10712.000000021439
6360.000000005606
9232.800000016057
5593.100000002816
12400.20000002758
7695.700000010465
8730.800000014231
15235.600000037895
5756.800000003412
11934.500000025886
4131.6999999975
6038.600000004437
5904.9000000039505
4608.199999999233
11201.200000023218
8706.700000014143
10800.000000021759
13560.500000031801
15613.900000039272
15593.800000039198
6559.500000006332
5418.1000000021795
5802.800000003579
14073.700000033668
14784.000000036252
11919.600000025832
7430.700000009501
7928.300000011312
6349.500000005568
13397.500000031208
10175.000000019485
10219.100000019645
5867.100000003813
16226.3000000415
7252.200000008852
13101.900000030133
7102.400000008307
8451.700000013216
12850.100000029217
7792.600000010818
14808.20000003634
14949.300000036854
6316.900000005449
7682.200000010416
10113.500000019261
7340.6000000091735
7010.600000007973
11687.800000024989
5366.600000001992
9218.600000016006
8766.800000014362
10746.200000021563
4935.300000000423
15479.500000038783
8611.400000013797
14568.100000035467
8462.800000013256
16648.600000038223
9575.500000017304
14208.100000034157
5853.100000003762
8302.700000012674
13830.300000032783
13833.700000032795
7916.000000011267
7548.4000000099295
7038.700000008075
6822.80000000729
14682.000000035881
8078.200000011857
14814.100000036362
12958.10000002961
9602.900000017404
5508.300000002508
11198.200000023207
17531.10000002538
9299.3000000163
8358.700000012877
16896.500000034615
15606.200000039244
9934.100000018609
14490.600000035185
11328.30000002368
6099.300000004658
16978.500000033422
12962.600000029626
15074.000000037307
13294.700000030834
8481.100000013323
9337.90000001644
12538.300000028083
7397.5000000093805
6910.200000007608
15501.900000038864
5597.700000002833
5543.600000002636
8049.600000011753
10250.300000019759
4667.69999999945
13576.100000031858
14033.900000033524
10171.600000019473
6454.50000000595
7516.700000009814
9136.600000015707
8184.500000012244
7040.400000008081
8574.800000013664
4882.9000000002325
11557.200000024513
9967.100000018729
11219.800000023286
5171.700000001283
14408.000000034885
7401.100000009394
7704.8000000104985
7913.900000011259
13407.000000031243
5808.400000003599
4792.299999999903
5438.500000002254
5627.20000000294
13067.700000030009
17534.60000002533
6684.200000006786
5488.2000000024345
7395.100000009372
18147.200000016415
9162.1000000158
11867.400000025642
12537.60000002808
5387.200000002067
9129.600000015682
13803.400000032685
13667.000000032189
11337.300000023713
11608.100000024699
10148.000000019387
6446.800000005922
13102.800000030136
10781.10000002169
6930.600000007682
5468.500000002363
6498.300000006109
15601.000000039225
7116.90000000836
7001.300000007939
10396.20000002029
10942.100000022276
15077.100000037319
10643.60000002119
9702.200000017765
14740.200000036093
7065.800000008174
6532.500000006234
12419.30000002765
4952.000000000484
11612.200000024714
6086.6000000046115
6739.400000006986
6454.40000000595
7776.200000010758
5556.800000002684
13108.600000030157
8192.800000012274
11189.300000023175
7310.600000009064
14450.100000035038
7828.000000010947
6215.40000000508
9608.500000017424
5129.400000001129
11571.000000024564
8704.500000014135
8658.700000013969
13391.300000031186
13752.900000032501
9650.800000017578
13569.700000031835
5970.900000004191
12771.900000028932
8836.200000014614
15884.300000040255
12746.50000002884
12326.800000027313
8460.800000013249
10014.3000000189
12731.900000028787
8580.300000013684
5430.000000002223
7639.800000010262
12181.200000026784
8185.700000012248
7799.300000010842
10396.000000020289
16707.10000003737
16110.000000041076
6189.900000004987
10800.000000021759
13269.400000030742
12713.40000002872
16128.300000041143
15984.40000004062
7655.400000010319
13144.500000030288
8017.9000000116375
8694.400000014099
5398.90000000211
8679.600000014045
7752.100000010671
5066.8000000009015
13394.800000031199
6275.400000005298
6893.900000007548
13320.80000003093
9242.00000001609
16440.200000041255
10122.000000019292
16116.100000041099
10914.100000022174
8382.500000012964
12467.700000027826
11161.000000023072
5840.800000003717
10653.500000021226
6659.200000006695
5593.600000002818
11987.90000002608
9013.900000015261
8935.300000014975
6863.000000007436
6295.700000005372
15403.500000038506
4528.899999998945
13964.00000003327
12096.700000026476
4317.499999998176
8526.500000013488
7400.400000009391
15803.400000039961
10415.100000020358
12205.700000026873
7648.100000010292
14066.300000033641
7946.400000011377
5099.50000000102
8630.000000013864
12708.800000028703
6323.900000005475
8103.90000001195
11458.100000024153
15090.100000037366
8377.700000012946
12095.700000026472
16640.50000003834
14665.700000035822
8393.100000013003
10088.700000019171
6175.300000004934
6809.900000007243
11016.200000022545
11716.500000025093
5227.000000001484
15038.000000037177
5968.10000000418
8649.600000013936
10274.600000019847
14126.30000003386
11047.100000022658
8433.100000013148
6040.300000004443
19646.599999994596
10881.700000022056
15569.200000039109
7794.400000010824
13137.900000030264
16167.900000041287
7456.100000009594
5371.200000002009
10976.1000000224
8062.100000011798
6682.900000006781
8925.400000014939
6343.700000005547
6464.400000005986
13874.100000032942
6700.800000006846
12372.60000002748
7114.1000000083495
16783.300000036263
7312.20000000907
9284.900000016247
15612.600000039267
8090.900000011903
10800.000000021759
8690.500000014084
14820.500000036385
14226.800000034225
15666.900000039464
15298.800000038125
10800.000000021759
5135.500000001151
8721.300000014196
15061.500000037262
7466.600000009632
12422.700000027662
14786.900000036263
13237.600000030627
9055.700000015413
11870.100000025652
6719.900000006915
10708.200000021425
8083.100000011875
7192.000000008633
12530.000000028052
11599.300000024667
12101.500000026494
13101.600000030132
5514.600000002531
13882.400000032972
5353.300000001944
14796.500000036298
7099.200000008295
11575.40000002458
12369.500000027469
6838.600000007347
6775.900000007119
5150.900000001207
12943.300000029556
12756.600000028877
6428.500000005855
16030.200000040786
11775.500000025308
13922.700000033119
16222.300000041485
13346.000000031021
17366.10000002778
15427.500000038593
4955.000000000495
9740.700000017905
7293.900000009004
8049.5000000117525
10166.100000019453
12918.000000029464
6780.4000000071355
14216.000000034186
17120.400000031357
16244.600000041566
6446.30000000592
13427.100000031316
9785.400000018068
12968.600000029648
9813.60000001817
9933.500000018606
18654.900000009027
14325.200000034583
13573.400000031848
10974.100000022392
15038.80000003718
10017.10000001891
6348.600000005565
16341.000000041917
13729.900000032418
7374.000000009295
16465.000000040895
13356.100000031058
6657.500000006688
14286.200000034441
14730.300000036057
10996.400000022473
13126.700000030223
7814.2000000108965
14663.600000035814
5205.200000001405
10801.000000021762
6462.9000000059805
14497.70000003521
11575.900000024581
7598.10000001011
16162.200000041266
4907.300000000321
5830.000000003678
14002.400000033409
13991.70000003337
6223.200000005108
18254.600000014852
12782.800000028972
5372.500000002014
11992.400000026097
14628.400000035686
13544.600000031744
13389.60000003118
8213.100000012348
7927.400000011308
8763.30000001435
11841.700000025548
14055.0000000336
11147.500000023023
12555.500000028145
6086.700000004612
7348.200000009201
4179.199999997672
7745.200000010645
5048.300000000834
10501.300000020672
9225.800000016032
10153.200000019406
15739.300000039728
14151.700000033952
5665.70000000308
14168.300000034013
12942.400000029553
10800.000000021759
7713.000000010528
14020.700000033476
6747.200000007015
6059.700000004514
9640.000000017539
5675.500000003116
6634.500000006605
9177.300000015855
9719.300000017827
12800.600000029037
16353.400000041962
5808.200000003599
5820.400000003643
13878.000000032956
12838.400000029174
12912.200000029443
10620.100000021104
8890.300000014811
15068.400000037287
11349.500000023758
16296.200000041754
8084.900000011881
10358.600000020153
10800.000000021759
11112.600000022896
8542.700000013547
12047.300000026296
10407.000000020329
5456.000000002317
5995.50000000428
8303.000000012675
12440.800000027728
15536.60000003899
6585.800000006428
13054.000000029959
8377.000000012944
5636.800000002975
11438.20000002408
6095.100000004642
13042.800000029918
14098.90000003376
7426.9000000094875
12417.500000027643
8532.100000013508
9162.500000015802
7940.500000011356
7501.100000009757
7137.000000008433
7566.700000009996
8143.200000012093
11099.80000002285
15161.400000037625
6879.000000007494
16326.500000041864
17102.600000031616
7408.500000009421
9381.400000016598
15549.000000039036
10800.000000021759
10801.300000021763
8719.100000014188
15406.500000038517
5153.200000001216
14387.800000034811
15057.400000037247
10973.100000022388
17726.30000002254
6604.900000006497
14462.700000035084
11221.900000023294
11705.500000025053
5993.000000004271
14377.500000034774
15724.900000039675
7047.3000000081065
10800.000000021759
15624.200000039309
10467.000000020547
14742.3000000361
5892.000000003904
13713.80000003236
16780.8000000363
7351.100000009212
11390.100000023906
7407.300000009416
13035.30000002989
12542.500000028098
5446.300000002282
10800.000000021759
5923.90000000402
6029.900000004405
9398.000000016658
8251.800000012488
9432.200000016783
11188.400000023172
9439.000000016807
11424.000000024029
7610.000000010154
13735.400000032438
10800.000000021759
10935.10000002225
15052.000000037227
16337.500000041904
12267.600000027098
6529.600000006223
7022.400000008016
12291.500000027185
10321.700000020019
8434.200000013152
11348.300000023753
5451.9000000023025
10991.500000022455
6840.6000000073545
6420.600000005827
8639.500000013899
12078.60000002641
8332.800000012783
9455.000000016866
7788.800000010804
15297.30000003812
14097.000000033753
16093.000000041015
8452.000000013217
15544.90000003902
10751.00000002158
9117.100000015636
16222.700000041486
12949.70000002958
11867.400000025642
14526.000000035314
7210.3000000086995
6594.80000000646
12930.60000002951
11819.000000025466
14405.800000034877
5774.000000003474
13349.600000031034
9483.50000001697
9360.20000001652
8365.900000012904
9231.300000016052
10701.2000000214
12664.400000028541
11971.600000026021
