11594.400000024649
11232.00000002333
11117.200000022913
3616.0999999978067
2649.399999998686
11173.200000023116
2733.4999999986094
10636.100000021162
2695.399999998644
2343.1999999989644
3216.0999999981705
10932.10000002224
7740.0000000106265
8284.000000012606
11275.300000023488
11310.200000023615
11136.300000022982
4127.499999997484
4481.599999998773
5922.300000004014
7577.400000010035
4766.199999999808
3754.6999999976806
10844.30000002192
4756.499999999773
5324.200000001838
11030.200000022596
2315.4999999989896
8525.500000013484
6425.100000005843
11089.20000002281
3875.5999999975706
12026.10000002622
8448.200000013203
8923.200000014931
2997.599999998369
11815.200000025452
6708.1000000068725
3315.1999999980803
6688.000000006799
11023.10000002257
1972.999999999301
11229.20000002332
12200.200000026853
8174.3000000122065
10800.000000021759
9821.000000018197
7021.000000008011
3849.2999999975946
10800.000000021759
8114.000000011987
11426.100000024036
5889.100000003893
3225.399999998162
9725.100000017848
4570.299999999095
11512.40000002435
4219.099999997818
3398.5999999980045
5895.100000003915
11551.200000024492
12010.600000026163
1879.2999999993863
2356.4999999989523
11650.300000024852
5556.300000002682
8199.400000012298
7301.0000000090295
2851.599999998502
11038.200000022625
11528.500000024409
6268.600000005274
11596.300000024656
11784.60000002534
11897.400000025751
9073.400000015477
11012.10000002253
10800.000000021759
11145.200000023015
11886.600000025712
4162.199999997611
4628.699999999308
4805.099999999949
11068.200000022734
7549.700000009934
6953.200000007764
8341.400000012814
11538.300000024445
8679.100000014043
4746.799999999737
10192.200000019548
11061.100000022709
3487.099999997924
5026.200000000754
4452.699999998667
10971.100000022381
11538.500000024445
8099.300000011934
10800.000000021759
7372.300000009289
11064.20000002272
10900.100000022123
2986.2999999983795
4607.699999999231
11851.200000025583
11495.200000024288
10954.10000002232
11955.300000025962
12034.50000002625
2309.599999998995
3584.0999999978358
11554.500000024504
11039.200000022629
2771.7999999985745
11073.200000022753
10800.000000021759
10105.00000001923
11505.500000024325
11094.200000022829
11353.300000023772
10800.000000021759
11778.400000025318
11457.10000002415
10939.100000022265
6624.300000006568
11659.400000024885
10941.100000022272
11391.10000002391
6125.300000004752
4151.09999999757
5566.100000002718
10800.000000021759
5117.600000001086
5914.300000003985
10918.100000022188
3477.299999997933
3114.599999998263
11463.300000024172
9616.100000017452
10712.30000002144
11275.400000023488
3409.099999997995
10246.200000019744
11070.100000022741
11361.3000000238
11463.100000024171
11806.40000002542
5302.1000000017575
3622.5999999978008
10800.000000021759
6631.000000006592
9643.10000001755
11146.000000023017
9976.500000018763
5801.100000003573
3875.199999997571
10183.000000019514
11494.100000024284
9802.200000018129
11559.300000024521
5780.400000003498
4226.299999997844
11684.200000024975
12021.300000026202
10800.000000021759
11818.600000025464
11170.000000023105
4685.599999999515
5623.300000002926
5403.400000002126
3011.3999999983566
11393.200000023917
5728.000000003307
6602.100000006487
2405.4999999989077
5848.0000000037435
4468.499999998725
11443.200000024099
10800.000000021759
3291.0999999981022
6965.200000007808
11013.100000022534
6622.30000000656
2580.099999998749
11101.200000022855
3671.1999999977565
11408.400000023972
5659.000000003056
2152.099999999138
11023.10000002257
3267.6999999981235
5213.400000001435
4754.099999999764
3227.1999999981604
2839.399999998513
2772.0999999985743
6579.200000006404
10800.000000021759
10136.300000019344
10800.000000021759
11391.10000002391
2773.399999998573
10054.700000019047
3565.199999997853
4612.499999999249
6939.300000007714
10800.000000021759
2753.2999999985914
4492.399999998812
6753.400000007037
5995.000000004278
10952.100000022312
7396.000000009375
11795.40000002538
4940.200000000441
11159.200000023066
3613.299999997809
2094.5999999991905
11258.100000023425
4015.099999997444
7235.10000000879
11347.100000023749
7051.300000008121
8850.400000014666
12177.70000002677
6187.000000004977
2528.399999998796
2944.5999999984174
4192.099999997719
5826.000000003663
11434.100000024066
5812.400000003614
3326.1999999980703
4326.099999998207
5382.800000002051
11506.400000024329
4294.199999998091
4308.099999998141
10800.000000021759
7321.500000009104
6132.5000000047785
3027.299999998342
11779.400000025322
2207.199999999088
10941.100000022272
10508.600000020699
11414.200000023993
4272.299999998011
3168.299999998214
4395.59999999846
11931.000000025873
11184.300000023157
10800.000000021759
3524.0999999978903
11685.40000002498
11274.300000023484
8249.50000001248
10800.000000021759
9061.000000015432
4960.200000000514
11842.500000025551
11481.200000024237
5421.00000000219
11182.20000002315
6332.100000005505
8527.10000001349
3074.1999999982995
5512.200000002522
2033.599999999246
5389.400000002075
2692.4999999986467
2912.2999999984468
4140.09999999753
11409.400000023976
11256.300000023419
6503.000000006126
7386.000000009339
11673.400000024936
2745.1999999985987
5372.000000002012
5180.000000001313
3251.3999999981384
3494.699999997917
3591.0999999978294
4278.299999998033
7368.200000009274
2625.199999998708
3384.2999999980175
2873.0999999984824
11202.300000023222
3382.0999999980195
11563.400000024536
6051.300000004483
8706.500000014143
11983.500000026064
6271.200000005283
4619.499999999274
4276.699999998027
12101.200000026492
6652.3000000066695
11214.300000023266
11217.000000023276
10901.100000022127
3917.5999999975324
10800.000000021759
11402.40000002395
2955.1999999984077
6848.100000007382
5132.000000001139
4683.199999999506
7213.10000000871
4731.399999999681
8294.200000012643
12022.600000026207
3440.799999997966
10800.000000021759
7083.400000008238
4924.500000000384
9138.100000015713
11716.100000025092
8660.100000013974
2850.0999999985033
4947.000000000466
10800.000000021759
11158.200000023062
4405.099999998494
12045.100000026288
1685.2999999995627
5582.100000002776
11235.200000023342
11568.500000024555
4082.3999999973826
7116.200000008357
2438.199999998878
2771.399999998575
3559.1999999978584
12052.100000026314
8997.1000000152
11129.200000022956
6473.100000006018
11518.300000024372
11237.20000002335
4431.599999998591
11112.200000022895
7691.100000010449
10800.000000021759
6348.100000005563
11773.100000025299
3406.1999999979976
3782.5999999976552
4127.599999997485
8179.000000012224
3096.599999998279
4626.6999999993
8833.200000014604
11934.500000025886
7947.20000001138
5665.400000003079
5919.100000004002
11081.200000022782
4131.599999997499
2698.3999999986413
11333.300000023699
11026.200000022582
7638.500000010257
8885.400000014793
4121.299999997462
4114.399999997437
11584.300000024612
10987.10000002244
6290.100000005352
11370.400000023834
11379.300000023866
9992.10000001882
12175.200000026762
11063.600000022718
11532.500000024424
4841.4000000000815
5174.800000001294
10800.000000021759
3620.3999999978028
2696.299999998643
11229.30000002332
7826.000000010939
4212.399999997793
10703.500000021408
10182.200000019511
8438.200000013167
3586.2999999978338
11248.20000002339
3805.4999999976344
8668.200000014003
2691.4999999986476
5901.200000003937
10800.000000021759
11434.500000024067
5632.300000002959
5098.100000001015
11165.200000023087
11550.100000024488
11630.50000002478
11886.10000002571
6186.300000004974
8139.60000001208
11774.500000025304
7436.100000009521
3369.399999998031
3939.199999997513
7266.500000008904
8992.200000015182
1840.2999999994217
11233.300000023335
11513.100000024353
8284.100000012606
10903.100000022134
11588.300000024627
2862.0999999984924
3276.2999999981157
10800.000000021759
8956.00000001505
11576.400000024583
11343.300000023735
4035.499999997425
4435.299999998604
2556.3999999987705
3043.4999999983274
4077.0999999973874
11599.500000024667
8723.000000014203
8289.000000012624
11459.000000024156
6336.000000005519
11201.200000023218
11071.200000022745
8345.50000001283
8240.000000012446
11171.000000023108
4224.199999997836
6329.400000005495
10903.100000022134
7928.0000000113105
4348.499999998288
1675.5999999995715
8690.000000014083
4914.000000000346
5555.900000002681
4414.199999998527
10992.100000022458
4680.5999999994965
6608.300000006509
11912.400000025806
3219.3999999981675
9112.200000015619
1498.099999999733
4737.199999999702
3420.199999997985
2694.299999998645
6825.100000007298
5174.700000001294
10800.000000021759
11309.300000023612
11844.300000025558
11883.700000025701
3066.199999998307
3062.0999999983105
3616.2999999978065
11512.10000002435
11759.50000002525
10956.100000022327
3426.499999997979
7348.0000000092
5041.200000000808
11191.200000023182
7285.100000008972
9421.100000016742
3254.5999999981354
11869.200000025648
3791.2999999976473
11253.300000023408
5701.30000000321
4948.30000000047
10902.10000002213
3341.1999999980567
11734.500000025158
11711.400000025074
3515.799999997898
4530.699999998951
5860.70000000379
3776.299999997661
3993.6999999974632
10172.100000019474
2604.399999998727
6493.400000006091
5438.500000002254
10505.000000020686
2862.599999998492
11974.500000026032
7582.2000000100525
11629.100000024775
3906.4999999975425
11242.000000023367
5261.50000000161
11635.500000024798
3178.3999999982047
4365.5999999983505
11557.100000024513
11507.400000024332
5194.400000001366
5520.500000002552
3399.299999998004
3583.0999999978367
11514.500000024358
5152.700000001214
11709.500000025067
8741.100000014269
6406.500000005775
3877.399999997569
10800.000000021759
11847.40000002557
7484.300000009696
5020.400000000733
12053.500000026319
11813.200000025445
9786.00000001807
11609.000000024702
10800.000000021759
4370.199999998367
11869.40000002565
11111.20000002289
11868.600000025646
11388.000000023898
4207.199999997774
4642.499999999358
9840.200000018267
5012.400000000704
4404.099999998491
11786.300000025347
3185.699999998198
3024.199999998345
5835.100000003697
5735.500000003334
2127.3999999991606
11247.300000023386
11559.20000002452
7184.400000008605
5120.200000001096
6247.300000005196
6648.300000006655
7268.10000000891
5595.000000002823
4702.299999999575
3081.199999998293
10925.100000022214
6234.60000000515
6726.500000006939
4265.299999997986
11580.100000024597
3690.299999997739
4515.3999999988955
4121.099999997461
11341.300000023728
3065.1999999983077
2123.2999999991644
2719.2999999986223
3155.199999998226
11320.400000023652
11740.50000002518
3642.099999997783
3505.1999999979075
4302.29999999812
12200.400000026853
8665.100000013992
8860.400000014703
11137.000000022985
3642.299999997783
5766.800000003448
11409.400000023976
11325.100000023669
7477.400000009671
8952.200000015036
6063.5000000045275
5015.300000000714
11294.100000023556
7678.400000010402
4195.299999997731
2961.699999998402
3932.199999997519
10962.100000022348
4284.699999998056
4040.4999999974207
6383.500000005692
10800.000000021759
11822.600000025479
6967.3000000078155
5830.60000000368
11844.400000025558
3974.5999999974806
4016.4999999974425
11089.10000002281
3805.3999999976345
7514.300000009805
3000.5999999983665
3536.599999997879
3811.599999997629
6751.000000007029
2263.399999999037
11244.300000023375
3897.099999997551
10800.000000021759
4956.200000000499
11599.200000024666
5017.700000000723
4968.100000000542
7159.100000008513
2959.299999998404
9538.300000017169
7641.100000010267
7869.000000011096
10609.400000021065
11541.100000024455
6049.000000004475
11323.100000023662
2570.4999999987576
11216.100000023273
5907.1000000039585
11838.700000025538
11207.10000002324
9102.200000015582
4510.199999998877
9542.000000017182
10869.30000002201
5947.600000004106
3933.0999999975184
6105.100000004679
9143.500000015732
5511.400000002519
4797.199999999921
10007.000000018874
11357.700000023788
11895.600000025745
3036.299999998334
10800.000000021759
11177.300000023131
11121.200000022927
11340.500000023725
11691.300000025001
6146.300000004829
11263.100000023443
4265.699999997987
6902.200000007579
2613.3999999987186
6390.000000005715
4022.499999997437
1949.0999999993228
11277.300000023495
5534.000000002601
4080.2999999973845
11348.300000023753
8716.000000014177
12094.200000026467
7620.400000010191
11659.100000024884
10800.000000021759
5668.700000003091
11062.200000022713
10800.000000021759
2654.2999999986814
9586.000000017342
5129.300000001129
3855.299999997589
9008.10000001524
5140.800000001171
6845.100000007371
4507.199999998866
3806.1999999976338
11933.700000025883
1981.3999999992934
11423.300000024026
11025.200000022578
1671.1999999995755
5977.500000004215
4228.599999997852
11977.200000026041
7477.400000009671
10958.100000022334
5752.200000003395
11321.000000023654
4338.399999998252
2168.3999999991233
3750.1999999976847
11154.200000023047
4603.299999999215
4423.699999998562
7924.000000011296
11506.200000024328
6272.300000005287
7726.500000010577
12150.300000026671
11519.500000024376
3821.49999999762
7797.200000010835
4387.099999998429
5086.000000000971
10800.000000021759
10934.100000022247
2604.5999999987266
11809.600000025432
4273.099999998014
6120.300000004734
7625.40000001021
11571.400000024565
7286.300000008976
4976.700000000574
3216.1999999981704
12139.500000026632
7429.600000009497
11652.40000002486
7269.000000008913
11222.300000023295
11884.000000025702
4502.299999998848
2392.6999999989193
10800.000000021759
3822.399999997619
3683.799999997745
6096.200000004646
3622.199999997801
4618.29999999927
10645.500000021197
2676.2999999986614
11093.200000022825
4044.499999997417
12180.00000002678
4947.200000000466
5334.000000001874
11845.300000025562
5872.300000003832
10800.000000021759
4958.400000000507
11656.300000024874
11719.300000025103
11680.500000024962
11848.400000025573
10800.000000021759
2988.4999999983775
5867.100000003813
11692.200000025005
5637.100000002976
11004.100000022501
11229.30000002332
8339.000000012806
6867.200000007451
10947.100000022294
4020.099999997439
10360.000000020158
4532.699999998958
3903.1999999975455
7088.600000008257
10871.200000022018
9273.100000016204
11227.200000023313
2300.0999999990036
11355.000000023778
2795.0999999985534
11504.20000002432
3026.199999998343
10931.100000022236
10800.000000021759
4176.099999997661
3240.1999999981485
2610.1999999987215
11205.000000023232
11181.200000023146
3713.499999997718
12008.700000026156
10941.100000022272
11559.20000002452
11903.500000025773
11287.300000023532
12145.300000026653
11902.300000025769
3072.599999998301
6478.100000006036
4671.199999999462
6323.0000000054715
9888.000000018441
11055.200000022687
2821.1999999985296
10800.000000021759
12184.200000026794
11669.700000024923
3472.599999997937
11124.200000022938
6134.300000004785
11112.200000022895
6565.300000006353
6480.300000006044
12159.200000026703
10582.500000020967
9754.700000017956
10800.000000021759
11697.000000025022
9738.000000017895
2500.699999998821
10934.100000022247
11450.100000024124
4301.399999998117
11806.40000002542
11401.100000023946
3420.5999999979845
11207.40000002324
11641.100000024819
9820.100000018194
7394.100000009368
7450.0000000095715
11629.300000024776
2360.199999998949
8728.400000014222
3356.4999999980428
11681.200000024965
8887.500000014801
5324.300000001838
12090.100000026452
2400.2999999989124
2387.1999999989243
11358.30000002379
11391.20000002391
2508.299999998814
11951.600000025948
11111.20000002289
2438.7999999988774
10985.100000022432
11272.200000023477
11388.200000023899
11381.100000023873
4512.499999998885
4231.299999997862
6996.300000007921
9290.000000016265
11420.400000024016
7846.400000011014
11215.30000002327
2875.2999999984804
4243.299999997906
1729.0999999995229
4167.199999997629
2355.2999999989534
6842.700000007362
5893.500000003909
7411.00000000943
12019.100000026194
11334.300000023703
3115.1999999982622
11541.400000024456
11184.300000023157
10800.000000021759
5458.300000002326
10504.600000020684
3130.2999999982485
3743.299999997691
9640.000000017539
2512.3999999988105
4174.199999997654
8118.100000012002
7689.000000010441
11156.000000023054
11861.60000002562
4824.000000000018
4628.0999999993055
11491.400000024274
10231.000000019689
11301.000000023581
6242.400000005178
6415.400000005808
10800.000000021759
8505.500000013411
11887.500000025715
5060.600000000879
7565.500000009992
10800.000000021759
7156.500000008504
6119.20000000473
10373.300000020206
7056.300000008139
3469.1999999979403
2869.6999999984855
4559.199999999055
8487.600000013346
11671.300000024929
3861.1999999975837
8736.20000001425
4502.099999998847
2938.499999998423
10800.000000021759
5032.200000000776
11223.300000023299
11347.100000023749
4266.39999999799
11013.200000022534
8341.000000012813
6217.200000005087
4283.09999999805
5432.300000002231
5150.400000001206
4308.6999999981435
5987.1000000042495
8942.400000015
11262.30000002344
3395.3999999980074
11865.500000025635
11994.300000026104
6839.100000007349
6507.400000006142
11824.200000025485
10800.000000021759
9047.200000015382
5705.400000003225
11591.300000024637
2704.199999998636
11565.500000024544
11777.200000025314
10800.000000021759
12217.200000026914
5359.0000000019645
11705.200000025052
10220.100000019649
8639.200000013898
2513.899999998809
11444.400000024103
11829.200000025503
4754.399999999765
10800.000000021759
11861.40000002562
8284.200000012606
11628.400000024772
3688.099999997741
11428.100000024044
11964.500000025995
4595.499999999187
10800.000000021759
4411.699999998518
11229.20000002332
10029.000000018954
2482.4999999988377
10800.000000021759
2867.2999999984877
5099.100000001019
7012.200000007979
5887.300000003886
7558.000000009964
7369.100000009277
9439.000000016807
8232.000000012416
4173.399999997651
11313.300000023626
10800.000000021759
6005.700000004317
11784.60000002534
11859.500000025613
7430.3000000095
4857.300000000139
5213.000000001433
11048.200000022662
7750.300000010664
4532.499999998958
10800.000000021759
2296.099999999007
8074.200000011842
5469.000000002365
4479.199999998764
7188.000000008618
11066.100000022727
5449.600000002294
6847.100000007378
4772.599999999831
11791.300000025365
11300.300000023579
11939.500000025904
5821.500000003647
11230.500000023325
7747.200000010653
6340.000000005533
10976.1000000224
11264.300000023448
10926.100000022218
11382.500000023878
5195.000000001368
3095.0999999982805
11225.100000023305
10971.100000022381
11585.000000024615
2937.199999998424
11134.200000022975
8650.100000013937
9034.000000015334
5607.100000002867
6656.200000006684
10436.000000020435
10667.300000021276
11035.100000022614
