693.1576200001168
573.1937300003226
569.8401999999388
524.0060699999862
377.22211999997336
743.596800000345
455.7751799999631
539.358029999918
409.5255699999578
397.18900999996004
545.4456699999188
738.4138800003152
537.4177799999649
611.7144500000227
568.1376500001049
654.89293000012
558.1855500001524
491.0190799999893
588.7323999999354
572.5361299999789
621.7190300001503
579.6072699998922
520.4854599999535
747.2736600001058
446.38615999995216
607.1664499998489
577.5463200002426
542.6011599999568
612.2771700000435
526.677449999911
630.3707700003084
567.2443399998746
486.70091000003225
528.0624900000832
725.0338200002143
486.983249999976
715.8419500001734
568.9513299999672
437.4054299998993
760.1526399999716
544.1715200003042
398.4864399999855
668.7867300003993
748.7610500004236
529.4290400001311
484.33268999997404
578.7026400001442
651.0178799999634
465.86293999994626
574.3482300000455
557.4295099999354
576.2327399998699
481.9672299999885
563.771219999919
549.0718200001628
571.8835699999336
537.7121299999549
521.2675699999021
549.6929499999367
535.8279399999884
628.1546900002979
692.1823400001952
511.1075399999465
417.21801999996865
598.3089400000204
456.4412900000187
610.4333399999003
535.8511099999381
488.7708199999537
587.178980000175
549.9311200002264
507.16517999994306
570.6268400002238
655.0210600004871
669.6090900002149
678.4950499998736
630.683200000148
866.3473000000139
652.3062600004357
826.9313300005177
432.27316999998146
564.084659999954
471.30690999997415
634.493590000149
560.8643799998479
571.9804099999087
521.474280000099
643.5927900002202
480.04066000010147
472.72597999992865
652.8269899998513
618.8486400001497
612.820519999841
466.50892999991913
495.0075599999886
635.9660600004911
586.2979099999267
593.6380399999586
561.6900199998873
451.2386900001165
491.44301999991853
615.3756400001656
472.22152999996865
402.3743700000055
665.8218500001718
537.1364199999705
551.3646599999308
836.7215600002476
637.1265600001559
473.00312999992565
485.8949499999546
633.8807800002413
757.7640999998678
423.16400999997467
466.21807999991137
653.1273099998104
514.3324500001604
654.2228900002399
508.0728400002063
645.6893600000689
619.1113000001216
381.62298999995335
441.2143699999654
661.4339500001745
620.4577599999922
494.26491999993385
646.484130000104
643.5319699998815
407.11632999996857
560.8672499999317
446.1124299999932
605.3392899998797
797.2320499998676
525.8257699999218
732.9055800001516
442.1688799999657
519.5572399999273
452.8454499999478
580.5849800001531
499.6961999999728
718.4068200000227
409.0229499999885
570.5055500001681
589.8109500002187
521.7297799999518
770.3322099998891
636.2326200002133
683.5720099998232
469.6288299999539
642.0659400001153
523.3131699999682
493.30131999998645
627.1740900001622
624.4579800001461
649.8545999999485
594.3362499998824
735.29782000005
621.5601600001635
808.8791800000607
592.8849300003794
815.1333699997913
561.7157099999382
537.0540400000758
619.2738099998921
475.44650000017594
454.52187999997693
605.2050200001759
518.2861099999476
506.62056999999726
581.9825599999317
413.73478999998855
786.5216700004036
640.9172999999237
537.3917700000211
442.03720999998245
585.6513799999487
469.9339899999455
679.9520700002121
516.2287199999097
393.62992999997414
543.2000600000887
539.2340600001899
537.0999599998819
531.6861699999068
562.7510800002018
415.09880999999433
817.4962300003291
581.0209499999028
431.3541099999802
555.4527699999734
488.85660999994366
509.25611999990616
568.8181699998731
529.9387499999586
498.08442999996277
493.9201199999314
613.3727399999553
642.7351300000101
515.8502800001735
727.1088000002314
580.5341499999587
431.6207900000068
454.93696000001
615.3780699998833
515.5438399999081
579.5461000000201
698.3702600003713
472.2624399999219
501.07925999992875
608.6267899999643
560.5222900000106
663.8175099998901
556.2541599998926
766.9294700004901
493.6124299999463
648.4001100002101
472.04653999998004
457.02979999996626
582.7687400002062
395.9668899999813
548.8282300000435
653.7442300001607
603.2414699999947
533.7014600001125
819.7975000001468
612.8850399999501
496.70080999995065
474.00606999996984
636.5219099998841
549.4346299999528
403.16781999999876
562.1579700000289
470.4953699999367
664.9706299999045
498.6153800000076
719.683769999867
445.1305499999589
555.8397399999387
605.1261400001458
518.4322799999659
650.033810000062
585.021689999931
747.6021900001541
517.474579999944
649.019269999862
648.4518100001752
476.44362999996696
488.5563099999706
533.1381499999145
453.6822499999629
1072.057550000515
417.2744299999624
696.3549799998589
646.464449999864
764.2016000001314
553.7179100002678
422.36780999995926
567.7206500001967
477.8505199999838
417.6271799999715
549.3964700001991
787.8073600001242
643.5821799999344
576.5394700002319
463.6745699999618
479.57387000009686
409.9111499999919
606.9735399999576
436.2620499999349
644.4044799999248
439.39653999997296
489.40288999996943
667.0067699999016
655.7564800000066
720.2990300003742
557.0701900000124
542.8951500000283
831.6565800005206
428.80808999998766
607.4182699999197
721.6365999998561
670.6562399998504
540.7165399999494
417.79437999996463
481.33396999992624
613.8476600000616
541.6285099999174
464.69525999997774
422.55880999998493
521.5113399999346
407.03502000000424
586.8385699999718
565.1613400000045
494.44572999996393
543.6848199999705
715.3871499999609
444.0256099999705
445.6009499999644
648.2376699998903
480.4096299999854
512.975190000223
678.9386400001791
640.4101300003134
556.1572799999253
522.561069999959
601.2151000002322
538.9731299999097
591.7651599999926
511.92544999989764
628.2134199998811
576.0236399999039
655.0921899999354
607.6905100001284
608.289139999955
697.8969099998675
595.454850000136
502.1235699999045
503.21905999989826
533.6850500001242
620.5771700001637
471.2948200001197
451.586649999954
445.0913499999946
642.1869600004038
539.9365999999741
574.2159699999343
818.1670700004361
371.70536000000067
462.6233399999867
557.3254100002034
635.624470000208
430.65603999996705
704.7768499999507
529.3412799999687
448.9272199999411
516.9831999999166
755.7552200001307
530.8614499999127
707.9314399999109
525.8196899999774
590.5090899999361
823.2262000001475
580.4647199999351
654.464950000112
547.3696800000812
609.1468299999553
542.7076799999554
539.4385100002529
494.6473499999701
497.4737599999382
356.596670000011
473.9161600001073
539.3577199999161
538.8578899998821
478.6344900001506
666.7494200002161
607.5420999998922
568.6173599998968
637.5859099998489
745.4856500002309
507.7270899999449
429.5656300000051
498.26781999995944
586.0373599999276
600.7012499999953
524.3676899999114
549.4870199999255
552.0357999999338
624.6581500002006
521.6913499999486
582.9350999999122
425.86119999998306
615.150760000143
580.0207599999419
590.4160199999069
542.2838699999857
582.2584100000195
391.6564699999884
509.4784599999768
531.2171999999596
431.97662999996396
488.43147999997205
603.1492300002251
650.2134800000432
553.7984699999507
468.8265199998825
592.651650000387
787.6911100000071
523.4024399998611
537.9531499998914
472.34518999996993
666.3613200000515
451.435969999987
640.0111599999146
591.8284000001307
691.6904800001595
411.2670599999908
541.9874199999582
534.2819099999583
587.674019999994
620.4355800002203
838.8277600003981
535.8523599999376
608.9447400000062
643.519880000186
538.9377699999299
559.2314799998683
501.79668999984375
583.2375400000299
828.2576299998199
506.4688099999783
794.0466000001614
715.4634000000951
434.99099999994013
632.3399700001688
744.6799299999125
407.37977999995417
419.7347599999771
494.07983000017543
485.759829999943
632.2222200000322
648.4881500001594
531.3967899999699
515.0705999999402
379.65688999998173
549.1485399999438
465.89966999992265
627.2966699999226
556.7830500000247
581.3361499999413
572.4248300001971
773.7951099998688
626.5464900001476
589.0590599998706
415.3664499999291
420.7639399999361
651.2348900001606
456.35662999995947
612.3699100000242
547.7381499999991
516.239120000072
536.9193599999517
398.0446600000094
604.630520000101
572.4038899999293
613.2344899999595
469.89473999996414
854.637550000042
488.39057999996265
464.82872000005426
659.9016100002517
463.8162599999313
631.4589700000412
428.1540900000018
641.8762499999126
489.1335999999344
486.93552000000227
567.2947600000421
394.69995999997474
608.2323499999039
581.2246900000154
581.5416400002838
603.9929700002334
662.3090999998359
559.7387799999065
460.5602999999725
498.9011499999293
529.4180600000195
587.251040000147
471.996499999932
568.020589999926
505.71342000000504
793.565520000113
506.11549999995776
553.2645300001145
442.86891999992145
666.5551400001866
471.80038999990603
620.5794600000202
489.1251599999814
603.7094799998972
749.1372600000748
562.1455699998835
382.12317999999107
672.7801900001899
491.0771199999631
464.38959999998633
497.69323999988626
464.5994399999287
449.4081199999502
632.581640000226
459.84702999994994
660.6668299998834
504.4358199999385
775.5127200000431
393.3417699999953
577.1315800000316
511.9455500000488
579.8617300002156
603.1242099998707
545.322150000018
630.8615599999749
504.9486700002362
494.9418899999437
624.1607599998921
498.43097999994757
602.0928500002005
503.6138099999969
489.7182900000202
546.0158299999076
553.7257299998696
576.8408499999136
559.2422899999284
555.586650000259
746.9978000000702
521.2758900000038
452.1200299999467
727.1730899999146
824.6821700001466
503.7256000000831
473.92808999995555
669.542700000244
597.5373700002028
624.2428900000817
572.0380300003502
682.2922400001112
510.8983699999212
892.8422400004018
679.3052400001553
508.46084999996594
635.6626600003194
634.8810099998612
615.3975099999292
574.8406100000713
509.7540099999553
463.61566999996865
714.5522799998078
464.13246999999393
459.18111999995637
558.9003799999066
602.5517900000613
429.0376799999869
626.5237899999937
600.4895000002107
628.7846400000356
510.11950999997754
486.9292499999725
440.3162300000414
494.4309399999495
443.04460999997957
658.7811899999173
506.35817999999216
467.43479999995805
485.2991399999565
604.5540499999686
378.5365899999868
684.1569299998766
625.4133799998915
602.6867899999438
574.635779999919
536.320420000377
568.0625699999446
486.7296199999855
454.0036699999481
502.77800999995435
712.1285000001902
777.32921000014
428.3158699999145
567.6131499999108
572.522279999921
750.8275500003875
506.7629800001057
569.9843500001199
531.4757200000693
487.0508899999625
557.8381300000244
568.7489900002613
596.1350000002813
537.6697400000285
452.1681899999642
688.4906599999936
485.05681999991816
482.5250699999542
498.81298000016346
547.926749999911
440.8005999999816
521.8088099999475
695.2094900000802
466.4363199999918
440.18196999997474
699.487169999876
633.7200300001681
539.9899399999247
562.6349299999013
542.7878500000181
458.72022999995056
631.2448699998904
568.6291699999292
587.254460000137
425.99495999996384
615.3480000000083
461.10438999994767
446.95543999994834
465.60412999995816
451.7829400000079
501.57735999995924
534.0502500002049
546.7803799999169
642.0650000001497
531.6281699999406
441.8531299999188
412.8601799999769
492.8725299999806
594.8134999999014
393.29102999998764
642.3281000001703
657.4164099999675
706.6718199998576
556.5228699999034
454.8443699999893
711.9957499999077
496.0146000002068
614.8776399999189
519.0734299999832
531.5245999999544
473.46758999994177
684.4044800001745
538.3977500001237
484.3025899999038
550.7237400002415
563.8803499998817
489.1080599999694
473.9339399999554
493.4871999999081
538.0390899998824
473.96848999995404
471.4517399999768
475.5776100001731
765.2902200001637
681.9922800004389
432.4994699999612
568.5274500001279
680.6688000001835
567.8950000001771
601.6191499999901
621.2380899998901
465.05562999997375
633.9320200001907
680.0944499998519
496.83399000000844
488.9731099999923
635.0430099999065
716.3089899998918
534.5374899999263
548.0700599998951
508.86949999993027
451.84540999995346
623.0555600002036
632.1561599998628
584.9998499998997
470.79833000007204
611.0745000002682
540.165789999955
551.4442300000081
758.7079800003194
714.2086400001467
538.47613999994
495.5663800001432
558.5883899999784
490.80024999994157
580.4469999998428
476.9059599999619
656.4129599999759
594.1625099998784
516.749829999936
573.4568199999403
476.972159999988
678.9903200003599
640.0652900001178
431.4744099999949
535.1980100000376
466.07836999995794
568.4751399999018
661.694380000034
630.5190100002156
625.3018299999416
782.3952999998
553.3947899999442
525.7260399999576
638.3640599998179
474.5684099999144
465.71846999996677
574.3757499999427
589.9801699998967
698.560880000343
561.5568399999268
551.83040999988
532.2533200001662
613.592959999991
602.5329499998854
705.9672899998881
511.56271999992475
613.5455099999222
546.8151799999105
740.2956900002218
506.73763999996646
599.679250000264
543.4102599999384
430.5818599999722
465.3006899999822
613.2455300002177
625.5063900000919
486.8443399999571
476.4028999999365
864.0738700001981
622.2100700000258
697.5245400003951
628.0315899998865
528.6360699999811
620.7931399998972
551.7218099999485
435.7459999999864
594.0682000001384
538.0544699999199
603.8644499999634
690.9437399999168
409.7014499999375
513.5613699999217
598.0944200001462
670.4229999998898
468.7123399999425
541.8769399999451
600.1822399998814
486.496929999955
718.6628599999198
701.1152600001898
524.035049999969
565.8174999999172
618.8784499999109
560.8076400002041
485.5981800002635
589.1402300002053
458.3102299999417
601.0160700001373
408.41856999998834
449.8080300000173
726.722730000226
492.9403600000202
612.683860000106
646.3148200002237
684.4394800000291
430.6043299999783
717.8632800002072
376.41886999996785
541.8966300001525
437.01799999993716
637.2997699998508
647.9893999999451
484.2603600002256
568.4855199999054
687.8452600001566
461.34305999994706
644.9135300002331
491.6112399999313
617.9336899998492
571.164819999864
590.5486399999278
733.5884999999284
595.6932399998891
493.8269399999483
454.0425799999499
554.8063700001885
538.5384500002227
505.3658599999442
578.5084399999516
584.1682400000046
619.5715099998573
590.2170900002427
591.9679600001989
812.953040000188
646.4721500003267
395.34350999998503
467.7166000000231
532.2577099999443
555.0692499999769
509.6907599999813
720.5859399999526
614.9486999999081
572.7199599998811
626.7368800002284
704.8600400002647
445.01369999994745
743.6482199998418
622.8215199999818
625.7965700001238
458.6965299999519
633.754450000072
680.7311499999581
494.8815600001453
637.9890000001109
723.9159400003444
460.9199899999269
454.1193699999699
512.5567099999164
801.8906900000958
583.2688900002263
544.5600899998788
629.1672799999767
439.0076399999697
538.5384199999414
642.3605300001993
515.5322699999729
681.5404300000671
646.9501899999372
534.7774000000958
566.5113800001949
499.9567199999557
404.7650799999727
683.5550599998845
552.9611500000902
537.2122100001271
557.545989999944
638.3240599998678
438.3742099999838
611.7983499998961
735.4285899998982
695.3788400002531
532.772399999909
696.7739100003183
710.8387400001286
485.17909999995527
632.3143299998462
748.7361100003708
590.6349400002255
514.6652600002064
628.4798099999427
482.76832999994235
646.9366200000569
728.0758899998287
611.7281599999197
733.7833200001224
552.4783400002074
542.5039799999503
577.5414999998673
411.11673000000565
548.4206299999187
535.9869199999819
537.5871499999383
553.504019999935
638.8521999999975
641.6073900002111
598.7292599998699
454.31574999996127
506.2179800003315
647.7218200002981
648.3466200001292
536.4424199999411
543.9081300002082
524.5588799999317
474.71764999991666
572.0241399999554
512.5684299999564
612.3070599998977
404.3379200001116
565.2909999999295
567.2474600002078
639.6382900001339
476.97450999996306
548.7858699999736
514.8437399999832
675.2161800001038
577.1114300001758
628.259949999868
561.5219800000459
744.3324500003532
479.8656500001191
510.8633199999533
520.6660399999478
726.798970000063
477.5899999999588
585.8779900000217
455.0135099999271
501.49828000017646
651.3406500000524
448.05636999994226
583.0613899999105
550.3646099999274
596.9130800000744
701.5180100001418
572.02540999987
767.8188300001611
583.1403199999369
547.149299999955
863.8595100000169
456.74123000000253
498.6809900002201
609.4382499998769
510.3131499999528
569.5477200001965
509.72394000010615
773.7353199998163
532.9194799998769
527.526849999986
472.06739999999724
546.5742599998774
636.1350399999868
408.296949999997
661.4233300001432
576.9912799999092
724.3152200001682
664.1026399999147
429.215049999962
597.3637900000047
560.1927800001889
610.4613299998722
622.6834700000353
572.6749499999287
604.3440599999078
482.52500999997426
546.9118899999262
541.1364400002453
577.4932200001919
567.345050000071
533.0545499999613
563.2922199999174
565.980560000001
571.0785200001051
515.8035999999273
568.6996999999639
569.2786299998966
532.9571699999127
708.5710700000648
540.2369599999327
586.3478399999057
640.1570800002561
508.29465999990765
558.8533599999319
557.9625100002222
565.0004699998851
718.6068500002339
484.73832999997285
565.6560299999521
575.7253400001656
560.6700699999294
564.072100000116
502.242509999934
495.7413799999371
505.83352000001184
433.4301599999766
669.6852099999023
489.596740000004
626.7737599998902
643.7274299998999
709.1258699998292
750.9820100001447
515.6565299999575
701.2647299999394
698.7133600001969
757.7514900001727
731.5803600000119
583.3626299999192
562.8921899999838
659.5393500001389
591.1709500000338
561.599399999934
673.5688100001181
467.43766999995313
697.4067100000694
472.23408999992273
491.4775199999724
576.4945000000325
520.7676599999501
634.7265799999059
611.7983300000759
497.46505999996424
581.5979000001887
715.8411599999247
597.3172899999062
474.2155200000232
454.38804999989867
497.1964399999487
595.5599099998434
703.7980400003449
699.6985600001804
612.6665199999459
662.890860000214
653.3968199998802
672.1086599998929
455.97353999993334
610.506959999968
536.6751800002221
441.5839499999636
548.5053600000955
509.548159999995
569.915590000226
487.5257199999173
781.3531099999001
729.1395300001237
545.0195900002276
411.20535999995633
