6201.775000005981
7674.050000012215
4924.900000004845
2573.249999998755
1706.324999999361
8778.925000014406
2111.624999999175
4577.150000005092
2095.6999999991895
2020.9999999992574
2509.8749999988127
9107.050000015599
3560.100000002
4460.1000000018
7813.850000013067
7309.950000010742
6857.12500001028
1908.5999999996573
2871.499999999307
4664.950000000671
3463.025000002573
3264.3499999990836
2301.1249999992115
7222.075000010317
2739.4999999999945
3892.9999999991896
5938.475000006153
2369.349999998941
3851.150000003162
4828.100000001097
7065.275000008171
3658.12499999822
6495.35000000892
4562.950000002962
6477.25000000683
2321.449999998984
10073.350000019116
3847.625000000627
2709.5499999986314
4887.950000002349
4359.625000005198
1783.3499999994735
7269.325000012534
8414.050000013078
3382.350000003022
5829.9250000081565
4128.825000003994
3844.675000000924
2539.8249999988075
4856.6750000044985
3780.2000000022254
4800.325000005505
3688.7750000011824
2972.624999998392
4026.4000000041306
3940.199999999111
6463.125000006397
2959.174999998785
2560.8999999987664
4944.975000001421
5630.750000008524
9313.825000018605
1817.9499999994405
1839.174999999354
5848.450000009401
3371.1250000005844
3955.6000000024746
4013.6500000010888
2165.749999999126
4754.6000000048625
4429.200000006057
2929.300000001407
5674.8250000057
9292.725000016275
8945.875000017926
4103.900000003667
4916.300000005409
5306.375000004107
6459.700000009838
9375.800000016578
2932.9249999986127
3158.924999999427
3375.5249999993334
4941.625000004587
4507.625000001735
4121.800000001381
3974.925000002899
6069.725000007711
3756.350000003051
3620.674999999343
5400.050000004815
6715.975000010843
3293.8999999983785
3285.1999999999275
2220.2250000000704
6419.775000010604
4763.975000005756
4766.550000004107
5212.6250000046275
2975.1750000026864
5208.925000004476
5033.925000004387
2492.024999998829
2309.025000000137
6367.050000007677
5871.750000006611
5391.575000005756
7124.500000011951
10149.150000019392
2073.42499999917
2688.2249999986507
5395.950000007146
5498.275000004973
2079.624999999204
4943.650000004788
5508.025000003882
4283.250000004032
5175.550000006915
4924.100000005084
7612.275000010162
5638.575000006086
4843.300000006039
5090.9750000067315
5111.350000005308
4120.375000001186
5849.50000000908
5562.700000004052
5009.325000005402
2983.525000001045
2937.124999998629
3056.1000000000736
5558.42500000473
3708.1999999999384
3928.6500000004858
4492.150000004979
2514.5249999988087
2688.8499999986498
5406.125000006818
3883.0500000044003
4322.375000005188
7398.750000010417
2787.4999999985603
6313.10000000767
4069.800000005485
5707.2250000079475
6977.050000011473
6413.150000008265
4091.049999999616
2871.499999998713
5470.475000004821
4032.8000000027127
4359.775000004311
6804.55000001173
5056.750000005115
4087.3749999994666
3504.0999999981477
4551.475000003876
7077.150000011523
5753.300000007883
6911.875000009473
5125.875000001332
2909.5249999993525
6241.400000007548
6392.325000008317
4365.350000004746
7299.825000011973
7586.05000001066
3177.699999999466
3473.975000000389
3407.60000000041
2429.599999998886
7507.650000011925
4970.075000000974
4006.1750000028155
1914.1249999993545
3425.825000000022
2648.9499999997165
5931.825000008628
5709.475000003715
2222.3999999990356
3276.100000001902
5094.425000004791
3440.825000001251
2558.6249999987685
4286.150000005361
2211.899999998978
8573.12500001643
3837.2749999993825
1914.899999999354
5105.125000006156
2424.3999999988905
3447.474999999855
3477.399999998681
2681.624999998656
2031.0999999991884
2881.924999998474
4550.475000002478
7591.425000011703
5331.400000004203
6460.750000009121
5506.500000006483
1906.9249999993613
4885.550000006381
3425.949999998031
2864.624999999667
3553.2000000014145
7415.750000011197
2406.549999998875
2645.149999999343
4260.87500000146
5054.175000001165
5314.075000005994
4225.7250000014465
7584.450000013501
2950.3249999998156
7725.97500001277
2537.5249999987877
1722.9749999995286
5511.000000005875
2243.1499999994
3498.3750000022255
4781.97500000537
3643.075000001922
4466.275000002949
5623.975000007054
3757.675000000055
2097.749999999188
2078.5499999992053
3513.499999999234
3838.899999999805
4239.000000005928
2627.5750000012217
2433.874999998882
3405.374999999314
3586.900000000834
5931.325000005658
2365.624999999645
3196.599999998573
4447.475000004672
3777.0000000020354
5262.725000002862
2227.34999999907
5353.800000006171
2187.374999999106
6275.875000006529
4806.950000004608
6292.875000007171
2716.349999999015
2846.6499999985067
3475.899999998777
9766.900000018255
4562.225000005279
5096.350000004238
3230.499999998296
5765.675000006641
8066.575000013726
3767.1500000030233
5351.700000004639
5128.075000003972
2523.300000000257
7758.925000012556
8063.650000012553
3833.925000000753
4796.925000007259
3323.100000000769
4282.500000002298
1992.6499999992832
4109.5499999998665
2180.1749999991125
3554.800000000205
2177.624999999011
2212.324999999051
3150.449999998448
7206.075000008845
6135.500000005264
4209.90000000092
5031.025000003099
8383.375000015301
2072.8999999990792
4639.499999999961
3818.8499999988544
2939.824999998422
2467.024999998852
2896.124999998461
3254.2249999992623
4664.150000003931
2381.6749999989293
2094.1249999991405
2408.724999998905
4417.3500000055255
2103.749999999162
5585.300000006478
3818.9250000005695
6352.175000005577
6381.300000007932
3814.400000000678
2600.199999999685
2741.074999999397
5871.0750000064
4170.575000002658
4145.100000005708
6086.750000006277
5303.675000006206
2750.3999999990006
4147.6000000051545
4870.350000006226
2849.174999998504
3998.1750000006173
3236.924999999329
3177.124999999749
4391.3250000011485
3274.0999999991877
5417.8250000043
4777.075000006458
2873.1749999988147
4879.050000004279
3931.500000001696
3869.6249999991965
3986.625000003343
4866.1000000058775
3438.700000003512
2478.1249999988418
3117.2749999993925
4796.750000005418
4491.5750000053185
2985.6749999988942
7998.275000012952
1538.9749999996616
3735.325000000741
4743.125000005561
5643.675000005633
2267.9999999992547
4385.975000002996
2104.0749999991003
2362.349999998947
3141.049999998239
5747.675000006417
4344.525000003096
6171.500000006221
3569.825000000749
4728.075000005699
5981.625000006471
3289.4749999991127
8832.5250000146
4223.825000003112
6134.42500000489
3802.200000000406
4995.150000006009
2241.499999999057
3011.724999998616
2052.4249999997355
3454.800000002805
2546.5499999987796
2982.874999999857
3588.2500000037667
5735.350000005761
5542.250000004723
4446.700000000761
3998.3000000004304
5525.900000005072
2629.774999999352
1971.299999999212
4683.700000005458
5031.975000005335
4153.60000000211
3874.9750000036493
3189.074999998633
2833.5999999990677
4424.600000006032
4259.200000005237
4345.725000000606
4253.875000005957
5848.47500000662
5357.000000005504
5048.675000006538
6990.025000011822
6035.675000007082
2085.8250000003295
4236.57500000091
4491.650000004632
2938.3499999984233
1921.849999999331
6221.750000007498
5844.125000003729
3314.6999999991117
5161.125000004928
6529.7750000081605
6113.875000006733
3521.8999999982034
5270.47500000579
2200.8499999994274
4417.50000000255
2040.3999999992398
3783.200000000322
5048.025000004356
7043.325000011555
2522.6250000006216
4150.474999999698
4159.000000005632
6937.700000009265
7438.550000012196
7754.3500000129225
3767.900000000367
4433.875000004913
8668.875000014004
3519.2000000019216
3144.974999998235
3623.0249999987086
4078.3750000014415
6332.375000005506
1841.7999999994204
6029.400000005764
6062.5000000047185
5327.90000000359
5377.525000005039
5154.425000005522
2139.6999999991494
2329.6499999989765
4589.3750000046775
5256.100000002867
7735.6250000119635
6273.975000009967
2464.799999999141
2691.6749999996846
1824.7499999993688
2812.1249999985375
3443.1249999979636
5327.9000000066835
5416.950000005024
5615.575000005525
5776.325000008281
3716.425000001136
4562.750000005359
5247.350000004653
3788.8000000030806
4667.800000003886
6331.750000005825
2768.549999998956
3106.4250000013744
4960.500000006095
3786.9750000020076
3369.674999999192
1476.5249999996418
3984.5000000031027
2888.2999999995204
3396.4500000004496
2805.8749999990623
7067.300000008985
2783.599999999741
3187.9000000014707
4538.175000006613
2518.0249999988055
6183.325000007513
1572.0499999996657
3044.574999999235
3019.2499999983493
2348.949999998959
5232.075000002973
3769.925000000851
5492.075000005236
5998.950000009502
5679.000000008261
5846.000000006154
2848.224999998505
2336.1249999989705
2351.1499999989574
4821.9250000056945
5264.300000007735
4955.500000004528
3013.7749999984285
4759.550000000721
2806.974999999834
7583.675000010058
4296.9750000033455
3949.0750000036783
2590.574999998669
7356.2500000122445
2852.724999998861
7012.10000001102
3098.5750000003873
3939.5499999998133
6071.475000008724
2910.624999998475
4245.2250000065
4882.775000006013
2291.849999999011
2770.849999999745
3070.025000001082
3346.7999999983704
2765.649999999038
4681.950000003956
1975.7749999992984
3659.275000001034
3521.7500000001255
5558.325000004927
1753.2999999994606
4815.425000006331
3482.3750000020623
4924.2000000057205
3795.7749999985826
7982.600000013711
4615.900000001329
4273.250000006254
2615.5749999987165
3425.8499999994606
4157.550000006131
5185.900000006393
3812.5250000003157
2763.725000000636
2996.7999999983695
2955.2999999984077
5644.050000006899
3555.824999999636
5274.650000006293
3971.950000003586
3840.475000000888
2237.5249999990856
6391.425000006546
7349.400000012547
3299.1000000022937
2558.575000000409
7106.400000009204
4886.025000006157
4658.975000003327
6548.225000009461
4995.3000000051525
2808.6249999989745
7254.350000011918
4383.8500000054555
4517.600000006464
6769.600000010549
3842.899999998962
3622.1999999994914
6494.700000007546
3221.7749999996868
2868.9999999988363
5262.175000005895
2120.249999999167
2445.1749999988715
3504.8000000003967
4376.800000002097
1927.6249999993424
7564.375000011331
4582.375000005914
4319.225000002026
2757.5249999998255
3484.675000000548
4515.275000002672
3406.5750000017983
3492.300000000948
3805.149999999217
2256.3249999990435
4949.600000006347
3775.5750000008647
6014.975000004351
2291.124999999288
4941.175000005669
2924.924999998766
2572.3749999998595
3634.9749999983032
6453.725000010356
2348.924999998937
1837.749999999424
2130.374999999064
2847.924999998505
5021.100000004985
7503.175000009864
3042.8249999984478
2563.424999998764
2839.099999999354
7952.250000014285
4347.725000002418
3762.575000003602
6513.300000008076
2836.6499999985153
3208.550000000749
4593.8500000057165
7207.2500000086875
3970.3750000021737
4652.250000002855
3714.7500000014793
3436.424999999167
4363.725000005705
4726.200000005712
3237.224999998464
2101.6249999991715
2569.349999999011
8105.025000012778
2484.24999999966
3176.8749999986476
5384.5750000031
4408.200000004707
4843.925000006157
4111.050000001698
3697.7000000004396
4332.475000006598
3458.2499999984393
2811.64999999889
4955.825000004761
2744.5999999985906
4117.075000002156
2627.3499999987057
2438.0499999988783
2573.1249999989686
3809.250000002192
2224.049999999073
4618.32500000519
2732.0499999991416
5224.925000005124
3007.0249999997973
5597.675000005922
2620.125000000369
2877.274999999532
4611.6500000013275
1903.2749999993166
5046.87500000543
4078.2750000016595
4440.925000001577
6117.450000005063
4457.775000005924
4409.725000000681
6791.300000011078
2262.199999999038
6821.250000010884
4682.2750000015985
6761.425000008861
5152.500000006562
5817.525000007568
3381.174999999306
6557.100000007886
4874.70000000473
3083.3750000009427
2745.349999998599
3577.3000000003167
4933.475000003051
2955.4250000005636
3294.2249999998867
4695.950000003763
8367.050000013796
7011.850000012153
2576.724999998752
5612.425000005378
8628.72500001386
4977.300000004839
5336.900000007548
10018.125000018914
3082.7500000009095
4958.900000005184
2967.0749999993786
4218.450000003036
2063.2749999992193
4575.975000001752
3884.7249999982278
1933.9749999993364
5216.350000004877
3004.1500000001124
2847.2749999990424
7007.6000000109725
4315.10000000254
6132.325000009006
3326.125000002695
6254.1000000072545
5086.400000005334
2883.925000000863
7946.25000001205
4633.450000004503
2200.249999999075
4501.850000003523
3570.000000000217
2694.3749999986785
4748.825000003777
3868.2250000002405
4501.075000003372
3408.6999999985187
3041.2249999983296
4733.350000006457
1621.924999999606
6850.4250000113525
4621.225000004952
1697.0749999995521
3612.075000001639
2561.4249999995745
5440.175000005891
4024.5500000018646
5816.625000005687
3936.550000000092
5328.000000005452
3174.9749999993055
2040.1249999992401
3707.54999999844
4693.075000005098
2864.7499999992656
3315.2499999992197
5526.175000004458
7443.900000010926
3769.025000001278
4325.975000002285
7497.825000013005
6161.125000006592
3408.1499999987213
5608.350000003737
2729.349999998944
3468.4499999990667
5562.150000004441
7476.350000012023
2224.2999999990725
6203.900000009673
2934.124999998628
2941.5000000012956
3652.750000002265
6496.600000011765
4522.800000004629
3440.849999999631
2236.3249999989544
9949.525000018664
3718.7750000022793
7140.925000012405
4084.025000001109
6074.350000007393
7263.575000012252
2542.7249999998417
2100.4249999991853
5145.325000005356
3038.849999998787
2701.9249999987674
4295.450000000514
2784.77499999864
3139.724999999179
4767.925000004843
2703.7999999986364
4356.525000005367
3051.2749999989305
5187.550000006494
3283.4999999997726
3964.425000000699
6222.75000000828
3220.4500000006674
5448.325000004388
3424.624999999698
4523.925000006169
4019.350000006447
7665.825000011356
6868.600000012892
5011.350000004159
2113.7749999991033
4291.675000001749
6184.000000007905
3214.4000000002234
5169.15000000442
6631.750000011423
4917.775000004102
3042.8500000018375
8007.525000012704
3107.2249999982696
3950.000000004625
3206.9499999991385
3431.2999999979747
5155.675000003339
4681.45000000539
5884.700000007359
4823.175000005165
2203.674999999091
6084.075000007368
2464.574999998854
5672.425000004912
2721.2249999986207
5278.4250000051525
6049.975000006734
3283.849999998317
2940.9749999984206
2077.1249999992
5057.250000005433
4228.075000005607
2910.1999999984705
5793.875000007511
5326.000000007696
4734.950000005761
5995.850000007472
6229.150000007534
5114.850000007557
6407.125000009884
2494.7999999988265
3199.6000000015315
2869.749999999607
3022.7750000012425
4436.775000003645
6184.225000007173
2554.249999998772
6636.675000010078
6006.300000007663
7963.5250000143205
2344.1499999989633
7403.125000010541
3834.0000000006826
5984.100000006413
3546.200000001357
4250.875000003747
7671.200000010376
4826.925000004843
4613.425000004197
4952.675000004541
5132.475000005637
5618.525000006643
2211.9749999990327
8163.500000012167
4379.625000005898
3198.9749999991186
7435.675000011022
4236.650000005858
2592.2499999987376
5610.975000006432
4872.35000000584
4615.950000003599
6432.95000000713
3433.8750000017853
5570.850000005994
2098.6999999991867
4075.1500000035194
3133.274999998246
5999.500000009946
3295.700000004057
3912.624999999901
5450.650000006142
2269.549999999031
2529.274999998795
5773.8000000067295
8528.00000001429
2281.3749999990205
7622.950000010202
6241.925000005303
2385.849999998926
6874.375000009972
9908.375000018515
4146.650000006068
4336.22500000587
3332.724999999262
3421.8249999989025
4797.7000000030985
5313.625000004233
5697.575000007856
4335.175000001978
4495.575000005379
2180.1999999991126
3505.8749999983584
1538.2999999996423
3555.774999998396
2005.7999999992712
3459.6500000018104
4707.225000001701
4940.425000002004
4531.425000006748
6532.025000007521
2137.0749999990944
5360.400000008372
5868.400000005608
4741.975000004404
2885.3750000004884
5175.600000004978
2456.9749999988608
3019.0999999983496
4592.225000004018
2062.2499999992197
3003.7999999985855
3519.7250000026756
5513.4500000043745
6579.300000009302
8200.75000001405
3159.399999999049
3535.4749999986843
4819.6500000056
8084.325000011903
4470.750000005397
4632.175000001565
4176.450000002376
7581.325000010049
3622.6750000034053
9538.125000019183
3391.324999999645
5229.025000003465
4440.37500000486
3245.7000000024696
4040.1750000007078
4222.500000004734
3570.675000001836
2815.7499999985343
2468.5499999988506
3969.7749999995367
4719.850000003664
7575.725000012208
3042.0999999983287
6460.425000007186
3611.5749999999503
2167.249999999124
6153.3750000063455
2737.9999999998527
6451.800000009189
5060.175000005165
2799.3499999994183
5521.550000005753
4078.0750000022126
4038.6750000009715
3682.924999998176
2689.150000000487
2400.1500000004444
3849.7249999991477
3506.9750000004983
4950.1250000042955
7504.275000011942
2989.5249999983766
6044.025000008438
6719.375000007791
3385.85000000123
3850.9000000009373
7445.3000000129
5561.925000004317
4895.575000002594
3212.3750000006034
5909.400000007407
2335.0499999989715
4979.425000005611
4632.725000006187
4463.350000004657
7416.075000010791
3050.0999999999467
4292.3750000063865
5933.075000007162
4175.65000000291
2204.84999999909
5566.600000007389
5388.650000005682
3710.999999999393
5169.7500000040145
5414.3500000057875
4681.600000002493
5964.400000007338
2619.624999998713
6240.450000008336
7147.275000013294
3510.6499999993985
5334.200000005703
3054.7249999992064
5381.375000005612
4014.50000000478
2119.224999999168
5294.975000003986
2531.1999999987934
3244.324999999385
4239.175000003146
3744.4750000007766
4329.6250000030595
5640.000000004531
4612.450000003537
5023.425000004036
3437.0249999985517
6578.075000011494
4456.300000004664
4469.300000000836
5338.375000006504
7837.775000011401
6041.4750000059685
3390.5499999992408
3072.3249999999143
5656.00000000471
3965.8750000022837
3471.6749999992153
5315.575000004952
2225.5999999990713
5885.325000004955
3145.1999999997956
2858.3999999993275
5036.800000002979
4491.4750000051
3817.8000000009833
4169.350000000874
3524.099999999347
4779.000000006243
7407.700000009418
6216.475000009701
3123.350000000807
5980.150000006583
3305.2000000027974
5131.550000001137
7028.5500000108905
5886.1750000069605
6520.850000007356
6721.200000007522
3415.174999999415
3066.849999998306
5010.375000005233
5383.225000006601
5184.100000006207
2176.899999999091
5490.0000000044965
4373.525000002607
3917.850000003279
3827.8500000001104
5720.900000003622
6163.450000005419
5067.675000005919
5119.725000006791
