741.1667599997166
832.2793700000003
820.1788899998833
510.5355599998849
499.3836699999233
969.759929999903
544.4768199998852
758.7286199997924
560.4343499998877
660.8219499998463
611.055899999808
894.8860800000007
796.9694399998205
748.7546799998956
627.2082200000331
853.9197299997982
799.0828600000516
523.2633299999347
710.5052299998391
734.666109999876
772.487730000097
717.3032399997677
638.248609999874
938.6948400002382
684.1280999999029
943.9478499996657
659.5094499998991
593.0647499998566
706.2592299999585
962.7343899998274
741.4179499999882
670.7861699997145
769.822989999893
625.4921499998186
1000.116420000143
646.1843599998782
760.3892100003261
685.3113399998437
874.8782599997439
800.9374999999314
733.1530599999877
565.2426299999031
791.8586600000796
1024.4680400003153
485.93136999992834
691.360870000006
659.1888999998491
615.1702499999027
706.033939999837
744.7984199999379
704.6177399999366
724.716289999787
701.637919999815
698.7159399998012
733.0261900000932
762.7528399998004
812.5329499998667
576.547359999815
699.5576699998173
707.2850899997968
816.0437800001164
738.6892299997885
756.3093999997998
580.7520999998683
950.9788500000516
557.8737699998927
803.0485299999481
740.2234899997858
562.2378999998691
630.2445800001113
572.5101199998757
660.6764499998623
701.794430000154
598.8678500000927
773.3837700000101
747.3061299997338
811.60083999982
1236.7799299994692
775.4044399998344
895.3617399997528
527.04996999989
680.0026199998226
648.6095899998645
702.9314000000604
1046.6897899995854
559.6572199998111
799.388329999977
593.4232900001598
663.9650200000052
802.4807299998288
950.3034700000065
725.5102800003124
887.3414099996869
827.5798799998307
514.4592999999056
900.5714699999877
831.6663299998578
924.5867499999185
765.676509999799
538.2788899999506
671.4796899998089
1126.2087499996626
599.014909999868
646.046789999946
908.9866399996932
681.4992299999369
686.3791799997924
904.877679999796
975.2493899997095
744.7433399998084
791.998089999808
736.3434800002069
789.1046299997394
628.3290999998937
750.786899999755
783.4172799997027
757.3701800000605
738.6089600001826
771.7281900001049
686.949660000343
935.9749899996957
778.277830000249
681.9885599998968
661.0449200000825
721.2476899999066
650.9848099999767
869.6233899999846
762.5599500000462
671.3736999998542
740.0208799998301
512.9288499999666
827.3741099997391
1074.1404199995338
640.9390999999298
873.2618000000131
645.8105699998799
653.3703499998192
775.3124199998321
702.3149300000863
729.4317300001203
1009.2347600001304
492.00973999990157
738.9117199998601
611.4879499998868
679.5904000001408
893.4962700003205
798.613530000148
916.7191599996225
795.8479999998132
791.0372300000049
706.8441299999365
653.2776199998964
806.2265700000779
746.2652900000327
644.8998799998521
770.199939999757
918.4090399998964
642.7327500000787
828.5056299997087
763.4050500000002
930.7358499998232
829.644039999782
845.4838099998794
619.1430299999171
727.1490400000998
692.5088400001899
1016.9301400000098
684.816439999835
564.645989999842
838.0826199997998
483.2585599999349
882.2826400003215
780.2403999998093
761.815699999768
530.8537699999234
776.9526299998168
662.4291999998189
714.4887500002643
832.3205899997888
665.7883699998689
682.9341000000462
728.6603699998427
734.9928799997411
793.7933599997388
605.4299000001521
575.8166199999257
966.2704400004478
803.4423999997255
573.6387799998936
677.5178100001685
541.0628399998777
761.2432599997474
964.0179199996381
537.5623299998874
656.5519699998648
800.7314299997986
639.5491699999466
800.5375799997543
556.2532699998848
932.7629600000868
908.7980800004354
542.58120999993
709.1942900001152
776.6482199997577
700.1448199998144
838.7892099997521
898.9387399999803
589.1206099998419
691.8593799998254
928.489139999832
671.0726299999137
1084.232969999733
857.4550399997382
919.3806700004228
669.0235599998344
718.2577099999343
567.6236699998989
623.2192699998748
665.0505999998601
580.6247999999035
647.8982099999937
718.820900000088
907.7012399998289
701.5946499997872
879.6606400001579
966.6939699997179
567.574159999844
560.2216899998732
790.3562799997493
730.2002799998024
541.0174099999371
647.5798100000022
660.5272499998204
763.311119999777
658.2376599999158
1002.6437499996746
644.9633799999032
684.7463199997935
895.8280899999953
664.7752100000041
854.1677499998524
648.4036199998358
628.4955999998746
853.5266899997811
949.20236000002
570.5120300001399
680.0716599999381
608.9346499998868
801.1901199997588
583.7690399999217
1531.9599300002299
687.6459500001133
840.1707699997065
763.8233799997704
872.5623399996766
775.1245900003407
611.3193699998798
646.692490000089
816.4621799998697
517.8467899999085
1009.602580000044
927.4861599997098
736.1736999998247
642.2056099999639
651.8301199999677
571.0140299998222
584.3542599998949
961.1408799996944
556.4402499998608
768.9069599998364
626.7123899999007
609.9134399998575
889.7014999997133
955.7454500000722
979.6935499999707
592.0587699999246
794.3913699999205
824.759000000427
532.011169999891
839.7099599997753
1140.216419999599
1059.504709999611
551.9388799998997
596.9232699998873
760.5687499997999
836.8730199998838
742.7717199997771
609.8528199998874
557.481749999909
834.4069600000935
526.7727099999353
837.4175600001021
580.1113599998556
868.4180499997644
901.411650000076
939.9990099996954
558.2834999999244
690.4652999999153
945.5858900000983
598.833309999874
636.1788500001716
803.7832899998124
896.8176700000004
756.6736299998337
656.2858300000979
602.9448499999013
750.8099399997911
895.8897899997895
875.6005299997104
880.3798799997152
764.6526599999
829.4778999997538
580.2164099998746
734.6982399998195
840.0882899997373
736.5541100000299
826.3922499997828
646.8940299998596
709.8421599998298
888.0735300003471
632.231989999892
591.343349999879
648.2521299998928
753.7710500000633
574.6877099998953
527.5701199998587
1227.19247000023
565.7606899999232
648.7895399999593
679.5108199998672
751.596669999766
426.98110999992866
946.0383799999238
620.8130199998869
738.6944699998037
566.0797399998462
850.5873000001127
962.9118799997354
962.753210000036
719.5850199998837
800.2116399998679
986.0404499999505
865.6432999997265
1062.9637999998267
811.9371899997803
799.2555499998105
603.377009999814
616.1326199998864
675.613389999871
593.1822299998933
509.22222999995114
584.4814499998829
677.3420699998018
839.9017499997962
708.3245100000831
735.3292499997904
942.3188300000562
825.1042999998908
881.2261399997822
783.2106200001141
604.8001499998745
428.87323999993015
498.40905999986006
798.5908899998861
763.4840199997257
696.6715799998088
497.34599999986676
681.0888799998355
718.7109699998031
694.0384899998264
672.2696899999116
667.9768300002033
1108.39411999996
884.3480499999764
776.9907300001355
772.1475999998136
763.0061299999375
525.7094099999874
620.7711099998946
722.4800099998375
732.5342899998736
620.0503599998773
786.2470900000851
1060.4921999997066
715.5579899998858
886.9311899999725
628.1871900003872
918.7081300000771
801.116269999732
857.5207499999501
687.0029899998831
908.4882899997095
487.3593699998999
776.4907499998469
722.5438200000654
934.5160400002711
518.3359899999053
708.2484099998328
667.6107000001238
693.300649999878
731.0691100004103
1033.8086099999712
580.7334799999411
732.567899999903
1053.276029999888
958.3327399997208
634.8745299998008
831.2702199997203
677.0553699997695
986.1955899998966
628.6458299998735
736.8317600001989
880.1234099999939
934.5723599999665
902.7473600000116
776.5317400001767
579.2394799998494
575.6413199999114
653.6871100001023
813.9608999999541
765.5604400003882
880.9330499997212
700.84711999988
678.6278099998661
528.5545899999223
601.6595099998318
637.5607099998526
912.8667800000507
916.9910199998543
723.972239999973
725.3464499999545
951.9928599997636
700.9667499997439
622.5047700000935
785.3910899997967
556.8421799998571
694.7194200001366
690.5918199998446
554.3005899998764
689.6587300001682
641.974569999984
549.1271999998842
558.7936899999336
830.4886200000216
844.5786899997505
851.9186399998449
548.8191799998984
1084.7492200001072
479.0892599998892
540.8952399999971
636.823349999821
691.6183199998121
858.0105099998555
586.6934999999097
821.9252299997828
757.1756899998097
686.5261599999021
759.2418699999945
664.9977199999835
753.188779999738
815.5946400001517
850.5430600004515
703.5480500001603
1025.9188499996258
626.8679599998287
552.2404199998981
688.2922199998225
797.7178400004643
692.9253300000356
755.3174899998104
684.1544099999505
578.1217299998851
1000.0711400000224
716.708549999924
761.0188399997918
714.1587099998162
747.5981699997599
556.9090599998808
711.7648799998954
746.9046899998679
745.1174799998122
939.8927199999713
709.5607299997694
687.9004500002163
758.879539999768
597.036829999909
583.2953099999285
795.6448399998392
665.5167399998459
686.902779999862
863.4327299998241
598.8964699998547
865.6418899997232
598.2350999999004
945.7823499998642
615.5385899999284
707.4321200002647
756.4062399998635
781.2247700000953
861.9323599997318
912.6142200003933
626.4446099998922
559.4923699999404
604.5874099998375
944.6379099997382
600.9072599999032
727.1663699998398
625.2140699998431
620.8530799998714
837.2979499997516
834.9688899996905
899.6514600000665
636.0668199998122
606.3507099999073
875.2678399999517
594.4485199998508
593.5794399998999
821.2518199999779
938.4116700000221
585.1533999998993
643.2665499998441
820.1664000002753
643.2277299998856
785.1568299999552
886.1237500001058
813.2706600000419
715.7073199997955
849.3003100003531
721.8317099997812
745.955519999846
790.4841299997975
876.2130099996766
894.0759699998171
640.2780800000203
625.6891799999187
656.7930399998788
1032.692189999604
550.1843399999066
622.9476699998629
860.6601299998358
772.219569999942
558.909409999907
984.8399000000082
780.0095200001192
707.4674999997932
531.6324699998991
776.0432499997845
625.7099399999659
563.1438299999968
700.8736599999048
586.4452699998687
600.1325799998829
718.8531099998622
707.884079999933
868.4499599999913
558.5889899999408
905.3492300000345
674.9581699997888
701.4954899998667
665.6232799998298
679.5872300000451
799.1975399997963
506.0176999999037
566.2317399998519
714.4530399998274
1290.3224199998235
828.3489599997696
617.227349999815
794.7025199997519
690.0588999998427
862.0169000004677
552.9368899998617
705.3203300000616
772.3607999999327
667.5256199998574
583.3810999998769
606.5882799999657
755.6963500002385
764.2209199999857
543.9787899998875
823.7587499997762
749.217259999757
699.9442299998649
643.4955000001162
652.2399699997844
540.3027599998994
626.5702999998792
987.7527399999989
565.5063799999073
562.4685899999248
1124.2827999996437
733.1004800000456
666.2826200001494
843.8108199998645
658.4347099998511
630.8287399998296
906.1285599996792
699.0602199998265
911.7817899996976
486.9491099998933
1064.7629499998316
703.240819999862
576.769079999892
633.5456799998939
648.7623699998729
706.2746299998367
594.0463699998645
682.138139999809
648.7485800000603
714.8213099998317
693.5963499998105
522.9607899999161
631.8749999998996
805.3406099997671
621.0281599999163
852.8422100000936
796.6929899998572
872.0854799997028
911.7969599997518
598.180160000175
838.7927399997727
724.2730900001138
621.6712999997992
709.6895099998521
745.1109199999025
783.2818900001542
737.1360300004212
687.5021099998833
727.5777799997635
865.2730699998783
675.3986399997692
542.3919499998842
565.6474599998651
608.0588499998827
709.0584199999851
719.2343999998202
669.4693499999211
662.5310800000887
1074.4341800004843
772.7941500001311
636.6218499998698
1092.775269999882
815.8625200001829
713.5133800000659
872.3752800004645
1167.291720000279
672.5156699998678
791.5261600000729
793.085749999749
718.4788400000239
544.4473499998853
770.6041399998343
814.8111299997198
659.8619299998127
795.9035600000296
748.663229999777
563.7337599999233
765.5002999998161
1026.2832399997956
943.5368300001035
703.2782699998533
775.5926200002522
604.6323699998542
700.6157899998225
678.4320800000214
808.3752800000336
802.8442999997997
553.0119900000938
647.822749999896
620.8713299998415
887.3507599999659
672.2653799998567
686.9982199999141
770.1275199997319
702.143129999796
801.1822200001354
540.1505899999196
809.7195700003155
845.3154700001387
537.3402799999261
617.5525199998965
565.2771799998944
963.8452099997558
756.0337099999072
650.6723800001504
807.6972199997645
1081.714389999572
730.1210699998014
601.3665799998658
771.7825099996517
752.8623699997802
721.6851799998554
546.924779999865
824.187809999726
905.3531300001946
631.1184599999375
1020.7994699996502
777.3193999997555
1001.4503499998156
772.5511199997586
973.6578299998048
661.8932899998135
857.1281699998198
761.5947200000294
743.7112600001461
663.5136299998445
776.5215900003307
720.04524999982
649.1265199999051
680.7590299998627
779.8542200001269
725.7059699999539
663.4917499998306
604.508009999852
1174.2477200001608
868.3070599999061
1023.5992300003105
697.6632299998855
896.5999099997705
746.0097700000291
760.7225299998605
458.002329999906
787.4339800000594
705.0448799998031
669.3358299998565
982.5618799996421
624.069899999824
849.3286099997864
818.9756000000807
798.5058699997769
682.3478200001161
670.2068099998776
790.4735500001018
634.7880199998827
931.0750999996884
1005.0888000002874
695.2793499998438
827.474589999748
931.5283799996832
771.4953199998887
612.7333899999298
826.9610000000051
796.1663000004156
831.0850700000112
545.5489799999101
688.941959999944
868.4580600000133
615.3030699998686
896.473849999935
789.796580000124
980.0587199997769
604.9101500000269
1058.1628899997281
550.8830099998945
678.1447400000378
514.4357199998907
723.0437999997098
888.6877299997701
549.1327699999417
806.5772799997512
894.6282700000168
762.3722499998282
703.7852699997915
645.3938099998028
830.6568199997168
726.5304799997741
691.2562700001271
854.8738000000005
827.6707799997313
601.4530499998589
645.3525699998596
775.7160900001243
596.9293600001729
700.0227299998365
896.6276400001545
931.9979199998801
874.2938300000285
682.4354999999248
706.8418200001202
760.4669199997902
833.3075100002784
538.3403399999276
703.2516799998422
817.5207399997737
712.6961699999707
681.248539999892
613.9933799998463
590.6966199998179
979.5178799999377
755.9103400001767
989.5691600005521
678.4283999998256
1002.4149699999538
646.167639999806
841.4554899996806
626.3231099998658
743.2909699998877
809.1725499998194
484.811189999903
829.694390000035
817.8430300002451
818.227830000094
730.3015099999985
625.5986499998312
1078.8184399997283
629.3029899998581
843.074049999759
901.1447299998196
655.915239999873
751.4538599998149
863.7227900000571
738.084239999839
863.4531599997085
915.9110499998194
716.682149999989
599.2401399998765
543.3228899998707
703.7143000000895
1002.3795999996951
788.3348600001192
616.8096399998935
592.9500199999089
971.1136299996601
484.32162999990004
766.7714699997423
863.1841499996918
953.3878800000042
718.2513599998013
705.1224599999405
858.8568399997456
654.5374899998545
1057.9038899998998
908.1487699999885
684.8729699998552
643.8600999998566
730.962329999851
633.23856999987
864.873979999832
970.0110199999025
846.3399000000566
775.4993199998895
474.6178599999204
654.6858999998523
828.3605699997312
595.2275899999227
810.2061999997844
509.60530999990397
782.748339999929
825.6083699998484
715.9308899998964
716.5205499998066
712.8060799998466
659.0548399998893
669.484740000225
731.0789199998397
780.5053099999915
760.8260299997872
746.9312000001551
668.4276999998214
630.4794599998039
640.4793399998836
700.3301099998259
844.828069999734
652.4496499998941
774.1226599998537
754.0289099998334
667.69336000014
564.0569199998489
730.3635899998463
709.1395400001419
722.6361000002308
837.6007799998348
957.8350999998268
775.1084499998905
870.9848700002526
702.1044500000492
865.5128300003931
683.6514199998607
721.3725999998196
595.3214099998658
696.763970000068
840.1277799997599
616.4417500001186
587.1259699998501
554.0346499998531
804.1169799997298
782.752859999832
673.2130899998539
796.147790000063
941.4134099996667
1060.3121400000769
712.5393899998041
688.2856999998304
1229.2886599995495
624.5858299998931
723.8096600000482
953.9470899996422
764.026509999806
814.3632300000233
718.0735299999724
953.6300799996185
763.1329299997712
628.9608599999347
584.7262999999227
1211.6635999995333
753.7819799999081
615.3426500000916
837.7488100000548
890.4629699997276
618.1968300002491
912.4590599997626
631.4814099998555
766.2769099998816
742.3522700001247
931.719279999725
1001.669489999851
650.7230599998858
866.6041499997336
590.9147199998864
753.1861899998061
588.4074199998983
819.2468400000564
768.3745800002673
596.6217899998736
760.208119999827
901.7340699999326
615.4670800000366
834.0833699997579
738.9613499998153
884.4600500000653
643.8898799998747
706.8192300000051
606.7771199998616
720.9876499997829
734.7769100001635
723.8477399997998
836.3801099997651
730.5672000001349
857.8921599997775
714.5721100001438
697.7761699998827
618.0132899998441
685.4446099998356
612.9841399998223
955.4061199999254
804.4963299997739
683.4298199998111
603.164619999862
541.1279000000077
854.1002099999354
667.0683000000598
861.7049699998075
735.9781299998778
718.2260599997354
843.9995399997792
723.5718099998229
777.9013999998641
717.3254399998098
1018.2680900003946
979.9564799999348
732.9948699997828
729.9944499998201
815.6715500000234
659.7190299998218
949.0685399998125
877.3113400000032
618.9801999998508
980.4583399998639
734.416349999784
670.3761999999043
745.0238400000171
667.4718200001075
689.8816299998441
870.3251699998301
558.964009999867
685.6062499998039
826.7045099999008
713.9512099999498
577.4093399999558
1021.2019099999779
754.2964900000111
1158.4098099995476
1238.6917299998258
879.2632999998754
857.9939699997884
632.3997599999122
755.3563199997587
845.6197599997264
983.6664400000155
819.2874600001213
550.1624399998989
637.0079999998678
943.118519999649
703.5448400000222
855.438779999778
668.0087999998227
762.3994899998424
851.6311499997579
724.0335799998807
695.1356199999401
