11945.400000025926
11444.400000024103
11228.300000023317
3616.0999999978067
2757.3999999985876
11410.100000023978
2961.299999998402
10710.200000021432
2992.399999998374
2592.4999999987376
3216.0999999981705
11001.10000002249
7740.0000000106265
8284.000000012606
11420.100000024015
11520.200000024379
11297.300000023568
4319.499999998183
4667.499999999449
6131.4000000047745
7898.700000011204
4870.200000000186
4059.799999997403
11078.20000002277
5097.700000001014
5477.000000002394
11070.200000022742
2546.4999999987795
8794.400000014462
6781.300000007139
11207.30000002324
4182.299999997684
12448.600000027756
8757.100000014327
9310.40000001634
3297.799999998096
12296.500000027203
6723.100000006927
3398.2999999980048
6688.000000006799
11136.300000022982
2288.1999999990144
11388.4000000239
12657.100000028515
8408.300000013058
10800.000000021759
9821.000000018197
7021.000000008011
4060.2999999974027
10921.1000000222
8114.000000011987
11686.200000024983
5959.200000004148
3564.4999999978536
9884.200000018427
4823.400000000016
11756.400000025238
4353.299999998306
3644.5999999977807
6059.200000004512
11792.400000025369
12464.500000027814
2181.5999999991113
2702.899999998637
11935.80000002589
5719.200000003275
8368.100000012912
7301.0000000090295
3144.3999999982357
11144.200000023011
11814.000000025448
6566.200000006356
11854.200000025594
12101.300000026493
12313.400000027264
9378.500000016587
11095.100000022832
10800.000000021759
11263.300000023444
12347.70000002739
4262.099999997974
4946.100000000462
4933.300000000416
11152.20000002304
7934.500000011334
7096.300000008285
8630.100000013865
11787.30000002535
8787.100000014436
5193.100000001361
10672.200000021294
11229.20000002332
3952.4999999975007
5426.40000000221
4776.599999999846
11080.200000022778
11755.400000025234
8572.300000013654
10907.100000022148
7642.500000010272
11155.200000023051
10941.100000022272
3134.4999999982447
4901.700000000301
12281.500000027148
11782.500000025333
11072.200000022749
12344.000000027376
12513.800000027994
2635.3999999986986
3584.0999999978358
11788.400000025355
11150.300000023033
3022.4999999983465
11184.200000023156
10800.000000021759
10105.00000001923
11745.500000025198
11200.300000023215
11548.400000024481
10900.100000022123
12123.800000026575
11752.300000025223
11043.100000022643
6831.20000000732
11970.800000026018
11043.200000022644
11654.200000024866
6308.400000005418
4255.199999997949
5585.100000002787
10800.000000021759
5634.900000002968
6323.400000005473
11049.100000022665
3676.199999997752
3424.499999997981
11713.400000025082
9896.500000018472
10988.400000022444
11591.300000024637
3509.199999997904
10458.200000020515
11152.20000002304
11599.600000024668
11711.200000025074
12120.900000026564
5338.1000000018885
4028.7999999974313
10800.000000021759
6757.100000007051
9996.600000018836
11365.600000023816
10318.600000020007
5902.200000003941
4136.299999997516
10183.000000019514
11756.100000025237
10223.20000001966
11826.400000025493
6132.700000004779
4613.599999999253
12015.40000002618
12526.000000028038
10800.000000021759
12124.500000026577
11388.300000023899
4946.800000000465
5974.600000004204
5893.500000003909
3138.399999998241
11614.300000024721
5830.100000003678
6784.40000000715
2635.3999999986986
5848.0000000037435
4782.499999999867
11670.200000024925
10800.000000021759
3643.7999999977815
7260.300000008881
11121.200000022927
6808.300000007237
2580.099999998749
11213.200000023262
3783.2999999976546
11879.600000025686
5659.000000003056
2152.099999999138
11095.200000022833
3557.69999999786
5469.300000002366
4754.099999999764
3298.199999998096
3161.49999999822
2898.599999998459
6687.000000006796
10800.000000021759
10344.2000000201
10913.10000002217
11572.400000024569
3024.6999999983445
10355.600000020142
3788.7999999976496
4902.800000000305
7123.300000008383
10800.000000021759
2911.099999998448
4660.299999999423
7075.400000008209
5995.000000004278
11011.100000022527
7396.000000009375
12096.600000026476
5151.60000000121
11300.300000023579
3789.0999999976493
2403.19999999891
11415.400000023998
4245.499999997914
7568.400000010002
11552.200000024495
7465.700000009629
9100.300000015575
12731.700000028786
6187.000000004977
2876.3999999984794
3227.49999999816
4646.499999999372
5948.300000004108
11643.400000024827
6123.500000004746
3444.299999997963
4584.299999999146
5642.200000002995
11811.300000025438
4535.499999998969
4308.099999998141
10800.000000021759
7699.400000010479
6561.80000000634
3277.299999998115
12141.300000026638
2230.199999999067
11051.200000022673
10839.600000021903
11623.100000024753
4438.499999998616
3593.599999997827
4636.699999999337
12566.200000028184
11321.300000023655
10911.100000022163
3854.29999999759
11967.100000026005
11436.300000024074
8639.7000000139
10800.000000021759
9204.100000015953
5223.10000000147
12221.000000026928
11841.400000025547
5541.200000002627
11304.300000023593
6429.200000005858
8553.100000013585
3264.099999998127
5683.100000003144
2462.5999999988558
5880.700000003862
2921.4999999984384
3153.4999999982274
4249.199999997927
11667.200000024914
11448.300000024117
6503.000000006126
7386.000000009339
11990.60000002609
2995.699999998371
5372.000000002012
5180.000000001313
3625.2999999977983
3802.2999999976373
3591.0999999978294
4755.399999999769
7577.100000010034
2776.2999999985705
3633.399999997791
2873.0999999984824
11364.200000023811
3488.199999997923
11826.200000025492
6411.400000005793
8998.300000015204
12519.800000028015
6569.500000006368
4803.599999999944
4585.899999999152
12605.200000028326
6840.000000007352
11382.300000023877
11379.300000023866
10928.100000022225
4203.699999997762
10948.100000022298
11595.300000024652
3022.6999999983464
6869.100000007458
5132.000000001139
5110.40000000106
7454.300000009587
4880.200000000223
8627.700000013856
12399.400000027577
4004.1999999974537
10800.000000021759
7492.6000000097265
5287.300000001704
9207.100000015964
11996.500000026112
8891.500000014816
2942.2999999984195
5073.100000000924
10903.100000022134
11306.3000000236
4509.199999998873
12485.600000027891
1909.199999999359
5644.100000003002
11423.300000024026
11925.500000025853
4255.49999999795
7264.300000008896
2602.2999999987287
3105.699999998271
3582.1999999978375
12521.400000028021
9167.200000015819
11247.200000023386
6660.200000006698
11748.300000025209
11465.50000002418
4726.799999999665
11286.000000023527
7843.400000011003
10800.000000021759
6462.200000005978
12067.50000002637
3658.1999999977684
4112.6999999974305
4387.799999998431
8357.100000012872
3430.4999999979755
5070.500000000915
9111.200000015615
12368.600000027465
8497.10000001338
5923.200000004017
6149.200000004839
11223.300000023299
4416.599999998536
2839.499999998513
11559.20000002452
11196.2000000232
8061.6000000117965
9230.500000016049
4273.299999998015
4407.299999998502
11826.200000025492
11069.200000022738
6364.100000005621
11620.100000024742
11615.500000024726
10355.500000020142
12617.20000002837
11447.800000024115
11886.30000002571
5031.500000000773
5577.70000000276
10800.000000021759
3785.299999997653
2907.2999999984513
11405.400000023961
7826.000000010939
4679.299999999492
11210.700000023253
10358.300000020152
8969.200000015098
4008.6999999974496
11412.300000023986
4120.3999999974585
8812.300000014528
2901.2999999984568
6235.200000005152
10915.100000022177
11755.400000025234
5752.300000003395
5199.100000001383
11299.300000023575
11985.500000026072
11912.600000025806
12374.400000027486
6376.200000005665
8384.40000001297
12161.700000026713
7559.200000009969
3717.3999999977145
4469.099999998727
7496.500000009741
9183.400000015878
2181.2999999991116
11343.300000023735
11871.300000025656
8572.300000013654
10974.100000022392
11918.500000025828
2862.0999999984924
3393.1999999980094
10800.000000021759
9084.100000015516
11936.500000025893
11580.500000024598
4260.499999997968
4734.799999999694
2695.399999998644
3430.5999999979754
4077.0999999973874
11944.400000025922
8723.000000014203
8289.000000012624
11711.300000025074
6788.300000007164
11356.400000023783
11311.100000023618
8611.500000013797
8688.100000014076
11343.100000023735
4327.399999998212
6639.700000006624
10966.100000022363
7928.0000000113105
4625.799999999297
1977.399999999297
8892.200000014818
4914.000000000346
5953.500000004127
4547.299999999012
11087.200000022804
4935.600000000424
6837.400000007343
12266.400000027093
3377.199999998024
9232.300000016055
1692.799999999556
4797.199999999921
3447.1999999979603
2866.2999999984886
6876.100000007484
5501.700000002484
10800.000000021759
11577.000000024585
12201.200000026856
12232.000000026968
3327.3999999980692
3224.199999998163
3853.4999999975907
11762.50000002526
12051.300000026311
11017.100000022549
3860.699999997584
7468.100000009637
5134.000000001146
11388.4000000239
7574.300000010024
9498.100000017022
3535.59999999788
12248.600000027029
4156.49999999759
11418.400000024008
5841.300000003719
5063.200000000888
10944.100000022283
3768.599999997668
12005.500000026144
12002.400000026133
3854.49999999759
4921.600000000373
6333.50000000551
4128.399999997488
4278.499999998034
10263.200000019806
2881.5999999984747
6756.300000007048
5760.800000003426
10505.000000020686
3068.4999999983047
12316.500000027276
7664.200000010351
11865.300000025634
4213.699999997798
11452.200000024131
5739.400000003348
11890.400000025726
3473.4999999979364
4801.499999999936
11753.000000025226
11773.3000000253
5477.500000002396
5746.200000003373
3639.3999999977855
3583.0999999978367
11793.700000025374
5451.3000000023
12022.600000026207
9132.500000015692
6735.500000006972
4050.2999999974118
10800.000000021759
12427.70000002768
7674.000000010386
5353.400000001944
12406.400000027603
12178.500000026774
9786.00000001807
11910.200000025798
10904.100000022137
4407.199999998502
12341.600000027367
11303.30000002359
12214.800000026906
11599.200000024666
4441.499999998627
5151.100000001208
10071.100000019107
5291.600000001719
4404.099999998491
12244.300000027013
3457.299999997951
3198.1999999981867
6089.100000004621
6080.80000000459
2361.4999999989477
11467.400000024187
11809.10000002543
7488.300000009711
5209.30000000142
6335.300000005516
6809.20000000724
7379.200000009314
5712.30000000325
5096.800000001011
3168.299999998214
11015.100000022541
6633.800000006602
7071.300000008194
4366.299999998353
11845.00000002556
4100.899999997388
4848.100000000106
4166.999999997628
11528.000000024407
3206.2999999981794
2395.399999998917
2794.0999999985543
3420.2999999979847
11512.20000002435
12171.300000026748
3964.7999999974895
3524.1999999978902
4448.499999998652
12729.700000028779
8687.100000014072
9178.40000001586
11264.300000023448
3784.099999997654
6102.70000000467
11659.600000024886
11517.200000024368
7942.100000011362
9213.600000015987
6420.500000005826
5091.300000000991
11496.500000024293
8005.500000011592
4288.299999998069
3216.49999999817
4155.699999997587
11067.20000002273
4611.5999999992455
4311.899999998155
6760.200000007062
10800.000000021759
12147.30000002666
7362.400000009253
6206.700000005048
12150.600000026672
4298.299999998106
4264.099999997981
11195.200000023196
3882.3999999975645
7944.600000011371
3298.199999998096
3867.699999997578
4118.499999997452
6751.000000007029
2487.2999999988333
11424.40000002403
4294.799999998093
10800.000000021759
5195.200000001369
11889.400000025722
5290.0000000017135
5004.100000000673
7456.300000009594
3155.6999999982254
9767.200000018001
7754.100000010678
7869.000000011096
10844.700000021921
11760.500000025253
6049.000000004475
11487.40000002426
2920.3999999984394
11367.300000023823
5995.200000004279
12267.600000027098
11341.000000023727
9251.100000016124
4890.900000000262
9682.100000017692
11019.100000022556
6218.300000005091
3933.0999999975184
6207.300000005051
9482.200000016965
5800.30000000357
5104.90000000104
10007.000000018874
11852.500000025588
12246.600000027021
3192.399999998192
10800.000000021759
11379.100000023866
11252.100000023403
11749.600000025213
12049.200000026303
6288.100000005345
11420.100000024015
4682.299999999503
7114.30000000835
2928.499999998432
6390.000000005715
4400.799999998479
2308.199999998996
11474.100000024211
5534.000000002601
4291.29999999808
11560.300000024525
8716.000000014177
12514.900000027998
7899.400000011206
12019.700000026196
10800.000000021759
5971.500000004193
11146.200000023018
10800.000000021759
2938.399999998423
9698.30000001775
5260.100000001605
3997.49999999746
9319.700000016373
5469.200000002365
6987.200000007888
4530.199999998949
3914.2999999975355
12359.10000002743
2149.199999999141
11695.500000025017
11107.300000022877
1907.099999999361
6223.60000000511
4602.699999999213
12383.000000027518
7749.500000010661
11079.100000022774
5933.100000004053
11629.200000024775
4784.399999999874
2333.499999998973
4323.499999998197
11288.300000023535
4735.399999999696
4812.399999999976
8327.300000012763
11915.200000025816
6505.400000006135
8241.30000001245
12586.400000028258
11837.300000025532
4341.499999998263
7971.400000011468
4387.099999998429
5086.000000000971
10800.000000021759
11010.100000022523
2893.399999998464
12127.80000002659
4273.099999998014
6374.300000005658
7872.2000000111075
11878.600000025683
7448.100000009565
5325.700000001843
3267.199999998124
12734.100000028795
7805.200000010864
11991.200000026092
7269.000000008913
11406.200000023964
12333.300000027337
4872.2000000001935
2690.5999999986484
10800.000000021759
4156.799999997591
3968.3999999974862
6328.20000000549
3942.49999999751
4811.099999999971
10966.200000022363
3144.5999999982355
11269.000000023465
4377.599999998394
12631.300000028421
5040.200000000805
5378.600000002036
12208.800000026884
6085.100000004606
10800.000000021759
5367.600000001996
12031.200000026238
11969.100000026012
12026.40000002622
12190.600000026818
10800.000000021759
3196.699999998188
5982.500000004233
12014.500000026177
5898.3000000039265
11085.100000022796
11542.200000024459
8724.600000014208
7080.300000008227
11024.100000022574
4020.099999997439
10360.000000020158
4795.699999999915
3935.1999999975164
7655.200000010318
10970.200000022378
9350.200000016484
11363.200000023808
2318.499999998987
11592.20000002464
2795.0999999985534
11765.10000002527
3476.6999999979334
10973.100000022388
10800.000000021759
4176.099999997661
3618.3999999978046
2778.2999999985686
11343.000000023734
11364.400000023812
3945.399999997507
12445.400000027745
11002.100000022494
11815.300000025452
12370.10000002747
11489.000000024265
12659.400000028523
12303.200000027227
3298.4999999980955
6805.500000007227
4929.400000000402
6507.200000006142
9888.000000018441
11228.300000023317
3123.199999998255
10800.000000021759
12606.700000028331
11942.300000025914
3860.3999999975845
11363.300000023808
6530.500000006226
11267.300000023459
6913.800000007621
6820.600000007282
12608.400000028338
11003.400000022499
10176.20000001949
10800.000000021759
11978.800000026047
9738.000000017895
2987.2999999983786
11024.100000022574
11695.300000025016
4446.199999998644
12156.400000026693
11634.500000024795
3735.399999997698
11425.500000024034
11914.400000025813
9905.000000018503
7761.800000010706
7450.0000000095715
11984.200000026067
2478.2999999988415
8964.40000001508
3608.199999997814
11994.100000026103
9220.500000016013
5544.0000000026375
12581.200000028239
2528.299999998796
2469.3999999988496
11568.200000024553
11642.000000024822
2903.299999998455
12406.500000027603
11282.100000023513
2778.3999999985685
11109.200000022884
11553.4000000245
11631.300000024783
11589.20000002463
4869.700000000184
4598.599999999198
7196.300000008649
9600.000000017393
11647.10000002484
8142.4000000120905
11356.400000023783
3153.2999999982276
4388.499999998434
1980.699999999294
4402.599999998485
2458.3999999988596
7231.400000008776
6232.400000005142
7411.00000000943
12425.500000027672
11686.200000024983
3402.299999998001
11796.600000025384
11309.400000023612
10800.000000021759
5714.000000003256
10811.3000000218
3471.0999999979385
3891.3999999975563
9640.000000017539
2886.99999999847
4222.199999997829
8258.200000012512
7689.000000010441
11292.100000023549
12281.000000027147
4824.000000000018
4628.0999999993055
11717.600000025097
10231.000000019689
11450.300000024125
6763.300000007073
6687.400000006797
10800.000000021759
8821.40000001456
12299.500000027214
5297.20000000174
7801.000000010848
10800.000000021759
7546.500000009923
6316.500000005448
10503.30000002068
7358.80000000924
3521.199999997893
3156.4999999982247
4935.800000000425
8888.800000014806
11997.400000026115
3894.1999999975537
9017.400000015274
4856.200000000135
3260.0999999981304
10800.000000021759
5123.100000001106
11452.400000024132
11574.500000024576
4634.199999999328
11126.200000022945
8341.000000012813
6505.500000006135
4283.09999999805
5636.000000002972
5342.400000001904
4585.39999999915
6197.400000005015
9167.60000001582
11617.100000024731
3679.7999999977487
12324.000000027303
12531.400000028058
6884.100000007513
6819.200000007277
12121.600000026567
10800.000000021759
9218.000000016003
6023.600000004382
11913.100000025808
2889.3999999984676
11869.100000025648
12061.80000002635
10800.000000021759
12678.200000028592
5471.100000002372
12003.400000026137
10264.10000001981
8855.400000014684
2913.199999998446
11670.300000024925
12149.400000026668
4902.200000000303
10800.000000021759
12228.300000026955
8439.400000013171
11931.300000025874
3873.199999997573
11653.200000024863
12482.70000002788
4888.4000000002525
10923.100000022207
4690.899999999534
11368.300000023826
10323.300000020025
2728.6999999986137
10800.000000021759
3034.5999999983355
5159.100000001237
7207.500000008689
6121.5000000047385
7698.100000010474
7687.400000010435
9439.000000016807
8518.200000013458
4442.29999999863
11513.400000024354
10800.000000021759
6488.800000006075
12126.400000026584
12186.500000026803
7924.200000011297
5077.200000000939
5377.300000002031
11187.200000023167
7989.600000011535
4919.400000000365
10800.000000021759
2581.8999999987473
8337.3000000128
5469.000000002365
4689.599999999529
7188.000000008618
11147.000000023021
5753.6000000034
7082.300000008234
5064.300000000892
12234.200000026976
11526.2000000244
12358.500000027429
6078.300000004581
11659.200000024885
8069.600000011826
6340.000000005533
11043.200000022644
11463.300000024172
11021.100000022563
11630.30000002478
5309.100000001783
3208.1999999981776
11398.300000023935
11067.20000002273
11882.400000025696
3113.5999999982637
11297.400000023568
8781.200000014414
9034.000000015334
5883.100000003871
6857.000000007414
10436.000000020435
10885.300000022069
11127.000000022948
