5706.9000000052765
7188.325000011222
4581.9250000049105
2329.199999998977
1515.7749999994799
8387.925000012983
1824.2249999994365
4283.025000004635
1835.0249999994267
1740.5999999995124
2128.999999999159
8752.475000014674
3244.450000002287
4056.200000002167
7443.975000012233
6981.225000010292
6496.775000009766
1666.7499999994332
2587.3749999991805
4304.000000000354
3180.75000000215
2822.3249999992904
2001.4749999992753
6826.925000010179
2430.8249999996356
3444.874999999359
5614.550000005663
2035.874999999244
3465.850000002979
4492.700000000411
6687.100000006795
3216.84999999817
6073.150000008365
4258.000000002363
6150.9250000059355
2065.6999999992167
9691.900000017728
3527.3250000008566
2387.9999999989236
4451.3750000010095
3996.275000005302
1482.1749999997269
6960.450000011409
8001.87500001174
3112.000000002795
5508.7250000080085
3823.5000000041264
3442.62500000129
2203.274999999092
4510.000000004615
3473.2500000025043
4436.950000005393
3369.450000000647
2610.849999998721
3761.2250000039876
3581.774999998809
6114.525000005415
2600.4249999988624
2229.299999999068
4539.27500000093
5344.025000007751
8982.000000017726
1475.9749999997234
1530.249999999593
5537.175000009093
3088.749999999878
3595.300000002437
3660.50000000141
1858.0749999994055
4470.900000004922
4106.27500000581
2641.6000000010877
5347.725000004872
9017.500000015274
8575.075000016699
3728.7250000033628
4610.025000004776
4753.300000004394
6178.000000009476
9025.275000015303
2637.89999999866
2877.824999999056
3094.6749999993667
4648.700000004677
3993.57500000139
3726.750000000954
3649.3250000025864
5723.800000006759
3439.125000003127
3231.3999999988964
5010.200000003788
6336.700000010873
2802.2749999985467
2906.924999999509
1888.024999999758
6097.950000009973
4446.850000005472
4422.52500000315
4827.075000004326
2718.2750000022993
4862.525000004595
4615.750000004633
2203.8249999990912
2030.3249999998307
5981.925000006393
5471.80000000566
4996.475000005036
6744.725000011518
9741.000000017906
1723.4999999994798
2397.9249999989142
5041.675000006716
5111.325000005101
1759.1249999994957
4527.825000004909
4976.625000004191
4004.2000000042854
4815.02500000603
4609.550000004859
7243.200000008819
5225.625000006119
4533.750000005591
4748.700000005752
4738.550000004729
3769.775000001001
5561.550000008264
5104.775000004234
4649.975000005159
2740.7750000009096
2535.899999998852
2747.8000000002157
5097.625000004904
3269.524999999283
3552.249999999932
4022.6250000051928
2165.2499999991073
2307.749999998997
5055.500000005908
3583.425000004112
4013.8250000049666
6910.300000008723
2446.0749999988707
5983.650000007037
3791.4000000055757
5412.45000000759
6536.375000011273
6065.775000007913
3579.649999999211
2451.349999998866
5142.775000004991
3724.200000002105
4049.000000003719
6430.325000011149
4726.625000004151
3671.6999999996942
3125.3749999982533
4020.9000000043584
6714.325000011157
5411.175000006965
6597.2750000091455
4666.775000000835
2495.2999999989743
5935.725000006752
5956.325000007162
4071.825000005014
6994.525000011403
6991.275000010534
2795.899999999223
3174.049999999945
2930.2999999999165
2172.4749999991195
7045.175000010929
4632.149999999949
3724.250000002205
1657.0749999995885
3076.700000000289
2314.749999999412
5653.000000008316
5332.725000003867
1940.699999999292
2994.425000001539
4773.025000004593
3134.7000000011167
2122.5999999991654
4038.4750000053864
1944.9999999991858
8140.675000014974
3326.1749999998474
1591.5249999996481
4838.950000005788
2166.0749999991253
3089.874999999533
2998.124999999117
2369.4999999989404
1732.44999999946
2512.8749999988104
4204.250000002594
7190.950000010531
5067.800000004035
5973.475000009135
5140.675000005356
1637.2249999996066
4608.27500000556
3090.049999998285
2525.024999999386
3136.075000001476
7096.850000010383
2126.42499999913
2350.324999999256
3762.3250000006487
4670.525000000693
4894.5750000052185
3799.2000000013913
7279.525000012392
2581.824999999702
7375.425000011941
2217.4749999990786
1475.7999999997198
5203.550000005523
1971.9499999992406
3181.675000001602
4453.400000005288
3235.025000001513
4150.775000002725
5194.125000005819
3337.0750000004373
1812.724999999447
1762.5999999994924
3137.699999998351
3505.474999999874
3977.750000005759
2363.4000000008486
2109.049999999177
2982.774999998644
3289.325000000491
5462.250000004762
2089.2249999994206
2831.3749999987613
4065.20000000502
3462.275000001612
4888.050000001498
1890.2499999993763
5001.2750000055985
1792.0249999994655
5790.50000000545
4510.875000004283
5948.725000006292
2475.974999998933
2482.799999998838
3225.899999998502
9086.125000015778
4282.025000005259
4712.775000004431
2885.849999998471
5400.200000006356
7754.750000012898
3427.275000002598
5065.775000004729
4799.625000003257
2275.4749999999995
7412.350000011536
7668.975000011811
3461.6749999999333
4538.825000006628
3082.950000000834
3964.225000002527
1741.7249999995067
3709.774999999331
1832.4999999994288
3138.5499999997114
1900.999999999232
1890.449999999344
2744.19999999865
6858.825000007581
5797.475000005093
3877.95000000042
4677.625000002297
7945.375000014168
1776.7749999993284
4254.074999999221
3412.1749999992244
2540.1499999987855
2143.399999999146
2616.7749999987154
2875.949999998687
4265.125000003016
2033.474999999246
1855.199999999354
2121.9749999991654
4024.9750000055137
1839.724999999367
5268.450000006044
3475.000000000158
5909.62500000424
5989.025000006935
3425.4500000004527
2324.0999999995765
2429.849999999043
5521.000000005259
3909.0750000020666
3886.775000005602
5673.925000006288
4861.750000005586
2473.7749999988455
3790.15000000527
4563.350000005512
2477.599999998842
3629.2750000009237
2813.774999999714
2785.2749999992297
4024.8500000009785
2937.1749999991466
5132.975000003501
4397.525000006108
2425.2999999988897
4587.725000004544
3575.55000000124
3485.8749999988668
3638.4250000035186
4494.90000000567
3150.450000003293
2173.524999999119
2791.299999999467
4492.225000004837
4192.200000005295
2624.24999999906
7553.925000011859
1317.3749999998631
3462.0000000006607
4437.425000005321
5342.050000004838
2036.9999999991614
4061.9500000023013
1827.2499999993524
2026.3499999992528
2828.799999998523
5288.47500000533
3995.500000003033
5745.575000005799
3303.475000000594
4432.500000005502
5591.825000005279
2863.5249999988728
8437.150000013713
3870.300000002656
5828.325000004678
3458.2250000005106
4695.225000005538
1943.2249999993282
2740.3249999986033
1833.9999999994457
3127.2000000027924
2155.724999999135
2610.824999999324
3317.9750000034633
5358.525000005133
5114.200000003453
4075.04999999975
3520.1999999999666
5038.025000004516
2325.224999999021
1699.57499999945
4352.300000005365
4710.15000000493
3784.525000001681
3513.2250000033446
2811.349999998567
2491.2499999988504
4086.7250000058816
3953.025000005271
4016.325000000084
3925.450000005747
5411.550000005611
5017.45000000477
4672.425000006031
6679.325000010718
5562.225000006683
1878.95000000007
3913.874999999863
4164.275000004929
2673.0249999986645
1621.0749999995846
5792.325000006773
5407.125000003538
3000.4999999984984
4712.275000004322
6229.450000007625
5629.4750000051245
3119.9999999982574
4882.300000004746
1888.4499999993704
4051.1250000026084
1742.2999999995109
3396.1500000000588
4621.825000004514
6609.625000011217
2331.2500000005093
3844.5249999990683
3935.7500000055525
6523.875000007914
7127.775000011225
7379.675000011885
3431.6500000003507
4140.250000004256
8241.07500001245
3063.3500000021068
2715.299999998626
3200.4499999981845
3681.650000001351
5622.450000004544
1487.4999999997426
5676.025000004873
5605.200000004429
4896.8000000020975
4950.075000004916
4702.250000005336
1781.5249999994753
2080.949999999203
4243.250000004858
4938.925000002585
7305.000000010705
5936.300000009683
2187.9749999990618
2409.54999999929
1528.5249999996054
2432.774999998883
3156.874999998224
4989.7500000062655
5030.725000005116
5219.300000005458
5385.200000007282
3231.525000000703
4074.2500000054674
4853.525000004611
3489.500000002753
4359.425000003112
5951.400000005036
2436.374999998957
2795.6750000010916
4591.325000005717
3503.700000002265
3043.3249999986338
1224.7499999998709
3689.3750000029627
2507.7499999997226
3037.3999999999924
2519.999999999076
6646.975000008757
2495.47499999949
2893.37500000132
4238.775000006126
2169.5249999991224
5809.800000006155
1303.999999999876
2720.0249999993503
2683.7499999986544
2078.799999999205
4918.000000002365
3454.8249999999803
5045.450000004797
5695.525000009367
5339.475000007524
5528.600000005299
2378.7499999989323
1915.999999999353
2036.32499999921
4487.4750000054455
4991.2250000069835
4613.975000004698
2669.349999998668
4419.9750000007725
2477.7999999999165
7130.3000000091
3977.975000002563
3593.1000000038816
2274.624999998943
6976.150000011459
2536.4499999987884
6704.750000010893
2687.8500000004756
3537.1749999988474
5559.500000008098
2519.124999998786
3977.2750000061233
4552.575000005612
1995.6249999992806
2458.824999999353
2701.550000000501
3019.824999998349
2477.274999998829
4205.275000004179
1679.249999999568
3249.800000000865
3205.0749999997065
5046.875000004557
1513.2749999996345
4521.2750000059405
3227.7750000021233
4483.800000005582
3315.0999999980804
7575.350000012753
4214.275000000242
3996.5750000058815
2279.2499999990223
3004.824999998669
3889.650000005838
4828.625000005499
3506.0499999997182
2432.0500000005027
2588.574999998741
2590.3249999987393
5289.900000005873
3147.199999999434
5024.300000005724
3563.1750000031357
3498.1250000005407
2007.99999999916
5941.875000005341
6863.750000011583
3039.7000000021826
2228.1999999999916
6773.325000008512
4549.925000005667
4203.3250000037415
6202.500000008587
4543.375000004627
2445.324999999183
6831.475000011341
4025.0000000054106
4166.625000006143
6477.1750000094835
3415.7999999981153
3149.899999998852
6116.025000006618
2906.5749999994937
2587.2499999990805
4777.775000005493
1865.524999999399
2105.074999999181
3124.375000000231
4019.600000001096
1673.2999999995736
7248.825000010416
4257.675000005702
3933.3250000015
2458.024999999885
3152.525000000605
4227.75000000191
3150.3250000018365
3201.4750000004883
3417.3499999986766
1987.7499999992879
4613.300000005787
3435.0500000004026
5650.025000003023
2062.499999999283
4506.525000005505
2570.7749999987573
2247.1999999995282
3335.074999998091
6174.925000010026
2023.9749999992323
1526.7249999997066
1812.2999999993222
2572.174999998756
4677.525000004978
7101.025000009089
2608.9999999987226
2221.474999999075
2532.0249999989055
7496.175000012988
4083.6000000025756
3464.800000003248
6180.125000008132
2472.6249999988463
2897.8750000003306
4327.725000005474
6885.45000000799
3570.700000001692
4321.275000002686
3288.27500000096
3049.124999999367
4017.8000000056145
4458.975000005026
2805.3749999986567
1817.3749999993888
2268.024999999015
7628.450000012184
2193.549999999315
2913.2499999984207
4946.725000002438
4068.000000005017
4498.575000005789
3802.9250000009233
3333.8500000000354
4023.7750000062447
3029.2499999983406
2405.874999998883
4560.325000004898
2480.2249999988
3749.4750000015715
2370.4999999989395
2116.7999999991703
2320.349999998985
3497.700000001966
1874.7999999993867
4372.7250000050735
2387.6749999988733
4888.550000004689
2663.8999999996336
5268.725000005226
2319.6250000000337
2599.8249999996638
4244.225000000868
1646.449999999478
4688.500000004424
3657.7000000017993
3985.55000000176
5715.875000003676
4188.200000005751
3949.400000000117
6541.175000010983
1871.774999999393
6520.9250000108805
4343.5000000003665
6440.1250000076925
4781.200000005942
5490.05000000687
2965.4499999988693
6199.4750000074855
4479.450000004722
2728.8500000007184
2425.5499999988892
3199.825000000469
4570.150000002677
2649.0750000002954
2991.424999999311
4404.05000000381
7896.600000012086
6679.05000001157
2263.8749999990364
5179.275000004742
8285.42500001261
4602.800000004896
4943.825000006866
9551.975000017217
2820.2750000008614
4607.125000005047
2589.949999998933
3949.5000000024015
1772.049999999484
4000.8000000017814
3434.6499999979715
1613.449999999628
4814.77500000488
2550.475000000405
2521.899999998802
6650.275000010914
3803.4250000028887
5743.425000008549
3015.6750000023594
5933.875000006545
4772.375000005169
2583.3250000005337
7545.325000011251
4282.700000004822
1864.4749999993444
4221.700000003432
3241.8249999998493
2340.1249999989673
4323.725000002747
3614.8749999994984
4135.250000002861
3072.349999998769
2731.799999998611
4425.350000005981
1372.4749999997928
6477.350000011156
4139.525000005208
1415.199999999768
3392.300000000986
2261.3499999991022
5039.025000005472
3659.625000001611
5507.050000005749
3546.6999999997524
4798.975000004944
2823.574999998803
1711.174999999539
3202.674999998183
4359.750000005155
2595.4999999992083
2918.2999999988137
5077.500000002903
7032.0250000094275
3455.5750000005205
3877.750000001696
7113.200000012072
5750.325000005709
3029.2749999983407
5151.775000002641
2435.4749999992114
3058.5249999994394
5223.050000004345
7116.650000011405
1940.8249999993304
5925.550000009112
2592.1749999989393
2601.5000000010305
3332.0500000020775
6164.975000010747
4207.200000003934
3111.124999999267
1935.0999999992282
9503.700000017043
3328.7250000018576
6710.100000011699
3654.525000001379
5669.475000006711
6905.425000011541
2205.5249999995513
1817.0999999994428
4752.250000005244
2724.9999999985976
2386.0749999989253
3907.2749999998155
2426.2499999988886
2761.224999999178
4434.550000004509
2259.4499999990403
4066.450000005352
2713.124999998628
4865.450000005861
3029.249999999296
3602.450000000191
5872.250000007298
2920.700000000458
5105.825000004073
3038.999999999312
4214.800000005788
3752.7500000061336
7286.100000010712
6523.525000012145
4655.2750000044825
1796.2999999993629
4044.0000000012174
5867.225000007089
2898.0000000000614
4810.450000004574
6309.225000010836
4601.400000003226
2771.750000001631
7649.750000012227
2776.62499999857
3568.175000004967
2950.099999998739
2952.9499999984096
4664.400000001984
4420.525000004994
5538.200000006843
4419.525000005183
1875.17499999939
5715.225000006483
2072.97499999921
5289.725000004706
2274.274999999027
4925.450000004421
5585.4750000060485
2956.4499999984973
2593.274999998737
1760.8249999994878
4703.1500000049
3972.0500000055376
2574.524999998754
5405.900000006775
4993.225000007174
4380.400000005597
5612.100000006401
5913.975000006722
4721.47500000635
6028.750000009222
2251.124999999048
2894.850000001171
2498.149999999454
2741.4250000011343
4161.425000003896
5713.625000006647
2164.024999999121
6234.675000009682
5597.950000007132
7571.850000013324
2051.29999999923
6916.82500000931
3439.1500000002848
5563.525000005955
3264.5000000009336
3923.82500000273
7190.200000008626
4481.875000004393
4206.175000003703
4508.500000004617
4815.525000005357
5313.950000006528
1832.7749999993432
7677.375000010419
4068.4500000056632
2805.624999998777
7114.025000010061
3919.125000005722
2251.3749999990478
5277.700000005414
4603.975000005486
4273.600000003716
5928.0000000055625
3151.3000000020425
5146.575000004978
1812.4249999994472
3821.0750000028866
2703.049999998637
5683.150000009155
2990.0250000036954
3601.9499999996556
5063.700000005578
1950.0749999993218
2099.2249999991864
5413.250000005671
8165.550000013048
1900.324999999367
7269.550000008915
5894.700000004816
2021.8749999992565
6501.850000009223
9459.950000016885
3863.450000005872
4017.975000005718
2961.824999998875
3122.749999998498
4376.425000002507
4786.4750000030435
5351.77500000765
3766.5500000019338
4246.575000005299
1826.72499999942
3125.57499999842
1276.1999999998807
3224.5499999982435
1741.9999999995111
3097.8000000013303
4306.250000000622
4451.325000001183
4184.125000006295
6099.375000006942
1863.4249999992712
5119.775000007858
5536.575000005062
4271.050000004832
2544.22500000033
4894.3500000044005
2073.049999999194
2675.574999998662
4275.8250000037115
1692.2499999995562
2648.1999999987756
3241.4750000026897
5143.425000003804
6320.200000009228
7849.775000013277
2849.874999999331
3318.6249999986817
4519.825000005392
7694.325000011444
4202.175000005366
4177.000000000262
3831.6750000014886
7139.825000008763
3340.2500000030705
9154.025000017933
3002.0999999994615
4813.125000002124
4165.975000004874
2875.20000000196
3692.775000000611
3885.475000004698
3230.7250000014587
2495.5999999988258
2090.3999999991943
3559.774999998908
4338.600000002647
7172.800000010913
2613.5999999987184
6027.72500000575
3197.0749999990276
1847.3249999994155
5691.500000006174
2454.774999999927
6214.77500000851
4693.175000005071
2474.099999999039
5134.850000005839
3754.375000002507
3609.750000000224
3288.4499999983173
2392.5000000003774
2157.425000000206
3343.274999998537
3237.2750000003007
4667.100000003265
7121.925000011181
2607.699999998724
5615.50000000778
6275.025000006701
3080.475000001412
3512.0250000006426
7124.375000011838
5163.17500000434
4454.050000002673
2864.00000000032
5494.225000006532
2017.099999999261
4577.500000005424
4364.725000005858
4148.125000004944
7026.950000009752
2671.000000000035
3992.600000006115
5589.32500000669
3884.425000002616
1851.3499999994117
5195.750000007253
5063.450000005282
3305.824999998837
4701.625000004441
5041.325000005339
4329.675000001919
5626.40000000611
2328.7249999989776
5890.225000008199
6782.575000012117
3152.0999999989785
4862.800000004654
2755.674999998948
5093.0500000053735
3696.4750000044587
1817.974999999442
4912.850000004249
2104.974999999181
2936.6999999995646
3958.500000002295
3434.5000000002437
3833.775000002413
5338.250000003432
4219.700000003332
4710.650000003445
3044.874999998414
6235.90000001083
4120.67500000497
4049.3500000002587
4979.075000005707
7503.575000010778
5480.875000004613
3037.0499999991985
2686.4999999999222
5297.675000004751
3623.5500000019542
3080.84999999879
4927.050000004414
1884.599999999347
5473.175000004652
2761.7750000001447
2577.0249999991415
4718.850000002793
4225.000000005174
3430.0999999999153
3803.250000000764
3221.7999999989343
4435.70000000581
7022.775000008018
5777.950000009146
2850.825000000464
5558.35000000527
2952.500000002492
4681.775000000091
6506.450000010012
5491.475000005825
6058.275000006433
6349.775000006368
2977.499999999637
2541.5249999987836
4654.975000004967
5079.75000000629
4881.950000005404
1896.1999999993245
5030.650000004522
4074.5250000025762
3561.22500000347
3475.3249999999143
5366.225000003055
5691.275000004163
4752.200000005566
4799.225000006553
