5441.700000005104
6942.500000010646
4413.425000004916
2219.4749999990768
1408.42499999954
8207.175000012463
1676.2749999995708
4121.2000000046855
1682.7249999995652
1579.4749999996588
1971.6499999993023
8571.900000014337
3080.4750000024064
3858.725000002347
7278.400000011877
6827.125000010053
6307.15000000955
1548.44999999946
2408.174999999134
4139.375000000261
3032.7000000019116
2632.224999999324
1832.9999999994284
6617.650000010165
2245.999999999426
3231.3499999994287
5443.225000005494
1841.4749999994206
3263.0500000028514
4336.475000000245
6495.6750000061
2989.5499999983763
5873.750000008164
4085.7000000019375
5986.750000005479
1936.7249999993342
9506.650000017054
3358.9750000008908
2241.9749999990563
4248.22500000046
3845.5000000053387
1333.2249999998476
6786.650000010777
7811.9000000113065
2952.5750000026237
5355.450000007923
3659.4000000042756
3255.7500000014597
2057.2499999992247
4356.625000004755
3324.7250000026393
4242.450000005356
3238.9250000003854
2441.824999998875
3645.975000003904
3427.2749999986154
5961.000000004998
2432.4749999988753
2062.0499999992203
4343.725000000677
5181.400000007314
8816.125000017288
1314.3749999998704
1390.47499999972
5373.450000008894
2946.7749999997804
3379.3750000024215
3502.7250000015533
1687.3999999995608
4299.175000004974
3938.1500000056553
2494.9000000009387
5169.500000004636
8876.250000014761
8409.650000016098
3525.800000003187
4447.65000000481
4521.850000004605
6048.475000009276
8843.625000014641
2513.249999998698
2740.424999998855
2949.874999999385
4504.675000004691
3738.4500000011267
3542.525000000971
3469.675000002392
5547.90000000623
3310.17500000316
3032.7499999986444
4812.925000003257
6175.12500001089
2576.0749999987524
2695.349999999273
1721.2749999995362
5944.450000009681
4265.975000005368
4272.700000002651
4631.475000004505
2604.4250000021357
4678.675000004637
4405.20000000471
2050.7249999992173
1860.224999999626
5797.725000005869
5305.500000005224
4812.400000004767
6552.65000001124
9554.250000017228
1572.7499999996166
2247.924999999051
4875.750000006444
4942.500000005122
1615.1249999996267
4311.175000004967
4745.550000004401
3871.4750000044055
4609.900000005624
4455.975000004881
7081.17500000823
5049.500000006179
4390.400000005378
4569.675000005294
4532.500000004595
3612.675000000906
5406.250000007813
4907.125000004367
4488.950000005035
2616.450000000824
2347.199999999023
2587.7250000002105
4866.4000000049855
3008.7499999990064
3372.2249999997057
3780.050000005279
1972.9999999992335
2143.999999999145
4889.750000005466
3410.000000003923
3847.175000004856
6694.025000008054
2278.0249999990237
5828.875000006783
3623.925000005597
5275.675000007505
6326.6750000110505
5896.400000007694
3330.4499999993222
2238.4999999990596
4966.200000005017
3573.400000001887
3880.025000003523
6249.725000010807
4540.025000003604
3449.3749999997417
2916.449999998443
3826.100000004535
6521.200000010943
5221.900000006454
6442.750000008931
4448.400000000731
2267.249999999033
5800.275000006412
5737.225000006669
3918.450000005153
6840.7750000110955
6731.300000010489
2592.3249999991194
3016.749999999721
2703.7499999996826
2040.4749999992398
6834.6750000105
4451.249999999399
3562.425000001805
1524.4749999997089
2927.675000000412
2148.4499999992163
5521.225000008173
5150.500000004033
1790.9749999994283
2851.4250000013785
4615.625000004606
2978.725000001043
1922.1499999993473
3915.5000000053715
1826.6749999992935
7966.725000014341
3094.300000000058
1437.699999999788
4699.250000005595
2039.9499999992404
2915.249999999486
2767.4999999993265
2185.199999999108
1582.6499999995963
2339.5749999989675
4037.075000002577
7014.150000010026
4953.000000003918
5753.700000009199
4968.200000004795
1476.6749999997173
4471.500000005134
2953.1999999984096
2373.774999999253
2969.5000000014793
6926.025000010006
1965.2249999992764
2189.3749999992024
3580.800000000506
4491.975000000449
4685.500000004799
3592.4750000015733
7113.475000011789
2390.1249999996226
7213.6250000116015
2062.7499999992197
1343.0499999998092
5043.200000005386
1835.4749999993646
2987.225000001322
4291.950000005225
3050.4250000012407
3987.650000002637
4982.950000005268
3168.250000000591
1651.9249999995932
1583.2749999996554
2957.999999998405
3312.4999999998254
3809.4500000056523
2224.1250000006407
1959.4249999993133
2783.199999998652
3117.5250000002043
5249.275000004663
1937.7749999993061
2645.2999999989306
3848.4250000052166
3272.125000001315
4699.975000000813
1714.9999999995357
4807.000000005362
1598.4499999996417
5517.675000005156
4363.750000004065
5797.150000005879
2355.1999999988857
2277.574999999024
3088.7999999983927
8743.775000014532
4127.7500000052505
4541.975000004586
2712.5249999986286
5207.1250000062055
7590.950000012461
3297.200000002422
4921.900000004814
4652.425000002964
2156.1499999998773
7243.4000000110445
7474.375000011449
3244.1499999994653
4417.450000006289
2968.3750000008617
3802.225000002548
1610.8999999995945
3530.2999999993435
1666.42499999958
2945.424999999492
1768.2749999993525
1726.4999999994932
2568.5499999988097
6689.175000006964
5653.3750000049395
3709.700000000458
4490.47500000176
7739.250000013528
1621.17499999947
4047.324999998909
3242.2749999993794
2311.974999998993
1974.0749999992377
2490.9499999988298
2686.2499999986526
4039.3750000024693
1852.7499999994102
1711.949999999456
1962.299999999311
3833.6250000054943
1725.3749999994461
5122.600000005846
3304.775000000013
5720.700000003708
5828.925000006475
3204.625000000294
2148.149999999486
2303.574999998943
5339.950000004923
3756.925000001759
3766.4250000055413
5488.500000006249
4652.475000005215
2333.4499999989735
3621.8250000054227
4418.475000005104
2314.9499999989903
3448.6750000009583
2616.024999999894
2588.6749999989543
3828.975000000859
2751.249999999139
4998.4000000031265
4197.05000000586
2224.799999999072
4409.350000004707
3397.9000000009883
3290.2749999987454
3492.4750000035747
4314.975000005487
2998.9000000031765
2018.4749999992325
2657.1999999995546
4363.625000004681
4039.9500000052867
2464.149999999173
7324.925000011258
1225.3999999999467
3297.950000000568
4312.875000005156
5206.475000004573
1926.8749999992615
3901.7250000019217
1675.99999999949
1849.2749999994135
2680.2749999986577
5048.800000005041
3817.9750000029944
5549.500000005581
3165.675000000545
4270.4500000054095
5377.875000004942
2673.449999998778
8254.350000013408
3704.025000002387
5673.275000004545
3265.000000000601
4531.2750000053575
1792.1749999994654
2590.774999998739
1724.7249999994747
2933.675000002784
1970.774999999303
2434.774999999011
3180.4500000032895
5194.875000004927
4942.72500000298
3884.2249999991573
3268.6249999999077
4810.7500000045275
2183.17499999911
1546.7749999995674
4184.200000005304
4544.150000004771
3594.6250000014584
3348.375000003216
2613.2999999987187
2301.5249999990024
3898.70000000575
3818.4250000053084
3842.024999999967
3763.2250000056547
5214.725000005541
4865.925000004398
4518.025000005733
6527.12500001025
5356.775000006607
1778.1249999999297
3767.524999999467
3988.925000005089
2537.249999998788
1478.5999999996934
5605.2000000063845
5178.575000003608
2859.7999999984945
4542.700000004062
6081.925000007387
5415.425000004542
2913.574999998446
4694.225000004598
1725.2249999994708
3849.5250000026526
1602.5249999996227
3182.699999999891
4413.775000004703
6389.375000011144
2191.625000000406
3700.974999998807
3813.9250000055426
6324.675000007672
6961.750000010752
7192.725000011425
3259.775000000327
3985.4000000039377
8071.875000011833
2846.675000002133
2486.374999998834
2993.2749999983735
3490.050000001257
5318.525000003998
1280.2749999998948
5494.9750000044
5396.9750000043705
4691.200000001836
4746.050000004843
4504.625000005244
1600.6749999996396
1943.6749999993185
4081.9500000050043
4789.475000002563
7087.52500001046
5754.625000009604
2042.4249999991944
2240.7999999990784
1375.3749999997444
2265.0749999990358
3017.399999998351
4791.250000005965
4823.400000005188
5011.475000005385
5204.12500000679
2955.700000000449
3859.575000005499
4673.200000004638
3325.1500000025826
4200.000000002794
5758.500000004644
2253.749999998994
2653.4500000009016
4404.025000005469
3370.1750000023753
2916.9499999984882
1111.4249999999738
3539.7000000029107
2317.124999999859
2848.1749999998024
2380.6749999990734
6413.150000008566
2336.0249999993266
2742.7250000012637
4107.95000000588
1981.2249999992937
5611.200000005432
1168.2499999999643
2555.7749999994226
2509.9999999988127
1952.2499999993197
4783.650000002041
3292.549999999592
4851.0000000045675
5540.700000009282
5148.15000000721
5372.475000004821
2110.624999999176
1713.4249999995372
1858.424999999337
4294.050000005379
4846.7000000065955
4482.450000004764
2484.224999998836
4264.275000000914
2327.6749999999515
6885.175000008798
3790.450000002117
3415.125000003924
2115.949999999065
6801.950000011137
2355.8749999989527
6527.750000010737
2469.400000000507
3335.6499999988987
5313.125000007738
2365.274999998926
3827.6750000059465
4402.775000005418
1843.0249999994194
2275.5249999991856
2521.7500000001187
2844.974999998508
2330.724999998931
4027.4500000042553
1542.3749999996926
3015.97500000083
3030.5999999995215
4779.700000004299
1390.6749999997025
4357.450000005707
3099.7250000021336
4253.00000000551
3115.2249999982623
7354.4250000122765
4050.724999999772
3854.175000005668
2093.4499999991913
2788.649999998559
3756.17500000568
4630.975000005046
3354.7249999994706
2249.4750000004597
2410.4249999989033
2427.524999998888
5127.000000005418
2950.2749999993107
4904.975000005418
3357.700000002882
3314.20000000042
1906.72499999923
5740.775000004788
6639.150000011172
2904.6500000020937
2060.6749999997974
6574.6750000080665
4398.150000005466
3955.5000000039668
6055.650000008136
4344.925000004765
2285.9749999992746
6643.4500000111475
3819.900000005487
3981.750000005985
6315.875000008897
3165.999999998216
2905.549999998626
5938.475000006538
2761.7749999994276
2444.94999999917
4501.6250000053415
1736.9499999994894
1903.4249999993644
2940.725000000147
3852.875000000601
1541.5249999996934
7116.4750000101985
4063.4000000055535
3752.7250000013005
2309.649999999896
2983.2500000006057
4075.3500000014715
3003.850000001894
3027.4250000001957
3210.0499999984527
1848.4499999994146
4440.975000005499
3218.950000000194
5480.675000002408
1954.9749999992919
4267.600000005446
2412.4999999989013
2061.9249999993717
3199.2999999982144
6039.950000009878
1875.999999999367
1398.4249999998074
1635.724999999451
2445.1749999988715
4510.425000004908
6928.775000008773
2408.174999998905
2015.2749999992627
2362.499999998903
7278.7250000124
3946.250000002581
3295.600000002975
6015.875000008136
2283.424999999019
2747.4500000001144
4213.500000005389
6713.950000007921
3404.2000000014386
4179.175000002633
3108.450000000694
2880.1749999994117
3851.2250000055383
4334.375000004615
2588.924999998741
1669.2749999995235
2079.1499999991847
7434.750000011885
2030.474999999236
2790.524999998532
4741.625000002055
3910.125000005161
4321.775000005615
3663.1000000006316
3171.224999999815
3865.7250000059757
2838.599999998514
2238.149999999005
4379.700000004931
2337.1499999988955
3574.4750000012527
2241.5249999990565
1944.2249999993142
2192.1999999991017
3364.125000001849
1691.6749999995131
4254.1750000050415
2213.749999999032
4720.425000004423
2503.974999999546
5096.925000005093
2140.024999999833
2442.9749999996366
4051.2500000006717
1518.974999999554
4522.40000000392
3458.425000001903
3798.9500000019298
5515.675000003441
4040.925000005637
3721.9749999999303
6408.700000010903
1690.8999999995576
6372.600000010837
4181.924999999779
6284.450000007127
4590.450000005569
5320.525000006522
2801.474999998687
6049.425000007336
4293.900000004744
2542.050000000588
2251.9999999990227
3014.025000000505
4392.950000002536
2472.7500000001974
2835.174999998998
4276.475000003926
7689.0000000113305
6536.875000011301
2078.949999999205
4989.225000004386
8103.500000011949
4418.900000004913
4766.22500000639
9340.97500001645
2657.8750000008554
4423.050000005046
2382.199999998929
3793.2250000020367
1606.7249999996343
3757.950000001767
3226.0999999981614
1411.6749999998115
4632.125000004851
2356.450000000543
2330.999999998934
6477.375000010874
3564.0750000031067
5540.850000008301
2876.9000000022243
5798.275000006361
4619.650000005141
2453.000000000321
7348.175000010727
4103.925000004985
1709.4749999994851
4056.450000003474
3098.949999999644
2172.7499999991196
4121.925000002642
3458.7749999990883
3928.425000002585
2872.9499999988075
2573.3999999987063
4277.100000005741
1235.874999999879
6272.450000011039
3911.9000000052956
1259.4499999998811
3272.9750000006043
2092.024999999081
4817.250000005255
3497.2250000014883
5367.375000005822
3360.299999999813
4569.175000004912
2643.724999998691
1559.474999999677
2960.249999998403
4180.450000005191
2457.9249999992458
2732.1999999986106
4878.150000002292
6828.200000008686
3293.1500000003302
3687.25000000136
6889.375000011549
5550.02500000546
2843.2499999985093
4952.925000002533
2285.999999999347
2877.774999999603
5050.250000004344
6961.200000011109
1822.7499999994377
5791.725000008817
2426.4999999990896
2459.675000000879
3192.1000000019553
5985.5000000102145
4059.925000003586
2928.9499999990353
1756.8749999993902
9285.70000001625
3142.2250000016097
6482.075000011397
3458.0500000015545
5486.225000006414
6746.500000011176
2040.499999999364
1679.2249999995684
4570.625000005144
2564.8249999987434
2224.7999999990698
3707.1499999997495
2229.974999999064
2579.7249999991654
4270.975000004317
2048.3249999992327
3922.7000000053495
2547.7499999987785
4664.225000005456
2880.974999999388
3434.699999999925
5714.450000006854
2758.1750000003267
4952.500000004213
2835.774999999101
4059.6250000056393
3619.4750000058925
7114.500000010561
6369.950000011773
4493.750000004629
1663.499999999472
3917.9500000009443
5740.45000000672
2728.2250000000076
4654.675000004616
6118.175000010563
4424.425000002699
2638.6000000014683
7476.875000012064
2626.549999998707
3424.825000005072
2827.749999998555
2704.974999998635
4411.725000001521
4296.650000004806
5383.750000006654
4184.200000005214
1734.524999999518
5537.275000006022
1893.2249999993735
5103.25000000458
2020.299999999258
4756.2500000045075
5349.450000005663
2821.8999999986204
2407.7999999989056
1634.5749999996024
4525.125000004878
3827.7250000055374
2384.474999998927
5206.92500000639
4814.2000000069165
4200.875000005443
5409.450000005931
5752.900000006555
4523.900000005785
5837.000000008844
2122.949999999165
2732.425000000938
2315.6749999993453
2599.625000001079
4008.200000004035
5493.375000006367
1990.2749999992323
6060.200000009407
5399.325000006739
7381.675000012829
1903.6749999993642
6699.925000009025
3224.975000000104
5358.725000006012
3123.5000000007403
3735.175000002122
6928.950000007676
4294.95000000418
4027.4750000034783
4298.650000004807
4641.72500000518
5175.400000006519
1662.0499999994984
7467.150000009853
3883.7250000056038
2591.5999999987475
6954.8500000095955
3795.875000005636
2096.274999999189
5116.750000004914
4463.22500000528
4098.225000003763
5669.175000004785
3008.700000002172
4966.775000004838
1672.6249999995744
3662.8750000027776
2478.699999998841
5541.650000008733
2869.875000003505
3480.649999999605
4881.225000005284
1802.2749999994232
1896.6999999993707
5263.700000005161
7956.600000012442
1683.4499999995644
7098.525000008402
5725.97500000457
1850.949999999412
6311.050000009031
9257.175000016146
3701.9500000057624
3876.2000000056178
2798.7499999985826
2964.4999999984884
4188.275000002292
4514.225000002566
5173.225000007516
3538.5000000017867
4119.450000005267
1631.224999999513
2937.224999998424
1134.4249999999847
3067.2749999983057
1594.4499999996292
2902.0000000010837
4092.5499999999697
4225.70000000102
4025.2000000060107
5918.375000006829
1725.1749999993651
5002.375000007594
5359.475000004774
4037.9250000050442
2402.6750000002644
4768.525000004152
1862.5249999993496
2500.1499999988214
4095.1250000036734
1492.2499999997383
2441.599999998875
3094.2500000027326
4963.600000003499
6205.725000009215
7681.225000012892
2716.224999999453
3177.9999999988095
4362.525000005289
7479.975000011199
4040.8500000053477
3949.924999999617
3637.275000001026
6922.700000008315
3181.425000002869
8992.525000017346
2831.22499999933
4628.025000001451
4043.4000000049646
2700.7000000017388
3503.725000000507
3730.675000004656
3035.0250000012484
2332.149999998974
1863.4499999994005
3374.924999998638
4162.975000002158
6998.425000010678
2380.4499999989303
5835.1250000051205
2976.0499999985936
1702.4249999995473
5464.625000006134
2300.649999999973
6096.95000000819
4513.475000005034
2300.524999999003
4949.4000000058
3605.250000002643
3388.9000000001324
3100.274999998488
2237.325000000331
2033.7000000001117
3104.449999998272
3094.925000000228
4527.97500000276
6945.900000010819
2397.399999998915
5411.800000007415
6075.450000006329
2895.7250000014146
3343.200000000571
6920.175000011322
4962.975000004343
4264.850000002699
2698.4500000001353
5305.925000006271
1836.924999999425
4407.475000005318
4222.950000005658
4003.6500000050755
6818.975000009165
2502.975000000048
3825.4750000059703
5433.675000006528
3767.200000002486
1679.0999999995415
5016.950000007106
4924.6750000050115
3084.424999998878
4485.900000004637
4880.275000005124
4158.225000001893
5458.7000000054995
2163.0249999991283
5712.975000008072
6588.125000011616
2998.624999998822
4661.475000004477
2562.749999998786
4932.275000005329
3522.000000004335
1670.3999999995763
4749.700000004397
1882.4249999993835
2782.6999999995605
3813.725000001807
3268.549999999959
3601.9250000021075
5184.675000002874
4011.675000003521
4552.675000003094
2873.699999998482
6051.900000010452
3945.175000005129
3823.4999999999773
4784.4750000053655
7334.875000010505
5208.300000003879
2881.2249999992177
2519.6249999999077
5132.000000004773
3437.2000000018106
2886.1999999985005
4737.950000004404
1741.1249999994561
5266.325000004333
2557.12500000033
2448.4999999990314
4560.6500000027245
4074.2250000051654
3258.499999999377
3630.275000000698
3074.9999999987936
4278.525000005582
6843.275000007365
5563.925000008848
2731.9500000003345
5362.475000004606
2778.850000002286
4448.85000000016
6304.9750000095755
5297.075000005389
5785.775000005905
6192.475000005896
2791.2249999998057
2311.9749999989926
4470.275000004943
4885.825000006118
4742.650000005088
1759.0999999994178
4843.775000004558
3926.1500000026344
3394.950000003622
3289.749999999826
5181.525000002716
5497.450000003837
4627.925000005393
4657.100000006371
