5841.775000005363
7290.625000011429
4670.400000004897
2386.824999998925
1552.7999999994543
8486.375000013342
1912.2749999993562
4351.500000004671
1909.474999999359
1799.0999999994592
2230.9999999990664
8853.72500001486
3320.725000002218
4154.125000002078
7534.475000012449
7064.925000010358
6589.475000009864
1730.6999999994796
2665.274999999243
4399.025000000429
3242.3500000022636
2920.774999999248
2082.0499999992016
6913.0500000102065
2511.799999999731
3546.774999999333
5685.325000005753
2127.3749999991605
3549.30000000304
4580.575000000521
6775.950000007118
3319.4249999980766
6170.625000008491
4332.150000002503
6233.20000000616
2126.6249999991614
9786.800000018073
3599.625000000797
2461.1999999988575
4551.000000001309
4106.000000005272
1555.5999999996807
7033.550000011675
8092.575000011953
3185.1000000028216
5590.025000008073
3891.4500000040643
3554.875000001188
2289.574999999013
4602.2250000045315
3557.5000000024274
4538.225000005426
3445.2750000007727
2697.9749999986416
3848.6500000040432
3649.4249999988524
6198.650000005669
2692.9499999988557
2309.0749999989957
4653.600000001067
5412.375000007935
9074.775000017977
1579.4499999996415
1622.2249999995377
5600.750000009177
3150.7000000000216
3688.6000000024387
3750.575000001328
1938.1249999993329
4530.5250000049
4191.32500000588
2705.95000000116
5431.875000005079
9087.80000001553
8677.925000017074
3810.9750000034574
4686.425000004929
4873.450000004284
6248.200000009571
9103.300000015586
2710.2499999986426
2955.074999999147
3173.274999999361
4709.500000004666
4122.350000001433
3831.1250000009086
3732.300000002665
5808.750000006985
3548.4500000031126
3336.399999999019
5103.825000004026
6442.375000010879
2915.9999999984434
3011.6499999996267
1982.3999999998487
6186.725000010163
4515.0000000055215
4496.37500000339
4912.500000004249
2774.6000000024032
4946.250000004565
4707.600000004565
2276.9499999990244
2108.274999999946
6063.5000000066775
5572.625000005855
5108.250000005167
6841.575000011635
9828.975000018225
1804.1999999994064
2469.34999999885
5116.950000006819
5207.275000005065
1854.524999999409
4629.600000004891
5093.575000004084
4074.050000004221
4905.000000006257
4711.67500000482
7326.550000009123
5311.075000006083
4602.700000005685
4835.0750000059825
4821.750000004849
3864.2500000010364
5634.450000008463
5245.5750000041935
4757.000000005204
2799.000000000926
2656.549999998857
2829.5000000001687
5217.0000000048385
3374.199999999449
3640.6000000000686
4141.65000000512
2241.1499999990574
2428.049999998887
5136.82500000613
3661.425000004165
4095.77500000505
7026.300000009104
2530.8499999987935
6075.425000007179
3857.975000005549
5495.97500000771
6626.650000011296
6160.450000007998
3702.1249999991223
2548.074999998778
5214.500000004929
3809.0000000023
4126.075000003859
6519.375000011285
4812.975000004393
3780.1249999996057
3215.87499999817
4142.850000004248
6809.300000011263
5505.900000007187
6677.700000009219
4777.550000000924
2598.3749999990623
6014.80000000697
6055.100000007441
4158.475000004935
7087.1000000114855
7126.250000010541
2879.1749999992735
3247.7000000000744
3047.5250000000733
2236.3249999990617
7138.950000011075
4715.00000000022
3782.300000002347
1724.3749999995273
3171.825000000202
2396.8249999994778
5719.950000008425
5424.850000003783
2015.8499999992237
3065.7250000016365
4864.025000004568
3207.2750000011356
2234.1999999990635
4096.975000005394
2026.2999999991437
8259.825000015408
3446.6999999997374
1669.574999999577
4913.075000005904
2228.674999999069
3171.174999999558
3126.7499999989996
2444.499999998872
1790.6749999994072
2608.374999998723
4278.675000002554
7290.550000010813
5132.800000004076
6084.725000009086
5225.350000005625
1709.0499999995411
4685.000000005797
3155.824999998225
2612.274999999477
3261.7250000014515
7169.02500001061
2192.47499999907
2407.2249999992946
3900.325000000803
4749.475000000804
4990.825000005407
3889.1250000013097
7358.775000012682
2674.5999999997407
7448.4750000121
2292.124999999011
1540.9999999996703
5289.375000005567
2026.9999999992124
3263.5250000016977
4554.550000005289
3340.4500000016205
4227.92500000275
5304.82500000618
3449.800000000335
1887.5999999993787
1845.3249999994173
3219.2749999984803
3593.04999999985
4041.3250000057938
2427.925000000932
2215.2999999990807
3086.274999998704
3365.850000000581
5566.525000004806
2163.6499999994603
2914.549999998686
4154.925000004939
3554.125000001739
4989.200000001866
1975.4499999992988
5082.225000005749
1903.4749999993644
5903.725000005676
4596.575000004392
6017.350000006504
2533.349999998958
2593.349999998737
3279.5999999985534
9259.97500001641
4343.525000005244
4797.875000004354
2970.8499999983937
5483.825000006429
7835.775000013089
3521.975000002727
5137.300000004697
4879.80000000343
2344.000000000081
7491.325000011764
7766.300000011977
3545.6750000000948
4607.15000000681
3141.1250000008067
4035.600000002484
1790.6999999994628
3793.7749999993266
1925.0999999993446
3248.1249999998327
1961.4749999991795
1977.1749999992653
2834.049999998568
6938.725000007872
5891.650000005123
3956.525000000541
4773.2000000025
8050.750000014486
1851.82499999926
4344.349999999376
3498.374999999146
2658.3749999986776
2224.6249999990723
2697.9249999986414
2969.8999999988687
4356.175000003248
2110.474999999176
1916.1249999993004
2186.399999999107
4112.100000005503
1914.4749999993048
5354.77500000614
3557.8000000002876
6005.975000004497
6107.62500000716
3528.7250000005124
2390.6249999996016
2514.499999999137
5622.775000005565
3989.5500000022207
3942.6500000056585
5759.27500000627
4963.60000000574
2543.574999998782
3908.4000000053156
4629.525000005692
2578.0749999987506
3727.4500000008475
2909.974999999626
2876.574999999363
4127.825000001003
3011.749999999155
5198.575000003689
4483.525000006188
2541.874999998784
4654.750000004484
3666.7000000013604
3584.8999999989264
3719.875000003474
4570.175000005734
3233.3000000033276
2240.199999999058
2896.849999999511
4574.85000000496
4279.900000005306
2706.549999998985
7641.550000012127
1385.8999999998007
3532.525000000658
4498.10000000541
5409.300000005052
2093.524999999192
4152.950000002499
1890.5249999992948
2128.6249999991596
2904.649999998454
5414.80000000546
4093.425000003036
5837.025000005861
3367.6750000006323
4514.600000005554
5682.700000005565
2972.5749999989316
8549.500000014013
3959.1750000027855
5906.300000004726
3549.700000000492
4772.25000000563
2017.5999999992605
2805.649999998544
1888.0249999995276
3214.350000002783
2238.774999999059
2714.2999999994768
3385.7250000035556
5447.0750000053085
5230.100000003831
4159.55000000001
3631.8999999999533
5153.825000004663
2390.22499999908
1760.499999999396
4440.100000005415
4794.925000005071
3859.275000001777
3630.1750000034376
2904.274999998569
2596.924999998898
4174.525000005911
4042.4500000052585
4107.77500000011
4036.300000005812
5512.325000005729
5112.375000004993
4770.775000006178
6769.225000011036
5677.800000006767
1932.7500000001337
3995.2750000000783
4252.850000004849
2738.7749999986045
1702.4249999995163
5901.5500000068905
5514.300000003497
3108.749999998703
4841.050000004488
6310.275000007752
5739.850000005508
3226.599999998161
4972.750000004999
1965.5249999993075
4138.525000002579
1818.5249999994417
3499.175000000148
4741.57500000452
6704.500000011317
2374.300000000544
3923.599999999228
3993.750000005568
6627.675000008137
7216.800000011507
7465.200000012115
3515.725000000387
4211.200000004435
8359.85000001288
3179.0750000020307
2823.274999998528
3284.2999999981866
3792.7250000013664
5759.150000004716
1586.7749999996522
5753.700000005083
5720.750000004527
5004.675000002444
5055.475000004924
4809.650000005395
1876.0999999993892
2148.999999999141
4322.2000000047865
5044.250000002742
7385.850000010945
6023.4500000097705
2263.349999999057
2473.2999999993885
1585.7499999995534
2553.674999998773
3224.424999998163
5070.2750000063825
5125.250000005101
5318.725000005494
5502.1250000075115
3352.0250000007923
4195.775000005409
4948.725000004652
3568.7750000028127
4437.800000003295
6039.875000005217
2517.6749999989474
2880.2750000012015
4683.250000005813
3572.7750000022024
3119.624999998758
1293.3749999998083
3775.575000003004
2579.2999999996614
3136.3500000001036
2582.1499999990942
6756.200000008812
2557.9499999995596
2968.9000000013693
4316.0500000062575
2260.12499999904
5899.17500000648
1376.7749999998273
2803.274999999321
2768.9499999985774
2151.8999999991383
4980.275000002532
3534.875000000194
5148.775000004896
5771.725000009444
5412.200000007677
5613.925000005505
2493.7249999988276
2048.5499999992326
2103.474999999167
4572.7750000054775
5064.6750000072025
4687.325000004666
2749.124999998595
4525.500000000797
2562.499999999861
7248.500000009263
4053.850000002723
3680.775000003811
2363.2749999988664
7049.275000011652
2617.7999999987146
6787.450000010938
2797.9250000004167
3670.37499999893
5682.875000008255
2606.3249999987247
4039.000000006207
4634.650000005691
2070.4249999992126
2543.04999999948
2781.000000000638
3103.6999999982727
2546.899999998819
4315.50000000413
1754.1999999995
3372.1000000009053
3279.749999999817
5174.800000004665
1583.67499999959
4597.525000006052
3291.8250000021126
4592.125000005617
3431.6249999979746
7669.375000012998
4318.4750000004915
4059.37500000594
2361.974999998947
3104.1249999987895
3963.000000005911
4920.650000005709
3588.2999999998883
2528.725000000556
2691.7999999986473
2673.9749999986634
5363.850000006085
3260.4749999994797
5089.250000005888
3651.025000003247
3576.475000000605
2067.499999999126
6056.025000005604
6974.225000011791
3104.700000002208
2300.750000000075
6854.925000008657
4623.050000005764
4301.525000003652
6292.575000008801
4644.150000004717
2540.574999999102
6929.075000011451
4116.77500000538
4255.125000006233
6556.150000009771
3517.074999998279
3251.424999998984
6204.225000006773
2970.324999999543
2669.8249999990176
4902.050000005601
1910.5499999993576
2183.17499999911
3241.3500000002546
4102.875000001373
1721.32499999953
7322.225000010612
4330.700000005792
4035.3000000016673
2514.9499999998716
3238.325000000575
4304.275000002117
3209.3750000018326
3265.7250000005643
3517.2999999987837
2052.849999999228
4695.550000005938
3501.2750000005476
5746.8500000033755
2119.199999999279
4601.3750000055425
2656.774999998679
2319.9999999996135
3405.149999998027
6232.9500000100925
2102.599999999161
1626.799999999616
1896.2999999992558
2643.5749999986915
4770.7250000049935
7219.975000009279
2718.4499999986233
2303.3999999990006
2608.5249999989305
7599.8500000132635
4147.550000002537
3539.525000003334
6260.625000008127
2567.32499999876
2969.80000000042
4393.475000005546
6968.050000008001
3671.5000000018263
4396.850000002743
3405.7500000011705
3131.3499999993082
4112.950000005624
4518.3000000052225
2904.7749999986186
1910.0249999993357
2333.4999999989554
7729.1250000123255
2266.0749999993927
2990.7499999984493
5034.750000002562
4158.475000004934
4585.025000005882
3876.725000001111
3432.7000000001494
4106.450000006302
3124.999999998279
2505.0499999988574
4657.800000004827
2548.6999999987397
3840.0750000017188
2453.0749999988643
2209.474999999086
2384.7749999989264
3573.450000002017
1956.1499999993164
4442.000000005134
2473.5499999987956
4986.225000004777
2741.7999999996714
5346.225000005305
2396.300000000091
2663.949999999623
4328.25000000099
1719.7749999994508
4774.050000004681
3744.9000000017313
4091.2250000016634
5816.200000003967
4250.650000005788
4053.7750000002247
6607.325000011007
1986.299999999289
6594.725000010899
4417.0250000006345
6515.550000007967
4864.600000006083
5567.325000007013
3060.14999999897
6310.050000007687
4575.075000004714
2819.0500000007796
2493.849999998827
3296.85000000041
4651.50000000273
2726.950000000389
3071.8749999994498
4472.025000003748
8029.075000012567
6747.925000011696
2344.5499999989634
5284.950000004904
8373.25000001293
4684.625000004892
5043.300000007048
9646.10000001756
2884.2750000008846
4696.1750000050615
2688.074999999081
4011.100000002563
1845.724999999417
4115.250000001787
3526.074999997958
1691.4249999995573
4901.2500000048885
2664.175000000307
2595.6499999987996
6742.575000010922
3923.4500000027797
5831.750000008684
3092.675000002435
6009.350000006712
4847.250000005204
2653.100000000626
7638.525000011443
4354.775000004756
1930.1999999992845
4294.800000003422
3317.074999999907
2450.5749999988666
4429.875000002987
3661.299999999655
4225.57500000298
3148.5249999987104
2813.349999998537
4515.5250000061305
1428.4749999997557
6567.100000011232
4243.375000005148
1486.499999999728
3454.725000001169
2340.4999999992797
5138.250000005595
3740.525000001652
5595.025000005782
3654.7749999997213
4945.02500000503
2920.424999998963
1783.3749999994734
3320.8749999980755
4447.150000005149
2664.9749999992237
3013.3249999989694
5203.87500000336
7131.875000009791
3542.425000000748
3973.7000000018475
7213.525000012318
5843.575000005863
3126.499999998252
5272.200000002977
2514.5249999991393
3152.3499999993537
5314.57500000435
7210.950000011608
2015.1999999992627
5996.650000009267
2669.0499999988697
2703.7500000010627
3405.2000000021435
6255.075000011027
4277.450000004108
3193.5249999993566
2000.7249999991686
9600.525000017395
3416.500000001961
6812.625000011825
3749.2250000012928
5786.800000006896
6993.0750000116805
2294.5749999996706
1892.0749999993745
4849.500000005245
2804.474999998525
2459.874999998858
3999.499999999874
2527.5499999987965
2888.1499999991656
4522.550000004627
2367.4249999989424
4142.400000005402
2798.7999999986637
4960.525000006048
3088.1749999994036
3700.050000000349
5958.125000007492
2998.7750000004917
5189.225000004055
3141.099999999394
4300.525000005891
3814.5000000061946
7373.25000001081
6611.675000012389
4749.475000004398
1870.5499999992971
4110.050000001342
5952.300000007344
2981.5000000001187
4889.82500000455
6388.7750000109445
4682.2500000034315
2833.500000001689
7730.700000012348
2858.224999998496
3646.4750000049003
3014.0249999988237
3063.0749999983095
4770.775000002266
4507.175000005129
5632.200000006977
4513.550000005189
1953.074999999319
5819.675000006749
2172.3999999991197
5384.700000004737
2379.574999998931
5000.075000004601
5704.925000006242
3033.474999998428
2687.649999998651
1829.2249999994256
4802.5250000049
4036.5500000055567
2656.1749999986796
5502.475000006964
5081.4000000073065
4479.675000005642
5695.625000006656
5988.975000006836
4824.000000006659
6138.300000009429
2312.6499999989924
2955.2250000012923
2592.0999999995
2828.8750000011737
4230.050000003833
5819.825000006766
2265.0999999990354
6349.275000009771
5685.200000007251
7663.150000013579
2121.549999999166
7018.575000009447
3546.7500000004065
5672.025000005938
3335.325000001051
4018.5000000030186
7303.250000009038
4563.275000004505
4309.925000003805
4608.600000004525
4898.325000005436
5385.825000006539
1932.7499999992522
7800.525000010846
4151.950000005748
2895.0249999987595
7193.775000010293
4004.000000005786
2346.8499999989613
5360.85000000567
4663.300000005562
4344.550000003688
6046.450000005923
3218.2250000019812
5269.30000000522
1884.024999999382
3886.3250000030052
2795.299999998553
5760.025000009383
3095.8750000038153
3666.0499999996873
5165.550000005716
2040.24999999924
2192.024999999102
5502.350000005869
8250.000000013344
1997.7499999992785
7356.425000009231
5986.000000004961
2102.8499999991827
6601.775000009331
9557.225000017237
3931.9750000059043
4101.625000005724
3068.049999998929
3187.924999998589
4477.700000002642
4919.225000003234
5444.750000007678
3912.7000000019616
4297.550000005312
1912.2749999993562
3211.324999998421
1343.4749999998194
3309.849999998303
1812.349999999447
3192.050000001474
4414.100000000932
4591.550000001409
4286.125000006412
6205.2250000071
1945.7499999992392
5185.975000007986
5624.950000005198
4392.000000004722
2642.125000000417
4964.325000004521
2167.224999999116
2781.7499999985657
4354.800000003778
1770.5999999994851
2726.574999998726
3319.55000000268
5230.900000003952
6392.500000009233
7927.075000013447
2920.9499999992663
3366.2499999986385
4583.475000005429
7775.475000011518
4269.100000005371
4308.275000000653
3917.725000001745
7248.100000008986
3420.850000003168
9268.650000018224
3087.3749999995125
4930.350000002432
4235.700000004831
2969.5000000020946
3785.125000000618
3968.2000000046783
3317.3250000015446
2570.0499999987583
2190.1999999991035
3676.099999999126
4435.55000000291
7273.800000011212
2723.3249999986183
6129.425000006082
3298.3999999992616
1942.7999999993285
5795.7500000062255
2522.099999999915
6258.025000008637
4774.525000005111
2570.099999999204
5230.325000005844
3839.800000002429
3726.1500000002625
3390.3249999982245
2463.9250000004286
2217.400000000265
3478.3249999987183
3306.0250000003653
4730.4750000034965
7228.450000011408
2699.3249999986406
5724.375000007917
6382.475000006919
3148.275000001394
3567.825000000724
7189.750000012034
5254.475000004293
4547.500000002671
2962.025000000389
5595.125000006681
2092.4999999991924
4677.275000005504
4433.250000005953
4218.20000000488
7120.65000001003
2777.600000000018
4071.0000000061686
5668.000000006775
3939.7750000026826
1935.874999999335
5292.000000007265
5151.1250000053715
3402.199999998964
4820.5250000043325
5133.250000005446
4425.1000000019385
5721.050000006453
2384.5999999989267
5986.10000000823
6874.800000012433
3228.674999999063
4947.100000004826
2828.0999999989954
5165.800000005445
3777.025000004599
1887.0999999993792
4991.600000004177
2205.02499999909
3025.999999999505
4026.550000002501
3510.8000000003767
3973.700000002638
5409.3250000036915
4328.350000003233
4796.425000003585
3136.6249999984357
6320.900000010979
4203.825000004894
4134.600000000397
5063.55000000588
7572.875000010918
5610.000000004971
3129.024999999235
2804.924999999899
5374.100000004765
3710.050000001958
3165.8749999988813
5017.350000004525
1969.5749999992777
5580.150000004716
2863.350000000052
2648.824999999229
4801.125000002846
4296.25000000516
3533.1500000001856
3890.8000000007687
3298.299999999002
4525.375000005919
7112.725000008344
5877.050000009256
2913.825000000534
5665.500000005566
3037.800000002592
4801.5500000001775
6648.92500001018
5597.450000006074
6185.725000006638
6453.325000006719
3109.749999999634
2679.3999999986586
4739.8250000049675
5158.6000000063705
4964.500000005614
1969.5749999992613
5134.525000004516
4157.825000002592
3639.5750000033995
3565.2999999999643
5459.100000003235
5805.275000004442
4844.150000005668
4873.950000006607
