12178.200000026773
11578.40000002459
11334.400000023703
3616.0999999978067
2860.499999998494
11562.200000024532
3089.199999998286
10777.300000021676
3175.2999999982076
2842.2999999985104
3335.199999998062
11089.20000002281
7740.0000000106265
8284.000000012606
11555.400000024507
11677.40000002495
11416.300000024
4474.399999998746
4820.200000000004
6276.400000005302
8166.300000012177
4938.300000000434
4279.799999998038
11281.40000002351
5319.20000000182
5534.300000002602
11147.200000023022
2749.199999998595
8994.30000001519
7066.700000008177
11272.300000023477
4493.599999998816
12716.800000028732
9012.200000015255
9625.400000017486
3470.8999999979387
12589.400000028269
6762.100000007069
3466.299999997943
6798.1000000072
11192.200000023186
2513.6999999988093
11552.200000024495
13086.700000030078
8566.400000013633
10800.000000021759
9949.100000018663
7021.000000008011
4115.39999999744
10974.100000022392
8114.000000011987
11815.200000025452
6021.200000004374
3815.0999999976257
10027.300000018948
4975.400000000569
11919.600000025832
4438.299999998615
3876.39999999757
6300.900000005391
11965.400000025998
12771.600000028931
2377.0999999989335
2943.999999998418
12146.500000026657
5824.400000003658
8508.300000013422
7301.0000000090295
3344.4999999980537
11213.300000023262
12004.000000026139
6779.600000007133
12052.400000026315
12401.000000027583
12541.000000028092
9640.40000001754
11152.30000002304
10937.100000022258
11346.100000023745
12596.400000028294
4322.199999998193
5155.700000001225
5000.40000000066
11222.100000023294
8265.100000012537
7156.200000008503
8862.60000001471
11986.400000026075
8833.200000014604
5451.2000000023
11053.40000002268
11338.300000023717
4341.3999999982625
5696.900000003194
4970.800000000552
11116.200000022909
11917.300000025823
8802.700000014493
10914.100000022174
7875.70000001112
11237.30000002335
11018.100000022552
3232.4999999981555
5100.400000001024
12640.100000028453
11911.600000025803
11135.300000022979
12640.600000028455
12884.800000029343
2901.5999999984565
3584.0999999978358
11957.40000002597
11236.300000023346
3237.7999999981507
11299.100000023574
10800.000000021759
10105.00000001923
11947.300000025933
11332.400000023696
11683.500000024973
10907.100000022148
12401.300000027584
11938.600000025901
11089.20000002281
7049.300000008114
12158.1000000267
11146.300000023019
11891.40000002573
6438.500000005892
4276.199999998025
5642.100000002994
10800.000000021759
6044.90000000446
6702.500000006852
11106.000000022872
3829.199999997613
3629.3999999977946
11905.30000002578
10109.300000019246
11153.100000023043
11894.40000002574
3523.199999997891
10565.400000020905
11213.200000023262
11766.100000025273
11913.300000025809
12394.40000002756
5392.100000002085
4297.899999998104
10800.000000021759
6785.100000007153
10258.100000019787
11586.800000024621
10553.500000020862
5933.200000004053
4306.399999998135
10183.000000019514
11957.50000002597
10545.400000020833
12048.5000000263
6417.300000005815
4890.6000000002605
12234.500000026977
12905.100000029417
10800.000000021759
12336.300000027348
11563.000000024535
5205.000000001404
6254.0000000052205
6219.400000005095
3224.499999998163
11846.200000025565
5840.100000003715
6877.400000007488
2826.6999999985246
5848.0000000037435
5002.2000000006665
11796.600000025384
10800.000000021759
3832.6999999976097
7488.00000000971
11171.20000002311
6985.300000007881
2794.6999999985537
11277.300000023495
3817.2999999976237
12170.800000026746
5659.000000003056
2152.099999999138
11159.200000023066
3777.19999999766
5642.100000002994
4754.099999999764
3342.2999999980557
3419.099999997986
3128.79999999825
6754.10000000704
10800.000000021759
10495.20000002065
10936.100000022254
11731.500000025148
3188.7999999981953
10586.400000020982
4141.699999997536
5131.4000000011365
7219.400000008733
10800.000000021759
3117.0999999982605
4774.399999999838
7365.500000009264
5995.000000004278
11054.200000022684
7497.100000009743
12312.30000002726
5330.500000001861
11507.500000024333
3895.099999997553
2590.2999999987396
11506.200000024328
4422.599999998558
7816.4000000109045
11681.300000024965
7737.700000010618
9299.4000000163
13087.50000003008
6187.000000004977
3133.4999999982456
3440.1999999979666
4959.30000000051
6032.100000004413
11775.600000025308
6350.700000005572
3480.29999999793
4723.299999999652
5835.600000003698
12038.300000026264
4712.699999999613
4434.1999999986
10800.000000021759
7944.30000001137
6889.200000007531
3482.599999997928
12396.400000027566
2428.499999998887
11143.200000023007
11031.600000022601
11830.200000025507
4524.599999998929
3833.399999997609
4837.500000000067
12856.30000002924
11426.100000024036
10937.100000022258
4217.899999997813
12229.100000026958
11550.200000024488
8862.900000014712
10800.000000021759
9323.200000016386
5384.900000002059
12516.700000028004
12043.600000026283
5654.300000003039
11394.400000023921
6467.200000005996
8580.100000013683
3411.399999997993
5819.000000003638
2729.499999998613
6156.200000004865
3095.69999999828
3252.3999999981374
4288.199999998069
11843.200000025554
11552.300000024496
6503.000000006126
7386.000000009339
12214.700000026905
3146.5999999982337
5372.000000002012
5180.000000001313
3884.5999999975625
4047.3999999974144
3591.0999999978294
5087.000000000975
7759.300000010697
2968.299999998396
3788.29999999765
2873.0999999984824
11526.2000000244
3520.199999997894
12049.600000026305
6688.500000006801
9220.500000016013
12891.000000029366
6780.300000007135
4935.600000000424
4794.899999999912
12942.500000029553
6940.000000007716
11483.400000024245
11537.20000002444
10975.100000022396
4453.799999998671
10984.100000022429
11743.40000002519
3297.5999999980963
6874.100000007476
5132.000000001139
5453.600000002309
7600.400000010119
5037.100000000793
8899.900000014846
12634.300000028432
4388.599999998434
10800.000000021759
7769.800000010735
5521.400000002555
9262.200000016164
12195.600000026836
9055.600000015413
3010.099999998358
5092.1000000009935
10919.100000022192
11418.300000024008
4548.199999999015
12811.400000029076
2116.2999999991707
5709.2000000032385
11534.30000002443
12164.700000026724
4363.099999998341
7335.000000009153
2786.799999998561
3357.299999998042
3663.199999997764
12859.700000029252
9330.600000016413
11410.300000023979
6801.400000007212
11927.600000025861
11611.30000002471
4983.600000000599
11455.400000024143
7942.500000011363
10800.000000021759
6531.300000006229
12303.600000027229
3876.39999999757
4324.599999998201
4541.799999998992
8447.100000013199
3659.3999999977673
5393.300000002089
9316.20000001636
12698.400000028665
8871.500000014743
6009.20000000433
6323.400000005473
11314.000000023629
4666.499999999445
2961.299999998402
11679.700000024959
11299.300000023575
8311.300000012705
9442.40000001682
4379.2999999984
4579.299999999128
11978.200000026045
11172.200000023113
6405.200000005771
11785.100000025343
11802.200000025405
10585.200000020977
12921.800000029478
11731.400000025147
12185.300000026798
5178.4000000013075
5976.30000000421
10800.000000021759
3916.2999999975336
3049.599999998322
11573.400000024572
7826.000000010939
5003.10000000067
11595.300000024652
10437.200000020439
9436.300000016798
4369.499999998365
11560.100000024524
4389.4999999984375
8909.30000001488
3014.399999998354
6442.100000005905
11002.100000022494
11938.5000000259
5833.40000000369
5274.300000001656
11413.40000002399
12207.300000026878
12132.400000026606
12721.70000002875
6470.000000006006
8604.400000013771
12497.900000027936
7638.0000000102555
3957.599999997496
4895.100000000277
7663.3000000103475
9303.100000016313
2428.399999998887
11476.40000002422
12109.100000026521
8792.400000014455
11000.100000022487
12112.800000026535
2862.0999999984924
3496.1999999979157
10918.100000022188
9115.10000001563
12234.400000026977
11754.20000002523
4387.2999999984295
5008.60000000069
2795.299999998553
3753.099999997682
4077.0999999973874
12103.5000000265
8723.000000014203
8291.400000012633
11910.6000000258
7105.200000008317
11496.400000024292
11424.000000024029
8873.30000001475
8982.000000015145
11443.100000024098
4489.399999998801
6826.700000007304
11044.200000022647
7928.0000000113105
4940.500000000442
2152.499999999138
9049.20000001539
5021.100000000735
6245.000000005188
4631.099999999316
11161.200000023073
5131.700000001138
6976.500000007849
12580.100000028235
3487.4999999979236
9344.400000016463
1906.8999999993612
4895.100000000277
3502.1999999979103
2978.4999999983866
7080.700000008228
5755.700000003408
10800.000000021759
11671.400000024929
12483.000000027881
12503.700000027957
3496.3999999979155
3269.199999998122
4012.699999997446
11999.400000026122
12264.400000027086
11080.200000022778
4161.199999997607
7480.100000009681
5232.0000000015025
11535.200000024433
7808.100000010874
9527.200000017128
3722.49999999771
12653.400000028501
4412.899999998523
11534.40000002443
5952.100000004122
5174.500000001293
11056.20000002269
4119.399999997455
12280.400000027144
12328.000000027318
4078.799999997386
5124.500000001111
6643.400000006637
4376.599999998391
4498.599999998834
10358.200000020151
3074.3999999982993
6969.600000007824
6003.900000004311
10505.000000020686
3230.699999998157
12553.500000028138
7732.3000000105985
12103.5000000265
4580.399999999132
11547.200000024477
5995.60000000428
12091.200000026456
3668.399999997759
5114.600000001075
11946.40000002593
11926.500000025857
5682.300000003141
5903.000000003944
3751.2999999976837
3583.0999999978367
12114.10000002654
5657.200000003049
12231.700000026967
9464.5000000169
6986.0000000078835
4156.199999997589
10800.000000021759
12836.500000029167
7789.500000010807
5628.300000002944
12711.600000028713
12475.500000027854
9786.00000001807
12113.300000026537
10917.100000022185
4477.299999998757
12715.700000028728
11438.30000002408
12432.500000027698
11771.300000025292
4787.7999999998865
5582.800000002779
10291.300000019908
5434.300000002238
4404.099999998491
12527.400000028043
3614.2999999978083
3351.599999998047
6285.300000005334
6375.5000000056625
2586.9999999987426
11605.50000002469
12000.500000026126
7723.100000010565
5279.300000001675
6434.300000005876
6925.400000007663
7440.000000009535
5828.400000003672
5487.800000002433
3247.299999998142
11062.200000022713
6913.50000000762
7324.1000000091135
4443.399999998634
12072.200000026387
4386.899999998428
5066.8000000009015
4523.0999999989235
11685.40000002498
3276.3999999981156
2567.2999999987605
2844.2999999985086
3596.5999999978244
11597.30000002466
12531.700000028059
4201.299999997753
3551.1999999978657
4613.499999999252
13140.400000030273
8737.100000014254
9390.700000016632
11353.300000023772
3880.2999999975664
6383.600000005692
11835.500000025526
11651.300000024856
8220.500000012375
9365.70000001654
6695.500000006827
5149.100000001201
11642.000000024822
8229.900000012409
4371.399999998372
3396.4999999980064
4333.299999998233
11092.100000022821
4820.800000000007
4506.399999998863
7028.6000000080385
10800.000000021759
12422.600000027662
7544.300000009915
6477.400000006033
12402.300000027588
4526.499999998936
4405.499999998496
11285.300000023524
3983.199999997473
8322.500000012746
3514.599999997899
4070.999999997393
4283.599999998052
6751.000000007029
2704.9999999986353
11539.300000024448
4595.299999999186
10800.000000021759
5373.100000002016
12110.400000026526
5552.90000000267
5023.1000000007425
7621.000000010194
3309.3999999980856
9906.500000018508
7855.200000011046
7972.100000011471
11018.600000022554
11909.500000025795
6049.000000004475
11605.50000002469
3179.199999998204
11460.10000002416
6052.100000004486
12552.600000028135
11500.200000024306
9375.200000016575
5226.700000001483
9684.1000000177
11193.50000002319
6428.400000005855
3933.0999999975184
6273.10000000529
9714.40000001781
5992.70000000427
5369.700000002003
10111.100000019253
12244.300000027013
12518.600000028011
3349.2999999980493
10800.000000021759
11484.200000024248
11370.400000023834
12019.800000026196
12280.700000027146
6398.400000005746
11587.500000024624
4959.500000000511
7251.100000008848
3167.8999999982143
6390.000000005715
4669.299999999455
2553.399999998773
11596.000000024655
5635.100000002969
4379.399999998401
11685.50000002498
8818.100000014549
12806.600000029059
8163.600000012168
12315.600000027272
10800.000000021759
6198.600000005019
11195.300000023197
10800.000000021759
3087.3999999982875
9753.20000001795
5397.2000000021035
4125.599999997477
9593.40000001737
5699.100000003202
7061.200000008157
4556.199999999044
3996.399999997461
12598.700000028302
2261.199999999039
11894.60000002574
11185.20000002316
2125.899999999162
6406.500000005775
4833.500000000053
12666.70000002855
7992.300000011544
11151.200000023036
6072.200000004559
11854.100000025594
5061.700000000883
2510.599999998812
4726.199999999662
11371.400000023837
4869.200000000183
5098.300000001016
8617.80000001382
12210.800000026891
6686.200000006793
8603.000000013766
12950.600000029583
12059.20000002634
4734.499999999693
8112.200000011981
4387.099999998429
5086.000000000971
10800.000000021759
11058.100000022698
3115.9999999982615
12372.60000002748
4273.099999998014
6625.400000006572
8047.3000000117445
12079.500000026414
7538.200000009892
5560.700000002698
3282.1999999981103
13228.600000030594
8112.500000011982
12316.800000027277
7375.100000009299
11542.40000002446
12663.100000028537
5027.300000000758
2910.999999998448
10800.000000021759
4450.399999998659
4209.699999997783
6534.30000000624
4163.899999997617
4922.200000000375
11206.500000023238
3494.3999999979173
11338.400000023717
4632.799999999323
12918.200000029465
5089.100000000983
5681.300000003137
12510.30000002798
6296.000000005373
10800.000000021759
5606.600000002865
12220.300000026926
12188.40000002681
12283.600000027156
12430.60000002769
10800.000000021759
3335.0999999980622
6187.80000000498
12237.400000026988
6006.100000004319
11156.200000023055
11796.700000025385
8981.400000015143
7213.30000000871
11094.200000022829
4020.099999997439
10360.000000020158
5089.800000000985
3991.1999999974655
7971.90000001147
11015.200000022542
9395.200000016648
11534.30000002443
2562.199999998765
11716.300000025092
2795.0999999985534
11990.60000002609
3761.6999999976742
11039.100000022629
10800.000000021759
4279.199999998036
3876.5999999975697
2892.299999998465
11462.400000024169
11446.50000002411
4115.39999999744
12767.600000028917
11068.200000022734
11987.400000026078
12680.5000000286
11636.2000000248
13095.80000003011
12600.500000028309
3430.1999999979757
7039.300000008077
5103.400000001035
6643.300000006637
9888.000000018441
11309.10000002361
3414.49999999799
10800.000000021759
12978.300000029683
12195.400000026835
4063.5999999973997
11458.200000024153
6800.200000007208
11363.300000023808
7163.000000008527
7039.700000008079
12929.700000029507
11254.500000023412
10514.70000002072
10800.000000021759
12197.400000026842
9843.100000018278
3270.8999999981206
11058.100000022698
11879.400000025686
4622.299999999284
12527.200000028042
11769.300000025285
3948.699999997504
11597.40000002466
12167.500000026734
9990.300000018813
8228.000000012402
7450.0000000095715
12205.500000026872
2674.599999998663
9118.600000015642
3850.5999999975934
12209.200000026885
9411.700000016708
5664.300000003075
12896.300000029385
2601.09999999873
2573.299999998755
11757.00000002524
11804.100000025412
3222.4999999981646
12749.30000002885
11406.400000023965
3004.599999998363
11185.30000002316
11724.400000025122
11787.40000002535
11765.10000002527
5149.500000001202
4826.700000000028
7325.400000009118
9803.200000018132
11878.300000025682
8341.000000012813
11484.200000024248
3440.799999997966
4493.299999998815
2125.3999999991624
4566.19999999908
2578.4999999987504
7492.800000009727
6471.10000000601
7411.00000000943
12692.500000028644
11885.300000025707
3582.599999997837
11991.800000026094
11418.000000024007
10800.000000021759
5870.400000003825
11091.60000002282
3729.3999999977036
4066.599999997397
9640.000000017539
3110.2999999982667
4291.29999999808
8328.200000012766
7689.000000010441
11428.100000024044
12553.600000028138
4824.000000000018
4628.0999999993055
11914.500000025813
10231.000000019689
11543.400000024463
7066.700000008177
6872.30000000747
10800.000000021759
9026.000000015305
12650.000000028489
5533.6000000026
8010.40000001161
10800.000000021759
7901.200000011213
6482.300000006051
10674.500000021302
7603.900000010131
3585.2999999978347
3304.2999999980902
5185.300000001333
9181.600000015871
12280.100000027143
3906.199999997543
9291.40000001627
5133.900000001146
3485.1999999979257
10800.000000021759
5193.200000001361
11574.500000024576
11724.400000025122
4860.30000000015
11188.300000023171
8341.000000012813
6754.10000000704
4287.699999998067
5766.300000003446
5554.100000002674
4806.599999999955
6376.300000005665
9307.60000001633
11878.200000025681
3893.1999999975546
12680.200000028599
12898.600000029393
6923.100000007655
7037.500000008071
12428.500000027683
10800.000000021759
9330.100000016411
6233.300000005145
12119.90000002656
3034.199999998336
12051.400000026311
12280.800000027146
10800.000000021759
13003.400000029775
5537.200000002613
12183.700000026793
10346.200000020108
9102.300000015583
3204.699999998181
11835.200000025525
12441.50000002773
5035.600000000788
10800.000000021759
12482.60000002788
8594.500000013735
12137.500000026625
4068.699999997395
11830.200000025507
12887.200000029352
5126.600000001119
10988.100000022443
4878.000000000215
11490.40000002427
10548.600000020844
2923.199999998437
10800.000000021759
3173.499999998209
5187.100000001339
7318.500000009093
6303.800000005402
7722.100000010561
7927.100000011307
9439.000000016807
8760.60000001434
4608.399999999234
11652.200000024859
10800.000000021759
6849.300000007386
12408.60000002761
12485.50000002789
8243.400000012458
5177.200000001303
5515.000000002532
11298.10000002357
8155.300000012137
5219.600000001457
10930.100000022232
2813.299999998537
8507.300000013418
5469.000000002365
4827.700000000032
7188.000000008618
11211.200000023255
5995.40000000428
7236.7000000087955
5269.70000000164
12447.10000002775
11688.500000024991
12644.000000028467
6341.300000005538
12053.90000002632
8270.800000012558
6340.000000005533
11323.800000023664
11570.400000024561
11106.000000022872
11945.800000025927
5350.100000001932
3393.2999999980093
11510.500000024344
11137.200000022985
12102.300000026496
3250.2999999981394
11479.000000024229
8868.20000001473
9151.10000001576
6062.200000004523
6936.100000007702
10436.000000020435
11011.600000022529
11159.200000023066
