1474.6341199997523
822.0113899998743
1008.7167699996804
740.7267399998084
736.670679999816
1020.7964199999303
830.3905899997583
859.6409299996635
604.5835899998457
737.9822399997729
907.2942899996539
1070.931260000157
913.0679499996909
965.8354799997734
880.6536799999293
1027.971180000148
1178.6072399995057
628.0105399998916
744.4221499998063
990.0100599996792
816.4891199998776
1157.0605999995014
727.9569799998092
917.9455800000356
865.9071399997913
754.4158799997001
859.2610500000494
646.2681099997772
981.5158999998014
930.4397099998678
730.0904200001671
889.3237299996704
1108.7554999995489
774.775839999961
1381.9021099997738
686.8143399998276
1244.7881399998055
674.1167399999011
774.8531999997027
1124.7375299996827
836.6250799997357
645.5989299998282
1181.651239999986
1171.4967600005873
611.8563000000369
835.2822199997438
955.5617099997071
1001.608309999698
601.640699999821
824.9436599998552
780.9358999998512
773.1352999997329
1018.9530899995947
862.6602399997104
775.8889099997882
763.5914799997418
770.021990000079
996.0834199996167
754.5677499997425
1017.6770099997524
953.6882400000087
1132.411960000004
789.7247199997395
673.8425199998045
1194.6959199997236
639.861559999878
1087.4374499995977
998.3175699996129
628.1968099997993
578.2183400001093
823.6075100000903
660.6791699998082
795.6083100001077
1026.9577900000256
866.599290000056
1148.077579999695
892.6006199996631
1251.6987499994948
931.5606999999435
1211.577369999713
714.3208599998136
928.1383399997737
649.2522799998509
815.3348899997743
860.1568599996604
929.1246999996961
909.4420699999407
1062.630900000125
1023.6055899996697
990.2999899996565
1073.4214300000015
699.3164300003223
1067.6936399995984
931.7077899997504
644.3224599998301
1117.7568200002984
877.5986500001364
992.5172099999554
704.9964000000837
645.6449600000357
1077.0245199998665
1064.97529999972
909.8357299997494
765.2443999998748
1034.5948799996097
925.3146899998403
1019.9625799996477
1239.5786200001635
767.9053400004966
803.2210799996959
719.2788399997835
987.6246100000598
1210.2147899995005
727.5429799998069
850.1668899999282
1123.4581199995594
773.6936099999957
890.2225100000406
920.4028899997174
1069.110629999882
1100.9684699997997
997.908600000291
814.1792100001081
933.8711699999095
1000.3012899996519
762.2660000001042
975.9212699999388
1052.2520099995497
757.7166599997764
1040.3259299996303
797.912799999795
1152.784709999517
1207.5038799994918
814.2010999996679
1274.5636699994807
714.9448299998044
858.6550099996571
979.6924799997936
774.2991000001334
722.4156599998123
1125.4141500001906
790.9460599998037
834.4065399999312
819.065010000055
799.654399999843
1225.7482899999604
1239.1575599997159
928.0306399997095
841.8587299997366
1003.2650899998491
767.8579099999756
733.912289999916
997.1264099999713
748.3668900000105
616.9649399998794
900.175199999687
1316.4381599993853
877.9085599996698
1073.9329699995435
835.9288299997164
1073.5647699998804
808.351259999756
1004.50759999977
901.2653799996385
845.2866399999859
795.252970000436
1085.0521500000054
933.0408699996707
884.273949999755
1146.042779999447
630.322399999836
1025.7431600002658
958.6450099997435
929.8098599997669
575.4702499998419
1139.7990999996096
873.7906499997879
726.0134400002322
889.4944699997465
741.034679999782
622.0433399998896
849.1408699997869
1106.4802999996718
847.4099499996606
668.9402599997989
580.6695799998641
1435.6773299997824
808.0862999997057
689.3754499997916
680.018350000148
757.3006299997962
876.1739999996968
1294.934779999422
710.4704299997841
754.963999999761
811.5378699997066
1289.5503399995123
1176.4381299997222
802.1335000000541
1059.9805600001966
1162.3692299998727
591.5378799998716
668.3379799999177
1099.2354599995401
813.6341099996935
1070.357249999754
921.3300000001199
917.2868099996487
811.3454199997489
1242.4346899996133
686.330169999942
1014.876109999893
1047.9209199996467
853.3577199998525
674.0086899998558
867.0995099999724
752.4374699997777
641.6302699998346
897.6517899997067
658.4066199998457
652.713829999803
1042.5730499995777
1040.217409999532
913.5472699999067
1046.6697400000935
647.3091699998889
804.6986499997407
785.2323099997676
1136.0442899995935
970.3847299996213
702.9608099998478
814.3200999998467
842.6972699997049
871.0075899997235
870.7883599998621
1268.0018299999529
678.631929999876
663.9516099997636
898.8532499999197
618.4974699998352
972.9842099997327
781.6647999997502
1073.2757000000768
871.7981699997067
1442.4229099994343
927.6845000000316
724.4192200001942
709.7820599998054
1069.139939999587
747.242219999865
1235.2783300007097
742.8688099997856
949.8417399998792
826.7010399996653
1113.1241999999247
1003.5466500000487
704.5198300000254
756.6046100000275
938.3329600000152
601.339059999933
1036.280490000102
880.1603400001129
932.8720299997705
792.589100000067
704.4323599997934
938.0140399998352
622.4133799998439
775.3395999998596
786.413409999745
915.4936399996262
581.534569999846
616.6610899998122
863.6884599996524
1151.7358799998372
1301.4995399999127
825.507279999881
777.9947899998812
1124.9919600004155
601.4930699998358
739.7591599998815
923.5748199996841
1210.1904599994775
836.5511199997918
896.7581299997271
795.5245799997736
1222.9722399995185
949.4931299996324
597.8209899998535
669.0514299998157
855.5542099999827
711.2998899998264
704.928439999838
925.0107399996919
1163.7893699998267
883.5589699997565
984.083959999579
673.9510699998677
676.5485699998354
771.9693600001103
784.9829099999938
736.3928800001164
1022.6360299996205
1136.1953300001353
874.0616699997155
786.185169999993
773.1539899998047
857.7831499996873
923.4534299997213
1069.8536699995386
995.2737699996843
1098.87027999957
719.5495299998208
855.695410000077
1135.109950000378
1027.9092399995839
740.6922199999833
604.5074999997836
845.6461899996257
784.3840999999467
942.7608200003134
799.9223600000118
957.314119999724
623.2212099998133
931.4717000002128
750.9131599997824
1101.3313299996091
1481.5716899993238
714.1396799998488
778.001949999824
1002.0447399996499
687.5645299998126
599.1001899998686
988.6494499996124
718.9232599997889
742.6697199997357
850.446249999678
1243.8127199998678
955.5341799998432
867.2786499996361
957.3089499996028
1124.228489999961
1118.731939999883
1268.5356699994932
918.0103000003176
796.9542799998658
947.5082099997122
991.1547199997335
655.0986199998289
739.1828099997766
736.9617299997672
630.4569499998927
620.516639999984
760.8000299997178
965.3374499996085
805.6279999997814
954.364539999668
1076.777429999878
875.6777299998481
979.2290899997174
966.5804200000547
680.6074499998444
664.4412599998485
929.8778099996774
740.5098600001708
1002.670989999832
911.7488699999052
784.6050999997835
1011.7260799996338
970.5610300000086
910.7494199996991
882.9674799998224
753.6058099998446
1276.1684499994512
989.4500599997066
931.8963900000495
742.8361700000871
774.952290000326
651.2130399999355
1031.0937299996954
979.2400199996891
787.8459499997879
693.0171199998159
1109.2606799995272
1129.692989999896
796.4885099997522
892.1871999999131
811.5970000000605
1266.6190899999372
953.1098399996557
1083.9282599995877
729.9249499998103
656.411739999999
643.6281399998229
1061.859469999586
908.2459999999955
1110.8278599997177
585.2657099999284
701.926189999767
824.1264200000379
974.2657399998046
1026.8718599999759
1128.851190000315
767.3823599998636
943.3957799998915
1303.0705699999824
703.244959999867
835.648429999706
943.4175199995693
825.7407099998402
1392.2709699999887
733.8668899997905
1245.9121799994655
1264.6083599997855
937.2139099997554
1031.636699999648
1069.8030900000563
597.4397199997852
627.4299699998556
743.0059600000437
812.4876199999322
1138.6562800002
939.4185699996284
622.2694599998573
1000.9177999997518
598.3814199998586
757.4513599997101
498.7497999998417
1105.339229999584
955.335549999781
1019.5472499996497
1016.1552299997555
997.7144799996901
1109.1929699998655
763.2752099997455
895.1839699999026
911.1114499997842
1241.1199999995727
736.312739999781
755.4927999997678
783.7619799998521
773.8042799999141
853.7534599997672
658.8442399998586
1020.3505499997038
844.1999199996793
1095.332039999582
784.0109599997999
1104.9474500000795
665.3236099998733
700.8315299998029
680.929779999775
868.094799999694
1111.6357300001118
615.2109699998581
810.4605699997217
896.3341299996729
611.0816899998227
1123.5766699998455
849.2071399998382
1148.4388099995265
835.4213600002117
744.464529999886
946.8907900000544
851.521939999611
716.5259199997502
686.2467299998442
981.6441800000081
878.2992100001117
1106.71559999959
932.1039799997409
919.431239999696
825.9639399997636
1119.1189399999332
845.174640000004
927.2736399996658
743.1976699997869
1147.1899300000252
681.716479999808
1017.2617199999231
1029.266969999625
930.0434599996901
1218.1804299996084
912.2655399996542
849.4704500001625
1018.5743599996994
602.0100299998215
678.8685399998725
810.19725999964
740.6549099997778
683.4547799998372
1240.6518599996855
728.6888499997918
771.313549999839
985.7646999997496
951.1563099999046
700.9048699998466
772.4840699998853
679.9070399999516
901.2706899996781
945.117279999664
1021.7810499999199
712.6168499997286
676.19052000021
787.7646399997285
1006.8122399996479
794.0907400000897
935.9665100001025
929.2793899997695
621.6148999999054
876.7938899996462
1076.345419999472
818.8110000001593
680.9786299997864
675.706549999855
1086.6646099998243
1011.1974499997768
764.8483499997737
1182.1824599995252
1468.590119999469
773.7283599997754
836.0153299998319
856.780029999734
873.8833700001021
626.1354799999624
1119.2960199998388
1147.7270999998464
728.8992499997188
860.849710000321
849.3670199996787
802.7545199997566
850.6750500001237
942.4665899996385
1070.479789999624
1131.6564799996675
790.7990799997243
648.9000099998129
1115.939909999905
702.3858699998335
717.4682799997748
931.3399099996572
1099.1540399998
595.6956399998292
1029.4025399999666
980.7411399996902
753.2730599999007
851.5705199997245
863.3949499996932
754.6565999999121
968.726419999708
641.4244999998779
874.3531599996757
804.6988299997779
796.9932199998484
1075.9125499997515
949.8900099999588
596.6508699998692
1000.4714699995914
953.6084199996499
744.6121899997364
731.0780399997476
778.8517999998138
825.4024499997151
685.0875299997999
982.860959999648
722.3933799997669
1377.0186899994924
973.3437599998682
922.801729999668
826.4302299996484
896.0915199997064
684.0639700001493
818.2514799997622
807.614789999986
912.2172300000991
630.6008599998069
730.7387899998009
737.262179999897
869.0068499998769
922.5886199998049
853.9952199999747
761.8222899997554
960.7474199996074
845.7597499997122
690.8860299998394
899.3927099996279
727.2657199997989
872.213499999735
1209.9591900000212
773.0259199998188
532.7113599998688
989.7233099998042
946.5029499999072
955.9243300000344
1092.3625999996405
775.0096899997696
849.519300000092
993.2739799995667
871.8995999996582
857.5353600000318
718.4893499998169
983.9248299996304
797.2043199997612
730.2721799998307
745.7395199998339
793.0599199998502
915.866079999714
901.7434000000437
1038.0507399996525
1006.7052599999494
872.7986499996479
762.9828499997957
770.563259999882
898.8505399997376
911.9760699998743
645.6186499998669
832.6704299999772
989.1033699996686
895.4990599998413
1047.0936499999875
793.9412900000981
899.2509999997138
751.4821600000431
757.4686199996721
934.6247900000261
823.4062599996832
1049.1503100001637
990.313759999678
771.9108400002422
948.6441999997126
736.279240000186
874.475449999978
809.3842199997594
958.0124899996714
949.9382399996093
770.7318999997095
805.9295499997273
764.9112799998879
790.4893400000075
1288.4730100001352
865.221269999755
807.2078999997826
969.5266099998394
1133.4419299998576
910.3616099996933
1010.2060100002782
1329.3869099995377
776.216489999786
956.801689999678
1032.373859999523
837.3878999998974
740.9781899997996
1360.1719799995565
1085.0063699996663
766.8331499997432
923.5415299999771
793.4549499996865
600.7512599998535
793.7172200000532
1367.5547999993876
1135.9805399999836
722.7240299999642
969.2405300001617
808.2208999997958
731.1742199998582
1054.2752400001052
1064.1374799996404
795.3072799997097
724.8345299997958
825.0853299997893
863.5604199997229
1044.1409699998846
861.0428799998393
1146.9256499995263
899.5552699996397
882.9081899996635
807.8570799997096
733.7268599998306
938.3618700002576
1227.241029999442
686.3506699998283
743.1777299999651
665.9213799997751
865.167499999673
699.4076299996813
817.1889200000513
1004.7253199996562
1116.376289999592
891.1634399997706
691.4535199997719
1144.8322899994807
1037.9186899998838
629.1316099998611
850.5521599997669
1020.873019999963
1298.841499999778
818.7103599997745
987.2150099998331
1177.5248999999455
1201.01916999997
1020.6601999996876
1384.06997999983
713.3321199997481
927.7280799996572
1005.5735199996376
948.7484899995884
735.1257399997862
715.2814499998262
1106.9019599996257
822.1259999998897
797.2075599997486
877.3980800003469
887.6666499999562
834.1844699997996
738.8585899997382
1433.4606700001068
805.0118299996471
1058.1894399999335
1018.5478399997062
992.1634299999668
864.700640000086
764.7268299997667
676.4202899998229
959.0393999999371
877.7562199997203
974.5372299997086
1088.421579999545
837.4068399997076
1034.4543099996022
869.4723100000306
1074.420799999573
864.790230000004
667.1721499998391
763.6852499997351
642.3615799998771
1103.7046299996207
999.5374899998111
998.9743999996416
1027.8937499996437
803.8734599998587
982.7218799997496
661.9180800001828
934.8223199996294
945.2264400000354
696.4295800000249
724.4353699998221
625.2632399999379
1042.6488399997072
731.3531999997624
1328.080329999446
895.2865900003103
1070.0785599999244
754.2226799999622
1295.5220699995673
734.5469599997596
933.6454499996602
751.2186899998364
844.1362199996277
971.5483199999202
642.7091099998806
1084.9683200000304
828.9043100000863
713.078449999739
738.0752799997301
968.4560899996123
1261.3940999994845
935.7566799996272
1106.5344799998402
1161.7108399997335
1165.9327699995288
642.7178299997972
802.7010999997402
859.5521799997692
669.7258999998187
950.9556699996755
976.5597700001688
686.7026500002286
1212.6543799994934
1060.8750400000374
942.4943400000578
1006.1123199996599
929.8874200000162
743.1711299997944
823.712999999744
1066.3425999995964
735.1705299999413
810.9269099997687
790.2170799999901
1069.0527199996175
1176.566499999776
1003.0955199999843
863.6753200004347
810.1018699997607
1248.8777499996045
881.9289999996898
956.2674499999745
688.8103999998048
1015.096599999912
1113.4064100001126
873.6080899997338
919.100239999953
1101.8015600000745
903.133689999688
700.7575599999503
830.695819999701
1122.530820000026
757.2652099997481
799.7053699997483
1166.7375899996625
806.9478200001066
792.456799999736
903.1971100000952
973.3546600000129
969.1174799998879
1215.6222899996
697.1022499999265
932.5957599997361
916.3680599997261
686.3606700000439
1140.4837199995372
822.7575000000583
673.809430000037
912.0384299996811
1222.6488599999186
601.7985499998131
916.3033199996341
1000.8591099997025
971.3730200005131
726.0433999997337
1286.0221900000133
1034.1318199996595
679.7813799997894
811.3576400002553
1149.020200000171
764.6636399997794
801.2818199997491
812.3562699996941
851.8232299997762
741.6890999998645
1090.3565199998955
1055.4707399995946
1364.648559999858
774.6369300000734
881.5981899997266
919.402429999656
733.4794299998496
850.1038099997673
586.7834299998541
1026.2678399997153
1171.2182399996782
1495.3901199995444
890.8708100000586
1225.346339999509
699.0025499998125
693.379309999867
1023.04683999969
1324.11379999967
910.3799799996809
898.4049900000692
950.5578399996845
732.0098099997169
1033.1323899997285
826.5984299997351
1004.0427299995852
737.3583099997969
1036.7579599997646
848.20936000001
991.2412399999793
601.0423399998016
774.6581699997981
627.9394600002666
964.3268000001024
679.6085899998043
1130.5712199997056
826.970239999802
1543.1410199999655
722.682729999774
946.3383799999597
856.0303399997462
1005.6468199998053
980.6482999997465
962.5771699996345
833.710759999691
746.7964099997655
961.1126599998779
701.9584999997853
1055.8471799995893
921.401999999638
621.5266499997379
1017.9698600002566
764.4537199996183
1513.5589899999175
932.6904599997978
743.8350599997419
1741.4070599994852
696.1163199998138
728.0978400001145
1151.646309999484
845.7240699997809
1097.9342199995608
662.8125799999607
909.2994699996495
692.3499399997991
766.259349999744
583.9192799999422
1284.1681299993847
939.7671399997026
804.5124800000852
1047.7621399999312
860.2645399996713
894.252800000135
1022.4669999995378
697.4239299997784
831.9323699999815
1098.2586099999614
1219.3625899994418
974.2928699995166
937.9468799997591
977.2359800001279
781.2367799997587
901.2085599996576
703.9103300001427
793.6737399999813
996.005089999752
1012.7160399996793
887.941389999751
1123.3907999998055
821.8031699999524
799.0017699996818
885.8795099997129
793.969739999709
1090.1352899995484
864.7593899999846
690.5615099997913
1029.3761399998502
987.3149000000227
855.152779999704
1113.3122499996034
889.839270000015
1176.7025699995559
1046.5989299999846
694.1592899998344
884.6873000000087
671.7324199998154
760.3703799997778
1249.9307099997193
911.9996099996404
618.6529499998276
663.5225199999217
731.2314099998409
926.9471699997251
753.0940199997978
1068.7537199997123
844.168749999688
1010.4963799995503
904.3671100000498
995.4420099996761
1335.8700499995746
906.1669700000077
814.0836300001689
1463.2188399994773
971.348209999639
934.8329599996633
967.233570000167
813.7224099999424
770.4672299998517
1109.1409299998327
750.7799499997533
1084.7320999998321
941.6821699996436
895.7407199997135
795.3283899998123
767.6268499997354
756.6770399997696
885.3993499997512
638.7620899998044
761.4047899997172
1184.8456999996806
813.2575099998768
664.7755199998115
890.9797100000899
737.5024799999861
1135.2472899996894
1316.4015799998008
1086.0989200000981
1216.494599999728
1057.1474599999572
1046.5363099996075
1081.992549999534
1038.9317799999903
1081.6696099996761
736.1839500001556
749.254039999812
1373.8902099993554
711.9402699997938
1052.2609899996462
726.5199199997402
1204.7887799995888
1196.555479999965
715.8192100001605
713.2054999998935
