11457.40000002415
11151.200000023036
11069.200000022738
3616.0999999978067
2596.299999998734
11129.200000022956
2661.499999998675
10576.100000020944
2583.299999998746
2221.299999999075
3216.0999999981705
10909.100000022156
7740.0000000106265
8284.000000012606
11192.200000023186
11246.200000023382
11080.200000022778
4053.499999997409
4402.399999998484
5899.20000000393
7466.600000009632
4756.1999999997715
3634.39999999779
10800.000000021759
4615.49999999926
5309.100000001783
10961.100000022345
2217.5999999990786
8413.500000013077
6326.100000005483
11051.200000022673
3725.1999999977074
11893.300000025736
8289.200000012625
8775.700000014394
2897.49999999846
11703.400000025045
6603.00000000649
3302.199999998092
6688.000000006799
11007.100000022512
1862.1999999994018
11186.200000023164
12041.400000026275
8083.400000011876
10800.000000021759
9821.000000018197
7021.000000008011
3818.2999999976228
10800.000000021759
8114.000000011987
11343.400000023736
5868.100000003817
3117.3999999982602
9644.200000017554
4518.399999998906
11418.500000024009
4188.2999999977055
3308.099999998087
5880.10000000386
11462.400000024169
11863.500000025628
1779.3999999994771
2245.499999999053
11536.200000024437
5488.2000000024345
8115.2000000119915
7301.0000000090295
2733.4999999986094
11017.100000022549
11413.20000002399
6163.400000004891
11501.40000002431
11659.600000024886
11779.400000025322
8927.200000014946
10951.100000022308
10800.000000021759
11081.200000022782
11665.400000024907
4126.29999999748
4519.199999998909
4776.299999999845
11048.100000022661
7391.400000009358
6903.200000007582
8204.000000012315
11416.300000024
8625.100000013847
4594.399999999183
10012.200000018893
11039.100000022629
3487.099999997924
4878.700000000217
4352.299999998302
10924.10000002221
11464.100000024175
7971.000000011467
10800.000000021759
7291.500000008995
11012.20000002253
10800.000000021759
2915.299999998444
4499.299999998837
11725.600000025126
11399.100000023938
10933.100000022243
11803.40000002541
11842.400000025551
2241.099999999057
3584.0999999978358
11467.100000024186
11008.100000022516
2681.4999999986567
11049.100000022665
10800.000000021759
10105.00000001923
11438.400000024081
11032.200000022603
11277.200000023495
10800.000000021759
11640.400000024816
11388.4000000239
10920.100000022196
6568.200000006364
11557.000000024513
10928.100000022225
11297.400000023568
6056.300000004501
4151.09999999757
5462.000000002339
10800.000000021759
4934.3000000004195
5753.300000003399
10906.100000022145
3400.099999998003
3021.099999998348
11389.200000023902
9495.200000017012
10627.10000002113
11173.500000023118
3409.099999997995
10201.20000001958
11011.100000022527
11289.300000023539
11380.30000002387
11678.600000024955
5301.100000001754
3469.39999999794
10800.000000021759
6631.000000006592
9494.400000017009
11076.200000022764
9823.200000018205
5794.100000003547
3864.199999997581
10183.000000019514
11402.30000002395
9642.100000017546
11482.500000024242
5733.1000000033255
4085.19999999738
11598.500000024664
11855.8000000256
10800.000000021759
11686.600000024984
11140.200000022996
4558.499999999052
5482.600000002414
5273.700000001654
2965.0999999983987
11277.300000023495
5728.000000003307
6531.300000006229
2323.599999998982
5848.0000000037435
4362.499999998339
11341.400000023728
10800.000000021759
3192.399999998192
6876.300000007484
10994.100000022465
6512.20000000616
2580.099999998749
11078.10000002277
3666.199999997761
11257.500000023423
5659.000000003056
2152.099999999138
10967.100000022367
3144.2999999982358
5103.400000001035
4754.099999999764
3180.199999998203
2696.399999998643
2772.0999999985743
6486.100000006065
10800.000000021759
10037.200000018984
10800.000000021759
11334.300000023703
2701.3999999986386
9951.300000018671
3502.1999999979103
4522.19999999892
6873.200000007473
10800.000000021759
2740.299999998603
4416.399999998535
6658.200000006691
5995.000000004278
10914.100000022174
7396.000000009375
11681.500000024966
4864.200000000164
11134.000000022974
3540.2999999978756
1990.4999999992851
11214.100000023265
3921.299999997529
7077.400000008216
11276.10000002349
6941.10000000772
8743.300000014277
12007.900000026153
6187.000000004977
2397.499999998915
2848.199999998505
4044.599999997417
5767.30000000345
11348.400000023754
5681.400000003137
3297.1999999980967
4262.299999997975
5290.700000001716
11429.100000024047
4184.299999997691
4308.099999998141
10800.000000021759
7190.400000008627
5956.3000000041375
2950.499999998412
11686.400000024983
2081.0999999992027
10907.100000022148
10332.400000020058
11354.100000023775
4225.099999997839
3001.5999999983655
4315.299999998168
11741.200000025183
11144.200000023011
10800.000000021759
3524.0999999978903
11581.500000024602
11222.100000023294
8148.500000012113
10800.000000021759
9011.200000015251
4873.200000000197
11726.70000002513
11402.10000002395
5360.200000001969
11138.20000002299
6303.100000005399
8523.100000013475
3001.3999999983657
5453.200000002307
2021.0999999992573
5247.300000001558
2578.1999999987506
2823.3999999985276
4140.09999999753
11312.300000023622
11185.20000002316
6503.000000006126
7386.000000009339
11560.300000024525
2623.4999999987094
5372.000000002012
5180.000000001313
3095.0999999982805
3364.1999999980358
3591.0999999978294
4128.299999997487
7244.1000000088225
2542.2999999987833
3311.099999998084
2873.0999999984824
11144.200000023011
3382.0999999980195
11449.400000024121
5934.6000000040585
8602.100000013763
11825.60000002549
6133.200000004781
4546.399999999008
4195.599999997732
11947.100000025932
6597.200000006469
11166.200000023091
11165.200000023087
10800.000000021759
3830.3999999976118
10800.000000021759
11315.300000023633
2906.1999999984523
6835.1000000073345
5132.000000001139
4515.599999998896
7108.100000008328
4674.399999999474
8193.600000012277
11867.200000025641
3282.39999999811
10800.000000021759
6948.400000007747
4841.200000000081
9116.100000015633
11597.50000002466
8589.200000013716
2850.0999999985033
4947.000000000466
10800.000000021759
11106.200000022873
4405.099999998494
11872.20000002566
1600.4999999996398
5576.100000002754
11195.300000023197
11477.400000024223
4037.3999999974235
7086.200000008248
2353.0999999989554
2660.399999998676
3557.1999999978602
11891.300000025729
8942.100000015
11082.200000022785
6422.300000005833
11435.50000002407
11163.00000002308
4349.299999998291
11045.20000002265
7647.200000010289
10800.000000021759
6321.100000005465
11658.600000024882
3280.199999998112
3677.5999999977507
4039.4999999974216
8146.000000012104
3016.0999999983524
4417.299999998539
8718.200000014185
11834.300000025522
7832.300000010962
5566.100000002718
5829.200000003675
11000.100000022487
4052.09999999741
2656.2999999986796
11258.200000023426
10958.100000022334
7492.400000009726
8797.400000014473
4062.299999997401
3975.19999999748
11497.200000024295
10957.10000002233
6284.10000000533
11291.300000023546
11281.000000023509
9881.600000018418
12029.700000026232
10936.400000022255
11451.200000024128
4758.49999999978
5043.100000000815
10800.000000021759
3559.3999999978582
2645.2999999986896
11163.20000002308
7826.000000010939
4090.499999997375
10549.300000020847
10123.200000019297
8297.200000012654
3442.2999999979647
11198.200000023207
3706.3999999977245
8639.100000013897
2604.199999998727
5770.10000000346
10800.000000021759
11342.10000002373
5567.200000002722
5064.100000000892
11127.20000002295
11430.200000024051
11516.500000024365
11726.300000025129
6083.200000004599
8056.1000000117765
11625.500000024762
7429.1000000094955
3239.3999999981493
3780.1999999976574
7188.100000008619
8899.200000014844
1731.199999999521
11175.000000023123
11441.200000024091
8167.400000012181
10800.000000021759
11474.300000024212
2862.0999999984924
3245.299999998144
10800.000000021759
8956.00000001505
11473.400000024209
11278.300000023499
3971.4999999974834
4298.299999998106
2462.399999998856
2925.199999998435
4077.0999999973874
11459.200000024157
8723.000000014203
8289.000000012624
11390.300000023906
6166.0000000049
11124.000000022937
11028.200000022589
8212.100000012344
8118.600000012004
11139.000000022992
4198.1999999977415
6224.300000005112
10901.100000022127
7928.0000000113105
4258.499999997961
1599.3999999996408
8616.200000013814
4914.000000000346
5432.4000000022315
4364.299999998346
10974.100000022392
4564.299999999073
6546.300000006284
11788.300000025354
3155.2999999982258
9084.200000015517
1498.099999999733
4701.199999999571
3418.1999999979867
2630.2999999987032
6797.100000007196
5049.400000000838
10800.000000021759
11243.10000002337
11695.400000025016
11744.200000025194
3000.4999999983665
3062.0999999983105
3528.5999999978862
11461.200000024164
11614.300000024721
10941.100000022272
3303.299999998091
7348.0000000092
5024.100000000746
11128.200000022953
7166.300000008539
9417.100000016728
3199.199999998186
11737.400000025169
3617.5999999978053
11190.200000023178
5627.20000000294
4897.2000000002845
10901.100000022127
3331.199999998066
11630.40000002478
11584.300000024612
3374.2999999980266
4385.599999998423
5666.200000003082
3675.299999997753
3899.599999997549
10135.10000001934
2514.4999999988086
6410.200000005789
5323.700000001836
10505.000000020686
2767.4999999985785
11836.100000025528
7528.100000009856
11528.000000024407
3808.199999997632
11157.300000023059
5169.400000001275
11547.400000024478
3057.299999998315
4193.699999997725
11461.100000024164
11434.500000024067
5106.500000001046
5444.400000002275
3359.29999999804
3583.0999999978367
11426.100000024036
5027.600000000759
11587.500000024624
8581.200000013687
6272.500000005288
3819.3999999976218
10800.000000021759
11687.300000024987
7428.0000000094915
4891.400000000263
11841.600000025548
11707.30000002506
9786.00000001807
11487.100000024258
10800.000000021759
4356.199999998316
11740.100000025179
11064.20000002272
11750.200000025216
11312.300000023622
4154.099999997581
4500.399999998841
9748.400000017933
4943.1000000004515
4404.099999998491
11610.500000024707
3085.1999999982895
2953.3999999984094
5748.10000000338
5661.300000003064
2045.1999999992354
11200.200000023215
11438.400000024081
7080.400000008227
5091.20000000099
6185.20000000497
6596.000000006465
7225.100000008753
5515.200000002533
4560.399999999059
3062.1999999983104
10924.10000002221
6091.100000004628
6592.00000000645
4247.29999999792
11489.400000024267
3533.5999999978817
4408.1999999985055
4121.099999997461
11276.300000023492
3046.199999998325
2013.2999999992644
2680.199999998658
3088.5999999982864
11245.300000023379
11658.300000024881
3489.399999997922
3494.1999999979175
4246.399999997917
12000.500000026126
8560.00000001361
8699.200000014116
11070.100000022741
3600.099999997821
5647.500000003014
11343.100000023735
11280.100000023505
7291.600000008995
8893.400000014823
5923.200000004017
4989.200000000619
11231.200000023327
7548.4000000099295
4161.199999997607
2873.399999998482
3818.5999999976225
10957.10000002233
4158.399999997597
3953.4999999975
6255.1000000052245
10800.000000021759
11709.400000025067
6841.400000007357
5694.500000003185
11691.700000025003
3825.2999999976164
3950.199999997503
11027.200000022585
3743.199999997691
7340.300000009172
2965.0999999983987
3412.399999997992
3736.599999997697
6751.000000007029
2199.0999999990954
11204.20000002323
3747.499999997687
10800.000000021759
4852.4000000001215
11491.200000024273
4868.200000000179
4959.10000000051
7061.000000008156
2861.399999998493
9440.000000016811
7606.100000010139
7869.000000011096
10511.300000020708
11455.200000024142
6049.000000004475
11267.300000023459
2419.499999998895
11115.000000022905
5901.100000003937
11671.400000024929
11120.000000022923
9062.200000015437
4392.699999998449
9542.000000017182
10831.000000021872
5828.5000000036725
3933.0999999975184
6088.200000004617
9028.400000015314
5428.200000002216
4696.399999999554
10007.000000018874
11134.200000022975
11756.70000002524
2986.2999999983795
10800.000000021759
11138.20000002299
11074.200000022756
11186.400000023164
11624.400000024758
6111.300000004701
11185.20000002316
4100.799999997387
6825.300000007299
2523.4999999988004
6390.000000005715
4006.099999997452
1785.099999999472
11196.0000000232
5534.000000002601
4050.2999999974118
11259.30000002343
8716.000000014177
11959.300000025976
7516.400000009813
11558.600000024519
10800.000000021759
5549.600000002658
10999.100000022483
10800.000000021759
2541.399999998784
9546.100000017197
5077.30000000094
3786.299999997652
8920.20000001492
5026.600000000755
6811.100000007247
4487.199999998793
3761.1999999976747
11805.500000025417
1908.3999999993598
11299.300000023575
11006.200000022509
1662.1999999995837
5903.400000003945
4147.399999997557
11841.600000025548
7369.000000009277
10943.10000002228
5681.200000003137
11236.000000023345
4192.39999999772
2080.3999999992034
3615.0999999978076
11134.200000022975
4571.1999999990985
4297.6999999981035
7824.300000010933
11352.100000023767
6163.000000004889
7551.30000000994
11977.400000026042
11430.300000024052
3676.199999997752
7756.300000010686
4387.099999998429
5086.000000000971
10800.000000021759
10918.100000022188
2496.599999998825
11666.600000024911
4273.099999998014
6014.500000004349
7547.500000009926
11469.400000024194
7226.200000008757
4848.100000000106
3201.199999998184
11916.700000025821
7254.40000000886
11486.400000024256
7269.000000008913
11166.200000023091
11742.700000025188
4359.199999998327
2258.3999999990415
10800.000000021759
3742.399999997692
3563.5999999978544
6015.4000000043525
3526.599999997888
4540.099999998985
10516.200000020726
2626.099999998707
11076.200000022764
3913.3999999975363
11944.300000025922
4938.200000000434
5334.000000001874
11708.400000025063
5759.20000000342
10800.000000021759
4833.300000000052
11582.000000024604
11577.500000024587
11586.60000002462
11766.600000025275
10800.000000021759
2901.3999999984567
5820.100000003642
11592.400000024641
5585.300000002788
10953.100000022316
11120.300000022924
8172.6000000122
6767.2000000070875
10934.100000022247
4020.099999997439
10360.000000020158
4422.4999999985575
3800.0999999976393
6900.8000000075735
10850.100000021941
9233.100000016058
11148.300000023026
2300.0999999990036
11272.200000023477
2795.0999999985534
11385.400000023888
2903.399999998455
10925.100000022214
10800.000000021759
4176.099999997661
3130.3999999982484
2541.299999998784
11165.200000023087
11131.200000022964
3627.3999999977964
11867.400000025642
10927.100000022221
11484.000000024247
11760.600000025253
11232.300000023331
11964.200000025994
11773.6000000253
3020.3999999983484
6360.400000005608
4567.499999999085
6278.000000005308
9888.000000018441
10991.100000022454
2723.1999999986188
10800.000000021759
11954.70000002596
11557.300000024514
3352.4999999980464
11054.100000022683
6019.200000004366
11074.200000022756
6465.40000000599
6405.200000005771
11937.100000025895
10435.400000020432
9613.200000017441
10800.000000021759
11549.400000024485
9738.000000017895
2364.399999998945
10920.100000022196
11393.000000023916
4172.199999997647
11667.300000024914
11345.300000023743
3302.599999998092
11130.30000002296
11533.100000024426
9773.100000018023
7384.100000009332
7450.0000000095715
11533.400000024427
2328.299999998978
8640.300000013902
3270.1999999981213
11566.200000024546
8795.500000014466
5263.300000001616
11935.40000002589
2379.1999999989316
2305.099999998999
11299.300000023575
11296.300000023564
2370.4999999989395
11729.50000002514
11048.200000022662
2392.09999999892
10935.10000002225
11220.300000023288
11316.400000023637
11263.300000023444
4364.599999998347
4174.099999997654
6966.300000007812
9198.00000001593
11324.300000023666
7711.100000010521
11152.20000002304
2790.3999999985576
4195.09999999773
1645.399999999599
4091.3999999973744
2302.1999999990016
6712.200000006887
5764.60000000344
7411.00000000943
11869.50000002565
11261.100000023436
3029.2999999983404
11442.200000024095
11124.200000022938
10800.000000021759
5400.200000002114
10382.30000002024
2970.399999998394
3681.1999999977475
9640.000000017539
2395.5999999989167
4170.19999999764
8103.1000000119475
7689.000000010441
11132.000000022967
11735.500000025162
4824.000000000018
4628.0999999993055
11408.400000023972
10231.000000019689
11210.00000002325
6041.200000004446
6321.200000005465
10800.000000021759
8404.300000013043
11766.400000025274
4982.200000000594
7446.100000009557
10800.000000021759
7025.500000008027
5990.10000000426
10299.200000019937
6949.30000000775
3455.199999997953
2686.399999998652
4515.299999998895
8363.300000012894
11567.000000024549
3758.0999999976775
8628.400000013859
4410.299999998513
2839.499999998513
10800.000000021759
4977.100000000575
11175.300000023124
11279.400000023503
4188.099999997705
10963.100000022352
8341.000000012813
6091.200000004628
4283.09999999805
5378.100000002034
5093.500000000999
4227.399999997848
5906.200000003955
8874.100000014752
11136.200000022982
3279.199999998113
11683.300000024972
11864.20000002563
6808.100000007236
6427.300000005851
11691.600000025002
10800.000000021759
8960.100000015065
5609.300000002875
11492.500000024278
2630.1999999987033
11446.10000002411
11632.500000024787
10800.000000021759
12030.100000026234
5299.100000001747
11577.300000024587
10202.100000019584
8537.100000013526
2360.4999999989486
11357.400000023787
11668.100000024917
4711.0999999996075
10800.000000021759
11766.300000025274
8247.200000012472
11548.400000024481
3596.3999999978246
11346.000000023745
11829.400000025504
4493.499999998816
10800.000000021759
4272.599999998012
11192.200000023186
9965.500000018723
2382.199999998929
10800.000000021759
2796.0999999985524
5080.10000000095
6942.200000007724
5789.500000003531
7558.000000009964
7248.5000000088385
9439.000000016807
8098.40000001193
4095.3999999973707
11231.300000023328
10800.000000021759
5848.200000003744
11650.300000024852
11713.10000002508
7274.000000008931
4812.299999999976
5153.100000001215
11036.100000022618
7614.40000001017
4357.799999998322
10800.000000021759
2296.099999999007
7948.500000011385
5469.000000002365
4431.39999999859
7188.000000008618
11011.200000022527
5348.200000001925
6762.30000000707
4693.599999999544
11665.700000024908
11226.20000002331
11795.40000002538
5739.400000003348
11031.2000000226
7604.400000010133
6340.000000005533
10938.100000022261
11172.000000023112
10908.100000022152
11313.300000023626
5195.000000001368
3095.0999999982805
11150.300000023033
10949.100000022301
11457.50000002415
2869.399999998486
11096.200000022836
8641.100000013905
9034.000000015334
5536.3000000026095
6585.100000006425
10436.000000020435
10624.100000021119
10992.100000022458
