560.5901400001644
584.5104100004079
476.2668000002914
319.1582300000044
307.4927499999974
527.6539400001752
373.47314000000847
424.47632999998
340.31260999999745
368.8882899999966
368.0289300000043
633.9338900003575
387.4163300000197
497.80904000009355
426.38024000016674
621.9547800004192
588.7796300002021
267.1681800000227
424.40676999999545
470.050650000072
479.7628700001535
461.45087999998447
340.19175000000524
548.2688900002133
386.3464700000122
469.1531399999679
417.0137500002749
366.1920500000071
515.903220000117
470.13748000002465
560.4555600003202
511.39237999997846
573.256710000328
447.9578900000976
509.3118000002842
361.85552000000547
518.1145200002129
348.03973000000155
408.7424099999808
490.3640400000429
367.00768000012977
356.7784400000212
436.3518699999976
597.6891200004688
312.1725900000255
406.98436000011213
471.24770000018907
479.6747200000409
410.0106000000048
476.65116000031
373.70121999999867
554.2238900001744
396.2765300000126
404.0340399999638
402.273660000165
423.6724999999834
596.9810100004473
437.5251599999729
369.59564999995763
489.63858999999064
359.43050000001733
483.2231300002639
401.231510000018
318.6070200000199
447.190930000055
318.50319000002173
460.470930000004
359.7491999999862
313.35907000001396
439.43202000020545
426.5371300002558
348.9086400000213
495.02797000024947
523.0192700002459
422.3639700001788
535.9002200001829
501.3332500002224
544.2584000001598
388.508180000063
552.4553700002106
333.56091000001027
425.24830999998267
380.27533000002205
367.6741099999617
513.1580199999822
362.07792999998344
426.7878600001014
378.99464000001666
320.3201100000069
350.2615399999728
472.4659099999375
594.6228300004385
518.1555299999663
459.8005299999932
353.94586000001664
509.1649800003459
548.3822600002045
512.2265900001562
466.755299999946
344.1611900001184
459.1587400002112
465.16185000010114
359.27648999999917
367.5715700000131
466.04049999999756
541.3024200002073
485.229909999979
549.5455199999744
557.9444200002163
359.9996800000061
337.9635100000006
419.28488999997893
520.9801000001972
301.61109000001727
368.9203599999809
442.1443599999251
424.44744000021734
396.4705100000247
378.5916300000143
559.5588800003436
426.7969000000004
425.44193000010296
500.8407400002336
566.3076000004272
459.4406799999863
413.08164000006434
470.28863999998725
444.02631000000025
331.3484400000197
358.1580400000166
342.46456000003263
409.23266999995815
501.0262099999661
456.1291200000246
557.7775800002347
392.840119999991
449.0549200000047
405.03696999998044
468.17774000022723
337.582120000024
510.1484000000781
372.6248300000098
478.2403900002096
470.08029000026096
448.1645900003036
555.1324300004219
458.9259299999872
481.7071099999858
362.5649499999917
522.0004400002249
383.74020000009403
380.09449000000916
515.8814300002001
521.856230000161
386.4920599999542
460.0771699999332
541.9950500001854
559.9143300004657
448.6595399999796
470.98736000022853
514.1675899999525
377.53883999999346
378.7261700000253
445.8556300000312
441.75785000022273
550.7267700004576
551.6602500002432
331.99090000000035
345.33774999998036
424.4947199999663
360.2207100000118
572.8416100002294
503.6438199999618
450.7528500000806
356.28422000001586
455.60359000001586
425.8506499999909
403.1838100001141
399.36448999996014
347.08157999999327
398.06553000005306
460.77324000021326
367.7200999999485
458.5236299999856
465.00490000023655
325.68296000001396
579.0948700002208
404.39780999999493
359.6335800000257
429.2198300002403
378.72737000000694
473.80778999998273
456.1839499999665
359.84157000002523
377.6990800000039
363.59667999999164
509.8996000000909
453.52891000008765
372.46377999999976
457.46430000011986
572.8551500002152
356.66416000000396
466.6815000002183
409.3587199999484
436.36189999995275
438.0496200000645
552.9153600002081
410.1397299999795
330.7463100000019
528.5523900000002
488.7982300000096
551.0018900001874
423.62925999999686
532.1259600002843
345.2369399999924
354.75834000002106
372.36217000002847
338.2377600000145
448.949690000216
339.70548999999266
347.00163999998966
426.4936699999923
479.9363400000326
364.0249799999823
456.8189499999722
473.50264000003693
416.6730100000014
398.34591000000773
484.3580899999418
421.40972000001113
376.83344000026324
321.64249000000194
338.09928000000144
457.5895599999696
368.56334000001885
585.6028100001938
347.5929999999873
413.01037999997794
529.176670000224
453.6355400000741
452.6283200000387
443.82935000000174
516.819790000218
422.4628499999986
596.4891700001913
522.6760300001923
373.8647500000601
367.3274800000013
473.00255999996364
359.6051799999695
736.1316400001452
323.32938000001667
492.33836000018476
394.11779999995
607.001720000228
546.5546700004669
415.4258000001243
446.4127400002263
374.32366000002787
359.99419000000665
495.1694300003292
648.7727100004543
477.02716999998086
376.2125300000539
409.1251800000469
404.1866600001217
299.34216000001214
391.3074900000191
405.64509999999916
530.0732199999869
325.01145000000537
389.7081100000357
435.51592000000414
524.5316100000999
544.2920800001667
385.2067500000439
452.7688400000783
513.6523600002071
339.80519000001027
463.98840999994144
455.0439299999603
481.415269999967
376.2667800000032
350.3539299999887
428.85701000001586
549.9862199999932
430.60315999999693
317.3096700000161
295.6323200000155
414.59510000023016
314.70240000002735
498.09231000027626
361.9253099999777
558.2173900000589
418.1299200000196
497.7735000000141
379.12984000000426
365.61774999997965
536.281580000202
375.7925900000795
335.95064000002094
530.6388700002472
457.72998000014354
342.2714699999658
444.8696800002459
340.62875999999346
381.95170000001343
434.442070000086
387.00158999999326
497.4559399999791
344.81598999997703
403.8645199999922
447.5718500001845
515.8495500002824
404.32738999996616
522.1258600002278
488.17262000005775
412.85806999998493
446.7031100001594
435.12919000000164
379.601130000153
368.41818999999646
367.6819400000069
456.7156600002261
376.85368000000597
366.49999999999017
482.9777899999639
325.4040100000233
319.6513700000256
351.40636000000217
506.62828000022716
305.5273599999889
431.0171200000165
333.66322000000287
361.82253999999443
359.20828999995894
440.64247999994114
434.07889000001006
456.68620000000936
424.2328900000347
375.91115000000855
489.00884999999687
406.0269100000116
571.1896300004079
485.59293000010564
459.01413000003186
481.8744199999929
338.14517000003434
336.97994999999725
401.55243999998885
317.6619299999762
355.5940600001448
338.69570000000806
453.2049699999666
455.74735000018137
380.4360299999844
477.04508000000567
522.2420199999799
494.5591699999429
507.76003000019017
371.6097499999642
318.23791000002853
459.9818700002374
387.2664999999813
475.9915899999651
476.1466100001422
423.94752999996365
393.9015399999773
384.24384000001896
414.2755000000084
427.72916000004
375.7964100000084
451.67946000000046
364.85048999998065
545.413570000251
485.47834000022203
552.439450000238
337.79523999999617
397.57764999997875
377.0918900000309
346.2946999999939
334.16304000001765
448.45096999996684
535.7699400000407
352.4174800000168
439.1275399999746
474.626540000191
550.2315200001176
518.2268399999384
438.75944000015625
365.7430100000038
494.7128900001138
347.8950300000119
397.85134000001017
561.8089400002024
619.2709200004809
346.2354000000175
407.7464800000092
513.8025500004564
529.9029100003094
513.6190200003472
471.45238999995144
384.26608999995557
502.24746000016717
570.1679400002253
415.63468000000915
410.4821599999573
431.9912299999238
484.4878300000801
522.3087299999189
356.33971000002117
540.4091200001772
485.5588299999161
527.577500000123
507.99936000020665
459.4868199999935
359.12195999999733
351.7149400000189
361.1294900002177
465.36427000014686
627.8975600004419
517.2378200003761
316.1729800000169
338.8057399999945
285.85194000002184
383.5657699999792
406.83885999997705
645.5595700005209
428.46200000008895
479.96518000011514
414.2188999999789
519.9367600000005
502.71676000022603
468.3155699999529
395.0018699999967
354.14291000001316
553.5618300001755
450.20714000000066
408.44665000001146
393.94659000004106
368.32864000012734
376.0636299999624
284.544500000024
373.116559999998
419.7439299999977
396.7397199999763
382.19847000000925
601.541570000144
430.71474999995655
380.70211000008095
405.0396200000237
412.9508899999994
428.5153099999653
326.50816000003164
404.70017000001025
383.66309999999
316.5382599999991
431.8509400000444
334.83483999999373
519.5195199999984
442.112400000025
459.20593000024286
468.4163800002638
455.29552999994615
425.1295300000275
340.5792799999882
500.1737600002507
420.5936400002763
377.964839999987
399.30593999997996
395.6866299999846
364.32444000003
496.12534000001403
483.09547000011247
473.0538000001754
361.8590900000125
507.6803600001787
372.7068299999669
562.0597000003467
401.29140000003224
473.1493999999449
714.8885700003224
412.35438999999
405.55053000024185
508.86963000020137
383.7710800000008
361.04433999998116
435.51166999999555
371.16664000001236
376.280829999977
475.69089000008813
334.5040700000019
507.75408000005876
379.8396100000079
581.8334600001837
311.0174200000058
380.6517500000737
342.8908599999949
597.4234300002375
484.5104999999351
546.570300000298
446.3054200000217
320.5779000000012
348.46397000000127
506.3922699999754
402.630219999982
357.62473999999156
359.69988000002877
357.32807000002487
459.9378499999825
382.6792199999572
345.8580399999609
462.1874099999905
305.4326600000002
459.59302999998266
419.5011000000268
368.69473999998655
509.656679999986
673.3422900002417
353.93535000001
385.04997999999875
528.1666100002617
488.75431000020797
569.1751000001804
467.10256000011844
464.2883399999461
455.82999999998617
597.2393900001892
445.3879700000088
496.91535000025976
480.07291000023565
422.80827999998075
434.96936999997166
471.6934900002007
382.12159000000395
369.7111299999879
485.66407000019353
320.9971500000124
357.57770000000676
429.36973000000484
447.1599000000177
284.758390000004
450.42556999994974
368.14575000000565
481.3048500000881
350.4595900000102
420.98059999994615
414.50081000003985
425.3494400001155
391.81905000000734
415.9724599999894
361.354210000025
388.51313000002915
401.86112000001106
416.4009600000202
296.6626000000294
526.9545600002407
368.2638900000036
453.7841799999894
402.78237999994366
361.28300999998925
387.49436000000276
320.7234500000184
363.77257000001066
378.8434299999945
566.6359900002027
485.31074999994183
341.36047999997953
387.6699400000072
382.8696700000078
549.9476400002272
423.1848800001522
407.643730000124
577.9951200003794
387.77564999998606
417.3484900000501
354.01400000003144
524.990820000334
367.5836699999679
322.4553099999883
443.34284999999295
367.2238799999764
339.5179700000145
440.4962700001589
401.46996999998487
306.950060000027
401.4954499999778
578.3421700004363
305.6245300000064
354.1157299999905
497.20633000000197
477.5846000002199
394.0729900000115
495.144639999976
384.34431000001894
343.2121000000005
440.99840999997235
420.88813999999445
428.84084999996514
337.14854000000537
472.75845000008957
342.2120000000152
321.8769900000073
358.54146999999494
330.8526900000321
372.49796000001066
346.0923599999989
400.8200699999996
520.7473900001914
421.26349999996927
389.86585000000247
368.0960100000221
355.07896000001193
484.1742000000584
365.67820000002234
518.4856600001797
469.6287400001256
452.5177099999845
576.1452000001635
467.4047600002562
426.737589999983
418.98763000024996
375.1472799999971
463.01618000026303
406.3270500000181
428.9860700000585
609.9511800004573
464.90944000013945
409.20032999997966
492.8157600002511
477.95878000017683
342.52740000001563
351.31546000000077
443.180460000032
504.11012000010464
415.50724999999926
406.25477999999924
400.8925000001793
666.8153800005031
496.9586900002804
370.9652800000193
458.16175000017193
462.7830300000344
359.7609600000064
533.4616200003678
572.436150000223
374.30329000003394
544.9932800002288
372.1619099999752
447.78888000010124
349.9790000000069
518.2541699999475
425.0121299999752
413.4349000000169
414.89725999995926
384.07922999998874
310.1595500000205
472.7114600002419
532.0867299999984
523.6012400002661
423.556350000099
403.17822000002025
394.32873000002024
397.22739999998254
536.5648300004293
489.1685700002116
379.31923999999213
349.0172200000103
432.88016000001926
355.2886199999714
562.104499999931
370.23186999999035
463.96370000005595
442.2915599999522
325.50389999999135
359.4298200000159
348.5199300000255
570.2257800004121
447.51597000021707
345.73831000002656
333.85294000000874
359.42387000001605
590.2624500002624
440.54816000010715
468.0015000002613
440.5638899999642
543.329810000181
384.1844499999799
372.56911000001315
409.43233999989724
417.86589999997216
365.13951000000304
358.94441999999015
531.7397100000824
556.90808000036
405.25135999996513
499.3201400001015
533.932560000264
535.2704100002103
449.78414999997136
589.1467900000966
368.7642399999923
395.03933999998793
491.0899099999796
514.0917400002178
388.42866000000635
305.17890000002967
370.762420000017
419.41658000006834
441.1501300001288
447.2732600002291
457.74606000006077
398.4011000000088
396.9668100000055
710.6829400004854
442.9410300000803
516.9727000002117
484.06185000000806
582.8785600002285
514.5250300002116
405.92609999999695
360.4827300000257
580.1863200002114
377.06495999996287
391.6991000000108
484.39378999995677
370.92401999999106
437.5630599999874
509.6270100002156
406.5884099999904
363.18295000000455
392.75116999996374
442.3344499999439
357.5968800000001
403.83814999995457
538.4947400003213
466.6346500000522
400.81642000001693
524.0673999999502
525.4590100002474
423.6548400002612
327.3526999999809
448.4619900002462
459.71403000020524
339.6502800000099
346.3629300000481
517.6654900002874
337.6669000000186
583.6968900002224
424.0743600000036
532.5205799999316
397.04146000008507
553.8488700003103
346.80615999999725
478.2756600002183
376.4690899999865
454.7998499999774
508.73591999999036
422.6661000002295
449.2422799999682
440.50249000002094
344.1381299999908
473.9092000002212
344.52952999999354
420.8008299999254
429.75477999998276
472.8323000000211
603.1880300000607
442.62602999996517
317.5468999999931
323.7164899999827
465.2476300002227
335.18506000002446
348.88564000000906
375.8787800000194
511.8092700002102
481.64384999994553
520.0913600002608
452.5860900000036
570.0414800002271
419.487209999971
329.9846000000036
404.29945999998614
465.217619999993
421.9450299999937
373.1254400000297
530.2831300000463
371.82824999996933
552.3975300001648
432.0990200000185
569.1938700003855
361.1504900000069
581.2150100001782
433.4489300000296
574.615320000181
393.5069699999908
448.6535700000279
506.21173999997774
344.6958999999951
410.95574000015455
631.1089100004208
387.7697699999805
408.58862000008804
402.9294199999923
681.9290400004127
481.1487200002502
449.59815999997045
557.6433000003025
423.1328400002578
399.46732999998574
403.38872999995607
446.5706900002448
564.7948500001726
583.6271900000888
386.4681500001129
509.62706000022973
399.8592800000169
381.4936600001424
466.1482699999686
548.46096000036
412.83734000015266
447.7216699999748
468.5490899999631
350.9630300000306
410.6247599999846
484.29933999999196
621.0164600004151
370.27974999997735
554.1481900002104
455.4439199999939
371.5237200000163
479.82628000012147
746.8169700006724
415.68336000025755
442.1776900002487
392.5148499999902
391.2592799999955
430.7409399999958
509.9793499999659
550.0520600002634
530.8671800000805
315.17011000000895
418.3369199999779
459.4692699999731
321.61139000001805
387.13925999996553
343.79252000001
453.50538999994416
396.5545799999947
477.2521300000902
473.64192000026526
491.1311400000237
335.2707699999974
396.7430100002568
461.62156000010776
520.8419300002151
419.6804600000191
334.8460100000277
326.53021999999527
379.6509599999749
379.4852600000218
360.07081000002177
423.5834299999543
439.6947900001363
459.670590000005
331.9119700000085
590.8285700004691
333.1520300000232
347.9943999999934
417.9167400000052
505.76112000012284
429.9489100002513
579.5019700000214
433.2095200000678
529.5765800002614
321.96241000000884
495.1097600002651
422.2463999999797
459.49335000009984
361.26888999998823
444.398310000084
395.6823500000056
424.9685600001981
410.8827700000077
411.9048499999975
503.4021599999991
356.9363299999705
389.2084199999982
593.4519000002407
462.470849999943
519.5930100001171
435.4071799999809
367.37835000001934
600.8832000000544
317.01922000001434
465.2522900003613
473.8863200002168
454.9623099999971
470.3072800002436
425.98580000012487
494.24951999999143
419.11795999996485
413.9217700000379
315.5346100000271
483.7405999999422
456.5171400000514
377.62419999999287
492.27724000021607
424.0564700000045
389.1462099999659
604.5734900002759
380.13957000002216
421.0932500000497
475.18100000025186
459.76388999997397
537.1884000001123
376.4653400000318
533.0808400000045
345.3612300000173
478.26751000025035
326.6073600000012
457.70951000021006
507.9762600001206
425.92151000001394
404.6048099999946
538.2427200003062
357.90108999999984
366.69340000001046
525.9468100002734
486.72642000020363
454.6338099999529
539.3175900001759
358.9055899999876
439.7731400001043
381.762520000031
381.9761799999791
520.2860300002444
446.9849100001941
395.3969300000065
597.0078200002686
383.68535999998744
443.3509600002292
401.3316400000026
363.4235699999947
451.8805500001815
392.1165600000085
413.2469400000232
440.57415000007416
374.8747900000458
446.3448600000631
413.55817999997447
460.38563999998036
451.8513400000267
435.6145699999573
412.99648000002736
339.74294000000884
447.69237999995084
393.01028999999403
497.24634999990906
466.2743499999578
419.8349399999833
434.738430000036
409.82503000012395
444.44179000011326
397.4008299999519
531.1638000001648
409.55565000001536
432.667530000017
502.310669999999
392.51081000000937
475.84652000013085
356.2440500000072
467.6208499999681
436.3407399999835
363.019589999997
452.2007800002417
413.0268999999472
557.63122000035
335.61071999999433
657.111970000205
391.090290000122
510.28670999992835
540.5589500001633
552.6672100003017
565.2952200001828
395.45209999997735
468.43027999998384
425.7177299999728
518.5864400002135
513.5873700002052
404.5376300002461
352.33896999999047
422.3444699999346
443.0962400001314
457.9695500002753
449.7392000000232
481.35422999999815
514.1624600001699
459.9687600002224
365.8101200000139
