5980.650000005458
7463.62500001177
4779.100000004857
2474.124999998845
1614.34999999942
8621.125000013832
1997.1249999992792
4431.525000004843
1977.0499999992971
1882.1999999993836
2354.274999998954
8949.850000015029
3407.375000002139
4279.575000001964
7636.525000012631
7169.475000010547
6718.7250000100585
1804.499999999564
2764.274999999231
4513.850000000548
3329.400000002383
3061.0749999991913
2172.5249999991197
7044.025000010248
2607.874999999862
3681.3499999993173
5790.325000005937
2243.7999999990548
3693.850000003077
4677.500000000648
6897.675000007562
3449.1499999980565
6332.1000000087315
4430.650000002695
6336.475000006429
2231.1499999990665
9930.550000018597
3707.80000000071
2553.9999999987726
4687.62500000173
4223.3250000052585
1645.4749999995988
7130.000000012026
8213.95000001235
3268.82500000293
5688.92500000811
3985.5750000039793
3665.4750000010868
2403.3749999989095
4725.300000004557
3661.875000002333
4647.5250000054975
3553.2250000009585
2797.5249999985513
3924.9750000040503
3784.5749999990353
6319.625000005991
2801.699999998832
2405.4499999989075
4767.075000001187
5508.000000008221
9175.250000018266
1680.774999999555
1725.1249999994534
5713.500000009284
3235.1000000002673
3798.0500000024444
3864.125000001224
2035.1249999992447
4632.100000004895
4296.700000005962
2813.8750000012697
5529.600000005346
9167.025000015818
8776.700000017434
3943.3250000035146
4774.975000005139
5057.625000004117
6346.075000009742
9228.775000016043
2813.324999998645
3028.3999999992798
3258.324999999363
4814.525000004622
4286.40000000156
3965.9750000010345
3843.050000002755
5917.350000007331
3640.7750000030996
3453.7249999992014
5240.90000000435
6562.725000010858
3068.5999999983046
3139.1249999997526
2091.749999999967
6280.375000010353
4626.5000000055725
4626.275000003765
5042.150000004463
2858.5750000025273
5065.850000004513
4831.625000004483
2367.1749999989424
2204.125000000007
6183.575000007072
5711.350000006214
5224.600000005379
6965.500000011758
9969.450000018736
1933.5249999992955
2557.22499999877
5224.000000006958
5336.350000005023
1945.9999999993256
4759.075000004826
5257.925000003935
4155.600000004148
5018.125000006532
4809.250000004866
7461.400000009613
5456.275000006097
4718.425000005824
4957.850000006356
4950.750000005051
3957.6000000010868
5737.22500000876
5380.825000004099
4863.825000005265
2889.075000000983
2781.6499999987464
2920.2250000001236
5356.175000004778
3502.824999999659
3741.0750000002254
4300.825000005088
2359.02499999895
2543.8749999987817
5236.57500000644
3755.5250000042743
4206.425000005105
7154.125000009555
2643.6249999986912
6183.250000007406
3940.5500000055335
5609.800000007814
6781.775000011377
6266.725000008088
3873.574999999259
2702.6249999986376
5333.025000004929
3915.1750000025017
4206.300000003977
6636.150000011511
4922.20000000471
3922.1249999995816
3354.4749999980904
4321.000000004085
6921.250000011373
5600.900000007447
6780.925000009328
4915.125000001124
2723.6999999992067
6121.525000007225
6209.200000007844
4249.700000004852
7182.525000011661
7307.250000010556
3018.2499999993174
3346.5500000001875
3210.675000000219
2331.3999999989755
7299.70000001146
4821.325000000552
3876.575000002587
1804.3499999994547
3284.3250000001
2519.5249999995845
5808.975000008533
5535.450000003682
2112.624999999136
3154.075000001738
4967.350000004651
3301.2500000011764
2386.049999998925
4174.500000005391
2114.7749999990638
8371.275000015812
3606.5499999995923
1771.899999999484
4989.825000005982
2317.6249999989877
3289.949999999642
3276.2749999988637
2557.1749999987696
1892.9749999993142
2742.499999998601
4383.125000002553
7395.800000011123
5221.225000004133
6243.325000009167
5331.575000005974
1803.8999999994548
4770.825000006039
3261.1499999981297
2720.799999999538
3391.400000001452
7269.4250000108195
2302.9749999989695
2506.5499999993135
4047.3500000010026
4871.150000000975
5144.275000005688
4035.850000001179
7460.32500001305
2780.8749999997663
7556.500000012335
2415.8499999988985
1621.7249999996066
5378.925000005632
2127.8749999992974
3357.9000000018523
4650.600000005343
3476.3250000017647
4349.225000002829
5430.075000006495
3579.750000000217
1972.999999999301
1944.8749999993267
3358.624999998749
3696.1499999998396
4115.7750000058795
2517.575000001062
2317.3749999989877
3222.6249999990046
3464.550000000714
5744.850000005117
2254.7249999995443
3024.549999998586
4290.700000004815
3646.8500000018753
5094.375000002248
2087.6999999991967
5196.30000000596
2010.5999999992669
6068.875000006054
4692.675000004494
6149.0500000067805
2605.3749999990046
2705.624999998635
3361.6249999986526
9490.000000017248
4435.575000005276
4925.025000004363
3080.249999998294
5616.425000006479
7936.55000001338
3619.6250000028886
5226.050000004661
4990.575000003655
2434.7250000001536
7603.000000012078
7900.850000012245
3670.2000000003823
4683.400000007028
3224.875000000815
4149.250000002388
1871.6999999993923
3897.949999999543
2019.8249999992586
3381.2250000000495
2052.8249999990976
2091.624999999161
2980.649999998559
7056.550000008301
5987.82500000521
4060.5750000007133
4871.875000002736
8185.650000014816
1950.1499999991856
4468.649999999645
3630.624999999026
2779.849999998567
2328.3749999989777
2784.624999998563
3089.549999999035
4498.625000003551
2224.599999999072
1988.4249999992353
2280.574999999021
4246.600000005496
1985.5749999992518
5437.975000006245
3670.575000000389
6148.150000004932
6223.650000007517
3652.4500000005855
2489.5499999996355
2620.124999999248
5734.175000005966
4074.5750000024336
4049.1250000056757
5915.175000006253
5109.225000005933
2621.6749999988333
4007.075000005241
4724.775000005931
2673.174999998664
3852.450000000744
3040.124999999508
3003.499999999517
4246.300000001052
3124.749999999145
5289.150000003934
4604.975000006347
2674.0249999986636
4748.1750000043985
3782.3000000015168
3715.77499999907
3834.800000003418
4711.650000005792
3333.6250000034106
2336.274999998971
3000.149999999468
4669.275000005203
4368.750000005303
2836.074999998986
7790.3000000125
1442.874999999749
3616.2000000007015
4612.775000005499
5500.0750000053395
2169.3749999992224
4249.800000002722
1988.8249999992054
2220.7999999990757
2990.5999999983756
5557.200000005723
4192.350000003047
5975.625000005987
3451.575000000676
4608.100000005604
5825.12500000599
3110.724999998983
8677.475000014241
4082.850000002948
6005.550000004794
3653.925000000462
4857.475000005737
2112.874999999174
2900.624999998476
1971.8499999996338
3319.375000002824
2391.2499999989204
2813.024999999645
3483.300000003629
5580.675000005509
5367.750000004236
4287.525000000397
3801.024999999973
5328.50000000484
2496.2999999991894
1858.174999999308
4549.100000005443
4894.075000005176
3989.9250000019747
3733.850000003537
3018.3999999985517
2699.5249999989937
4283.050000005988
4128.475000005227
4227.550000000258
4128.7250000058775
5638.150000006071
5209.700000005242
4867.025000006356
6852.575000011328
5827.125000006843
1996.8000000002173
4091.600000000415
4367.625000004744
2834.8249999985173
1792.9999999994384
6033.450000007103
5658.600000003513
3190.0249999988573
4966.650000004667
6411.6000000079675
5883.225000006017
3339.074999998059
5094.075000005352
2069.7749999992407
4255.025000002587
1924.9999999993447
3626.8500000002286
4864.575000004424
6850.800000011466
2445.000000000571
4027.549999999435
4072.97500000558
6776.025000008677
7310.200000011813
7595.800000012478
3619.8250000003954
4299.77500000463
8486.525000013342
3323.0750000020107
2940.0749999984214
3418.69999999841
3918.6250000013974
6010.450000005001
1688.6999999995596
5890.325000005276
5858.650000004606
5141.125000002929
5191.975000004985
4968.600000005469
1993.4499999992825
2224.749999999072
4430.025000004688
5126.825000002756
7542.300000011357
6120.100000009831
2350.8249999991003
2567.624999999486
1700.2749999994776
2661.6999999986747
3329.7249999980672
5182.725000006534
5246.850000005044
5446.400000005509
5615.4250000078355
3515.5250000009587
4362.725000005382
5081.550000004676
3662.275000002898
4538.025000003581
6153.550000005425
2609.099999998917
2978.850000001278
4800.375000005926
3670.0750000021144
3204.649999998924
1378.7749999997307
3856.6750000030406
2683.4999999995825
3239.1000000002614
2689.8249999990726
6891.650000008883
2656.049999999634
3058.2750000014307
4410.7750000063725
2376.574999998934
6023.575000006933
1457.5749999997697
2902.174999999253
2877.974999998478
2232.8499999990645
5098.8750000026685
3626.675000000488
5309.10000000506
5875.625000009508
5531.500000007929
5716.475000005775
2647.8749999986876
2183.22499999911
2217.299999999079
4679.625000005555
5151.975000007415
4820.00000000458
2865.324999998489
4629.100000000723
2659.499999999857
7404.300000009534
4160.550000003004
3814.6500000037677
2472.099999998772
7163.650000011869
2722.849999998688
6867.225000010957
2937.4250000004076
3778.374999999253
5848.850000008439
2741.599999998602
4120.500000006301
4716.550000005795
2167.5249999991242
2655.049999999619
2905.325000000862
3212.0249999982107
2629.2749999989114
4452.6750000040565
1860.9749999994028
3492.850000000943
3390.699999999928
5337.125000004765
1635.499999999549
4689.575000006176
3383.9750000020745
4724.875000005631
3595.9499999980476
7819.550000013353
4439.800000000852
4151.825000006076
2483.299999998837
3257.7499999991346
4035.12500000598
5030.650000005999
3687.4250000000675
2630.0000000005793
2836.9499999985155
2797.924999998551
5474.450000006387
3395.574999999548
5180.8750000060645
3788.075000003376
3705.575000000726
2150.2499999990714
6194.475000006019
7142.100000012176
3185.8000000022657
2409.2750000002056
6954.3500000088625
4745.275000005933
4457.55000000351
6428.075000009081
4806.975000004957
2643.1499999990456
7069.300000011662
4241.800000005431
4380.475000006341
6645.250000010095
3648.0749999985514
3429.224999999176
6336.55000000711
3088.199999999646
2756.299999998939
5071.300000005747
1998.9749999992773
2304.274999999
3354.82500000031
4205.225000001675
1796.5249999994614
7428.575000010911
4423.025000005841
4157.400000001806
2600.7999999998565
3339.5750000005555
4397.5500000023585
3299.425000001827
3362.100000000737
3624.8499999989363
2150.6249999991396
4804.525000006123
3629.950000000679
5870.8500000038275
2188.1749999992862
4741.750000005593
2772.9249999985786
2420.8999999997486
3497.6499999980233
6332.425000010171
2218.0999999990554
1733.8499999995188
1995.5249999991684
2739.2249999986043
4886.025000005007
7327.800000009529
2842.4999999985102
2405.5999999989076
2696.699999998997
7734.925000013669
4221.075000002476
3639.6000000034646
6357.600000008115
2679.3249999986583
3081.3500000005456
4485.9250000056145
7079.775000008267
3816.9750000019967
4512.125000002809
3541.550000001273
3255.949999999266
4215.8000000056745
4621.050000005434
3036.2249999985524
1992.3999999992639
2429.299999998936
7901.025000012533
2364.924999999531
3062.149999998531
5172.575000002809
4268.9000000048345
4693.77500000598
3986.950000001437
3536.4000000002784
4196.525000006435
3267.999999998353
2611.874999998911
4774.050000004824
2624.5499999986846
3955.0500000018737
2528.7249999987957
2303.1749999990006
2464.09999999888
3663.22500000208
2069.549999999213
4514.30000000515
2575.9499999989284
5082.000000004955
2851.5499999997346
5456.100000005483
2478.3750000001987
2760.8249999995874
4479.850000001157
1798.0749999993905
4882.825000005005
3889.8500000017166
4238.57500000153
5957.050000004479
4337.775000005864
4210.10000000037
6689.825000011036
2112.3999999991743
6695.0250000108945
4534.625000001062
6633.875000008397
5004.150000006273
5666.95000000724
3188.424999999099
6405.725000007773
4687.725000004702
2930.475000000843
2596.874999998734
3413.9000000003903
4784.2000000028675
2818.2500000004698
3161.4749999996257
4561.775000003667
8165.575000013065
6851.525000011936
2436.874999998879
5419.875000005091
8484.025000013335
4826.625000004841
5173.900000007278
9816.20000001818
2967.325000000889
4798.000000005051
2817.0999999992
4101.775000002788
1942.2749999993289
4321.000000001767
3682.4749999980927
1795.4999999994625
5041.900000004897
2800.550000000183
2709.1499999988537
6849.8500000109725
4082.300000002635
5966.625000008824
3187.050000002521
6100.87500000693
4955.500000005244
2760.8500000007166
7775.175000011717
4468.325000004653
2030.824999999193
4393.225000003404
3419.8250000000326
2546.2499999987795
4549.275000003334
3756.0249999999282
4344.925000003175
3246.874999998636
2902.9499999984555
4613.500000006294
1517.1749999997012
6687.575000011274
4409.600000005055
1567.3999999996624
3524.650000001363
2442.674999999398
5273.875000005721
3850.675000001747
5686.600000005723
3770.949999999795
5101.32500000502
3033.6249999991187
1873.349999999392
3484.2999999981853
4555.800000005129
2747.5749999992204
3153.8749999990414
5349.075000003862
7265.900000010279
3635.2500000009586
4117.250000002063
7327.075000012583
5972.375000006046
3243.5749999984246
5399.950000003265
2596.874999999064
3299.8999999992197
5424.000000004338
7322.8500000117565
2100.274999999185
6075.800000009444
2785.2999999987633
2796.900000001142
3509.5000000021964
6366.875000011361
4380.575000004314
3309.3249999994837
2105.774999999073
9730.87500001787
3542.7000000020903
6949.300000012049
3879.5750000011744
5917.150000007104
7116.300000011922
2398.4749999997966
1977.7999999992967
4980.475000005334
2899.3249999985082
2543.9499999987815
4125.799999999986
2648.099999998687
2995.3999999991843
4624.9000000047
2499.4249999988224
4235.300000005398
2899.924999998778
5050.325000006205
3171.474999999575
3823.000000000484
6047.850000007764
3084.4500000005514
5310.275000004213
3276.1249999995616
4400.7000000060525
3906.500000006283
7492.575000010961
6707.22500001261
4853.475000004302
1994.8749999991921
4186.825000001529
6043.750000007583
3087.1250000001965
4994.050000004499
6491.650000011138
4774.350000003687
2914.7000000017624
7855.275000012505
2962.3999999984017
3783.3250000047756
3077.874999998922
3198.6999999981863
4949.050000002661
4579.825000005222
5722.975000007091
4630.600000005145
2061.224999999221
5938.95000000704
2315.3999999989896
5510.525000004802
2512.3499999988107
5095.2250000048225
5846.300000006453
3133.6749999983367
2791.5249999985567
1939.0999999993257
4910.500000005102
4132.0500000056
2774.399999998572
5628.300000007207
5177.600000007456
4594.925000005692
5839.000000007058
6084.450000007089
4946.475000007011
6254.1750000096035
2395.8999999989164
3062.2500000013906
2698.4999999995653
2918.775000001182
4316.350000003754
5961.375000006985
2384.624999998927
6460.57500000992
5825.1000000074055
7787.525000013822
2240.4749999990577
7187.500000009882
3677.0750000005187
5803.225000006085
3418.6500000011897
4117.950000003322
7453.050000009583
4684.825000004687
4434.1250000039745
4753.050000004394
4994.350000005515
5488.800000006569
2070.449999999155
7950.500000011392
4244.2500000057935
3019.9999999987826
7281.775000010572
4101.8750000058235
2451.524999998866
5470.375000006015
4753.025000005661
4460.175000003643
6210.425000006429
3299.750000001907
5409.300000005609
1977.8499999992966
3969.9750000032604
2952.89999999841
5865.750000009586
3178.7500000039436
3766.4249999997555
5312.52500000591
2130.424999999158
2318.5999999989867
5619.425000006218
8369.925000013734
2116.8249999991704
7473.600000009657
6100.175000005114
2238.874999999059
6725.225000009428
9709.900000017793
4027.8000000059988
4208.050000005787
3185.974999999077
3301.7999999987524
4627.750000002874
5092.600000003561
5548.9000000077285
4090.8000000019747
4385.575000005333
2002.1999999992745
3348.9249999983817
1424.7749999997454
3408.6499999983434
1903.3749999993645
3319.900000001624
4538.775000001275
4743.850000001624
4403.30000000656
6375.525000007378
2034.9999999991762
5259.525000008163
5719.90000000534
4553.775000004575
2756.925000000427
5060.225000004737
2303.1749999990006
2875.399999998481
4445.225000003882
1916.4499999993527
2829.3249999986656
3413.325000002693
5352.475000004164
6476.275000009241
8054.800000013735
3014.5249999991815
3441.2499999985985
4689.650000005495
7903.525000011685
4354.575000005397
4455.025000001011
4029.275000002036
7388.500000009348
3492.500000003291
9386.750000018636
3216.5749999995355
5051.80000000285
4318.550000004785
3066.1000000022295
3895.900000000651
4067.60000000468
3427.825000001667
2673.3249999986638
2320.1249999989855
3799.1999999993077
4548.600000003236
7409.800000011677
2854.5999999984992
6265.775000006557
3436.524999999566
2026.0999999992528
5941.350000006242
2617.1999999998825
6346.550000008896
4907.3500000051345
2667.774999999281
5347.625000005816
3934.625000002343
3844.575000000479
3513.099999998113
2563.6000000004533
2291.9750000003023
3634.6249999988827
3385.625000000405
4833.625000003871
7349.725000011649
2839.5749999985132
5854.950000008128
6531.275000007199
3231.500000001326
3711.9750000008153
7301.575000012405
5392.125000004328
4703.500000002641
3075.15000000049
5749.100000006917
2200.3499999990945
4791.350000005575
4511.075000006049
4317.3000000047905
7238.200000010352
2896.4499999999953
4181.300000006282
5775.72500000689
4015.2250000027425
2047.1999999992336
5430.775000007325
5242.850000005483
3537.899999999168
4971.475000004196
5245.50000000557
4520.350000002105
5823.400000006826
2489.024999998832
6096.675000008267
6982.12500001277
3350.824999999143
5116.625000005198
2936.9749999991004
5253.300000005503
3869.525000004656
1973.2999999993008
5095.150000004083
2354.124999998954
3120.049999999466
4110.3250000027365
3623.800000000596
4139.40000000285
5506.625000004045
4453.725000003361
4895.500000003773
3273.3999999985117
6436.600000011218
4310.975000004796
4276.675000000601
5182.550000006175
7685.050000011068
5815.050000005447
3265.3249999992413
2921.649999999895
5475.175000004749
3818.1500000020496
3291.3749999990378
5130.125000004671
2089.924999999189
5709.775000004866
2979.5499999999465
2740.574999999267
4896.250000002902
4373.225000005134
3639.6750000004877
4017.3250000008366
3393.999999999109
4653.075000006116
7230.275000008773
6018.225000009439
2989.47500000063
5788.825000005976
3135.6500000026917
4944.825000000457
6813.800000010506
5714.975000006338
6324.025000006938
6557.650000007008
3233.6999999995332
2823.9499999985273
4846.2500000049895
5265.7750000064825
5063.25000000589
2062.524999999183
5287.9000000044725
4255.100000002599
3751.125000003298
3685.250000000037
5583.725000003463
5955.450000004885
4940.300000005802
4972.700000006692
