508.74096000018807
520.7058900003533
346.97918000000266
281.89224000001025
302.52574999998944
499.4951100003094
311.7784600000306
380.7591000002057
277.70787000002287
314.97249000001716
333.9362900000072
573.2109800003526
311.65111000001855
392.3652600001208
501.0487000003756
453.324490000198
485.66655000019057
252.88742000002475
367.39689999999683
415.59334000004594
423.2489700001318
355.0280599999733
258.2396600000258
530.079530000425
303.04808000000475
412.457919999995
416.33171000026175
286.8639499999952
377.3810900000163
342.8405200000307
411.87758000004635
402.4432999999732
514.844520000352
333.1438900000121
494.26712000025816
294.46411000000916
476.2944700002084
313.16096000001284
337.92438999999763
418.5311700000541
421.54879000021805
297.86757000002353
484.00252000019907
568.0003800004507
331.8828800001338
299.3388400000095
386.1882700001919
457.0375400000685
328.02659999999446
457.8431700003493
312.6528099999925
384.8252999999653
379.4285700000556
351.81350999996937
358.8421100001794
374.39811999997903
493.95439000019655
345.6168499999899
308.96246000000735
441.947660000025
383.12059000007434
475.0751600002296
342.7894500000232
304.77666000002654
324.23510000002096
307.5808800000182
354.2462500000126
341.17109999998223
311.808930000007
317.4206199999816
390.33307000024683
305.2857500000013
440.05415000021617
432.53942000023824
320.9118400000098
488.77129000021773
478.085200000217
534.6626500002261
518.0576400003938
624.2651400004615
295.3929900000064
361.0539199999797
283.0016100000243
325.50863000000413
453.50681000000407
370.3100300000644
302.9235000000061
470.6637000002907
308.7943600000204
341.2964200000042
460.4468200001627
455.86908000022214
405.5097800000079
386.98610000000446
347.77525000001134
530.1421700003912
459.94639000024983
360.03348000002205
362.9786400000095
317.55387000010495
399.24178000022044
388.19233000001157
347.6059999999962
306.8725600000045
500.64102000024025
346.6939100000029
355.29803999998745
533.9232400002292
555.2803200004472
297.70000000001664
299.53481000001966
369.807860000038
410.38563999999445
278.5960900000213
431.7088300002332
371.85279999996624
365.8510400001924
504.8080000002295
404.1111300002186
410.34289999997054
356.4216700000313
418.839370000238
427.4098600002584
424.1592000002157
381.14187999998416
470.9276200003107
521.4665600002032
362.98464000002014
309.5014200000526
347.4584700000175
282.24533000001315
395.2448699999877
471.0742200000009
339.7183699999565
496.3326600004606
304.4899800000034
360.3485199999882
309.88266000001136
305.21406000002156
381.2988100002214
672.8806400004506
284.3564900000144
339.0844700000156
298.8396600000294
452.8120200003093
652.5498700006788
388.6316100000123
397.96153999997756
331.04807000000756
430.9476200002277
393.1889500000899
360.1461700001735
346.90012000002315
371.6632600000006
405.07896999999963
390.7264200000085
452.7724900001988
432.81848000023405
437.81521000007456
422.24243000025956
437.58174999996123
363.8929399999899
405.12023000001346
415.34653000003885
409.6701900002329
356.4185499999785
557.5614900002766
341.3601000000178
355.87768999997604
408.6506199999908
309.0573799999976
373.74600999999427
406.78809999996827
360.6155600000748
291.0526800000233
335.8204200000141
338.79939000001417
355.26117000000426
337.782509999968
290.4437600000217
325.3644100000794
370.0482999999837
351.7775999999818
402.119040000017
302.73825000001864
275.08507000001254
380.3188600000138
400.2851000000208
264.5685600000151
306.6167100000164
325.701689999991
442.37956999996857
365.2754999999799
317.17578000001305
332.25136000000697
328.07597000000067
387.51366000005623
417.19694000007485
308.66476000000455
407.4294500001404
586.5254500004277
297.8892299999979
283.5542600000131
367.47316999995803
392.32076999997474
309.123770000011
600.1331100004209
354.2619500000003
340.67664000000167
461.34838000002907
454.5089000000218
492.75861000014584
397.719520000014
379.26395000000565
329.1072700000135
436.10250000025667
310.9460600000238
325.87789000001726
353.9163700000123
268.81462000000755
315.51346999999043
432.88858000022975
415.8287599999757
400.3235700001241
359.18210999995523
456.48676000002655
302.9194800000145
308.72745999999574
398.34652999992363
376.36086999997474
359.72681000025875
360.70940000002514
333.94278000000287
396.94741000000664
293.3709200000248
535.6421200002243
282.1717800000178
386.5576399999715
426.7406300002274
352.1711300000094
360.93084000004484
391.1269600000154
384.7662099999735
321.85197000001534
432.9622300000197
320.1683599999954
327.14635000003057
300.91799000002504
349.5327200000049
327.53573999996956
904.9174700006838
403.1126500002372
429.877840000205
349.28847999996077
443.6111899999775
444.23915000029325
358.98642000011546
402.9730200002084
351.7662200000234
318.7549900000055
432.31951000023696
507.6562700002189
459.1300699999795
333.9812200000465
294.2448499999951
350.6086700001222
269.5756600000212
417.833340000001
324.90382000001847
435.65103999998297
292.24290999999323
313.8149900000073
377.15486000003034
430.47578000010975
497.22571000017984
370.45552000004363
426.46948000010207
518.0317200004583
310.88400000000007
408.50378000000507
433.8199199999963
453.98576000000446
290.853760000012
293.3193400000053
347.25536999995705
457.3510000001086
309.88925000000637
314.5502499999917
283.9070100000005
402.59909000024345
270.50343000002385
408.4925800002526
339.5249600000558
559.9779900001656
342.73097999997634
393.5472200000693
320.2385399999878
364.8984299999632
370.9704499999696
313.1661200000315
279.1598600000182
479.76191000025443
468.8831900001641
334.1314900000037
407.6359300002449
374.15900000022754
326.1968500000006
352.24781000001013
335.64036000000675
435.5211199999965
417.9511599999703
342.61008999996614
414.7815700001727
429.59309000026275
354.34762999998196
377.69362000021357
343.8999800000123
352.58804999999506
329.60486000001237
525.1423000004511
276.545300000007
304.1526899999927
347.2592200000235
413.8434200002294
427.48971000022414
365.4966499999995
633.215840000474
268.1887700000227
360.61019000004313
323.3586699999815
462.7641500002298
259.37944000002506
428.11390000010533
321.77730000000264
333.3816899999902
309.7519699999956
391.6852599999731
319.5640599999966
472.7373500002086
331.68192000000386
474.5681300002395
531.6013300002177
391.703260000005
506.16746000020333
414.44639000012097
348.6551900000309
452.62395000004705
394.98631000026325
294.54583000002816
306.13450000000427
255.67074999999488
291.8128000000254
336.67434999998835
333.78518999996993
297.0146400000287
410.99706000027504
392.1767200000484
385.0879900000172
447.8052600000254
491.0972700002245
354.9465599999931
293.6977200000156
311.8383200000008
450.04168000022764
389.81512000004795
375.23686000001265
360.1788499999895
347.6706099999736
443.4687600002363
321.5749500000177
410.49675999993235
380.64680000024697
415.34106000002464
327.85624000001087
342.67305000000357
557.6576400003935
503.22151000025224
314.0483499999822
343.5726699999903
309.70399000002277
311.5253999999916
282.80366000002687
523.5959000002367
480.24419000012944
333.7818399999859
489.5306500001848
431.9616900001888
476.3527400000447
397.48947999996483
409.53131999992684
300.03862000003045
409.3396000001432
257.9095800000104
354.4274300000278
453.3181400002286
410.40128000002386
283.53202999999417
332.3699899999946
268.7981800000273
349.47308999998444
391.632420000112
363.79788999995174
290.2639999999991
357.3468700000561
537.7421900004655
376.0607000000197
366.0503499999643
422.1513499999452
367.233810000002
521.8078500000762
309.8507300000334
397.5720099999646
514.8053800001909
402.62042000011496
399.84030000022693
447.0904200002398
302.51317999999605
322.48755000001233
404.0827500002316
401.3751900001414
365.09027999998216
457.5649100002283
309.53455999999983
315.53041999999164
235.9130400000226
353.5777599999913
328.6901899999685
510.6495000002866
403.55461000010376
379.8521400000216
514.4305000002643
464.18519000001186
330.0068200000062
414.4209599999799
399.11297000012155
429.54357000010185
578.1854300004275
315.49496000000124
375.4660300000516
329.81545000003354
334.7361600001334
360.22126999994566
285.9359600000207
310.75707000002853
360.8566200000016
387.8550000000102
308.98302999998265
613.6492000003847
378.9628799999796
365.5157700000795
398.22572000026275
335.4341100000075
503.19277000013955
275.13700000002484
368.76027000000346
318.39842000000885
286.4568100000059
439.1590900000425
339.7851400000061
388.83193000001535
361.8448000000124
417.2477700002548
322.5409500000158
427.0323599999775
320.23025000002895
307.2408400000082
491.4419200002449
450.00576000026825
357.1378799999979
345.98556999999005
369.1013899999734
308.86111000002296
425.3010500002181
370.59048000008175
381.1667300000204
310.5408300000043
456.9962600002306
324.9441799999922
485.26781000030826
375.6483500000413
394.2030799999598
473.79694999999765
384.90660000000366
266.6511100000172
347.52515999998394
291.19259000001557
320.74366999998216
390.3993199999973
331.8155099999909
357.604589999961
490.88121000010887
301.47382000002216
450.62241000006327
341.7084599999931
510.8051700001772
275.6340700000182
432.2743000002753
352.6914600000974
449.18255999999985
393.0062099999427
456.8058800000701
380.9560699999768
381.2960400002388
338.37025999998906
374.23071999998547
385.67935000024517
317.22907000001766
276.7410300000269
330.6341900000321
385.89560999996837
419.6887099999907
408.65917000023956
389.0013700000285
307.44649000000555
371.9460100000163
339.20687999998887
300.94857000001235
418.68246000001005
631.2454600004542
375.8263300000845
332.60204000002153
384.40866000011175
322.9860700000044
458.061560000203
339.1670300000089
372.370260000004
321.24097000001086
482.9838100002413
444.02964000024133
465.03918000026374
399.3834500001343
421.3254499999559
410.48638999997587
331.73799999999346
327.522550000004
331.1144899999854
466.3670600002269
294.35018000001037
300.1211600000162
418.14247000002365
358.19934999997815
263.5513100000121
483.6312400003064
420.16207000024275
400.31974999999693
314.29717000001085
328.2535599999926
410.35448000003305
379.9183100000731
357.96183000000156
377.38620999997295
301.8010700000206
429.23691000024786
380.1481600000324
397.4592100000885
239.86725000002258
518.9352800002448
391.56377999999944
315.57745000002257
391.2611799999592
349.3323399999949
302.3190600000284
274.2619200000221
327.29277000002463
326.06018000000125
518.7469600002337
409.5034699999403
339.79246000000245
315.83836000001446
341.9503199999846
629.6453600004967
381.7867800001145
331.0370199999925
480.6306200003585
352.2351699999864
303.60812000002244
284.02479000002063
496.04777000035625
358.44071999998437
285.038039999998
395.07897000000236
392.96725999998745
279.07380000001746
351.4616800000617
359.0920699999704
275.10370000001046
327.0260700000054
413.1778899999731
308.65327999999374
369.582539999966
479.4315100000694
413.967370000226
456.35729000026726
419.45466000005973
286.25316000000043
316.52941000001664
343.3928100000227
369.96734999998284
365.11626999997475
256.9576200000226
348.15562000001023
287.0697400000116
319.5841699999787
296.00892000001926
296.1961700000133
296.69408000001465
324.3865099999987
372.0678399999722
514.1413700002007
358.6894599999541
493.1753800002147
281.9116300000231
299.25941000000716
373.9685200001019
283.64351000002506
422.4707800001725
372.4534999999919
375.6664499999937
435.558410000209
292.0566400000153
394.3827300000378
388.6986200002336
383.5627200000019
312.5023200000219
394.1582199999992
384.2821699999983
429.51286000022844
439.05453000008725
348.4624799999885
423.4248700002076
458.6605400001856
350.4058500000533
284.67648000001805
377.21995000000766
361.355949999969
324.834240000005
329.97592999998784
377.5697400001954
547.2735700004584
397.3516400002664
324.6012899999857
417.7977400002351
510.11119000028464
398.9424400002466
573.8714600004365
568.1143000001796
344.3867000000484
369.68959000001917
371.480779999996
360.859270000083
288.2627500000202
436.40668999998655
402.44078999997384
306.3565500000216
367.09944999998515
322.2068199999905
302.14304999998194
309.2837000000255
393.4462600000221
438.7697700002736
340.44393000002094
478.44847000026857
310.6280900000198
327.6258799999865
496.25146000022113
390.2111300002299
337.19073000002135
405.7578200001594
357.1325700000148
312.33431000000894
459.77479999995086
325.7398200000027
447.43076000009097
351.1948999999659
342.28695999998837
409.1434700002657
309.66341000002734
504.1486600004635
429.3866800001371
305.68963000002867
392.11886000001437
279.4242500000018
406.45075000025645
395.8078900000866
450.7854100002549
406.13381999998273
456.80731999996846
337.1881099999965
326.1059600000251
473.7831799999479
423.87469000023356
312.2906200000119
331.16472000001414
402.8541999999988
511.35634000025647
344.2570700000651
414.9773200001007
595.1737300004464
487.4434700004595
405.31134999997136
482.7844499999757
330.14415000000065
339.1467500000235
368.6755099999745
425.5670800000408
335.7154100000054
383.4208800002654
351.2362200000205
291.58426000002333
311.63437000002295
460.7844100002119
444.61051000005006
331.5005300000008
333.1701700000038
604.3440900004763
345.68306999998805
476.1439800002408
376.17435000000495
519.9440200002541
440.1516800002178
306.78727000001436
270.92632000000987
460.2923700002125
326.5878099999876
345.44179000001566
434.07987999992224
327.08147999999056
354.12368999999
386.3510899999726
396.393160000015
392.0364300002184
289.0295299999992
316.35006999996784
313.46833000001124
388.80349000001297
429.38440000027606
365.6842700000259
372.5545100000082
403.94512999997613
500.4913800002736
357.00674000025623
467.20653000021065
428.8479400002374
426.6888400002048
280.4378200000146
354.1020800000778
386.9564300000223
332.5226600000115
385.56908999998467
362.4485200002296
472.6494300000753
295.1297100000049
423.22388000021544
301.37918999997805
434.36952000022626
299.054979999998
354.36207999996446
484.9105300000559
390.696020000213
371.7910599999816
461.76057000021916
342.2583400000051
330.4118199999968
334.8000900000053
362.15742999996274
354.46880999999195
326.46644999999126
480.37796000003686
371.80360000001207
288.63847000000106
273.40221000002185
387.5239600002419
273.72124000003095
334.4404900000078
445.06337000028105
430.469930000235
416.39621999996695
331.05745999999164
428.1464400002312
379.82025000001056
419.7036600002395
262.1573400000076
388.6705700000417
365.71629999998765
349.62584999998717
319.6757700000176
557.7916000002755
346.14328999998855
464.0967100001686
467.8285000001191
743.3056200006147
341.2037699999819
506.40888000020277
402.39017999999044
492.5659900002062
333.4663600000076
443.91511000010337
442.17312000001976
404.3874100001743
380.9421600001614
543.6003900004443
334.25258999999556
319.0676200001146
354.72619000002
636.405290000394
398.97373000024686
379.8082099999979
404.2667500000551
294.34695000001636
333.99903999999754
509.3275800001731
283.4289200000044
497.4691200002564
486.38510000013923
310.1731500001072
508.23906000020366
308.3991400000075
360.80745000012007
385.1534599999978
405.0014100001226
271.2684200000179
383.31431999999216
369.5098099999813
275.97446000001327
358.7002200000139
505.6405900002187
460.13461000030736
332.46967999999885
372.7955000000953
497.1376600001961
303.54992000001494
446.42497000020956
511.03379000021744
405.3370400002552
306.89767000002183
382.5596299999847
326.737629999998
411.5952300000456
450.1998199999891
427.165270000248
497.09856000018306
298.2531600000036
343.38386000001265
338.1464099999859
298.2966100000227
387.6307399999275
312.8667900000183
347.9918399999949
336.93021999999996
493.33463000005236
481.9436700002668
400.7224400000251
311.0632099999959
308.293590000084
483.3258400002135
427.2889400002384
311.7590600000263
311.88079000000414
372.9047100000096
326.236929999974
310.0840800000178
307.8768300000104
358.6793899999719
336.31888000012617
398.66864000002556
402.7620400002454
511.1961200004654
302.5121200000016
293.9960600000029
416.80190000025317
452.7757200001532
314.70271000002515
481.52169000004267
443.02524000007287
570.2305700003811
282.7256200000144
448.7876700002047
352.9672499999693
325.3090500000086
344.35455999996356
340.72253000000796
399.11565000003503
319.23697000000624
350.314820000005
322.9015700000262
405.95713000001194
344.214239999976
418.66666000012737
434.4712899999732
404.54063999996634
539.8556600001978
394.73884999999507
321.9808500000152
447.65921000011133
305.1962400000264
299.19785000001116
365.316960000011
349.444219999995
341.2167500000165
371.8234100001289
473.2700900000228
361.0607999999769
334.81694000004006
281.0604800000194
423.26651999998603
416.8613100000322
301.1373999999944
469.36965000022303
379.7622500000042
334.42865999999844
588.0113700002671
289.80211000001765
366.6654600000388
339.53657000000845
384.350329999967
394.1762799999857
340.41109000001035
452.0104000002265
292.0779200000193
448.5742700002702
413.2605600002335
370.7801500002201
603.0658400003662
356.49807000001505
430.207640000261
513.5235400003262
334.98581999998555
307.13874000001925
368.263930000047
326.80794000000196
409.7276599999791
522.5563400001906
444.3060200002367
393.76042000012086
362.6617400000209
304.7503499999956
356.5840500000232
347.5957799999876
366.01813000001823
547.2970200003138
265.4163100000176
341.9492000000085
347.5667800000026
332.5592100000059
442.96579000018704
333.96296000000285
357.4610699999989
337.9887600000852
338.39476000006084
450.38407000007913
346.5877100000622
359.39893000000154
420.7169200001352
357.5227899999965
471.9608000002025
322.88057000001317
483.16754000000975
339.28190000000416
420.78311999997305
400.33861000000036
374.13723000001016
335.04448000001327
332.8059700000043
344.15806999995993
397.1256399999859
451.01498000021553
301.50552000001875
452.06343000015
362.0351800000104
287.3950300000249
418.62955000014085
435.00760000022325
380.0346300000165
375.5069800000308
321.37097000000745
433.5341900002342
516.5759600002206
505.4412500003784
322.919100000043
434.6427099999586
298.0103300000212
386.5386399999591
520.3763300003775
447.70171000004865
422.9709700000042
437.7835900002416
393.55036999999123
340.3680400000056
536.4651800004497
440.49287000024276
372.3368000002496
274.71242000002314
468.60269000017433
318.71131999998846
419.85312000028426
360.17218999999363
441.17354000006344
487.57660000016324
284.3934300000194
438.9096100002617
