13112.800000030173
12112.100000026532
11737.60000002517
3729.199999997704
3191.6999999981927
12114.600000026541
3563.7999999978542
11011.300000022527
3787.6999999976506
3583.2999999978365
3677.7999999977505
11300.300000023579
7740.0000000106265
8284.000000012606
11941.10000002591
12276.900000027132
11764.000000025266
4976.900000000574
5322.600000001832
6799.600000007205
8980.200000015138
5109.200000001056
4970.000000000549
11987.70000002608
6117.000000004722
5899.30000000393
11324.400000023667
3609.5999999978126
9556.300000017234
7958.8000000114225
11542.50000002446
5497.8000000024695
13863.900000032905
9884.90000001843
10753.100000021588
4131.999999997501
13540.300000031728
6883.2000000075095
4261.699999997973
6838.100000007345
11469.500000024194
3195.1999999981895
11965.300000025998
14640.30000003573
9149.500000015754
10800.000000021759
10035.100000018976
7021.000000008011
4503.599999998853
11095.200000022833
8223.100000012384
12424.70000002767
6230.300000005134
4585.599999999151
10460.400000020523
5615.500000002898
12536.200000028075
4859.400000000147
4451.599999998663
7071.600000008195
12581.40000002824
13840.900000032821
3133.899999998245
3707.099999997724
13030.700000029874
6179.300000004949
9010.300000015248
7301.0000000090295
3992.5999999974642
11455.100000024142
12558.500000028156
7496.700000009741
12726.000000028765
13330.500000030965
13416.800000031279
10404.200000020319
11496.200000024292
11199.200000023211
11651.300000024856
13845.80000003284
4530.599999998951
5970.900000004191
5274.500000001657
11482.20000002424
9142.000000015727
7485.600000009701
9662.40000001762
12523.80000002803
9059.400000015426
6377.800000005671
12229.000000026957
11805.000000025415
5601.800000002848
6752.500000007034
5670.900000003099
11601.800000024676
12540.600000028091
9706.800000017782
11029.100000022592
8455.000000013228
11589.500000024631
11132.200000022967
3850.899999997593
5756.500000003411
13938.000000033175
12448.500000027756
11410.100000023978
13672.500000032209
14404.600000034872
3597.5999999978235
3686.199999997743
12595.20000002829
11756.300000025238
3849.899999997594
11578.20000002459
10800.000000021759
10105.00000001923
12480.00000002787
11698.000000025026
12209.600000026887
11078.20000002277
13485.90000003153
12583.400000028247
11241.200000023364
7757.600000010691
12793.20000002901
11479.20000002423
12557.300000028152
6974.600000007842
4484.399999998783
5741.100000003355
10904.100000022137
7286.700000008977
7713.300000010529
11365.200000023815
4292.599999998085
4336.699999998245
12478.200000027864
10774.000000021664
11717.400000025096
12841.300000029185
4187.499999997703
10905.400000022142
11498.4000000243
12262.70000002708
12735.5000000288
13391.500000031187
5889.400000003894
5229.700000001494
10800.000000021759
6966.2000000078115
11188.500000023172
12326.600000027312
11385.300000023888
6181.200000004956
5110.100000001059
10290.100000019904
12603.900000028321
11784.100000025339
12815.00000002909
7317.5000000090895
5823.100000003653
13119.700000030198
14094.900000033746
10800.000000021759
13150.70000003031
12093.400000026464
5855.20000000377
7323.400000009111
7156.400000008503
3610.299999997812
12590.300000028272
6903.100000007582
7325.300000009118
3434.6999999979716
5848.0000000037435
5766.1000000034455
12328.50000002732
10800.000000021759
4525.999999998934
8214.000000012351
11465.200000024179
7555.200000009954
3720.299999997712
11570.500000024562
3963.199999997491
13419.80000003129
5659.000000003056
2734.4999999986085
11426.400000024038
4437.399999998612
6362.700000005616
4754.099999999764
3993.6999999974632
4182.299999997684
3887.29999999756
7154.400000008496
10800.000000021759
11090.800000022817
11049.200000022665
12363.800000027448
3784.5999999976534
11233.000000023334
5143.900000001182
5809.600000003604
7734.400000010606
10800.000000021759
4028.999999997431
5219.800000001458
8240.400000012447
6531.50000000623
11219.300000023284
7583.100000010056
13108.600000030157
5908.000000003962
11954.300000025958
4262.399999997975
3285.5999999981073
11871.800000025658
5057.200000000867
8669.80000001401
12219.700000026924
8628.500000013859
9957.800000018695
14186.70000003408
6312.100000005432
3891.599999997556
4031.5999999974288
5929.300000004039
6453.600000005947
12221.60000002693
7067.50000000818
3738.5999999976952
5454.800000002313
6479.800000006042
12913.700000029448
5391.800000002084
4539.199999998982
10800.000000021759
8747.400000014291
8079.600000011862
4093.799999997372
13236.800000030624
3136.099999998243
11336.30000002371
11904.200000025776
12400.700000027582
4827.30000000003
4737.599999999704
5550.10000000266
14149.600000033945
11771.600000025293
11055.200000022687
5547.3000000026495
13184.700000030434
12001.300000026129
9587.700000017348
10800.000000021759
9652.400000017584
5940.800000004081
13505.600000031602
12722.500000028753
6325.100000005479
11699.40000002503
6716.100000006902
8700.20000001412
3843.4999999976
6304.3000000054035
3576.5999999978426
7112.100000008342
3708.999999997722
3757.1999999976783
4398.199999998469
12358.400000027428
12019.600000026196
6503.000000006126
7386.000000009339
13280.200000030782
3662.799999997764
6264.200000005258
5180.000000001313
4797.09999999992
4810.79999999997
3826.3999999976154
6147.400000004833
8326.50000001276
3701.599999997729
4364.699999998347
3152.799999998228
12014.100000026176
3623.2999999978
12861.200000029257
7571.200000010012
10011.40000001889
14030.800000033512
7439.800000009534
5460.300000002333
5422.700000002196
14063.600000033632
7395.700000009374
11870.200000025652
12030.300000026235
11151.300000023037
5105.500000001042
11192.200000023186
12200.900000026855
4117.599999997448
7001.200000007939
5239.100000001528
6393.000000005726
8267.300000012545
5389.900000002077
9781.800000018055
13430.400000031328
5368.400000001999
10903.100000022134
8743.200000014276
6223.300000005109
9504.300000017045
12872.500000029298
9621.800000017472
3302.399999998092
5205.200000001405
11039.200000022629
11727.300000025132
4696.199999999553
13925.400000033129
2636.3999999986977
5861.300000003792
11888.500000025719
13111.300000030167
4779.399999999856
7613.200000010165
3617.899999997805
4067.8999999973958
4230.8999999978605
13897.100000033026
9826.300000018216
11861.60000002562
7346.500000009195
12713.900000028721
12016.200000026183
5854.300000003766
11942.300000025914
8302.600000012673
10800.000000021759
6925.400000007663
13021.30000002984
4487.499999998794
5278.800000001673
5012.400000000704
8715.600000014176
4365.5999999983505
6265.900000005264
9903.600000018498
13856.700000032879
10141.800000019364
6722.000000006923
6954.500000007769
11689.300000024994
5339.100000001892
3277.5999999981145
12306.50000002724
11581.500000024602
9188.400000015896
10079.400000019137
4978.200000000579
5280.500000001679
12601.600000028313
11400.100000023942
6580.300000006408
12339.50000002736
12514.700000027997
11433.200000024062
13977.300000033318
12695.800000028656
13223.900000030577
5612.600000002887
7006.700000007959
10800.000000021759
4352.899999998304
3417.599999997987
12191.700000026822
7826.000000010939
6007.800000004325
12629.300000028414
10793.300000021734
10637.600000021168
5532.600000002596
12047.500000026297
5198.40000000138
9274.100000016208
3530.3999999978846
7118.700000008366
11207.20000002324
12519.600000028015
6190.60000000499
5921.800000004012
11808.200000025427
13176.900000030406
12882.700000029336
14021.600000033479
6833.300000007328
9261.500000016162
13527.800000031682
7780.4000000107735
4712.799999999614
6256.400000005229
8336.200000012795
9924.500000018574
3143.899999998236
11823.10000002548
12862.200000029261
9549.300000017209
11188.00000002317
12903.600000029412
3068.9999999983042
3828.6999999976133
11134.000000022974
9254.200000016135
13269.600000030743
12310.100000027252
4800.199999999932
5727.500000003305
3155.6999999982254
4608.799999999235
4294.3999999980915
12844.900000029198
8723.000000014203
8939.40000001499
12574.300000028214
8004.400000011588
12088.300000026446
11851.600000025584
9499.500000017028
9868.70000001837
11856.200000025601
4832.6000000000495
7574.200000010023
11236.300000023346
7928.0000000113105
5571.700000002738
2726.199999998616
9497.40000001702
5059.1000000008735
7076.600000008213
4897.300000000285
11554.400000024503
5800.800000003572
7468.500000009639
13380.600000031147
4035.3999999974253
9697.100000017746
2585.9999999987435
5086.400000000973
3635.499999997789
3369.6999999980308
8285.700000012612
6613.700000006529
10800.000000021759
12149.700000026669
13429.000000031323
13500.000000031581
4148.39999999756
3467.099999997942
4584.899999999148
12611.200000028348
12939.400000029542
11233.200000023335
5117.700000001087
7605.200000010136
5531.500000002592
12040.800000026273
8555.000000013591
9682.000000017691
4302.899999998122
13867.80000003292
5342.800000001906
11936.300000025893
6309.100000005421
5923.700000004019
11297.400000023568
5391.000000002081
13092.500000030099
13077.500000030044
4773.899999999836
5940.900000004081
7711.700000010524
5236.600000001519
5263.100000001616
10638.40000002117
3717.3999999977145
7748.700000010658
6803.70000000722
10625.100000021122
3743.7999999976905
13370.800000031111
8067.200000011817
12918.700000029467
5781.500000003502
12549.700000028124
7029.200000008041
12645.300000028472
4301.599999998118
6025.60000000439
12513.500000027992
12475.400000027854
6288.600000005346
6390.000000005715
4659.099999999418
4379.799999998402
12909.500000029433
6302.500000005397
12900.700000029401
10504.900000020685
7726.400000010577
4576.499999999118
10951.100000022308
14113.200000033812
8294.600000012644
6418.80000000582
13789.400000032634
13351.600000031041
9786.00000001807
12860.800000029256
11039.100000022629
4725.099999999658
14067.500000033646
12012.100000026168
13188.80000003045
12221.800000026931
5775.800000003481
6711.300000006884
10862.600000021986
5918.000000003998
4716.799999999628
13342.80000003101
4279.599999998038
3807.3999999976327
6801.400000007212
7408.900000009422
3252.999999998137
12040.600000026272
12579.100000028231
8411.200000013068
5527.100000002576
6765.500000007081
7341.500000009177
7632.300000010235
6179.300000004949
6368.600000005637
3510.399999997903
11227.200000023313
7849.300000011024
8274.00000001257
4658.499999999416
12755.300000028872
5302.200000001758
5851.900000003758
5603.300000002853
12108.70000002652
3755.39999999768
3187.3999999981966
3403.699999998
4202.899999997759
12018.400000026191
13605.700000031966
4910.600000000333
3711.39999999772
5241.800000001538
14477.800000035139
8883.200000014785
10173.80000001948
11654.100000024866
4220.299999997822
7228.300000008765
12434.100000027704
12254.60000002705
9150.600000015758
9962.600000018712
7636.300000010249
5394.600000002094
12036.500000026257
8934.10000001497
4627.199999999302
4022.699999997437
4971.500000000555
11875.700000025672
5548.600000002654
5201.20000000139
7991.600000011542
10800.000000021759
13211.900000030533
8440.200000013174
7468.70000000964
13109.600000030161
5265.200000001623
5027.700000000759
11629.500000024776
4238.299999997887
9330.700000016413
4313.599999998161
4854.80000000013
4891.600000000264
6751.000000007029
3582.599999997837
11995.300000026107
5603.000000002852
10935.10000002225
5901.000000003936
12778.000000028955
6280.600000005317
5180.200000001314
8232.400000012418
3866.399999997579
10365.100000020177
8123.00000001202
8011.100000011613
11708.100000025062
12447.600000027753
6587.300000006433
12138.600000026629
4080.999999997384
11784.50000002534
6235.3000000051525
13501.800000031588
11874.100000025666
10117.900000019277
6236.200000005156
9803.100000018132
11693.50000002501
7078.700000008221
3933.0999999975184
6639.1000000066215
10428.600000020408
6677.700000006762
6050.000000004478
10158.100000019424
13520.400000031656
13496.70000003157
4142.79999999754
10800.000000021759
12012.300000026169
11761.200000025256
13113.700000030176
13245.000000030654
6796.400000007194
12006.300000026147
5794.80000000355
7655.70000001032
3781.799999997656
6745.300000007008
5436.8000000022475
3293.5999999981
12040.500000026272
5704.10000000322
5029.900000000767
12151.600000026676
8897.100000014836
13886.900000032989
8779.200000014407
13288.800000030813
10800.000000021759
6904.200000007586
11558.500000024518
10939.100000022265
3711.6999999977197
10060.500000019068
5724.3000000032935
4512.699999998886
10265.100000019813
6558.400000006328
7364.200000009259
4691.299999999535
4486.599999998791
13440.400000031364
2756.899999998588
12516.400000028003
11426.300000024037
2859.299999998495
6992.500000007907
5565.300000002715
13545.600000031747
8769.900000014373
11442.100000024095
6500.000000006115
12540.30000002809
5838.600000003709
3326.39999999807
5980.100000004224
11793.400000025373
5103.300000001034
5993.200000004272
9556.100000017233
13116.800000030187
7223.600000008748
9670.60000001765
13992.600000033373
12988.100000029719
5866.30000000381
8615.20000001381
4387.099999998429
5197.1000000013755
10909.100000022156
11259.20000002343
3771.5999999976652
13165.500000030364
4273.099999998014
7248.5000000088385
8702.90000001413
12716.500000028731
8382.000000012962
6454.40000000595
3933.9999999975175
15084.500000037346
8969.400000015099
13260.800000030711
7384.100000009332
11941.500000025912
13650.500000032129
5787.000000003522
3707.199999997724
10800.000000021759
5535.500000002607
4963.800000000527
7106.300000008321
4765.299999999805
5410.600000002152
11962.100000025986
4515.799999998897
11621.500000024747
5378.300000002035
14019.30000003347
5337.300000001886
6638.80000000662
13437.600000031354
6827.800000007308
10800.000000021759
6612.000000006523
12918.500000029466
12770.600000028928
13280.100000030781
13249.900000030671
10800.000000021759
3837.0999999976057
6899.000000007567
13154.200000030323
6452.200000005942
11410.200000023979
12548.60000002812
10092.000000019183
7679.600000010407
11323.400000023663
4520.599999998914
10484.10000002061
5891.900000003903
4962.500000000522
9108.900000015607
11182.40000002315
9723.600000017843
11960.50000002598
3394.2999999980084
12208.400000026882
3403.7999999979997
12621.200000028384
4770.399999999823
11132.000000022967
10800.000000021759
4515.199999998895
4830.10000000004
3260.79999999813
11835.500000025526
11760.400000025253
4714.3999999996195
13715.800000032366
11373.400000023845
12552.300000028134
13757.80000003252
12119.70000002656
14281.800000034425
13379.500000031143
3900.599999997548
7829.700000010953
5755.000000003405
7087.400000008252
10034.100000018972
11697.100000025022
4258.999999997963
11666.600000024911
14255.100000034328
13093.200000030101
4819.300000000001
11851.100000025583
7708.800000010513
11773.5000000253
7905.300000011228
7703.7000000104945
14280.20000003442
12206.400000026875
11455.500000024143
10800.000000021759
12962.100000029624
9869.100000018372
4204.799999997766
12192.000000026823
12410.800000027619
5305.800000001771
13622.500000032027
12281.000000027147
4773.899999999836
12247.700000027025
12886.000000029348
10280.300000019868
9547.900000017204
7581.1000000100485
12946.600000029568
3471.899999997938
9672.500000017657
4425.4999999985685
12931.300000029512
10031.800000018964
6079.400000004585
13848.000000032847
3290.7999999981025
3555.299999997862
12325.300000027308
12277.100000027132
4117.299999997447
13920.20000003311
11787.40000002535
3708.8999999977223
11452.100000024131
12387.400000027534
12298.100000027209
12255.200000027053
6142.900000004816
5827.200000003668
7723.200000010565
10546.000000020835
12495.400000027927
9141.200000015724
11809.700000025432
4120.79999999746
4913.500000000344
2582.9999999987463
5147.500000001195
3308.799999998086
8422.50000001311
7252.500000008853
7411.00000000943
13729.500000032416
12541.500000028094
4208.69999999778
12649.500000028487
11816.100000025455
10800.000000021759
6559.800000006333
11959.200000025976
4603.599999999216
4555.599999999042
9640.000000017539
3870.999999997575
4438.099999998614
8602.200000013763
7689.000000010441
11781.400000025329
13554.50000003178
4824.000000000018
4646.499999999372
12509.400000027978
10302.000000019947
11943.80000002592
8014.700000011626
7452.500000009581
10800.000000021759
9746.800000017927
13596.200000031931
6172.800000004925
8707.300000014146
10800.000000021759
8880.700000014776
7119.70000000837
11116.800000022911
8504.90000001341
3804.1999999976356
3987.499999997469
6076.500000004575
10243.500000019734
13143.400000030284
4651.29999999939
10218.500000019643
6024.700000004386
4116.699999997445
10800.000000021759
5441.400000002264
11926.200000025856
12467.400000027825
5636.9000000029755
11518.300000024372
8341.000000012813
7451.300000009576
5356.200000001954
6240.400000005171
5996.500000004284
5427.300000002213
6923.300000007655
9843.200000018278
12860.000000029253
4564.299999999073
13731.300000032423
14103.000000033775
7056.200000008139
7767.900000010728
13274.30000003076
10800.000000021759
9721.400000017835
6969.300000007823
12982.9000000297
3544.5999999978717
12754.50000002887
13149.700000030307
10800.000000021759
14267.000000034372
5842.400000003723
12868.100000029282
10480.200000020595
9856.400000018326
4041.9999999974193
12581.900000028241
13342.100000031007
5583.800000002782
10800.000000021759
13399.000000031214
9085.20000001552
12834.30000002916
4524.599999998929
12325.200000027307
14008.20000003343
5825.500000003662
11095.200000022833
5526.000000002572
11931.500000025875
11169.600000023103
3587.6999999978325
10800.000000021759
3808.7999999976314
5333.200000001871
7764.800000010717
6849.400000007387
8009.200000011606
8908.500000014878
9439.000000016807
9498.300000017023
5270.400000001642
12062.20000002635
10800.000000021759
8209.100000012333
13224.500000030579
13525.400000031674
9276.400000016216
5628.700000002946
5879.300000003857
11602.100000024677
8720.800000014195
6274.800000005296
10991.100000022454
3618.3999999978046
9130.300000015684
5469.000000002365
5260.700000001607
7261.300000008885
11499.200000024302
6747.000000007014
7868.700000011095
6046.000000004464
13289.600000030816
12325.90000002731
13660.400000032165
7007.800000007963
13031.500000029877
9051.000000015396
6340.000000005533
12746.40000002884
12008.500000026155
11296.100000023564
12662.500000028534
5479.200000002402
4074.29999999739
11932.60000002588
11335.100000023705
12833.500000029157
3709.6999999977215
11880.40000002569
9044.300000015372
9211.100000015978
6653.800000006675
7339.100000009168
10570.100000020922
11430.200000024051
11361.400000023801
