346.4718799999819
529.7515000003972
334.5413800000562
261.14093000000815
256.7604799999985
533.1238200002664
261.7427200000052
396.81121000019766
267.8906700000032
280.6161800000218
303.1766800000106
442.0660700002052
274.44614000002053
401.436930000087
361.7695500001492
426.39828000019145
521.341250000417
276.43018999999543
330.88220999999214
309.0134099999974
324.1714700000977
351.28627999999117
303.3948399999977
484.25243000043776
300.7167300000008
332.61917999997496
377.7203900002633
271.50393999998795
342.11487000002955
316.13070000000084
365.082440000035
383.94173999995445
494.807390000318
311.9782799999742
306.25930999998536
235.37830000001512
428.35645000023663
268.9122399999902
331.3260199999723
415.6669400000395
298.03509999998647
280.2331200000147
391.01548000023564
542.482520000375
311.3944100001203
308.4628500001023
376.46174000020414
400.9317200000567
276.31311000002245
463.5499500003218
267.62917000001
361.9387699999717
327.226039999988
323.58272999997604
266.2844800000059
296.3417599999933
334.1582999999597
338.14579999995266
296.82042000000297
396.0247899999851
283.65629000002673
423.67088000022005
288.917950000026
267.6183400000129
435.4106700002828
299.78324999997955
303.6170800000203
278.69998000000004
270.4106899999889
287.3087899999957
267.7674000000161
249.10971000001675
363.9529400002517
286.4346099999894
374.9903600001712
369.63767000002275
391.1743200002262
469.5589000002136
282.4910800000131
556.7497600004494
267.77956000002087
313.7658999999814
259.3579100000226
325.2691599999608
392.07498000008803
278.9385700000009
291.8432199999936
338.2896200000554
375.46807000012916
277.2559900000135
364.3718899999605
422.29190000020986
329.0721199999927
364.02836000000383
288.5313000000006
534.2564100005197
420.16565000021563
366.03958000011886
346.30549999998095
217.59412000001777
313.2551099999634
325.1112300000156
256.527040000001
275.4304499999978
328.5162199999824
325.47242999999435
421.5529600001952
437.2813800000302
345.34187999996544
289.9507800000184
253.64511000001633
429.5215800002306
463.89997000021884
252.77371000001511
399.57728000022644
358.1304499999774
338.8164800002098
364.39509999998415
289.6888499999905
372.52712999997783
294.7099200000186
285.4932199999865
392.5851300002177
393.65461000021054
385.84011000003585
287.1886500000118
431.64831000020365
407.71387000024515
306.0820700000311
247.49784000000923
247.41220000000445
346.61430999997776
410.40069999997945
307.1026699999968
508.67419000046493
243.7026200000177
308.8543299999925
358.3734399999814
382.4767300001746
282.2232300000115
387.6093400000084
262.49366000001004
365.4627900001022
272.6741700000255
316.7952700000786
596.6985500006853
315.7378399999984
333.86844999999084
308.6999700000138
402.67499000022553
362.3614800000905
279.9866900000219
345.09318000000394
311.3527799999884
360.4707699999727
353.9779299999799
436.7305100002142
410.9689300002051
348.9880599999968
288.57363999999774
450.8690200000105
314.3478599999718
510.88456000029123
451.90604000024354
351.1875300002398
262.9639600000117
438.3920300000534
320.7654499999876
332.02532999996714
341.2489799999899
278.65916999999035
416.02738000021475
326.76775000001004
438.809620000078
225.85157000001686
294.2480200000049
314.35535999997967
364.6800500002446
294.9069999999806
272.46922000000205
345.2591000000613
311.6286700000077
280.54907000001083
325.31040000000803
281.37194000000835
251.40443000000997
478.82086000032956
365.9147200000263
246.45231000001357
352.18891000023433
302.300239999991
392.86498999998037
348.5990999999894
260.09836000001013
276.49152000002704
315.15010000000825
413.19775000012856
447.7076400001619
281.4401899999914
393.2980400001463
372.65321999993205
276.0878999999977
291.41514000004054
360.16373999996597
353.5383599999727
333.7493600000802
444.4834300002177
286.9467700000007
300.3090200000054
445.5603600000071
350.284750000036
442.64168000018276
366.16161999999
419.0859700002444
307.9315999999959
405.0904700002585
273.6681100000126
272.9153000000146
364.9901000002303
271.58589999999367
291.6232399999758
333.1649099999899
361.7813299999816
362.3151400001261
471.4807900002217
395.55802000005343
283.2241300000071
255.32428000000752
350.42511999995963
307.4203999999696
225.9204800000165
333.5838800000485
281.73381000001905
291.06178000002205
295.7278400000233
383.133629999992
301.55578999998306
336.0913499999696
386.59343000023784
325.11268999997594
328.25613000005296
276.9381100000266
323.40774999998894
302.0193500000082
439.7100699999846
277.04950999999687
282.17575000002444
288.7558599999968
355.48413999997007
316.0164399999538
827.1256200006796
254.0559000000116
382.0482400002321
349.16880999993305
490.2655200002272
447.795620000454
248.582380000017
374.473840000222
340.19081000016905
300.66865000000234
314.76102000005704
458.0963500002392
398.8533499999979
243.00057000002099
286.73316999996996
382.5810000000878
268.71596000000227
381.7960200000021
281.27095000000395
328.70545999998495
257.93141000000264
281.7577000000107
335.8624300000245
433.75868000009064
480.4754900001956
355.05248000002035
351.3227200001153
420.48116000020366
286.72635999999727
420.58205999998626
432.9412499999861
395.211359999992
290.57108000000676
264.18933000000845
333.7702399999724
357.79136000002364
318.02609000001064
276.7784899999964
250.6686500000027
380.24120000023277
244.9973800000163
392.05970000025513
300.35364000000004
386.6701000000019
302.01784999998034
355.73886000000573
258.9127600000091
325.41428999996134
363.69052999997604
363.5808600000913
346.41746000023454
367.75979000003457
431.1257600001525
284.23724999998865
382.75937000023913
238.21693000002077
321.0487600000052
317.9351399999874
303.7498700000151
361.18109000001715
329.6707199999871
313.59016999999363
314.6042500000549
410.5948700002689
348.6710999999845
387.8976100002181
306.3581700000011
318.8989499999937
306.37177000001486
412.8295000002103
322.386670000144
277.26202000000137
334.8893099999778
364.8453400002051
352.3054900002424
319.3178699999892
596.9155400004499
239.478340000018
312.6481300000401
414.3920200001981
310.38881999998176
226.09189000000492
368.37803000010865
277.3784700000028
284.96667999999545
285.14339999999
376.15973999996436
372.4785200001484
475.79484000021046
368.0069500000328
442.9658000002359
503.9329300002493
304.33473000001084
543.791870000421
415.10941000007983
325.992839999988
375.79669999999226
258.22685000001775
297.70890000000463
320.05765999997095
240.46650999999835
239.3062600000236
294.84371000001374
317.7710499999971
246.79918000002067
274.7843999999983
456.56867000011493
329.76135999999656
409.06639000000825
412.49079000009243
296.90819999998314
238.31933000000714
376.0133900002336
310.8094699999876
331.9920499999751
310.3500500000002
296.66629999999935
285.120720000017
308.6253800000131
290.8181400000161
301.34053000000023
367.49836000024743
422.93489000021793
359.9101300000295
517.5617700004993
375.66731000018734
361.30169000002394
221.82184000001263
369.3918899999787
289.1766500000221
247.71506999999963
279.5942700000076
323.5307699999703
441.8467000001734
292.2089299999997
371.7792999999697
404.49967000019416
357.78099999996016
337.3259899999778
316.7823199999842
296.00710999999296
297.46802000001503
233.81764000001206
301.1787500000245
432.76484000021105
447.8259700002017
215.851980000016
328.72579999999766
346.6876700002491
492.90752000032137
334.67677000010536
525.8314200004418
347.22728000002286
415.7713000001222
514.6772000004839
328.23713000001044
314.38835999999515
411.3894099999465
360.22698000007813
509.04790000011434
262.0206900000224
385.82817999993813
463.80234000018305
358.8360200001209
409.24347000021174
335.4628600000382
249.53096999998706
286.36133999999146
391.4693500002236
387.31816000013384
459.70128000021623
324.75654000000867
283.9635399999968
300.2357299999851
248.96216000002104
289.50219999997285
292.72770999996715
393.82414000025267
345.91048000010267
325.28340000002044
448.04790000027475
420.23192000002354
406.02979000023987
303.8328300000122
299.43205000000734
284.8866099999912
437.3948600002173
280.8173599999869
286.6405500000051
248.2865300000156
328.58310000013296
271.43768999998457
256.0578800000175
308.99442000000255
305.34605000001176
312.8531799999878
313.21185999996413
555.0101100003699
311.3528899999724
318.5234300000681
377.87042000025474
312.4598300000087
311.43084999999576
231.47803000001792
303.9171900000144
274.6086300000119
249.9020000000012
413.5408200000755
333.6487999999812
342.69664000001546
323.22928000000417
374.49069000023803
297.5685799999923
372.24253999998547
302.2834300000298
277.7163599999904
313.4006
278.47934000000566
425.1364300002005
280.70749000000336
333.1116599999706
284.81064000001885
411.56997999999095
353.19608000009424
327.14855000001506
277.5552200000006
417.1977700002083
254.3032399999978
438.6580900003139
299.06194000001244
376.8826999999772
403.3033500000144
341.10457999999335
326.05930000025296
355.53060999996893
279.4324200000039
239.37325999999743
308.7421800000022
333.61298999996126
262.11799000001423
446.7207500002959
296.1021200000162
393.4977800000768
356.86769999999393
469.91850000017473
250.14722000000143
312.4373700000552
341.8848800000935
368.4849500000057
350.1954599999474
623.2895600004292
361.1980499999918
240.50793999999834
308.7541299999898
388.63421999997155
307.97840999997356
279.33814000001723
257.13792000002184
277.5475600000321
354.5539499999614
319.14780999997055
356.80399999996365
337.64068000000805
244.0754700000212
358.7120200000009
362.6369100000161
252.30026000000652
412.93769000000566
508.1897600002445
258.5943700000079
342.58819999997706
332.4982500000143
266.0354000000081
420.64439000017927
404.0010300000728
355.48569000000106
303.42651000000063
572.644020000433
312.03158000002446
307.3811200000219
310.38307000002567
399.013759999974
322.94017999998874
249.10398000002294
278.2488099999975
280.7984099999809
421.0256600002109
253.11842000000482
281.0271099999838
380.9637400000278
405.04400999996267
210.84153000001598
480.35359000029797
360.58785000023687
366.9076900000827
297.4180300000027
289.3512399999752
313.7728400000085
338.023900000106
301.29560000003045
296.78154999998105
268.9339500000174
257.7794500000194
309.1353399999947
328.0012900000108
208.08468000001747
429.0448000002366
304.1889000000091
343.50133999998366
334.9344299999555
448.7390900004084
285.7255499999942
271.32980000001555
296.333640000003
275.4308500000005
415.23330000004955
446.66580000021764
313.7054399999921
307.45280000001367
296.02930999999234
462.8717600002362
334.5742700001468
398.78671000011593
374.7047000001183
293.17322999999743
292.4404000000209
321.64659000023676
506.0254700003268
349.9986600000704
348.09360000010946
340.4991599999969
324.9146399999786
338.826540000233
358.7415100001374
304.6337799999942
261.82220999999095
297.0696000000067
485.1211400003717
229.04164000001637
268.5255699999911
412.2167400000215
390.30999000024093
293.23030000001563
362.9769999999828
295.4535300000244
383.2986500002452
304.8094100000013
300.5896000000007
437.79115000019846
234.1997400000181
299.079140000007
276.89526000000353
276.2653899999968
260.4568800000101
286.288650000005
270.6788000000126
374.84021000021755
343.7763299999754
395.04010000022726
328.9712899999719
446.62639000022193
264.04511000001696
274.36015000000026
395.1228400000741
261.6618600000179
414.3947200001757
371.66579000006544
325.22116999999963
462.36697000017193
369.925480000246
411.86055000000067
360.3192200002255
325.0163200000121
380.4979400002483
312.5649600000306
445.6043600002902
474.5216600002327
316.4293899999895
337.3127799999627
393.35794000025766
375.5429700001862
271.49404000001846
262.90071000001075
350.8468499999994
396.9315300001097
353.94915000001333
329.5162399999761
344.15717000019896
343.7029000000273
370.9157300002363
306.5643700000006
428.25001000019984
313.8062300000117
380.59896000022655
453.0560600002955
431.78350000020953
290.624340000046
307.4965700000137
334.34969999998276
262.52279000000044
235.9817500000172
396.94665999996505
347.5221299999854
284.08708000001513
309.6372299999927
286.57377999999125
277.6008899999925
305.4146700000028
361.3247700000258
321.6359200000025
340.03392000010217
326.69791000002425
296.957450000004
325.50725000001023
384.62654000022303
389.4303200002222
278.9824299999982
283.91542000000794
269.1516900000221
294.0711299999855
344.5232999999706
288.9991299999828
429.80754000011694
346.43930999998963
330.9716499999998
382.67861000026244
269.35284000001707
455.0490000004135
474.5752500003779
267.7082800000199
305.7334099999829
295.2437099999804
284.23251999999326
359.66104000007954
344.15388000001667
330.8044499999885
500.24372000017706
336.59746999997355
264.1897000000118
398.36227999992826
415.03614000022094
314.1762099999916
291.2200099999988
451.0068300001107
352.9989800000236
365.69205000002876
385.4611200000766
468.34811000021807
581.4539100005263
343.41471999998043
481.2816800000998
311.6253400000037
322.2985799999942
329.0061899999826
354.5817500000188
275.8596200000107
294.17914000013917
334.2824300000102
264.4395000000186
269.3409800000156
349.0422300001945
393.19950000006844
268.5811800000047
286.4525899999941
493.42543000029065
363.2099400000787
423.1735800002387
359.8439900000028
388.7545800000048
318.0330899999853
271.95841000001946
264.3977000000094
418.81908000020684
290.9347799999926
338.10363999998555
412.18258999993014
296.71078000000927
331.0416199999999
424.4065700001918
363.61255000001603
357.71796000024136
318.31260999997704
426.36917000022265
328.1963499999785
398.4387699999854
444.241770000307
358.761530000019
342.215349999989
395.08175999997314
335.8380200000226
320.1771200002524
394.71012000022324
396.1539300002253
373.1476100002381
241.2406400000126
226.32187000001954
357.5572800000457
279.5006500000142
367.30865999999463
274.8773200000264
500.5924200000647
361.09998000004896
413.49637000027184
256.46911000000495
359.1208300002195
281.3948399999961
344.1506599999783
355.3664000000649
273.61621999999375
464.8174700002748
356.84523999999954
304.1920799999991
324.7550799999912
270.98002000001486
434.40393000020936
361.2535399999852
336.96895000004866
433.1589800000219
331.8106400000063
307.6648499999906
267.8804600000079
341.6115800002369
232.1980000000152
298.8548600000037
353.4096499999872
418.35898000027396
395.1071099999832
344.43763000001013
342.3580999999897
456.0224800002299
361.78155000011196
255.6036599999998
298.720569999994
324.6983999999969
345.8127600000424
269.47157000000834
428.3443700000389
298.6929899999881
356.8481799999915
428.8490800001163
511.74068000029763
336.0733999999877
447.6669500001662
331.66198999999403
415.7651100002108
337.3182600000526
360.40247000006724
506.2559400002498
269.4633599999926
382.54689000015946
508.58449000043487
419.87826000021573
308.29272000010883
308.39485000000906
508.528610000238
279.3404800000083
332.1837200000048
367.6731000000582
353.96511000024634
286.832889999993
344.01989999995953
397.0598700002158
343.1689500000902
451.70647000011695
298.23768000010244
426.998600000216
292.3266800000118
324.18411000014225
364.2182800000088
373.2744700001167
263.2188800000062
316.5684899999807
437.3157400002578
267.51799000000415
320.99817000001747
343.0335899999898
503.9108600004077
322.05441999999573
281.69414000001314
410.0513700002344
286.9562000000107
482.76633000039567
612.1673300006726
376.067370000254
393.0152900002442
325.8259599999856
292.5755499999886
428.0141600001186
484.1101700001179
329.3166700000347
350.3677500000013
257.3948400000023
305.1416799999897
328.551859999985
246.97621000001814
342.0480699999349
258.9639300000004
304.1131099999969
346.2237300000029
403.69858000010163
326.4553800000139
493.66985000028836
226.55772000002014
390.10974000030853
494.19310000032766
412.75452000022864
339.55189000004094
369.27726000018606
312.81179999999483
294.99759000000296
281.72368000002206
271.8215100000168
345.97887999999494
270.6227400000158
394.4507000000605
266.40020000001164
421.7378600002207
265.1976799999987
255.99538000000274
320.4422900000038
493.6921300002589
385.81002000024796
387.50117999998093
365.02274999999025
487.1441500002751
252.30049000001574
602.0112400006705
326.4624399999801
356.6144200000949
278.8352099999804
372.09761000008365
305.53441999999364
268.26601000000943
327.7682300000832
280.28351999999967
334.42378000000775
326.0521699999701
365.74774000012457
481.17673000021614
390.2911099999637
378.3846099999813
276.6812800000238
273.35055000000716
373.66090000007034
305.5577400000204
222.0708400000202
329.4258300000115
300.1656200000065
405.36566000023413
328.33949000013513
424.1492900000445
368.2581299999726
263.8730700000108
255.85538000001765
365.0092499999803
331.5345599999944
306.9910599999719
429.8317700002197
334.42931999998916
400.4504100002134
403.59785000002034
265.2520700000165
349.2566300000365
416.77294000021465
369.3918999999756
349.7498599999827
276.7470700000178
439.4048300002255
287.8185500000044
291.7226200000325
257.09041000000377
354.620450000237
429.1242900001323
296.9346100000233
393.1078600002401
358.80837000003885
289.1633399999761
295.39375000002315
345.93923000004133
335.12950999994297
342.72124999997357
418.4404100002157
406.7280000002265
338.1312599999938
332.6563000000247
276.9687500000128
322.94389000001956
293.35285999998325
316.8838799999976
540.3976400003007
261.55876000001643
274.3354300000114
287.56532000001124
265.90262000000155
462.79834000015916
314.0260199999899
338.7684499999977
386.7810400000719
276.63373999999766
375.6655100001135
335.2711100000508
325.6514600000264
360.9004600000399
363.60878999998465
510.6734000004063
289.38217000002226
399.16326999996716
441.0294900002332
499.4116000002021
395.1361500000743
345.9148099999948
325.8387300000249
398.9724900001228
329.1154199999679
280.89689000000226
390.6334800002363
275.4332200000231
358.77648000002483
277.7423700000065
303.2003800000023
362.34655000008206
291.77658000001287
356.106309999993
362.58472000003644
303.7199099999804
403.08977000025
414.4894500002294
364.1261900001246
250.58777000000643
409.8317099999767
351.8215600000939
394.6058499999459
430.5775400001956
475.3431600002428
471.83515000003297
474.7686500002414
356.5005000000105
308.8851499999828
427.06911000021137
451.36295000027457
283.3211199999828
303.7407599999953
409.34718999997955
323.71144000012663
415.0713200002824
357.5282500000036
416.5648200000882
401.6700600001879
259.21688000001564
270.61707000001746
