11788.000000025353
11084.200000022793
10987.10000002244
3616.0999999978067
2712.3999999986286
11074.100000022756
2905.299999998453
10658.100000021243
2885.2999999984713
2674.499999998663
3216.0999999981705
11106.200000022873
7740.0000000106265
8284.000000012606
11155.00000002305
11632.400000024787
11165.200000023087
4397.599999998467
4733.599999999689
6201.400000005029
7733.800000010604
4644.099999999364
3938.2999999975136
11090.500000022816
4892.500000000267
5442.200000002267
11044.100000022647
2176.499999999116
8728.300000014222
6748.300000007019
11062.100000022712
3888.399999997559
12200.300000026853
8626.400000013851
9043.500000015369
3241.799999998147
12332.300000027333
6603.00000000649
3451.2999999979565
6688.000000006799
11054.200000022684
2072.6999999992104
11479.40000002423
12395.700000027564
8413.300000013076
10800.000000021759
9821.000000018197
7021.000000008011
3781.1999999976565
10800.000000021759
8114.000000011987
11500.500000024307
5948.100000004108
3506.699999997906
9899.400000018482
4695.39999999955
11465.100000024178
4205.299999997767
3415.499999997989
6022.200000004377
11685.200000024979
12150.20000002667
2301.1999999990026
2387.599999998924
12069.400000026377
5701.000000003209
7997.100000011562
7301.0000000090295
3197.5999999981873
11036.100000022618
11453.400000024136
6612.700000006525
11577.300000024587
11903.300000025773
12042.500000026279
9453.20000001686
11073.200000022753
10800.000000021759
11095.200000022833
12412.300000027624
4144.199999997545
4929.300000000401
4722.199999999648
11048.100000022661
8071.300000011832
6861.100000007429
8587.60000001371
11575.40000002458
8768.200000014367
4916.500000000355
10352.40000002013
11081.100000022781
3543.399999997873
5122.6000000011045
4513.1999999988875
11044.200000022647
11533.500000024427
8484.300000013334
10800.000000021759
7447.500000009562
11004.100000022501
10800.000000021759
2912.2999999984468
4699.599999999566
12198.400000026846
11562.00000002453
11067.20000002273
12337.400000027352
12137.400000026624
2369.3999999989405
3584.0999999978358
11475.200000024215
11106.200000022873
3015.199999998353
11082.200000022785
10800.000000021759
10105.00000001923
11598.200000024663
11054.200000022684
11524.000000024393
10800.000000021759
11818.500000025464
11465.30000002418
10800.000000021759
6835.1000000073345
11993.4000000261
11097.20000002284
11646.200000024837
6257.400000005233
4151.09999999757
5462.000000002339
10800.000000021759
5524.400000002566
6081.500000004593
10800.000000021759
3537.2999999978783
3174.1999999982086
11567.30000002455
9890.100000018449
10743.200000021552
11290.200000023542
3409.099999997995
10166.200000019453
11100.10000002285
11432.300000024059
11655.20000002487
12101.700000026494
5201.00000000139
3723.299999997709
10800.000000021759
6631.000000006592
9674.400000017664
11439.400000024085
10288.600000019898
5665.000000003078
4048.3999999974135
10183.000000019514
11624.400000024758
10050.300000019031
11955.400000025962
5997.500000004287
4515.599999998896
11959.400000025977
12150.500000026672
10800.000000021759
11886.20000002571
11133.200000022971
4684.29999999951
5899.30000000393
5863.4000000037995
2846.199999998507
11185.20000002316
5728.000000003307
6911.200000007611
2750.399999998594
5848.0000000037435
4761.499999999791
11541.400000024456
10800.000000021759
3569.499999997849
7145.400000008463
11082.200000022785
6891.400000007539
2580.099999998749
11056.10000002269
3806.1999999976338
11660.200000024888
5659.000000003056
2152.099999999138
11042.10000002264
3554.4999999978627
5424.300000002202
4754.099999999764
3079.099999998295
2892.5999999984647
2826.499999998525
6567.20000000636
10800.000000021759
10274.400000019847
10800.000000021759
11500.400000024307
3055.5999999983164
10174.300000019482
3859.699999997585
5011.4000000007
6825.2000000072985
10800.000000021759
2798.2999999985504
4650.099999999386
6679.300000006768
5995.000000004278
11030.100000022596
7396.000000009375
12121.100000026565
5046.500000000828
11064.20000002272
3526.1999999978884
2247.3999999990515
11445.400000024107
4261.599999997972
7264.300000008896
11541.200000024455
7631.500000010232
8952.200000015036
12297.500000027207
6187.000000004977
2692.3999999986468
2833.1999999985187
4287.199999998065
5669.100000003093
11435.40000002407
5976.400000004211
3349.1999999980494
4319.299999998182
5646.50000000301
11610.200000024706
4592.799999999177
4308.099999998141
10800.000000021759
7309.30000000906
6110.400000004698
3137.599999998242
12172.400000026752
2092.4999999991924
10800.000000021759
10722.400000021476
11479.20000002423
4480.199999998767
3452.1999999979557
4624.499999999292
12356.20000002742
11056.10000002269
10800.000000021759
3524.0999999978903
11721.40000002511
11469.400000024194
8412.500000013073
10800.000000021759
9026.000000015305
5341.800000001902
12068.600000026374
11605.100000024688
5442.200000002267
11369.40000002383
6388.100000005708
8598.100000013748
3159.299999998222
5408.100000002143
2290.3999999990124
5702.300000003213
2975.1999999983896
3163.1999999982186
4140.09999999753
11527.200000024404
11518.400000024372
6503.000000006126
7386.000000009339
11751.30000002522
2710.2999999986305
5372.000000002012
5180.000000001313
3736.599999997697
3702.499999997728
3591.0999999978294
4590.499999999169
7604.300000010133
2520.2999999988033
3565.199999997853
2873.0999999984824
11059.200000022702
3382.0999999980195
11535.200000024433
6365.500000005626
8796.200000014469
12082.400000026424
6374.000000005657
4740.299999999714
4483.799999998781
12175.700000026764
6843.400000007365
11454.200000024139
11096.100000022836
10800.000000021759
4268.299999997997
10800.000000021759
11473.200000024208
3043.2999999983276
6734.000000006967
5132.000000001139
4959.500000000511
7391.300000009358
5037.100000000793
8440.700000013176
12141.300000026638
3706.6999999977243
10800.000000021759
7209.400000008696
5158.300000001234
9218.100000016004
11680.300000024961
8664.100000013988
2850.0999999985033
4947.000000000466
10800.000000021759
11054.200000022684
4405.099999998494
12443.800000027739
1991.5999999992841
5468.000000002361
11447.400000024114
11978.500000026046
4211.39999999779
7186.000000008611
2560.099999998767
3071.1999999983022
3446.0999999979613
12481.700000027877
9194.200000015917
11130.20000002296
6599.200000006476
11536.000000024436
11106.000000022872
4499.599999998838
11068.200000022734
7532.200000009871
10800.000000021759
6500.200000006116
11885.200000025707
3288.299999998105
3994.4999999974625
4283.3999999980515
8040.100000011718
3306.3999999980883
4982.300000000594
9100.400000015576
12063.300000026355
8201.200000012304
6011.200000004337
6160.100000004879
11100.10000002285
4571.399999999099
2603.199999998728
11459.500000024158
11142.000000023003
8269.600000012553
8881.400000014779
3977.299999997478
4054.199999997408
11562.00000002453
11106.200000022873
6177.00000000494
11478.200000024226
11679.500000024958
10385.20000002025
12235.30000002698
11497.400000024296
11585.200000024615
5025.600000000752
5308.40000000178
10800.000000021759
3738.2999999976955
2960.0999999984033
11120.200000022924
7826.000000010939
4251.599999997936
11098.300000022844
10098.100000019205
8640.200000013901
3939.2999999975127
11502.400000024314
3889.299999997558
8664.100000013988
2767.4999999985785
6083.100000004599
10800.000000021759
11551.200000024492
5669.300000003093
5203.200000001398
11437.200000024077
11778.300000025318
12019.400000026195
12279.500000027141
6024.2000000043845
8492.400000013364
12301.600000027222
7320.000000009099
3526.3999999978882
4128.299999997487
7431.100000009503
8815.000000014537
1897.19999999937
11119.00000002292
11758.100000025244
8219.20000001237
10800.000000021759
11731.200000025146
2862.0999999984924
3208.1999999981776
10800.000000021759
8956.00000001505
11527.200000024404
11690.100000024997
4263.299999997978
4617.399999999267
2728.499999998614
3247.399999998142
4077.0999999973874
11677.30000002495
8723.000000014203
8289.000000012624
11722.300000025114
6288.300000005345
11124.000000022937
11044.100000022647
8694.300000014098
8385.700000012976
11088.200000022807
4198.1999999977415
6585.300000006426
10800.000000021759
7928.0000000113105
4876.500000000209
1843.0999999994192
8953.00000001504
4914.000000000346
5870.400000003825
4399.299999998473
11144.00000002301
4946.300000000463
6643.300000006637
12038.600000026265
3107.2999999982694
9133.200000015695
1656.399999999589
4778.199999999852
3312.099999998083
2866.4999999984884
6870.100000007462
5224.500000001475
10800.000000021759
11611.30000002471
11916.50000002582
11970.300000026016
3421.299999997984
3062.0999999983105
3604.499999997817
11649.400000024849
11986.400000026075
11092.100000022821
3582.499999997837
7348.0000000092
5080.20000000095
11106.200000022873
7614.200000010169
9316.00000001636
3273.2999999981184
12089.40000002645
3928.4999999975225
11479.40000002423
5640.2000000029875
4865.300000000168
10800.000000021759
3466.099999997943
11736.600000025166
12081.700000026422
3684.4999999977445
4546.699999999009
5992.400000004269
3962.6999999974914
4209.399999997782
10259.100000019791
3007.79999999836
6756.2000000070475
5710.400000003243
10505.000000020686
3122.5999999982555
12032.500000026243
7625.1000000102085
11719.100000025102
3971.3999999974835
11039.200000022629
5549.300000002657
11754.40000002523
3156.4999999982247
4568.199999999088
11829.300000025503
11589.40000002463
5157.5000000012315
5638.20000000298
3417.2999999979875
3583.0999999978367
11451.200000024128
5181.300000001318
11874.400000025667
8917.20000001491
6754.300000007041
4028.2999999974318
10800.000000021759
12124.300000026577
7595.100000010099
5058.600000000872
12155.50000002669
11915.400000025817
9786.00000001807
11595.200000024652
10800.000000021759
4481.199999998771
12393.600000027556
11122.20000002293
12079.500000026414
11602.200000024677
4347.399999998284
4687.499999999522
9911.300000018526
5119.500000001093
4404.099999998491
11779.200000025321
3493.499999997918
3238.39999999815
5973.100000004199
5784.100000003511
2356.4999999989523
11453.400000024136
11556.20000002451
7274.200000008932
5020.100000000732
6164.200000004894
6864.400000007441
7397.200000009379
5443.1000000022705
4881.300000000227
3143.1999999982368
11058.100000022698
6314.40000000544
6900.600000007573
4249.199999997927
11762.20000002526
3904.3999999975445
4743.299999999725
4121.099999997461
11412.200000023986
3206.2999999981794
2402.4999999989104
2753.1999999985915
3171.299999998211
11154.000000023047
12353.20000002741
3661.3999999977655
3393.0999999980095
4616.499999999263
12084.500000026432
8560.00000001361
9069.400000015463
11070.200000022742
3600.099999997821
5845.600000003735
11350.20000002376
11561.200000024528
7736.200000010613
9020.200000015284
6241.700000005176
4989.200000000619
11507.200000024332
7733.4000000106025
4255.299999997949
3143.2999999982367
3820.199999997621
11085.200000022796
4355.499999998314
4242.599999997903
6524.300000006204
10800.000000021759
12131.600000026603
7472.300000009653
5889.600000003895
12060.100000026343
4053.5999999974088
4202.2999999977565
11007.100000022512
3708.299999997723
7782.700000010782
3157.299999998224
3702.599999997728
4144.2999999975455
6751.000000007029
2379.2999999989315
11417.200000024004
4032.499999997428
10800.000000021759
4993.500000000635
11589.20000002463
5117.500000001086
4852.00000000012
7472.000000009652
3233.5999999981545
9818.200000018187
7773.100000010747
7869.000000011096
10826.100000021854
11565.200000024543
6049.000000004475
11438.20000002408
2843.2999999985095
11127.000000022948
6045.200000004461
12034.60000002625
11121.000000022927
9047.200000015382
4875.400000000205
9542.000000017182
10752.200000021585
6300.50000000539
3933.0999999975184
6147.200000004832
9233.200000016059
5895.400000003916
5063.800000000891
10007.000000018874
11495.100000024288
11968.50000002601
3224.199999998163
10800.000000021759
11105.200000022869
11105.200000022869
11356.600000023784
11812.10000002544
6393.1000000057265
11115.000000022905
4675.399999999478
7079.500000008224
2869.7999999984854
6390.000000005715
4142.199999997538
2255.699999999044
11173.200000023116
5534.000000002601
3956.1999999974973
11538.200000024444
8716.000000014177
12175.500000026763
8049.100000011751
11817.40000002546
10800.000000021759
6027.600000004397
11060.100000022705
10800.000000021759
2669.099999998668
9547.1000000172
4999.300000000656
3708.299999997723
9120.300000015648
5266.300000001627
6948.200000007746
4382.099999998411
3908.299999997541
12168.400000026737
2194.2999999991
11638.200000024808
11050.100000022669
1816.3999999994435
6162.500000004888
4522.599999998922
12285.400000027163
7514.300000009805
11106.200000022873
5730.200000003315
11291.000000023545
4557.599999999049
2363.499999998946
4220.299999997822
11079.200000022774
4571.1999999990985
4586.699999999155
8056.300000011777
11488.200000024262
6493.200000006091
7932.500000011327
12123.500000026574
11516.200000024364
3827.4999999976144
7690.100000010445
4387.099999998429
5086.000000000971
10800.000000021759
11065.200000022724
2942.2999999984195
11803.60000002541
4273.099999998014
6476.50000000603
7638.100000010256
11545.40000002447
7304.200000009041
5138.400000001162
3282.1999999981103
12198.400000026846
7877.200000011126
11553.200000024499
7269.000000008913
11073.100000022752
12258.700000027065
4839.600000000075
2433.1999999988825
10800.000000021759
3949.4999999975034
3931.19999999752
6369.20000000564
3645.29999999778
4574.099999999109
11033.300000022607
2805.299999998544
11008.100000022516
4192.499999997721
12178.500000026774
5006.200000000681
5348.400000001926
12160.400000026708
5912.200000003977
10800.000000021759
5274.400000001657
12097.400000026479
11801.600000025403
12140.300000026635
12032.500000026243
10800.000000021759
2963.0999999984006
5889.400000003894
12188.40000002681
5847.400000003741
11157.200000023058
11471.500000024202
8713.200000014167
6772.200000007106
11060.100000022705
4020.099999997439
10360.000000020158
4676.299999999481
3800.0999999976393
7298.40000000902
10918.100000022188
9341.200000016452
11100.10000002285
2300.0999999990036
11780.100000025324
2795.0999999985534
11714.200000025085
3167.5999999982146
11067.10000002273
10800.000000021759
4176.099999997661
3354.5999999980445
2496.299999998825
11062.200000022713
11432.200000024059
3899.299999997549
12178.400000026773
11106.200000022873
11766.400000025274
12185.400000026799
11572.400000024569
12170.200000026744
12305.500000027236
3088.2999999982867
6627.70000000658
4698.399999999561
6550.200000006298
9888.000000018441
11097.20000002284
3097.3999999982784
10800.000000021759
12135.500000026617
11662.300000024896
3721.7999999977105
11094.200000022829
6356.300000005593
11082.200000022785
6706.400000006866
6661.300000006702
12357.400000027425
10676.40000002131
10078.300000019133
10800.000000021759
12043.700000026283
9738.000000017895
2740.499999998603
11108.20000002288
11517.100000024368
4323.099999998196
12195.600000026836
11424.000000024029
3720.7999999977114
11356.500000023783
11988.500000026082
9866.200000018362
7301.300000009031
7450.0000000095715
11654.300000024867
2465.399999998853
8703.400000014131
3679.499999997749
12016.700000026185
9071.60000001547
5531.400000002592
12473.600000027847
2510.0999999988126
2407.299999998906
11572.400000024569
11584.300000024612
2612.6999999987192
12253.400000027046
11018.100000022552
2698.2999999986414
11083.200000022789
11643.200000024826
11439.200000024084
11541.400000024456
4584.3999999991465
4436.4999999986085
6876.100000007484
9083.200000015513
11668.000000024917
8011.500000011614
11369.20000002383
3134.199999998245
4164.299999997618
1720.199999999531
4277.49999999803
2363.199999998946
7076.200000008212
5873.500000003836
7411.00000000943
12109.600000026523
11747.200000025205
3234.399999998154
11674.60000002494
11132.200000022967
10800.000000021759
5750.100000003387
10542.600000020822
3236.499999998152
3922.299999997528
9640.000000017539
2645.2999999986896
4317.299999998175
8172.1000000121985
7689.000000010441
11067.10000002273
12221.100000026929
4824.000000000018
4628.0999999993055
11451.400000024129
10231.000000019689
11461.100000024164
6687.300000006797
6518.200000006182
10800.000000021759
8824.500000014572
11954.70000002596
4989.30000000062
7650.2000000103
10800.000000021759
7095.4000000082815
6248.4000000052
10252.200000019766
7260.400000008882
3349.0999999980495
2999.2999999983676
4557.199999999048
8807.60000001451
11609.400000024703
3758.0999999976775
8995.300000015193
4671.199999999462
3354.5999999980445
10800.000000021759
5075.100000000932
11435.40000002407
11512.20000002435
4634.499999999329
11073.100000022752
8341.000000012813
6424.30000000584
4283.09999999805
5569.100000002729
5138.100000001161
4649.199999999382
6259.40000000524
8922.200000014927
11672.600000024933
3497.6999999979143
12211.700000026894
12457.200000027788
6693.000000006818
6467.400000005997
12051.700000026312
10800.000000021759
9058.200000015422
6053.500000004491
11632.400000024787
2896.1999999984614
11657.000000024876
11846.300000025565
10800.000000021759
12229.70000002696
5289.10000000171
12072.500000026388
10313.100000019987
8977.500000015129
2575.2999999987533
11648.300000024845
12091.400000026457
4647.299999999375
10800.000000021759
11991.300000026093
8134.200000012061
11586.200000024619
3866.499999997579
11756.300000025238
11899.500000025759
4638.499999999343
10800.000000021759
4691.799999999537
11447.100000024113
10462.500000020531
2637.399999998697
10800.000000021759
2845.2999999985077
4972.000000000557
7093.300000008274
5823.400000003654
7558.000000009964
7790.200000010809
9439.000000016807
8581.200000013687
4536.199999998971
11164.200000023084
10800.000000021759
6220.400000005098
12196.400000026839
12262.300000027079
7549.400000009933
4851.100000000117
5168.10000000127
11105.000000022868
7690.400000010446
4867.500000000176
10800.000000021759
2608.499999998723
8276.300000012578
5469.000000002365
4658.199999999415
7188.000000008618
11066.100000022727
5565.300000002715
6957.50000000778
5068.600000000908
12179.800000026778
11578.20000002459
12265.40000002709
6128.300000004763
11543.300000024463
7857.300000011053
6340.000000005533
11045.10000002265
11140.200000022996
10800.000000021759
11537.20000002444
5195.000000001368
3095.0999999982805
11068.100000022734
11084.200000022793
11962.500000025988
3158.099999998223
11105.000000022868
8770.100000014374
9034.000000015334
5842.100000003722
6612.200000006524
10436.000000020435
10736.200000021527
11087.200000022804
