4587.901320007207
2195.4292200024006
1656.5994700028627
2254.1906400008106
1831.975650000677
3295.1442600047494
2229.726500000644
3216.74240000304
1973.5131500007492
1989.8828700008733
2916.218310001953
3202.1782400053835
3371.666900002918
2974.4446600041592
1989.0887400018223
3753.1965500040706
3206.4143400038697
1481.008239999972
2023.2392300013132
3417.4840000043587
1492.8808500003545
3112.141270003537
2401.2801400008702
5324.969300008887
1868.7368000006213
4062.0391000041154
2588.7527800028583
2416.4763600013475
2175.284520001928
3646.7622000040838
5493.423490008762
2794.500220002661
3532.9310200034815
2607.9667600016373
3642.9931900042507
2243.139270000701
5906.231940010445
3238.4950100023943
2652.8717900023344
3922.9771800053045
2899.07031000432
1920.8527800000736
3096.181260004614
4580.2047500057415
1905.5852100005764
3025.0854000034924
3536.7550000031056
3375.761970003937
2134.6200000012595
3702.198030005717
3205.587070002707
3859.073810005224
3249.7717800029973
2816.812710002027
1544.489180000926
2756.2711300023325
3279.9402200048753
2852.0922800037956
2648.5154200019583
2585.9874600035237
1363.9222900004982
2423.050620001709
2190.232190000771
1901.9986300004778
3760.500830003857
1942.7683700014086
3626.766010003867
3257.314210003207
2226.2720600008074
3000.4687900030344
1790.6583600008817
1893.3329300008138
3632.3743200037693
3215.85955000505
4249.27296000702
3296.373990003822
3440.3162000035722
5293.384460008729
3267.757320004255
4161.482660006047
2775.4444300018113
1864.116050001396
2424.754280001826
3633.4666200045885
2516.113280002686
3344.2517200030943
1644.6821800011767
2965.418220002229
2036.5841700017306
2806.0976800022618
3393.98807000416
6449.2746100115355
3027.095050003396
2066.193210001233
2069.333730000262
3842.1711000065884
3357.290180005353
2972.1228700027223
3702.547540004323
1425.881220000112
2332.9164200022233
5646.311130009162
2223.0168300003907
1653.8123200000662
3228.808080002923
3375.99868000412
2123.645080002463
3905.5550800049186
3780.7519400065808
2361.222740001307
2575.1292100015526
2271.2475500019473
4769.999690006082
2159.324610000535
2288.3384500026364
4793.405970007274
3294.480760002423
3174.409020002943
2104.745100001864
4767.955610007584
4480.323530006952
3303.5360200044033
2595.0789100021725
3723.6448600056
2416.643370002124
2533.5791200022145
2592.5028700035987
2470.023960002369
1446.8066400009452
2712.5155900018244
2254.962480000759
4448.293690007306
3265.48647000391
3057.521160002995
4314.3675900072085
1877.5203300009023
2593.1670300018477
3660.7400500045915
2285.2380500011827
2632.0388100014993
4187.098460007728
2423.569770000958
4901.119070004781
1721.3460800010844
3516.9072700038587
4135.470390007221
3527.0655700043712
3953.500540005137
2163.568700001024
4536.63854000663
2465.721750001447
2309.040980001624
2538.8442500032447
2726.6307900022425
3201.584520003365
3260.826980002966
4490.052050006882
5060.0030100072545
3380.4608300044592
3212.852730002872
4389.705380008053
2102.3867600013023
2867.771800002998
3029.4709600032925
3710.5508500027786
2386.008990002496
5833.409300012513
2188.4758200014007
2611.365460002227
2884.945990002494
2031.7358700003754
2895.234160003494
3659.6122900046835
2316.8788500021283
1609.0643000001655
3444.0162800026465
1994.1740200008985
2615.18632000276
4567.078410006195
2283.784420001026
2072.533980001639
3194.055660003404
2185.4307500023647
2872.6721000021275
1734.575370001276
1777.4499200006671
4374.264230007647
3552.5540300047896
2060.4731800003055
2055.2588700021347
2760.49910000145
2617.0700900032202
3517.6349500042725
2555.9900700010858
2275.9521700010264
2771.530310001667
3487.4430700057355
4292.539710006925
2805.7902500019136
7740.451200014988
3336.6329800047915
1825.5897200001834
1657.6169600012527
3118.565370004464
2382.337930001615
2693.28362000428
3420.138570005446
2491.4491000015264
2489.5114800020224
3267.30398000479
3363.3343800048465
5008.862280008378
3564.4430600038154
1702.102180002031
2341.3453000019017
3498.7149500050596
2099.985540001168
1760.9044500003583
2396.109780002521
2060.9453500004265
2306.0850900021032
1965.4019800024128
2711.782350002667
3109.923920002574
3616.7351500043987
3396.5501900043496
2410.4838300011047
2178.3261100011955
2854.6491800029394
2730.140880002939
2173.87544000042
1339.483760000102
2084.827460001457
2792.431100002605
2643.9180900010815
3042.0581400045235
1630.482870000429
2997.259160002168
4259.237640005273
2409.5523300020595
3175.262800003761
2463.9376000013253
2238.908090002284
2303.320050001309
5876.317110010083
2325.714770001175
1544.0449800007875
2550.9971100016933
3083.0377000027966
1894.7695000006831
5686.661550002232
2987.7935100020013
4028.460320005249
2503.203790002565
4336.081360006121
3656.707680004508
2036.5400800009686
3379.7549200041162
1381.2141300007208
1876.0345900005982
2377.6459600031985
3324.7381200050545
2641.665870002357
688.0855400005058
1757.029740002086
2672.6347300031402
1629.7330600004725
3695.145770003849
2227.8709800010633
2564.008100002311
1745.5708800008003
2383.610800000739
2598.8896800021053
3053.316670004873
5711.354310011409
3227.3148200038704
3969.091430004824
5451.548170009861
1947.3349600007166
3998.203980004939
3312.817590004118
2619.749530002344
2127.7540300005344
1963.76153000113
2538.361130001987
3246.330490004042
2522.8208100015686
1784.3676700006604
1843.6238600004372
1865.9014700015239
1987.2398300005389
3138.2586300033668
2033.1759800015216
4262.434330006831
2577.3685900031387
3647.1877000039567
1812.6263100008496
2444.923060001255
2701.937730001992
3037.9875900019683
1556.2348700006266
2718.460690003784
5644.964050009778
2676.326650001882
3430.6769900025347
2100.424250001451
2319.507090001799
3484.0258700044214
3188.6242200033143
2660.6033500021335
2308.022770002246
2921.8287500028523
3015.2500500020105
2480.703590001663
2825.6912200027464
4240.866790004802
1809.9173100011074
2115.32205000148
2953.486560001641
3019.7052500032273
1722.0340500007494
2127.0228500008816
2753.1336700016705
3858.919240005678
1609.6248300014215
2804.100830001931
3737.999820004434
1622.2619199999795
2261.200600001683
2008.3396300020188
2787.137840002206
1796.6859200005829
2819.0585400034984
1852.2463300007626
2388.270210001584
2616.0161300024556
2890.9547400031133
3486.754980003295
2289.1324200033414
2131.0503900021517
3314.029510004043
4024.5885400063403
2577.341170001938
5212.145600009965
3595.6591800040437
3732.4481300040125
4235.69293000475
2082.116250001249
2290.3428200010567
2282.0135400018
1704.7262000001263
2947.5660300019144
2333.6453800014
3011.504050003084
2183.377000000388
2648.42750000209
3025.6849700038674
3039.7043500032387
2965.070380003497
3113.695920004914
2767.4409900015853
1865.2540900002898
2260.267560001523
4642.836230007058
3275.8313200036623
3240.9464700029507
2553.2101000024363
2257.0413000017634
3031.3123900029664
1792.681290001487
2835.7852100029904
2246.670380001718
3486.9581200043176
2965.965370002859
2455.965010002218
4627.441590007342
4697.680850007448
1704.8688000003958
2727.3310900022716
3715.2844400030503
2385.344370001173
1745.8529400005282
2997.9236600035365
4095.1040500071626
2278.0859500015044
4117.051690005401
1876.8525300027645
3272.629650005204
2473.0157200031417
3018.211150004531
1876.9370700005043
3556.6731400049216
2065.2316100005164
3639.8398700032662
3670.445800004302
3572.6399100063013
1605.5719000013662
2196.2244100017892
4095.013440004486
2130.9479000030883
1960.694970000913
3198.5506700047763
3231.119150003401
3180.6603400040335
3573.7414400051075
3725.4954100043706
2657.397660002378
3770.854140005158
2235.958670001796
4793.695330009374
2057.6908300003042
3050.751910003852
4927.918010007452
2631.271810002542
4796.8360500064155
4884.156800006729
2481.357830001027
1506.4834400003954
3460.5911800031004
2859.859720003319
2961.077430004516
1272.1039300013329
2497.3336500006603
2306.6979900012557
1860.113500000151
2717.7288700023028
2124.854270001449
6855.343200014354
3243.1085800040432
3298.144770004382
3199.4090700041356
4088.5859400056147
3786.556770004511
1617.5780900021732
2211.9706400010973
3002.5180000033643
2977.994870006344
2649.1118600016903
2416.002800001487
3413.7839700031013
2736.6287300015415
2576.156760002515
1632.4673899998963
2968.484860002234
2958.8215100023476
2526.0270000019436
2055.1895000018794
4129.706760006133
2004.7689300011114
1886.8749200010436
2290.527630001643
2456.9775600019366
3961.3676600074705
1760.3651099999888
2112.7974700018353
2720.6941900018965
2179.022980000549
2867.9099600042227
2961.400680002526
3741.2962700044386
2962.2335600035613
2574.808920002686
3206.9684200026004
2896.989730003093
2582.965460001615
2168.201720000802
2028.279240001577
2314.2915900021967
2459.717250002488
2661.9945500019835
3262.61904000388
1785.3723700008225
4294.509420007826
1682.6317700007012
3779.700450003553
2642.800020001906
1851.5937700018571
2026.484860001102
3478.3569400059732
2927.0189400022355
2883.110990003427
5077.186510008066
2675.197290002275
1897.9449600007024
2726.030840002763
1914.0818800002808
2056.7131900006275
2348.7220200021616
2513.0600200018457
2031.3173900008965
6486.531090010448
2014.348870000664
3427.046500003413
2980.3290400020737
4267.300830006485
1524.233929999838
2131.763920001346
3150.4621300021595
2687.9987400038003
3584.06447000423
4144.929620007536
2806.485830002637
2023.0323100007447
2608.1057300013035
2901.197070003101
2420.1888500017403
2192.241710001828
1792.1640800014763
2505.5824400016554
2947.4749800025916
2885.9498800030647
2105.1682900024134
2904.6914300031704
2112.000970001161
2764.160660002678
2408.87046000231
1989.059940000879
4695.433550007102
4308.67270000759
3336.2646800029224
2057.225690001059
2889.395400001971
2345.1485900014336
4396.128000006379
3974.608470005071
3748.0912300064833
2420.3005400025795
4889.50412000671
3313.7223300026726
1996.7682600010119
3021.5811100038436
3969.3500300047544
2584.4328300019974
3018.717360003186
2775.879590001787
2343.2785200008643
4340.855390006019
2139.186300000519
2207.615910001072
2916.55804000302
3146.5992300028943
1767.875130000248
4091.959870006744
2672.496230002489
2648.0675400027762
2001.8965900017342
2634.421530003848
1693.8902800008502
1626.6461100018726
2429.3567200025286
2768.6721000026614
2378.7053500005654
2849.6349300021234
2754.674220001913
3126.2793000036786
1521.8930800004093
2520.0204500023324
2665.168650002458
1940.6503700009248
1885.7548900014358
3462.465210005464
2260.5435500018853
1938.4579300003775
2574.318740001804
2334.8238600013838
3273.9604100068073
4856.929880007928
3006.1817300023163
2392.4092200015093
2302.888230001915
4068.6309600044874
2757.920020002129
2571.221790002072
3682.1264500054754
2268.3362200013394
2186.6900200014397
3132.627790002536
2357.200590002
3061.535570002718
2821.691420002017
2969.421200002389
2782.754970003466
2673.9604200026406
1688.6773800014291
2661.8092400024693
1664.5288000003513
2882.3132000020933
5411.984070010653
1823.9725300001242
2430.665280001624
4350.885030006945
4073.7901300046965
2635.0978300020856
3126.936340004149
2492.931960001949
2029.798380001
3103.1912000027305
2496.7638800018335
4484.552940006108
2375.4204600005924
3285.7645300029085
2382.464680000948
2064.515590001209
1994.426680000764
3030.558850002829
2511.88485000107
1276.2609500007607
2358.877960001901
3614.6482400042923
2336.3147000025588
2459.190260002313
1672.5213700002923
2067.3590200005615
4402.518200004535
1593.0000299999715
2088.9075600017823
3422.963610005323
3834.060500004502
2739.4701100039347
2025.7562700011297
4156.163580005663
2941.0610300029925
2468.233260001557
3152.953420003666
2531.8691300022365
2318.7655300018523
3451.2497400054945
3025.2398400044026
2612.4234600022332
4702.9795000085705
1709.0666000026426
2314.6274600008633
2411.800450001311
3369.9506100027884
2340.8991100022204
2518.564940001561
2226.2404300014414
3263.5074300028805
3158.795970004214
2211.0914400028923
1886.0072600009473
4309.079650007251
5124.112840008859
3472.46680000519
2604.821090002453
5275.820280008703
2598.4314300014553
1392.292410001563
2364.5276000020813
1942.1908200008518
2301.080950000671
4428.766320007841
2698.6596200030453
2148.174840000883
4017.3057400044186
3158.666140002389
1746.0825500008486
2947.024990003352
4149.230810005394
2587.118340001565
1812.2044800007504
2960.6368900026027
3449.819550003379
2968.2942700022068
3359.536590005874
4367.487430005901
2326.32723000145
3335.508220003246
3198.889130002582
2495.228890001636
2749.9412900032276
1888.0772300010742
3245.8360000043426
2670.867540002646
2000.893340001253
1714.0764400006549
1902.8243300003526
1405.1964200007935
3665.1113300065017
1740.7322700000846
1927.045170000723
1840.37776000093
2196.519150001544
2002.5858900016203
2542.2047300023714
2812.864940003365
5007.968270007855
2854.231910002348
2291.68321000101
3662.1681300043947
2242.907220002144
2105.5392300016383
2655.955040001953
3171.1025900037644
3299.550480005314
2409.0083400018907
3223.5858700037006
1735.2663700006847
5710.5330800118445
3077.9832300026715
4392.352180007245
2405.601000001238
3299.588240002735
3842.875130005738
5242.255690009002
2564.7434600007964
1938.448230001274
2468.0120600013965
2279.438410000744
1730.7552100007385
1786.5067800013815
2945.9366400044055
2441.3128400015758
2088.652670001534
4962.953930008305
2415.873890001712
3105.936620006696
3870.1545400050763
3475.3743800059774
3890.350630004531
1988.6894500008211
1938.301650000448
4139.124310005031
2244.53477000171
2180.996580000759
3231.9087200042723
2792.6754900016986
2446.426340002303
2496.6526600023058
2754.440400002193
1839.2629100014992
2557.356280001927
2789.7102800023636
2282.4747800022183
3665.6334600038863
2118.7997400016743
2689.0324000027535
3498.8262200041727
2343.0993500015957
2825.6039900028463
1446.480280000281
4435.1480300065
2134.1580200022145
3567.2269600040977
1902.013990000566
2387.155920001929
3090.45126000322
2484.577670001848
4383.415840005301
2405.4333200026686
3142.5010700045586
1337.4904200012506
4081.56220000754
2171.913410001022
3611.4109700030162
1804.1440100010843
3218.105720003792
3123.4541400046232
3149.014430002069
3232.494950004414
4075.035530006031
2228.2548300009157
3469.87821000344
2518.7734600015388
3964.3256400057235
2713.618240002233
2811.7562200038556
4329.06875000672
2999.8388500034634
2634.3686100015434
2258.792800001168
2234.9597200021035
1750.0183500006908
2026.0271000010066
1434.6716100007993
3758.912280004071
2522.241960003177
2910.2408900029272
2679.0656700029213
2710.9186800024595
3000.70206000415
1807.079350000534
2062.791780000912
1838.0393400016505
2593.4136200019384
3377.114190002518
2993.826550004886
2302.2693900017243
3860.4847900044515
3354.0474700045415
5584.763260007823
2147.854430001087
2194.379450003303
3088.6162700026202
2762.5676100041874
2920.271700001507
2548.107860002859
3868.563540006305
2455.8988200022254
2894.73228000283
4289.913030007396
2082.8357300015355
3113.4299500045913
2642.3541300017228
4328.50800000874
1758.8208400011708
2953.528330002614
3298.680540004596
1592.2010900009354
2208.246130001373
2671.2006600031145
2202.350690001476
3249.9132400044973
4114.06068000679
3256.808490002216
2151.887230001716
2153.6574100007074
1609.8311400011453
2732.8125000023992
2886.095410003431
1750.045950000618
3676.8236200043016
2551.40368000234
2175.513150000376
2854.463560001782
2860.948850003697
3502.323010005368
2355.277360001387
3927.171120006941
3222.7165500051988
2034.9586700005996
3538.0380700062433
4127.192520005403
2605.6514800014793
1779.5503800011388
1943.0028000013324
2951.110460001712
3031.5391600040057
3108.165550004489
3981.0117900043224
2099.2403300021197
1614.1386300012687
1961.0989000008576
2561.2894600021928
1688.0202199999833
2150.942490002047
2073.1643600004736
3261.1561900032325
3244.380840002832
3898.215690005671
2094.381660001376
4413.6536300070065
1723.6752300007752
1584.3245200010333
4218.696310006944
4891.7517000066255
2965.240970002525
2202.268560001466
2414.482250001738
2831.518210002106
3176.673860002544
2224.5585900006786
3079.8121600030595
1669.7155500009646
4344.15970000675
2873.85668000334
4408.821500005255
2547.652760001633
2557.1375500014524
3967.1006300060567
3881.100690005476
2079.006390002201
3564.326580004058
2588.865590002152
3474.8116100058733
1750.8342700007543
3326.5493500049647
2458.2456700029743
4465.765180005651
3689.471240003697
2600.813400002224
3620.439960003508
3007.797290002002
1794.5628300005578
2112.6148100009373
2595.9503400019194
3783.7847400038936
3582.3214800035516
3130.569750004839
3186.7724000031744
5167.106840009212
2843.3964200024893
1824.2136200005514
5172.987410009847
1751.6039300009195
1845.4068600014766
2419.7742600022816
1917.270240000792
2526.103810002977
2968.064990002362
3223.361940003931
4031.8496200047994
2692.2626900017867
2247.298490000808
3020.2397500039906
2942.4709000022067
2299.9460200021626
1722.5821200012342
2916.4862900027388
3409.7639800030006
2865.7615400032937
2791.7896400016953
2860.2244800036638
3197.5943200031393
4067.266760006462
4516.912740006333
2761.1212000018513
3588.199230005684
2033.4184400006402
2153.2062900016526
2432.069290001051
3621.252760003176
3508.0700000038523
3289.0436000031077
2762.0627600020816
3941.189470006091
2296.6654700015843
2191.101050001027
4295.534810004782
2780.078130002659
2797.6309400032
4620.51582000698
3227.880080002081
2883.5406500039076
2190.2022500024696
2133.4452400015257
2974.146740002938
3320.515270003992
2903.5883400027424
4806.630100008664
2298.1301600010297
2277.3230600018915
2051.958260000996
2375.843010001256
3818.679230005632
2439.3110000017336
2720.795680002081
2181.2991100018985
1691.144530000648
4239.1379700049165
3680.9654600048334
3258.671820003205
3766.8406000034693
3126.8159200033224
3947.118300005022
3547.3180600031715
2797.3119300031485
2926.5948300031055
2598.9953700036654
2382.903370002737
2772.4756200027377
2728.5041000016017
3717.60370000574
3417.5605500044016
2370.8096300020143
3800.4911200051074
2405.523180001316
3461.903950004604
3268.055850003615
1937.3699100008575
2719.0667000024823
1642.3126400015753
3295.518440002947
3986.008300005704
2924.1150800017476
2614.0346000022414
2594.862600002433
3526.586330003197
1598.0448900005642
3338.6090700049094
2091.990380001013
4077.7596300062664
5718.1667600101755
4707.735190007858
4654.778740007837
3312.885810004175
3276.384010003921
3042.0478400030693
4055.5210700067814
3444.2236100046844
1708.626410001022
2146.5415800005935
5971.775660010899
2004.50244000144
4385.439560006105
2384.4601400017395
3590.100920005641
5343.9259600101805
2541.2298600023605
4155.644780004592
