463.18019999995386
488.1407000002431
455.79248000023085
298.0935300000169
272.0662300000004
558.1152100003372
311.40165000001605
446.7884100002266
317.6891500000235
363.61548000002335
362.37989000001585
474.8500500002207
354.7146300000188
432.4534700001101
439.94470000023824
476.1141800002697
502.35268000023103
300.1412699999966
375.3928300000015
423.5389700000726
371.94439000003854
404.65634999999617
338.23685000001433
490.3513400002152
317.54509000000246
399.951310000002
420.8159100002156
298.76868999999454
500.83481000014575
428.6929000000521
439.29296000028626
400.43645999996386
403.1651999999959
389.171170000002
368.5327999999895
316.7459000000103
503.8715300002886
295.27803000000904
355.2423199999972
431.8765299999784
438.1499200002158
293.79544000002704
479.7653100002013
542.0912700002922
366.7258700001319
360.25002000008817
356.85841000003313
436.507619999993
364.46866000001006
383.7378800001342
326.8710800000146
383.43157999997186
403.5198500000403
376.06560999999186
302.527500000011
419.11072999997407
419.43830000023786
429.8864699999854
346.1192499999726
455.0030900000713
360.31682000003735
390.52654999998344
348.5026500000286
310.1837400000213
337.31740000000804
328.54984999999266
421.0150800001054
362.7698799999892
317.798000000004
448.3841500002152
310.23956000002823
390.3087300000552
419.365370000238
460.6745600001825
545.3769100004149
459.8520200001172
466.46889000025027
437.1786699999631
476.18608000040433
528.1282100003145
333.52175000000125
429.9225099999896
321.64736000001983
458.79221000021994
433.34804999999005
395.5794300000847
341.18873000000224
410.1171200002511
398.0897000001703
363.1419900000217
430.59689999997187
456.81110000022704
448.4867299999847
365.9311400000146
312.4732000000377
496.65771000022926
468.43613000020616
397.950230000031
402.448509999974
260.66625000002676
450.1563100002332
416.17826000010433
314.12439000001444
315.5505400000013
545.1931500002436
390.3879600000123
477.3826500002072
545.1137600001947
543.7852700004456
332.742550000022
334.3645300000229
505.0944000002548
488.0356500002269
316.18641000001685
446.65565000023986
426.7995099999646
298.53350000001245
430.4140200000014
444.13601000022624
455.9934600000945
402.05860000005225
498.85398000031114
313.8371300000211
468.1052600002203
401.4604099999767
358.0767300000188
502.9647200002258
388.7292100000046
354.73792000006944
374.85394000002447
315.8316300000169
393.58404999999226
470.2690299999942
391.12293000001546
497.97927000026243
312.6176000000188
337.67207999999863
437.1587900002347
398.40616000005735
396.9036100002148
643.6766200004307
300.4003900000032
478.371020000321
413.37762000025117
319.3117100000095
584.477290000449
427.432140000015
446.1917899999791
354.45833000002955
394.1337500000094
344.3273100000248
446.78564000016695
472.52807000023694
470.3719900001805
376.8929199999989
373.70773
443.24231000005295
447.1956200002439
553.297520000267
328.9625799999931
483.7599200000275
351.5164600000199
429.6506300000628
407.51709999997007
330.10182000002254
503.9946300004738
550.3759200002671
361.8356999999861
347.4149400000278
409.5883200000134
285.9192600000053
494.47907000023145
413.5731199999625
405.1237900000392
287.9563600000165
354.59482000000486
355.5923999999778
377.0548600001166
428.09056999995863
311.87244000001533
327.93714000001376
468.3330100002229
443.49415000005916
394.52882000002614
417.4211500002387
309.92100999999514
498.1648500002053
425.5236899999951
283.71519000003065
436.1872600002485
356.01264000000515
396.94126999997667
426.3651099999981
340.03046000001706
340.7529100000232
341.90727999999376
420.96053000006367
456.24195000010445
419.4619400001729
486.17320000028997
396.3857599999737
289.8719600000006
334.98690000004206
381.95241999995346
378.3316199999907
385.29958000006417
456.33263000018474
381.81667000000067
338.3453500000058
452.77467999994207
420.0921500000027
505.8072900001873
398.28849999999613
545.7388000004904
349.976990000007
446.61464000026257
320.15009000000185
312.43611000002807
345.8377000000211
280.5366200000202
393.4043600000559
384.33943999996467
444.3684700000623
378.4236800001587
558.9804300001957
442.0837599999905
357.4720600000331
326.17379000000875
419.0763499999835
414.7866500000536
371.04140000025166
383.53703000004646
337.2568700000097
423.58154999997225
290.54337000002806
451.79735999995285
329.48949000000067
380.36141000001254
377.69967999999864
419.82907000002416
431.4527700000424
379.5950000000344
437.6841699999674
371.51793000003175
477.0100300000576
341.80161000000953
363.8614800000417
340.06058999999533
369.31500999997434
341.4766299999569
724.2458200001071
420.45703000024196
379.3132199999762
377.24818999997115
523.6935500002354
314.4881800000287
340.9594199999949
315.7375000000109
419.59976000016593
312.42295000001445
447.9647900002463
410.3667200000277
431.2769799999797
412.53706000027313
362.23322000006084
382.10886000013886
277.6221300000195
415.68502000000706
318.78162000001
440.05259999998526
302.6933800000018
320.1392100000105
364.05971999999815
485.00367000006077
535.8208100004523
377.4128899999591
425.40361999998385
520.3550800003192
307.3693900000157
448.054379999956
416.86863999998866
424.7876599999886
348.3188900000004
299.2999399999995
330.76164000001364
467.622830000014
383.0446700000102
295.2607900000259
278.01429000002304
412.23987000023743
298.1666500000026
354.4267100000201
336.60230000000803
440.5114699999701
395.96226000003253
450.4583900000395
359.07429999999533
328.84131999997686
477.62564000025714
351.5859500000817
305.26692000003254
484.7021600001771
467.8448500002305
371.20640999998824
347.6015300000395
415.2113900002213
406.4601299999997
378.8752200000406
381.81061000001085
384.3145100000114
398.5212200000029
387.9533399999833
318.0620900000216
368.0447000000447
365.16147999998
357.38124000001466
394.8352000000032
398.1265500000094
421.0267400001795
547.451920000416
307.8873700000146
350.04936000001567
316.07933000000753
432.30572000020294
412.94561000022327
344.72231999999843
417.4939400000029
277.48657000002925
330.8693700000205
413.8736200002054
428.1810800002188
281.07142000001465
444.63526000009153
332.6127700000194
348.928479999996
330.96446000001293
507.87929000020586
330.7148200000024
470.2362900002096
333.64977999998905
473.45096000023
522.3078300002207
364.2099199999829
550.3520600003424
444.62540000009847
425.08088999999353
466.8777300000818
345.4179400000053
317.6877800000109
347.8594399999874
261.3805600000234
330.985930000128
373.1043000000146
404.41193999996517
356.71317000015887
339.55201000001324
437.3491300000099
406.176120000007
432.1631499999654
464.7002600002146
354.5250300000235
288.2263500000056
326.1353500000186
493.1048200002192
433.74005000008117
337.4545100000051
370.0569699999726
345.31507000000335
471.1526400002484
396.4954900002436
369.16221000001286
364.78351000003835
376.940179999989
427.4649400000273
587.0417300004906
459.9586300002459
501.93984000022016
286.2203399999987
382.9595400000024
296.96299000002676
302.1219600000172
306.0415400000189
509.94890000025686
495.2453100000173
342.982929999983
444.54302000019084
485.17027000033545
601.7703200001712
434.79557999996774
426.9696599999307
343.77863999999545
445.2546100001328
291.67828000001685
372.92971000002893
391.62497999999897
612.5287900004879
345.02467000000956
372.5162999999973
428.35317000025594
463.89259000011
435.1431600002538
432.33881999999676
369.53111000006027
421.922340000072
442.9380800000321
406.24242000002414
360.96430000001675
492.992389999931
404.0201000000896
578.0618500000596
316.7265500000352
493.5776700002291
477.5335399999544
406.20896999998985
397.8148099999708
431.7880699999949
312.4771700000168
300.56029999999345
323.3120900000189
363.2625900000016
453.6665300002362
440.54260000018695
320.31774000002474
323.1601300000272
289.7802800000315
330.8412100000107
324.03543000001
544.6403300002805
427.99016000009243
418.827740000043
557.2701400002893
450.1347299999879
443.78959000023343
481.5997700002209
404.5442900001228
443.56787000012014
492.2627300002199
357.8852900000063
336.26172000001395
337.7653400000282
314.2930600000285
360.42042999994896
269.94123000002725
315.136680000023
366.7842800000095
373.49321000001504
333.23692999998195
594.8220100003757
328.5998700000137
299.49519000002323
362.61597000002024
372.2328800000065
516.5766800001458
286.1802500000329
352.3974100000196
330.98530999999895
285.8730300000201
428.55124000007726
374.5168299999939
402.55279999997566
367.11493000001036
461.79300000027513
347.6383800000009
417.3984899999908
369.449670000027
324.60017000002716
462.7862400002638
433.48645000027886
462.796450000223
397.705929999992
330.4732199999904
328.2136300000317
520.8213700002191
397.2077500001112
381.14595000003214
346.84910999999454
527.4855900004754
354.2163200000083
446.9290000002387
384.632020000043
422.5509700000047
490.3264100000031
414.6038599999922
316.787349999996
461.0719500002179
304.73053000001056
286.84491000000764
424.62193000000354
343.069939999986
352.08158999999245
468.51741000018797
334.15626000001635
441.3393700000673
357.1197300000034
490.1918099999837
275.69881000001925
334.8686900000392
409.709000000086
530.9193600002284
432.692229999977
543.3880900003942
408.6802200000158
318.9392299999802
325.26610000001847
412.5598999999879
441.3977300002367
469.71969000022443
351.4819500000023
319.8911100000047
421.45739999997903
406.7545399999967
363.8565600000164
408.44821000000957
430.5500600002408
415.6342499999841
398.56599000005167
306.0823100000263
476.8054199999744
620.9828600004699
294.71914000002425
378.46512000001786
489.0140800003345
434.3950300002445
373.2287200000096
479.6710500002327
485.3940600002204
385.90052999999006
421.96966999997017
450.7352400002457
434.0848200002579
505.0972400003459
432.13145999994794
395.16689999998295
448.1494900001559
340.1484700000204
328.69870999998784
533.366910000215
307.2676800000329
362.605770000017
465.75053000005005
393.5956500000415
272.22894000001236
482.09670000023027
454.5048100002295
387.2050699999874
370.1895400000199
384.6746800000617
356.37916000001854
338.1050500001096
373.45579000002255
363.87652999998005
339.19144000001535
426.9515000002357
342.9002100000244
435.668200000064
300.14717000000013
517.5682300002441
363.8487800000115
401.0134499999757
363.40732999999454
513.5415500004261
358.80175000000554
333.3653800000355
365.96067000001267
349.6012699999939
490.08118000023677
520.7103400002197
365.2473200000009
351.6172300000299
363.4563100000034
397.96592000000936
296.47418000002267
349.7996199999867
480.1843400002472
356.87918000001343
312.1653900000067
307.7118900000263
516.5673000002151
419.7179300000239
389.92461000014555
360.88229999999845
356.51512000000776
455.8848900002503
380.2743900001476
397.4407399999916
298.3158600000102
353.44674000001834
576.4919700003744
300.699089999997
310.16330999999207
459.18464000001654
345.07826999999884
340.7654300000057
488.4335200000592
351.9452499999947
420.6556000002555
368.67220000001106
365.4952800000245
442.00643000020267
323.4908099999813
440.85146000009416
293.3261599999919
339.7802199999979
310.37596000001633
312.8308700000167
353.3187100000185
290.44699000001935
401.2230899999823
412.9486299999877
375.3849600000019
387.15552000000457
350.753140000024
326.0280299999967
410.28765999999445
289.46793000002674
376.4510400000218
451.24414000009824
399.74277999995536
505.9343800001428
321.5782700000183
458.89656999996487
272.790550000028
361.1658000000124
459.83228000025747
377.2343900000615
369.87248000000903
453.7025100002176
488.0538900002673
401.33954000001404
418.3530400001457
435.19734000021066
371.71753000006925
316.4365100000022
381.0957600000476
431.83483000014314
382.39497000001523
343.75411999999255
300.6815599999963
617.6098100004981
499.5275000004673
324.06927000001974
452.07932999999497
503.18043000025557
465.44709000022414
459.5967200002592
625.5688700004234
325.5598900000182
475.9491700002234
388.3487799999994
416.5955200000984
323.9038400000178
509.87982999999144
381.5160199999941
365.6222400000258
494.33037000023324
359.04125000000914
328.45293000000953
428.51409000024796
388.7776899999867
477.4156800002752
376.22242000012903
348.766919999975
317.98668000001965
396.9365600000032
468.72736000020814
398.24835000002946
335.7661800000111
376.3786700001513
370.0575500000093
355.4872199999905
451.27400999999804
327.3403200000123
485.2890400001303
395.6092099999838
365.71429999999987
347.23120000003286
325.09525000002577
506.4549300004268
497.1249900002232
288.4450900000258
392.3254100000215
348.0125499999907
446.2921399999915
385.36546000008707
405.3882400002118
435.87978000004193
561.4057600002009
358.8770800000022
327.0119100000297
450.2313799999426
430.1693600002216
345.9078499999963
353.1911500000193
489.5107800000931
569.7301000003756
336.3582400000393
392.16232999999175
559.9284800004925
515.7658700002265
386.2331699999876
500.57118000002663
365.7923300000285
353.5388299999964
398.68463000000685
440.61921000024626
329.38120000001857
353.96247000014193
343.11724000003085
371.39818000003805
382.8176500001163
422.5500700002486
492.0949200001269
310.97083000001686
339.6394900000077
670.9997300005805
386.06408000001153
587.56733000046
385.98018000000155
533.5316300002696
461.1372200002481
337.8735200000077
286.6610800000187
407.39698000001664
399.17411999998353
330.3847600000011
420.6136599999521
348.3014000000032
427.777090000004
475.98415000019384
397.29293000000524
405.19287000023655
323.6752599999902
381.8505299999865
339.5793600000113
428.5719699999959
553.9900100004121
426.8907600000148
370.2060199999771
416.9864100000148
405.6834700000049
274.4229800000178
482.0183600002048
434.9124300002515
346.852489999986
303.6393000000149
301.947640000049
422.1114500000214
372.78186000003
479.19834000022195
504.8036100004507
533.2541300000812
296.70713000001524
510.6350000002695
316.71984999999165
350.87389000003316
338.93944999998666
398.24263999999397
510.70509000004387
367.80829000023846
515.9910200002682
475.9620700002195
362.4095400000192
425.4458900000667
363.0653100000171
438.45289999997607
370.60535999999274
447.24883000020634
463.93554000002615
451.7211499999838
326.7061800000177
341.67886000001346
474.3220700002367
386.39234000025374
379.01939000002204
482.08711000025716
505.22603000028755
473.0036899999964
459.9499700000183
438.56499000025417
533.3363500002176
526.8789300003623
304.96263999999195
347.08501000000047
386.00399000000357
352.2678200000015
318.3409300000178
547.1597100002774
368.5472799999843
408.4025200000024
421.7454000000891
595.4733700005168
363.4789200000166
504.79833000020966
359.24997000001633
492.93760000022826
327.0452499999931
407.88739000005023
479.3751000000289
317.5527299999769
363.31000999999554
520.2213400002016
371.5237600000036
351.49754000009096
372.9332400000169
554.9930400001971
340.73124000002326
424.0520499999904
527.9661400003072
402.03274000024277
346.69450000002405
405.1929999999603
429.50892000024464
443.37590000017576
507.0555300000869
321.0411199999995
406.9416999999848
344.44987000001186
410.42750000010545
430.821049999993
512.0340300002553
367.7683500001605
363.8117799999763
515.2041300002322
308.5121600000203
373.22616000000903
537.0234900002115
485.7613900002961
369.4840600000056
422.51085000005406
467.0534300002041
329.01906000003225
559.9944800003677
487.16390000024387
400.28879000026313
349.3912900000263
362.2694300000137
333.55002000002077
421.8986400000997
566.6363500001279
472.15863000025564
427.1591099999832
329.52711000000124
354.35373000000715
439.74109999995693
309.77111000003026
370.5842599999684
309.54389000001555
417.20894999999166
389.9424700000363
431.47863999995747
433.08808000023805
462.1445700000381
323.1374999999929
411.3175900003106
468.569690000222
410.26828000001086
383.5238200000518
421.2817400001909
363.66898000000333
342.5445500000172
349.7737500000318
346.91553000003887
381.81998999999087
380.4109300001379
459.13726000002515
407.5414500002452
476.5672000003226
294.7786700000066
329.01174999998557
469.7970900002449
554.7871000002862
322.94761000001375
501.85756999999734
405.3418900000646
603.6297400003403
353.79127000014495
460.02531000022645
354.7820199999895
409.78392000008074
356.79972999996943
413.48712000003957
363.2672000000233
402.1835900002162
367.7387300000734
293.1273400000023
375.3094000000251
391.7865899999919
390.8427600000195
501.51145000019665
384.8002499999922
493.00214000002853
422.91683999997747
350.30018000002025
549.4352100000804
330.3417600000261
307.7541300000137
487.6098300002406
343.62600999998824
434.5454800002349
342.4294699999839
486.29462999998805
391.2756699999923
359.30795000002576
294.0931600000211
470.94546999997516
385.46955000004243
361.540419999976
474.20379000024315
386.06212999997666
458.05156000022794
574.3585400002582
302.14351000001915
387.2293000000572
478.4855700002308
409.93189999997236
455.092660000124
382.2861500000436
516.4890800002452
303.9300800000196
355.52918000000636
300.4474900000272
314.6810000000051
500.4520100002326
378.06843000002556
466.84093000025956
485.3470800002249
408.64920000012097
356.2341500000225
457.0798600002363
336.39245000001654
412.78407999996335
437.2397499999612
426.6915100002519
434.8087900001394
407.38653000000426
359.3158700000208
422.5984100000133
339.09721000000724
404.3472899999532
461.9861100000768
306.9274400000273
441.44924000023775
430.0873600001889
358.64021000003316
392.2309299999608
361.16135000001333
343.8573900000111
322.33105999998367
352.317900000011
431.74451999999366
479.50386000015294
410.09165000003173
461.6404800001507
373.39360999999303
548.3131000004454
348.7042800000207
403.46668999997934
428.6678300000122
620.3327300004155
479.4781200000582
377.6157099999894
363.16562000003864
429.5682600002273
332.06886999997454
407.4148099999521
385.53454999998496
316.90545000003107
475.3328900001371
396.25205000002427
325.8745700000293
363.37228000000925
428.81103000021756
440.33166000000233
410.34558000002914
330.327080000009
446.5395600002446
427.2600599999749
400.26164000001734
350.82456000004953
455.3930099999659
339.8014900000103
500.5310099999464
560.7607700003568
493.08846000024624
406.0004199999589
512.3464200002352
429.3116399999936
397.6592599999991
460.1941100002466
516.4042600002814
339.68684000000525
331.01364999999913
523.9446600002038
386.0447900001552
397.7586700001406
369.0714900000231
446.88651000007843
511.00131000011856
428.8731500002314
434.286590000272
