465.70416000020487
400.7643200002026
397.4286000002337
250.86635000000766
246.55673999999507
454.04810000022815
281.8105800000235
406.7772700002262
260.54795000001656
331.7301100000192
299.49038000000905
492.1930600003787
308.03034000000434
362.11795000010096
405.7733600002289
433.60512000026023
428.0004300002461
261.9030699999971
340.8832100000104
381.8586000000186
419.37838000011567
348.1231099999849
291.37594000002645
398.7057500000472
310.97286000001407
365.3006299999968
392.6186200002187
283.82083000000887
416.16021000014666
333.507929999981
403.6672700002791
373.0782599999488
450.869720000228
354.7977099999751
430.3265700001043
249.85108000001904
479.38350000029243
287.0202299999932
327.9901399999888
403.527259999963
423.77376000021485
250.1047000000231
450.03851000019944
525.4779900002726
270.89541000001014
281.06370999999245
331.14352000002623
383.59133999999204
296.194970000005
395.37545000011824
301.11967000000715
445.345800000233
378.74491000003843
355.44048999998427
358.73918000018205
336.25187999999156
364.1061199999587
376.54908999996326
325.7579499999793
394.556010000065
422.8675800002491
440.70735000022455
309.83468000003506
258.36192000001114
454.79381000027956
338.1002900000029
382.2373300001256
311.6622399999862
279.793799999995
377.17687000022374
289.40260000002786
345.0751400000453
320.9921999999818
407.91342000022473
467.820520000408
469.42253000016325
397.76899000024844
407.42046999998206
452.5700000003868
581.8964800005123
328.90447999997167
363.4960699999881
297.98022000001305
417.56330000021023
411.893250000072
377.3202500000643
376.55502000010364
288.4298900000262
350.78381000014576
339.39181999998453
460.27570000014765
423.5208000002296
387.51466999999894
329.65472
290.4310500000018
551.3237500003838
421.3917300002068
320.99831000001456
367.8838399999957
281.20927000009374
384.9020700002235
378.6685400000981
289.566160000008
297.3683099999934
486.4201000002463
434.07857000022705
478.48567000020324
525.7069400002505
476.3038500004633
323.9336800000223
275.9745400000107
335.73651000003997
428.5712500002213
274.2525800000211
402.1793500002444
404.4939699999827
282.8751000000095
438.3414800002323
385.3415500002359
426.93238000007585
337.9522800000486
433.82970000026427
286.97005000002355
423.20785000021635
318.3179299999981
354.46267000007634
457.0683000002327
360.1820200000072
270.2683700000068
296.045780000006
259.2985200000235
373.23294000000453
437.5665099999789
334.87248999999196
415.0972100002528
291.6360799999969
299.9923000000132
396.0348400002448
350.6440700000398
372.88087000020874
468.80294000008865
250.47165000000808
367.30298000021116
378.0902900002441
281.1437100000088
470.5242400002384
359.14524999999543
373.7613599999751
339.0560200000117
380.091759999998
278.12537000002726
349.98076000017613
433.20603000022527
336.14784000000293
324.94040000001723
338.1492100000089
408.43379000006877
427.1882800002303
395.23162000001525
307.87117000000006
489.68392000001734
327.3948700000223
465.78484000026896
448.114760000217
286.26005000001646
378.2656700002274
518.2418800002816
340.5169899999866
346.2677899999788
358.8972400000113
247.02176000000483
448.94391000022705
399.29260999996086
359.34355000001335
235.8600000000206
330.4464800000021
339.25390999997114
365.59360000012015
336.47343999998185
308.8120900000006
312.39822000000606
439.439880000207
347.7957699999897
330.14787000001945
374.50045000024346
274.92078999998984
446.50518000020725
372.91558000000884
250.36422000002597
383.8325700002305
288.0989499999932
382.97892999997356
369.0766099999925
272.95780000001025
289.8736200000185
329.3180200000073
370.6248600000683
362.3755000000046
299.0894599999863
453.58412000029296
441.7410700002072
262.6937600000081
284.0909299999975
369.51440999995606
365.669339999966
354.2516300000593
442.8026800001667
346.6809800000094
291.77512000001497
441.97795999999346
407.184119999964
431.7376700002138
331.1979700000151
455.5618100002293
323.9538600000027
400.06403000024744
284.6439999999985
268.1264400000242
422.5487600002289
262.0492300000189
290.76965000001206
406.66464000021404
404.0736100000737
293.21732000002226
491.15710000020323
396.2242599999965
300.20578000002
282.81826000000876
386.9293799999892
374.9830200000322
251.48374000002093
332.29196000001025
303.66695999999973
365.3535600000017
290.54135000002594
478.843470000189
321.4706799999732
337.61612999998584
309.2314999999937
366.1177900000639
388.7438800000639
315.8317100000338
357.0257199999958
279.0916900000165
468.3394500000449
313.9703499999739
352.1276300000575
276.1022700000009
370.91895999999934
287.9395099999711
649.670490000161
365.0790400002331
351.2975500000015
365.5716599999673
470.38485000022297
341.5175800000782
330.41624000012047
286.47804000001133
403.38560000014326
299.6662600000049
423.6104800002876
475.42115000023483
398.1132999999921
260.4815100000005
321.2561200000475
341.3353300001335
261.38692000000015
360.3076400000034
297.9259500000131
322.9405300000064
288.07471999999046
304.1704800000076
347.7644000000075
509.5959400002814
510.7265400004471
325.36982999998065
371.5165399999971
582.7006100005218
276.8294200000154
413.4824399999506
368.2591099999944
393.4532300000163
278.9339500000183
268.81309000000766
350.15253999996463
422.0785300000753
332.44883000002534
294.51354999999506
243.85947000001693
390.09322000023974
242.63749000000055
342.43140000003075
302.11196000001235
391.15380999997694
332.8098400000048
395.07287000003265
284.35419000000513
300.29839999997483
373.27169999999967
300.54010000003063
267.95899000001253
442.3567800002123
408.53700000023906
304.200980000009
271.75916000002644
359.78865000024206
335.7893600000085
353.569360000044
327.7354000000181
376.080819999985
363.795690000006
336.22691999997676
265.8447700000125
317.8879500000242
375.24131999998383
306.08064999999806
367.84238000005325
332.40264000000093
358.4170700001604
434.2361500001841
272.8804400000088
292.02532000000815
288.3435499999968
349.2419300002281
364.97254000022224
327.3013799999949
557.1707800004875
248.6743400000187
292.9264700000105
397.87666000020096
390.48740000023236
279.79700999998244
386.11726000009213
294.34359000001325
314.63130000000393
309.3872199999912
365.0902199999795
362.0009600001642
433.25970000022045
333.2667099999919
343.3660600000081
454.9096400002285
326.7793400000161
469.95976000022375
388.4005100001074
384.884289999983
413.82224000005755
375.3990800002519
298.3781600000233
299.10316999999804
284.03867999997397
319.1758900001262
326.20007000002283
364.7058299999714
264.7033100000163
397.83912000023645
340.2456199999885
390.4105400000345
425.9119900000148
443.72365000022415
323.1608399999885
248.50976000000963
380.24725000021834
425.1487500002315
409.3340600000877
375.30826000015804
370.6981899999539
336.9734800000069
404.32365000024816
381.5719200002379
361.0413399999545
384.224250000253
347.8774200000031
369.5759000000304
431.44195000025417
430.3996200002516
483.68917000020633
268.88715999999664
361.3573599999953
282.1784000000245
273.02650000000983
246.88971000002195
452.3813500002682
450.79551000002795
308.41582999999633
333.0947899999974
391.23099000020244
409.84040999997256
386.48003999997826
387.79476999997735
285.8511900000163
405.2809900001397
239.5002800000079
325.79527000003054
344.90669000001054
452.34141000022066
245.03140000000013
322.0860000000301
364.7945800002456
483.9578600003176
394.3915300002524
543.5791500004636
338.30742000004255
425.1246900001407
434.31290000002105
333.3442800000177
364.31860000000165
421.17461999996203
385.3269700000812
508.50453000010816
271.0890800000275
478.838920000182
410.6481599999813
357.1582599999688
352.1602399999815
368.0943900000143
275.3863000000081
281.17643999999376
286.8630400000104
306.93560000000934
294.89391000000165
375.2207700001807
298.19126999999213
319.0364699999989
249.28008000002387
324.3528999999904
290.72075999999106
482.7459200002761
365.03088000008734
424.3267100001376
459.3932200002525
422.49159000003516
417.4294200002317
454.62908000023765
295.81678000000807
399.6923400000877
474.4803300002189
330.5475599999806
332.347840000052
276.31386000002976
283.7795000000088
342.11303999996323
245.43814000002087
350.69766000015466
317.4797099999964
391.4235300000169
288.3038699999768
564.7341200003711
300.5819199999965
308.75476000006284
345.6294400000159
341.0609400000061
467.53047000013515
248.40979000002437
338.63071000000957
297.6718700000027
253.41142000000295
350.3985100000799
308.0693699999977
352.289910000011
315.19659000003094
438.81431000028846
285.892900000013
387.0361099999913
330.886160000014
277.0739600000226
408.4414800002464
507.654540000517
426.81252000021857
354.8965799999698
333.3761099999902
285.0472900000219
526.6856900002385
376.635880000089
314.94245000002485
313.0167799999974
527.3898500004359
303.6633800000149
437.7854200003213
330.81676000003944
395.1846299999895
477.57716000010515
348.924030000001
353.5081500002463
440.7791100002193
292.91951999999924
255.09662000001782
399.73804000001275
330.0974999999843
316.3339899999762
400.64492000018714
307.23976000002517
377.73454000005205
324.29576999999614
427.9683299999852
256.92127999999923
440.66263000027936
348.4445400000939
437.73145000001654
384.97277999997567
457.5955500001974
339.0009700000225
334.2309200002424
289.8384500000279
419.83339999997884
307.67256999998796
319.6529600000206
329.0129299999948
293.3104300000352
326.81646999998526
365.77751999999566
454.84961000020866
359.12448000000734
295.74193000000474
325.17244000001716
366.99469000004433
249.05135000000658
449.97542999993783
535.4392800004487
279.35256000000476
356.2422299999942
446.97192000031083
424.70018000020906
369.5827300000063
327.21686999997814
461.5574400001874
330.13417999999626
417.4377099999741
414.8641700002497
420.9160100002606
514.7285300003734
374.90190999998015
356.9190299999897
418.09636000016303
320.64023000001333
276.9672599999942
402.1326299999869
263.2980100000232
311.78199999999595
342.471860000009
391.7409599999732
243.01938000000663
407.0825600002035
411.1356600002213
344.68592999999163
307.7793300000157
333.51922000004583
325.2371400000122
339.2902300000969
347.15372000001736
355.11599999997304
278.3164800000081
393.66767000022884
344.4204300000557
397.9776600000608
268.09893999999105
404.0108200002632
325.6713199999889
360.7661599999914
294.8573000000048
366.496360000185
310.9235900000083
270.89042000002974
312.05189000000695
293.05017000001305
503.6641200002114
355.98264999997957
309.6556100000161
319.288250000024
306.8444899999998
459.31246000023043
281.1792000000021
305.4237999999921
408.06646000024716
327.1601899999938
283.6149000000296
303.4427400000161
471.5289600001974
360.0256000000778
293.52163999999743
318.82525000000317
325.63841000001275
316.23593000000966
291.8086600000538
343.19993999997286
254.10275000002474
308.23226000001324
523.1089900003756
282.3330299999906
279.91611000000563
404.4004800000173
325.44904999999846
417.85475000025514
368.6838499999661
316.5466099999941
376.00830000025775
334.77622999998647
302.4205699999859
415.48519000022185
270.0759399999995
307.13255000001743
269.58351000000704
264.0847400000108
311.138379999992
263.37219000001164
305.8294800000069
292.8557499999987
360.3566099999865
349.1897100000138
361.26128999998923
353.0622099999915
267.3807900000195
289.39603999999184
346.385619999988
279.65570000000065
442.0307000001716
418.5232600001134
387.5448399999664
470.9385500001619
376.8089100002369
384.49756999997896
258.57816000002776
359.09390000003515
389.65140000023615
355.9712500000414
484.19659000028986
463.09179000023397
363.6220000001607
344.15752000000487
354.4696300000833
411.0881200002028
315.467430000056
280.62573999999603
367.3193700000557
413.5013600001273
286.00180000000796
324.660309999984
267.49004000001673
428.11716000022744
495.47919000046386
276.632470000015
380.68023000002313
462.98030000026154
429.09937000020983
481.3567600002118
479.14791000020784
276.7193900000064
425.03847000021995
372.0350800000158
273.5362000000088
285.38756000000427
448.9321000000002
342.09056999999336
295.68357000002504
466.2132300002173
277.1997500000027
302.7435100000038
395.17261000023717
392.32267000000184
446.9187800002421
328.69116000011195
295.74903999998975
276.6765900000071
369.6747699999973
438.971150000245
345.9748100000232
312.153020000002
342.2324400001788
321.8996800000125
304.6693400000062
501.971420000083
283.2076500000083
394.31566000009497
344.824960000001
333.15854999997674
342.1101700000581
271.46027000002
397.5140700002541
438.3085400002263
248.33672000002255
297.8207500000406
281.0175900000074
394.524710000004
357.37932000009044
388.13727000021055
358.1777400000379
495.01882000020566
347.9164899999814
282.3947500000179
413.8702099999844
408.80581000023795
301.277140000008
288.1829100000079
444.3232600001054
509.40774000038647
336.65804000000264
411.3227100000682
550.2836500004727
571.3170000004365
339.64671999999985
473.6320400000454
321.5594200000169
309.4026699999968
367.72457999998545
469.68914000026035
292.7267800000122
300.7730900001372
311.2234000000225
326.10676000005674
334.3191100001066
412.0239600002636
422.3808500001534
285.3587900000126
307.39509000000066
446.9103100000901
380.15659000008947
519.5271300004688
371.84233000000756
480.6625800002504
414.34599000024195
295.1014200000319
259.24907000001735
344.88681000002015
312.05884999999284
288.6309500000171
406.5792000000136
306.72961000000475
355.97881999999356
325.2489099999878
340.2738500000061
374.80281000024576
290.56422000000634
323.26241999999684
332.2820300000055
377.8383899999928
557.9343000004342
302.70034000001374
329.75734000000296
410.16931999998735
322.22658000000524
238.11451000001122
452.98415000020856
388.36045000026
301.5919699999888
264.833170000019
330.54847000006816
480.43618000031915
347.47741000003896
454.9890200002187
382.02868000022283
497.35941000006636
264.55920000001265
469.5622700002777
271.2554899999839
277.82203000002124
269.74315999999305
364.1769499999872
473.883060000052
338.1617200002294
399.1217800001622
431.2428400002207
278.74355000002373
339.28398000003835
314.58791000000815
380.3180499999923
347.81741000000727
391.14177000022
399.443109999995
356.58798999998265
292.44141000001036
295.3365500000052
370.0822300002455
256.8676700000272
345.96854999999704
451.4045500002335
417.899870000221
403.76420000000456
484.79835000021393
304.86328000002106
448.00013000022466
494.4516200003537
259.75590000000403
343.32017000004913
320.49256000002003
301.6042599999948
288.6279400000114
461.8586100002026
331.2719299999788
347.06103000000826
450.159650000224
458.21200000028335
326.50561999999854
541.2006600003609
296.92274000002175
445.3913400002213
295.008189999989
383.7065600000683
518.3135200002199
331.27027999997466
323.1062799999934
412.20730000024554
328.56794999999613
315.50048000009406
343.73726999999764
545.5121100003303
378.2155400002433
359.0638999999941
371.18911000006045
272.0160200000222
330.0327800000019
356.0998999999554
303.4310300000132
402.6616700001834
425.01658000002385
261.95593999999
348.40504000001897
308.30509000000876
286.4518299999962
337.8836899999906
500.8509100003396
351.0030700001517
323.1534799999843
357.6107599999885
275.98599000001485
333.2535900000167
443.3829000002125
501.94408000046633
319.19109000000515
380.94773000008956
459.9515300002022
287.62215000001345
471.1312600002114
464.57108000021634
275.1392300000248
386.2261000002508
343.76117999998644
326.5887899999938
405.137900000121
499.8309100001314
325.31184000002463
486.72199000018526
373.74765000023797
298.0610300000171
383.7545399999864
257.29492000002193
335.5439499999609
273.75971000000914
312.2257000000142
355.48535999999234
416.54579999994064
336.6527000000199
383.1353300000426
302.7229599999892
297.0420000000759
425.3308200002194
356.98066000000654
321.1148700000271
274.494850000003
326.6928400000208
301.2127299999912
302.32475000002523
289.4533300000261
365.71149999998835
347.2857300001401
404.1031000000315
372.56034000023783
378.1440000000792
275.78708000000887
311.9730199999819
333.29651999998686
376.26602000014435
386.77846000023425
415.8221999999812
330.749800000009
527.1340000003413
353.6296300001369
585.7403300006961
339.3557399999934
426.5342400000675
275.2712899999964
336.6058800000144
348.57686000003713
367.3747000002082
298.47039000002036
275.54848000000635
332.1119200000174
336.8760399999828
319.3386400000034
456.09839000021776
340.22051999999525
406.19004999995946
352.486569999981
291.0544300000247
481.097620000116
303.89046000001946
367.50234000023164
422.73900000023275
339.25813999999167
395.14236000023976
306.6410199999951
439.1533600000424
332.1592600000128
285.66770000002515
298.44744000001987
421.329689999968
324.26087
307.6414199999709
421.3197800002517
354.5351600000116
313.722759999991
489.19241000028416
259.9045300000198
300.6020500000036
423.25703000021605
372.00192999999564
441.34892000015
309.7654700000187
370.60726000001915
301.5635300000025
412.7518600002446
262.95536000001835
295.00925000000063
356.07339000001843
371.66495000001856
318.4500600000078
442.107310000206
394.2399400001036
298.70919000002607
341.8054700000025
431.2176000002262
359.6545199999878
370.6321999999752
283.7621200000199
383.8800100001307
419.53669000022506
308.33298000001037
465.25706000023825
398.6492200002207
355.98370999998025
431.42831000010193
311.6767399999985
412.8350300002398
396.96354000017686
294.9526700000179
375.228129999961
327.0796600000121
291.6283600000049
314.40176999999966
366.5642400000137
372.9048499999975
376.8275200000659
335.0415500000308
427.2466300001587
386.0541599999537
418.8601200002478
291.41459000000896
396.270850000019
332.86388999999645
560.3192300004524
391.13132999999306
363.08256000000506
322.00836000003056
416.87011000022596
278.2697699999876
312.8203400000001
377.91674999997736
296.3465400000078
425.3068600001422
349.8048100000183
282.211650000025
320.4728300000101
396.24490000023053
383.67994999998103
374.73986000003674
288.40572999999716
299.8009500000137
498.30365000021055
345.97245000001175
268.93563000000853
505.0776200001754
368.07280000009484
424.2279599999594
442.84562000018576
476.3157300002124
401.6424599999856
362.8533500000113
373.45640000000384
362.6315700000034
433.77121000022015
421.66921000024354
368.94280000025634
286.37067000001804
450.2799600002161
350.2351900001593
345.0106300001317
360.0365800000327
423.4457400000746
425.2910100001697
315.1035300000169
387.3247100002315
