5783.700000005307
7189.975000011285
4606.32500000474
2421.924999998893
1607.5749999994077
8542.400000013546
1912.699999999356
4374.900000004591
1863.4999999994006
1850.4999999994125
2317.7249999989876
8915.975000014905
3302.0750000022176
4081.525000002144
7484.200000012246
7184.95000001046
6621.300000009881
1751.999999999677
2758.0499999993117
4390.750000000644
3284.1000000022054
2984.924999999004
2067.949999999215
6906.100000010388
2493.824999999733
3553.8999999993935
5695.475000005563
2052.324999999229
3592.525000003094
4604.525000000676
6689.250000006803
3255.099999998135
6104.725000008535
4353.225000002506
6232.075000006274
2148.349999999142
9903.450000018496
3551.525000000716
2555.999999998771
4524.62500000117
4066.275000005274
1545.8249999996895
7021.800000011632
8058.550000011837
3133.4250000030065
5540.000000008107
3927.550000004032
3569.5500000011743
2315.2999999989897
4634.1500000045025
3555.900000002429
4542.500000005382
3490.725000000958
2685.574999998653
3865.550000004091
3675.824999998941
6109.825000005533
2732.7749999987263
2262.049999999038
4637.10000000107
5467.4250000081765
9049.72500001808
1576.599999999632
1612.2749999995183
5657.250000009464
3148.7250000000704
3613.6750000021907
3695.500000001378
1894.2499999993724
4492.775000004899
4091.0750000057387
2775.0250000013575
5361.25000000515
9062.475000015438
8599.975000016791
3837.525000003696
4758.750000005033
5047.350000004127
6304.10000000966
9220.425000016012
2722.049999998563
3046.724999999244
3158.499999999214
4755.300000004558
4092.7750000018923
3754.550000000824
3667.825000002816
5731.0250000068145
3592.975000003088
3273.0999999990513
5100.200000004215
6469.225000010775
2888.7499999984684
2938.1249999995903
1923.3999999997895
6258.02500001027
4485.925000005398
4607.425000003667
4871.800000004287
2756.725000002385
4934.050000004461
4689.800000004451
2267.649999999033
2059.774999999907
6120.700000007045
5490.75000000587
5062.825000005257
6920.225000011792
9782.475000018057
1818.4499999993932
2485.299999998835
5060.675000006512
5287.600000005016
1825.8749999994347
4584.575000004868
5126.5000000040545
4115.300000004184
4792.475000006259
4705.3000000047605
7315.250000009081
5383.5750000060825
4566.4750000056065
4786.300000006011
4827.550000004745
3885.925000001128
5622.800000008519
5186.0500000043385
4828.400000005287
2849.2250000009612
2541.7499999988463
2749.7750000000806
5119.975000004832
3404.7499999996226
3597.77500000008
4111.175000004978
2146.024999999091
2414.999999998899
5086.700000006098
3638.1500000043734
4035.9750000049817
6983.95000000911
2432.674999998883
6119.775000007169
3900.9500000055104
5528.750000007564
6672.9250000112415
6165.600000008158
3706.874999999321
2431.4249999988842
5311.100000004969
3785.675000002123
4082.3000000037246
6500.7500000114815
4797.825000004338
3707.999999999506
3201.7999999981835
4184.52500000421
6777.725000011112
5554.425000007588
6662.000000009423
4847.325000001065
2540.8249999992613
6014.000000007152
5970.750000007418
4178.575000004917
7037.900000011523
7033.525000010321
2805.049999999213
3270.500000000171
3128.9750000002587
2200.9749999990936
7184.22500001121
4774.9750000004115
3824.425000002759
1725.2499999995262
3254.3250000001276
2363.799999999678
5755.775000008415
5401.750000003804
2008.9999999992299
3043.2750000016886
4878.825000004701
3320.2500000012537
2246.674999999052
4161.975000005223
2015.4499999991217
8229.9000000153
3395.524999999784
1667.0999999995793
4959.050000005929
2298.7999999990047
3187.774999999684
3099.5249999990247
2400.549999998912
1793.7499999994043
2582.0499999987474
4403.200000002399
7295.450000010929
5182.1000000040885
6107.225000009055
5236.300000005632
1647.9499999995642
4638.900000005642
3241.1249999981474
2591.0499999997796
3227.950000001262
7215.700000010584
2223.374999999042
2433.624999999347
3802.6500000005276
4690.575000000587
5000.125000005489
3936.0250000012675
7402.975000012842
2597.2749999997754
7413.325000011961
2261.8749999990387
1539.4499999996622
5262.025000005731
2028.2249999993776
3130.500000001652
4566.725000005406
3510.325000001922
4293.200000002711
5203.100000006061
3507.250000000283
1924.5249999993453
1800.7749999994576
3210.6999999983927
3584.899999999623
3957.4750000057456
2470.125000000938
2186.4499999991067
3057.3249999987956
3364.800000000587
5577.725000004774
2141.7749999997122
2925.299999998676
4127.850000004963
3478.4750000015506
4913.20000000159
1944.9749999993267
5081.750000006112
1910.0749999993582
5830.725000005548
4583.550000004459
5965.000000006537
2617.224999999041
2578.6499999987504
3263.599999998728
9271.875000016455
4341.700000005059
4838.850000004316
2919.1749999984404
5568.2000000062435
7833.725000013321
3473.2250000027416
5101.050000004731
4876.600000003459
2386.3500000003323
7466.075000011786
7743.725000011593
3522.450000000093
4595.200000006926
3185.0250000008045
4035.1000000025433
1836.9999999993888
3808.5499999994263
1947.2499999993242
3255.5749999999607
1932.674999999203
2001.9499999992427
2903.9999999985043
6945.225000007895
5975.22500000543
3897.2500000005457
4823.300000002945
8020.275000014501
1794.4999999993122
4307.2499999994725
3652.7749999990056
2693.124999998646
2243.424999999055
2688.99999999865
2928.499999998994
4402.050000003534
2181.974999999111
1880.6749999993024
2139.29999999915
4074.7000000053054
1927.9249999992894
5353.50000000608
3529.5250000004653
5978.025000004565
6048.775000007276
3465.700000000533
2346.724999999687
2501.624999999255
5602.050000005486
3972.100000002533
3991.1250000057753
5778.350000006055
4907.500000005686
2603.724999998923
3896.4750000051727
4600.50000000573
2573.599999998755
3699.30000000073
2918.1999999996187
2945.8249999993977
4107.000000001106
3033.2249999994065
5206.025000003821
4455.7250000061895
2527.099999998797
4749.225000004398
3610.0500000013517
3624.5249999990065
3731.7500000035243
4569.975000005561
3171.4750000032477
2259.1749999990407
2900.0499999993954
4627.425000004924
4251.100000005124
2760.0749999989366
7672.850000012428
1481.4499999997138
3518.450000000547
4555.525000005444
5481.275000005335
2121.5249999992157
4217.4500000026765
1896.2499999992897
2084.2249999992
2922.5999999984374
5366.600000005748
4084.3250000031767
5876.625000005998
3453.025000000601
4565.525000005401
5716.200000005821
2976.0499999988474
8567.475000014065
3872.250000002515
5904.050000004597
3623.275000000533
4711.475000005621
2001.2499999992751
2784.274999998563
1898.3999999995817
3089.20000000264
2274.7249999990267
2735.774999999615
3442.025000003654
5382.000000005259
5187.450000003628
4179.80000000007
3525.100000000236
5079.475000004439
2467.9499999993914
1731.4499999993996
4423.050000005444
4863.900000005286
4003.575000002199
3636.725000003228
2806.549999998543
2524.9499999987993
4127.925000005812
4091.7750000052724
4080.2500000000628
3980.9750000058193
5579.025000006013
5157.275000005375
4781.000000006001
6749.47500001106
5602.9500000067055
1939.9250000002012
4018.575000000071
4227.250000004873
2725.0499999986173
1692.6749999995088
5909.800000007099
5541.575000003371
3072.049999998478
4888.67500000461
6311.200000007494
5711.375000005548
3235.9999999981524
4996.275000005315
1894.6999999993304
4153.750000002511
1808.6499999994458
3541.6000000001336
4720.600000004424
6663.550000011438
2355.2500000004707
3937.5249999992757
4061.9000000057376
6697.10000000839
7192.775000011437
7479.750000012462
3453.100000000147
4253.200000004652
8418.300000013094
3113.2750000019155
2750.5499999985936
3356.2749999980797
3718.300000001505
5760.775000004145
1487.6499999997372
5789.5250000050255
5715.975000004608
4876.750000002106
4967.975000004666
4818.225000005393
1855.0249999994085
2120.7249999991664
4288.525000004816
5104.02500000278
7387.950000010988
6047.150000010147
2276.649999999171
2487.499999999411
1546.5499999995886
2473.9999999988454
3205.0749999981804
5084.925000006312
5088.500000005187
5254.225000005659
5566.72500000797
3344.525000000546
4261.800000005209
5004.475000004443
3619.7000000030307
4402.350000003227
6049.800000005278
2441.4249999989224
2849.2500000013342
4645.050000005596
3617.025000002162
3167.574999999128
1286.5499999998146
3822.77500000314
2639.449999999625
3139.9250000002567
2569.5249999990137
6868.925000009194
2576.224999999719
2941.525000001316
4352.525000006166
2288.499999999014
5871.575000006379
1382.599999999782
2835.499999999292
2740.624999998603
2157.0999999991336
5068.0250000025935
3450.0000000000327
5161.300000005044
5780.225000009614
5293.275000007541
5569.475000005368
2529.724999998795
2033.499999999246
2020.4249999992032
4579.225000005517
5085.00000000739
4835.500000004651
2722.0999999986198
4496.475000000703
2530.9999999999127
7156.475000008913
4010.27500000294
3745.6500000036235
2343.974999998857
7050.20000001166
2547.024999998779
6752.775000010969
2746.7000000003527
3577.749999999031
5732.25000000833
2627.2749999986872
3968.2500000061336
4643.350000005951
2027.2249999992518
2449.8499999993796
2813.3000000005322
3072.0499999983012
2549.2499999988736
4395.350000004105
1832.7999999994286
3298.975000001119
3309.299999999954
5079.250000004511
1620.4999999995234
4574.800000005957
3320.000000002088
4576.275000005599
3397.3249999980053
7532.175000012543
4342.225000000715
4078.8500000059466
2325.4999999989805
3071.1749999988388
3963.2250000060876
4820.050000005682
3544.5749999994787
2421.2000000006465
2681.5749999986565
2790.224999998558
5379.850000006297
3186.824999999431
5126.8000000057955
3633.7000000032717
3539.775000000898
2162.0249999990565
5967.000000005606
6956.025000011881
3129.475000002227
2235.2250000000286
6777.025000008531
4597.42500000574
4294.000000003658
6297.800000008914
4587.500000004839
2582.049999999185
7001.600000011782
4200.025000005264
4220.575000006333
6611.950000009974
3517.0249999981825
3120.34999999893
6143.77500000677
2976.8499999995515
2674.699999999013
4814.950000005451
1972.6999999993013
2109.9749999991764
3193.9750000003246
4056.1750000011757
1741.5749999995114
7445.525000011205
4298.1750000056345
3982.2000000015214
2516.5499999997182
3214.00000000042
4279.12500000215
3252.72500000189
3191.9250000002794
3439.32499999886
2081.5249999992025
4667.750000006055
3465.750000000465
5767.7500000034515
2153.2499999991824
4596.5750000056305
2680.7499999986576
2297.6499999997413
3444.649999997991
6257.45000001005
2128.324999999137
1656.7249999995888
1907.7999999992035
2690.0499999986487
4829.000000004651
7269.025000009672
2657.5749999986783
2353.499999998955
2620.974999999182
7470.225000013024
4182.050000002367
3512.7250000034096
6245.775000007997
2509.0999999988135
2943.2250000003787
4392.225000005347
7010.475000008351
3674.425000001892
4383.525000002706
3381.5250000010774
3174.524999999224
4063.7750000057954
4519.225000005147
2873.299999998663
1846.899999999362
2256.8999999990183
7778.725000012049
2166.79999999942
3009.8499999984992
5151.450000002489
4180.925000004914
4632.775000006017
4008.5250000015494
3344.525000000093
4131.425000006392
3148.1249999982324
2500.8249999989293
4664.3000000047105
2550.7499999987012
3885.8750000017526
2448.4749999988685
2093.2999999991794
2437.699999998933
3607.550000002079
1934.2249999993305
4521.525000005136
2469.2249999987994
5047.800000004867
2710.299999999634
5329.975000005159
2325.275000000142
2651.6749999994627
4411.475000001155
1718.2499999993843
4779.050000004741
3818.0000000018035
4149.275000001611
5757.250000003753
4258.750000005713
3991.275000000411
6614.225000011048
2019.9749999992582
6605.425000010702
4409.075000000605
6522.525000007992
4838.8750000061555
5537.225000006985
3057.5499999992007
6284.525000007749
4536.075000004537
2748.7000000011017
2475.8749999988436
3332.150000000397
4657.7250000027
2753.550000000637
3030.3749999995157
4495.575000003727
7967.175000012341
6688.750000011727
2244.9749999990536
5327.275000004853
8382.275000012964
4664.325000004822
4980.30000000672
9623.500000017479
2875.6250000010914
4684.3750000048285
2716.4999999992833
3999.650000002775
1840.874999999421
4133.92500000138
3515.2749999979505
1703.5249999995463
4942.475000004646
2552.025000000376
2513.72499999879
6705.42500001108
3889.025000002811
5761.250000008626
3117.1000000027543
5973.750000006675
4839.4750000053755
2737.525000000802
7653.400000011287
4328.025000004781
1949.474999999267
4213.700000003395
3342.849999999875
2410.049999998904
4406.525000003177
3653.449999999724
4285.775000003109
3196.799999998513
2927.7999999984327
4574.525000006112
1496.7249999996811
6543.05000001134
4204.425000005177
1450.674999999741
3485.7500000012524
2306.8499999993955
5124.575000005745
3745.325000001575
5585.300000005846
3678.5249999999023
4990.725000004759
2858.5999999990204
1819.3499999994408
3356.9249999981835
4441.775000004995
2666.0499999991075
2932.8249999989857
5225.525000003556
7179.975000009966
3598.5750000009566
4010.22500000181
7124.200000012308
5793.500000005512
3099.224999998277
5289.87500000303
2562.6999999990953
3149.074999999357
5314.325000004202
7303.150000011834
2128.02499999916
5972.800000009132
2684.249999998855
2708.000000001339
3422.9250000020093
6190.52500001081
4345.40000000418
3145.5499999994195
1997.2249999991716
9621.400000017471
3476.700000002232
6702.175000011421
3820.450000001228
5714.825000007009
7078.850000011804
2300.0499999998488
1843.424999999419
4904.700000005413
2728.4749999985943
2498.9999999988204
4052.0999999999945
2459.974999998858
2871.1999999990276
4532.50000000486
2295.974999999007
4155.500000005174
2741.8249999987115
4909.825000005819
3088.92499999954
3817.3000000004545
6021.500000007777
2975.7000000004437
5268.475000004322
3175.274999999547
4331.050000006184
3793.600000006195
7350.775000011177
6592.725000012558
4737.250000004408
1824.224999999326
4115.450000001405
6069.975000007826
2955.250000000222
5056.025000004524
6321.475000011069
4712.175000003734
2790.450000001534
7780.92500001233
2784.8749999985625
3738.000000004817
2998.749999998858
3034.8749999983356
4750.550000001985
4487.475000004992
5655.000000006834
4372.000000005082
1982.2499999992926
5813.475000007054
2199.3249999990953
5428.950000004818
2261.3499999990386
5005.27500000453
5605.100000006149
3152.724999998319
2591.099999998739
1892.2749999993682
4760.775000004825
4049.4750000057525
2639.399999998695
5418.975000006839
5114.000000007532
4573.250000005656
5672.025000006752
6037.800000006937
4815.925000006476
6122.500000009596
2304.5249999989996
2980.075000001263
2502.99999999948
2826.2750000013148
4245.800000003819
5846.750000006656
2267.5999999990167
6410.750000010058
5635.000000007043
7645.975000013655
2171.77499999912
6973.200000009254
3491.7500000004893
5674.75000000582
3344.2750000010215
4024.4750000030713
7201.200000008666
4462.300000004518
4304.300000003982
4622.225000004513
4912.850000005663
5352.300000006334
1931.799999999253
7897.5000000111995
4091.375000005689
2968.2749999987395
7294.225000010587
3957.9250000057127
2373.6499999989364
5418.075000005836
4738.825000005758
4360.27500000369
5944.200000005729
3250.0500000019524
5173.025000005171
1940.5499999993308
3841.075000002993
2824.324999998527
5834.8500000096465
3094.27500000381
3734.074999999771
5257.575000005838
2062.04999999922
2182.7999999991102
5618.050000006247
8236.50000001346
1910.6999999993577
7345.750000009192
6036.9750000048125
2084.2749999992
6625.950000009456
9577.00000001731
3965.0250000058377
4136.925000005792
3069.5499999988588
3194.7749999986654
4424.175000002429
4849.42500000304
5514.900000007783
3826.4500000020666
4322.500000005405
1858.6499999993357
3295.999999998175
1280.1249999998577
3278.37499999832
1786.9749999994701
3216.7250000015383
4353.650000000786
4528.775000001351
4267.550000006322
6350.200000007296
1886.1749999992276
5147.9750000078875
5630.275000004996
4325.100000004783
2736.2000000004873
4922.825000004568
2089.2499999991433
2769.2749999985767
4366.725000004033
1739.849999999513
2779.949999998819
3307.4250000026914
5269.675000003779
6442.125000009015
7978.725000013534
2927.5749999992604
3479.4999999986107
4550.675000005319
7735.100000011515
4284.200000005473
4327.525000000836
3895.425000001799
7218.225000008897
3451.7750000033316
9172.575000018
3023.974999999361
4889.975000002403
4296.675000004776
2914.000000001855
3746.300000000709
3925.050000004524
3285.1000000016734
2576.9749999987516
2181.2499999991114
3664.199999998807
4402.300000002935
7251.200000010998
2741.674999998602
6167.475000006119
3215.7749999993616
1968.574999999305
5857.450000006408
2485.0249999999487
6325.575000008923
4815.950000005147
2571.7999999993685
5216.275000005711
3809.0000000024575
3762.7750000003202
3412.5249999982047
2469.3500000004633
2225.9000000001297
3445.324999998659
3422.775000000442
4656.225000003225
7243.275000011484
2655.0999999986807
5685.375000007993
6448.000000007142
3117.7500000012124
3555.3250000005582
7176.300000012112
5228.475000004201
4584.200000002567
2999.575000000593
5566.050000006375
2064.749999999218
4681.200000005434
4401.000000005904
4242.825000004858
7066.800000009931
2746.499999999887
4087.175000006446
5717.975000006734
3969.800000002923
1983.974999999291
5307.775000007388
5195.27500000546
3307.474999998714
4828.575000004325
5090.175000005442
4423.750000001695
5608.800000006045
2438.974999998877
6019.650000008453
6746.275000012096
3288.2999999990516
4997.525000004722
2788.3249999992368
5161.225000005673
3780.8250000048524
1963.8249999993095
5053.4000000041215
2147.1749999991425
3102.724999999269
3976.000000002317
3432.975000000043
3915.625000002645
5441.175000003807
4227.700000003324
4805.750000003671
3249.69999999864
6308.275000011039
4159.100000004934
4181.250000000383
5103.750000005872
7660.9500000112475
5594.025000005235
3185.799999999056
2773.249999999792
5436.80000000469
3618.850000001868
3177.824999999082
5110.600000004717
2013.5249999992539
5606.0750000049375
2833.9500000000785
2695.4749999992437
4832.900000002969
4332.500000005044
3582.5500000003176
3900.950000000801
3301.274999999199
4528.875000006166
7129.550000008407
5823.400000009346
2926.975000000744
5668.050000005495
2932.2250000026356
4791.550000000412
6543.550000010245
5495.77500000582
6132.550000006689
6515.0000000069695
3193.299999999441
2617.7749999987145
4695.875000004751
5243.97500000654
4958.750000005893
2013.8249999991858
5233.250000004304
4141.900000002642
3614.700000003422
3544.200000000119
5471.0000000029895
5798.700000004606
4807.47500000559
4943.700000006692
