11375.100000023851
10925.100000022214
10918.100000022188
3616.0999999978067
2587.2999999987424
10916.100000022181
2631.0999999987025
10547.100000020839
2564.2999999987633
2270.2999999990307
3216.0999999981705
10928.100000022225
7740.0000000106265
8284.000000012606
10932.10000002224
11285.200000023524
10966.100000022363
4084.4999999973807
4460.199999998695
5929.200000004039
7372.60000000929
4644.099999999364
3511.299999997902
10800.000000021759
4502.699999998849
5228.100000001488
10924.10000002221
2070.1999999992127
8329.20000001277
6283.4000000053275
10929.100000022228
3551.1999999978657
11734.100000025157
8185.200000012246
8600.200000013756
2853.5999999985
11799.100000025393
6603.00000000649
3301.199999998093
6688.000000006799
10912.100000022167
1667.399999999579
11199.300000023211
11809.400000025431
8087.20000001189
10800.000000021759
9821.000000018197
7021.000000008011
3646.1999999977793
10800.000000021759
8114.000000011987
11266.100000023454
5854.100000003766
3024.399999998345
9651.30000001758
4397.1999999984655
11214.200000023266
4043.199999997418
3163.1999999982186
5837.100000003704
11363.100000023807
11660.300000024889
1829.999999999431
1988.5999999992869
11629.200000024775
5491.000000002445
7824.1000000109325
7301.0000000090295
2754.4999999985903
10939.100000022265
11176.200000023127
6203.400000005036
11287.00000002353
11517.000000024367
11586.40000002462
8973.000000015112
10926.100000022218
10800.000000021759
10934.100000022247
11708.300000025063
4010.1999999974482
4481.199999998771
4624.199999999291
10939.100000022265
7480.300000009682
6794.100000007185
8173.2000000122025
11277.200000023495
8614.100000013806
4428.199999998578
9831.500000018235
10936.100000022254
3487.099999997924
4663.499999999434
4151.299999997571
10918.100000022188
11297.100000023567
7991.400000011541
10800.000000021759
7197.1000000086515
10916.100000022181
10800.000000021759
2732.1999999986106
4316.599999998172
11681.200000024965
11278.200000023498
10928.100000022225
11794.300000025376
11584.100000024611
1999.1999999992772
3584.0999999978358
11226.20000002331
10923.100000022207
2654.2999999986814
10928.100000022225
10800.000000021759
10105.00000001923
11297.000000023567
10919.100000022192
11233.300000023335
10800.000000021759
11479.10000002423
11212.300000023259
10800.000000021759
6542.200000006269
11557.000000024513
10928.100000022225
11289.40000002354
6024.300000004385
4151.09999999757
5462.000000002339
10800.000000021759
4901.300000000299
5601.200000002846
10800.000000021759
3291.199999998102
2863.1999999984914
11293.000000023552
9498.000000017022
10465.20000002054
10957.10000002233
3409.099999997995
9983.100000018787
10941.100000022272
11192.300000023186
11340.400000023725
11632.400000024787
5201.00000000139
3231.6999999981563
10800.000000021759
6631.000000006592
9312.400000016347
10963.100000022352
9854.100000018318
5665.000000003078
3762.2999999976737
10183.000000019514
11283.300000023517
9487.300000016983
11535.400000024434
5734.100000003329
4025.3999999974344
11558.100000024517
11694.200000025012
10800.000000021759
11531.40000002442
10934.100000022247
4414.199999998527
5415.60000000217
5252.400000001577
2757.199999998588
10942.100000022276
5728.000000003307
6633.1000000066
2387.2999999989242
5848.0000000037435
4317.599999998176
11234.200000023338
10800.000000021759
3180.5999999982027
6783.200000007146
10934.100000022247
6593.100000006454
2580.099999998749
10945.100000022287
3670.1999999977575
11154.200000023047
5659.000000003056
2152.099999999138
10930.100000022232
3142.2999999982376
5126.300000001118
4754.099999999764
3079.099999998295
2483.299999998837
2772.0999999985743
6406.100000005774
10800.000000021759
10020.200000018922
10800.000000021759
11232.300000023331
2729.1999999986133
9813.40000001817
3445.399999997962
4556.299999999044
6685.100000006789
10800.000000021759
2632.1999999987015
4432.299999998593
6328.300000005491
5995.000000004278
10952.100000022312
7396.000000009375
11706.500000025057
4784.299999999874
10913.10000002217
3385.1999999980167
1859.3999999994044
11194.300000023193
3899.399999997549
6817.100000007269
11255.000000023414
7042.600000008089
8688.200000014076
11657.500000024878
6187.000000004977
2267.599999999033
2600.2999999987305
3804.4999999976353
5556.100000002682
11197.200000023204
5585.600000002789
3235.199999998153
4084.199999997381
5273.600000001654
11305.100000023596
4215.299999997804
4308.099999998141
10800.000000021759
6922.400000007652
5915.100000003988
2842.3999999985103
11683.500000024973
2081.0999999992027
10800.000000021759
10301.400000019945
11220.200000023287
4272.299999998011
2921.699999998438
4308.499999998143
11643.200000024826
10926.100000022218
10800.000000021759
3524.0999999978903
11376.100000023855
11231.200000023327
8025.400000011665
10800.000000021759
8851.100000014669
4941.500000000446
11604.300000024685
11293.100000023553
5221.100000001463
11163.20000002308
6267.100000005268
8527.10000001349
2923.2999999984368
5235.100000001514
2021.0999999992573
5185.300000001333
2612.2999999987196
2840.2999999985122
4140.09999999753
11248.20000002339
11249.100000023393
6503.000000006126
7386.000000009339
11314.40000002363
2497.1999999988243
5372.000000002012
5180.000000001313
3172.59999999821
3272.599999998119
3591.0999999978294
4164.199999997618
7264.100000008895
2297.199999999006
3284.599999998108
2873.0999999984824
10917.100000022185
3382.0999999980195
11294.000000023556
5904.100000003948
8486.10000001334
11640.400000024816
5977.2000000042135
4462.299999998702
4069.2999999973945
11687.400000024987
6587.300000006433
11230.200000023324
10928.100000022225
10800.000000021759
3848.2999999975955
10800.000000021759
11240.20000002336
2903.199999998455
6734.000000006967
5132.000000001139
4378.4999999983975
7088.400000008256
4737.099999999702
8060.200000011791
11705.200000025052
3117.59999999826
10800.000000021759
6708.1000000068725
4754.299999999765
9116.100000015633
11355.100000023778
8458.20000001324
2850.0999999985033
4947.000000000466
10800.000000021759
10924.10000002221
4405.099999998494
11827.400000025496
1641.4999999996026
5468.000000002361
11196.2000000232
11570.20000002456
3980.2999999974754
6993.100000007909
2304.2999999989997
2647.299999998688
3446.0999999979613
11836.200000025528
8895.20000001483
10943.10000002228
6363.300000005618
11272.300000023477
10916.100000022181
4201.1999999977525
10922.100000022203
7396.100000009375
10800.000000021759
6304.100000005403
11545.50000002447
3035.299999998335
3580.299999997839
3986.09999999747
7943.100000011365
2898.1999999984596
4390.19999999844
8703.400000014131
11617.600000024733
7657.500000010326
5650.300000003024
5804.200000003584
10937.100000022258
4125.299999997476
2478.1999999988416
11236.100000023345
10946.10000002229
7623.200000010202
8552.300000013582
3777.19999999766
3738.2999999976955
11337.100000023713
10932.10000002224
6177.00000000494
11218.20000002328
11336.20000002371
9896.20000001847
11746.400000025202
11004.400000022502
11298.10000002357
4787.599999999886
4939.300000000438
10800.000000021759
3531.299999997884
2659.299999998677
10950.100000022305
7826.000000010939
3840.4999999976026
10540.500000020815
10000.100000018849
8099.300000011934
3353.1999999980458
11222.300000023295
3547.2999999978692
8526.100000013486
2525.3999999987986
5686.1000000031545
10800.000000021759
11292.100000023549
5522.200000002558
5044.100000000819
11194.200000023193
11321.100000023655
11585.400000024616
11656.200000024874
5884.100000003875
8092.500000011909
11709.300000025067
7320.000000009099
3155.099999998226
3777.19999999766
7147.000000008469
8630.100000013865
1629.0999999996138
10924.10000002221
11388.4000000239
7918.200000011275
10800.000000021759
11370.100000023833
2862.0999999984924
3104.1999999982722
10800.000000021759
8956.00000001505
11233.200000023335
11342.10000002373
4019.39999999744
4188.599999997707
2497.399999998824
2824.299999998527
4077.0999999973874
11273.10000002348
8723.000000014203
8289.000000012624
11385.200000023888
5823.300000003654
10928.100000022225
10926.100000022218
8274.00000001257
7892.400000011181
10920.100000022196
4060.1999999974028
6163.400000004891
10800.000000021759
7928.0000000113105
4336.299999998244
1517.1999999997156
8703.400000014131
4914.000000000346
5372.400000002013
4249.199999997927
10974.100000022392
4559.499999999056
6439.200000005894
11611.20000002471
2921.1999999984387
8984.100000015153
1498.099999999733
4672.199999999466
3312.099999998083
2646.2999999986887
6767.100000007087
4860.30000000015
10800.000000021759
11280.100000023505
11531.200000024419
11560.400000024525
3057.4999999983147
3062.0999999983105
3327.2999999980693
11312.200000023622
11570.400000024561
10941.100000022272
3151.599999998229
7348.0000000092
4945.100000000459
10944.100000022283
7192.100000008633
9316.00000001636
3095.1999999982804
11592.400000024641
3514.1999999978993
11210.200000023251
5455.100000002314
4730.199999999677
10800.000000021759
3325.1999999980712
11421.40000002402
11642.100000024822
3249.49999999814
4176.1999999976615
5478.6000000024
3613.1999999978093
3802.2999999976373
10108.100000019242
2587.599999998742
6368.100000005636
5237.400000001522
10505.000000020686
2825.299999998526
11623.500000024755
7499.10000000975
11385.200000023888
3704.3999999977264
10914.100000022174
5205.300000001405
11453.400000024136
3003.099999998364
4064.199999997399
11523.40000002439
11295.30000002356
4881.300000000227
5367.200000001994
3216.1999999981704
3583.0999999978367
11195.300000023197
4892.500000000267
11504.400000024321
8411.100000013068
6299.400000005386
3796.2999999976428
10800.000000021759
11532.200000024422
7360.300000009245
4721.499999999645
11683.400000024973
11544.200000024466
9786.00000001807
11260.100000023433
10800.000000021759
4370.199999998367
11740.100000025179
10940.100000022268
11610.500000024707
11308.300000023608
3886.199999997561
4250.199999997931
9580.200000017321
4844.400000000092
4404.099999998491
11393.100000023916
3118.499999998259
2954.2999999984086
5664.1000000030745
5512.300000002522
2031.4999999992478
11190.200000023178
11209.200000023247
6964.300000007805
4950.100000000477
6032.100000004413
6601.200000006484
7220.100000008735
5355.10000000195
4406.399999998499
3016.1999999983523
10925.100000022214
5878.100000003853
6480.100000006043
4160.199999997603
11416.100000024
3399.3999999980038
4322.499999998194
4121.099999997461
11217.000000023276
3050.1999999983213
2011.2999999992662
2604.199999998727
3010.1999999983577
10948.100000022298
11712.000000025077
3279.099999998113
3393.0999999980095
4305.3999999981315
11662.400000024896
8560.00000001361
8625.400000013848
10922.100000022203
3402.199999998001
5436.300000002246
11159.200000023066
11263.300000023444
7229.200000008768
8766.30000001436
5730.500000003316
4907.200000000321
11230.200000023324
7491.300000009722
4068.1999999973955
2803.5999999985456
3570.1999999978484
10928.100000022225
3993.4999999974634
3886.299999997561
6166.300000004901
10800.000000021759
11675.200000024943
6973.200000007837
5445.70000000228
11613.600000024719
3626.1999999977975
3909.19999999754
10928.100000022225
3578.199999997841
7138.400000008438
2965.0999999983987
3303.599999998091
3746.499999997688
6751.000000007029
2199.0999999990954
11193.20000002319
3577.299999997842
10800.000000021759
4733.399999999689
11326.100000023673
4721.599999999646
4852.00000000012
7124.100000008386
2949.599999998413
9499.300000017027
7612.100000010161
7869.000000011096
10456.100000020508
11312.100000023622
6049.000000004475
11201.200000023218
2328.199999998978
10946.10000002229
5901.100000003937
11558.200000024517
10946.10000002229
8890.10000001481
4350.299999998295
9542.000000017182
10599.100000021028
5882.300000003868
3933.0999999975184
5987.1000000042495
8860.200000014702
5467.500000002359
4662.29999999943
10007.000000018874
10936.500000022255
11552.200000024495
2975.1999999983896
10800.000000021759
10929.100000022228
10942.100000022276
10877.30000002204
11413.30000002399
6133.00000000478
10940.100000022268
4082.3999999973826
6803.2000000072185
2482.199999998838
6390.000000005715
4006.099999997452
1804.2999999994545
10928.100000022225
5534.000000002601
3829.199999997613
11255.200000023415
8716.000000014177
11715.50000002509
7587.500000010072
11439.200000024084
10800.000000021759
5560.500000002698
10927.100000022221
10800.000000021759
2351.199999998957
9398.100000016659
4849.20000000011
3551.1999999978657
8791.10000001445
4846.6000000001
6735.100000006971
4382.099999998411
3758.1999999976774
11696.20000002502
1927.3999999993425
11278.300000023499
10911.100000022163
1560.0999999996766
5838.500000003709
4113.499999997433
11802.100000025404
7224.30000000875
10940.100000022268
5562.100000002703
10989.100000022447
4091.2999999973745
2070.0999999992127
3615.0999999978076
10934.100000022247
4479.199999998764
4114.599999997437
7692.000000010452
11119.00000002292
6163.000000004889
7314.2000000090775
11649.300000024848
11244.100000023374
3356.399999998043
7544.100000009914
4387.099999998429
5086.000000000971
10800.000000021759
10921.1000000222
2527.299999998797
11453.400000024136
4273.099999998014
6051.200000004483
7383.100000009328
11236.200000023346
7027.100000008033
4711.399999999609
3219.1999999981676
11671.400000024929
7265.4000000089
11256.200000023418
7269.000000008913
10933.100000022243
11689.500000024995
4376.199999998389
2048.2999999992326
10800.000000021759
3693.2999999977364
3503.499999997909
6037.100000004431
3337.0999999980604
4371.199999998371
10591.100000020999
2626.099999998707
10925.100000022214
3742.299999997692
11597.50000002466
4915.20000000035
5334.000000001874
11638.300000024808
5676.100000003118
10800.000000021759
4789.199999999892
11641.200000024819
11447.300000024114
11618.200000024735
11668.000000024917
10800.000000021759
2744.2999999985996
5766.1000000034455
11684.300000024976
5587.200000002795
10950.100000022305
11026.200000022582
8093.100000011911
6571.2000000063745
10934.100000022247
4020.099999997439
10360.000000020158
4303.299999998124
3800.0999999976393
6690.600000006809
10778.100000021679
9219.100000016007
10934.100000022247
2300.0999999990036
11418.200000024008
2795.0999999985534
11349.200000023757
2683.199999998655
10931.100000022236
10800.000000021759
4176.099999997661
2894.499999998463
2300.1999999990035
10923.100000022207
11195.300000023197
3537.1999999978784
11591.600000024639
10935.10000002225
11423.200000024026
11672.500000024933
11257.200000023422
11690.000000024997
11747.500000025206
2867.2999999984877
6212.100000005068
4430.099999998585
6299.000000005384
9888.000000018441
10936.100000022254
2785.1999999985624
10800.000000021759
11647.10000002484
11352.300000023768
3276.2999999981157
10917.100000022185
5887.100000003886
10939.100000022265
6302.400000005397
6193.100000004999
11760.400000025253
10228.50000001968
9565.200000017267
10800.000000021759
11592.400000024641
9738.000000017895
2275.199999999026
10938.100000022261
11266.100000023454
4065.199999997398
11671.300000024929
11217.200000023277
3299.099999998095
11056.20000002269
11599.500000024667
9717.10000001782
7268.000000008909
7450.0000000095715
11345.000000023741
2252.199999999047
8461.20000001325
3318.1999999980776
11574.200000024575
8696.500000014106
5270.2000000016415
11869.300000025649
2306.199999998998
2305.099999998999
11266.200000023455
11241.200000023364
2147.3999999991424
11611.10000002471
10931.100000022236
2392.09999999892
10933.100000022243
11290.300000023542
11205.200000023233
11246.200000023382
4172.099999997647
4174.099999997654
6756.100000007047
8855.100000014683
11351.100000023764
7636.100000010249
11167.300000023095
2821.3999999985294
3970.1999999974846
1476.199999999753
3995.299999997462
2230.199999999067
6550.100000006298
5471.200000002373
7411.00000000943
11635.200000024797
11351.100000023764
2961.499999998402
11390.400000023907
10941.100000022272
10800.000000021759
5439.100000002256
10192.200000019548
2800.1999999985487
3652.199999997774
9640.000000017539
2215.199999999081
4182.199999997683
8037.100000011707
7689.000000010441
10945.100000022287
11717.100000025095
4824.000000000018
4628.0999999993055
11191.200000023182
10231.000000019689
11204.20000002323
6092.200000004632
6188.3000000049815
10800.000000021759
8400.50000001303
11519.500000024376
4737.299999999703
7354.200000009223
10800.000000021759
6720.300000006917
5955.2000000041335
10091.10000001918
6837.500000007343
3349.0999999980495
2622.0999999987107
4411.199999998516
8282.200000012599
11321.200000023655
3758.0999999976775
8595.100000013737
4341.099999998261
2918.1999999984414
10800.000000021759
4941.100000000444
11184.300000023157
11232.300000023331
4214.2999999978
10927.100000022221
8341.000000012813
6016.100000004355
4283.09999999805
5332.100000001867
4918.400000000362
4236.29999999788
5957.10000000414
8717.200000014182
11149.40000002303
3119.2999999982585
11620.500000024744
11806.100000025419
6693.000000006818
6248.200000005199
11659.500000024886
10800.000000021759
8797.100000014472
5583.3000000027805
11311.100000023618
2643.1999999986915
11334.100000023702
11498.4000000243
10800.000000021759
11685.30000002498
5147.100000001194
11610.100000024706
10206.100000019598
8583.500000013695
2148.2999999991416
11323.300000023663
11604.200000024684
4472.199999998738
10800.000000021759
11569.100000024557
7980.1000000115
11323.200000023662
3557.29999999786
11378.100000023862
11515.20000002436
4356.299999998317
10800.000000021759
4280.29999999804
11204.20000002323
10016.200000018907
2300.2999999990034
10800.000000021759
2665.1999999986715
4972.000000000557
6892.200000007542
5524.2000000025655
7558.000000009964
7352.300000009216
9439.000000016807
8168.300000012185
4163.199999997614
10958.100000022334
10800.000000021759
5698.2000000031985
11691.200000025001
11752.300000025223
7057.400000008143
4644.199999999364
4993.100000000633
10932.10000002224
7436.200000009521
4349.199999998291
10800.000000021759
2296.099999999007
7865.100000011082
5469.000000002365
4389.299999998437
7188.000000008618
10912.100000022167
5228.300000001489
6688.1000000068
4650.299999999386
11617.500000024733
11295.20000002356
11726.300000025129
5727.200000003304
10896.100000022108
7460.200000009609
6340.000000005533
10941.100000022272
10950.100000022305
10800.000000021759
11186.200000023164
5195.000000001368
3095.0999999982805
10926.100000022218
10922.100000022203
11531.40000002442
2895.299999998462
10922.100000022203
8640.100000013901
9034.000000015334
5496.000000002463
6456.100000005956
10436.000000020435
10515.300000020723
10918.100000022188
