1860.3755299999675
2005.823149999824
1394.6128899997377
1031.2702799995768
760.1141499997298
1749.754240000102
1024.6293399995855
1210.8622199994345
829.8737699996564
1174.030349999475
1361.07567999932
1222.9255400004802
1060.9825499995068
1267.2081499996839
1193.7514100000874
1953.1821199994272
1334.433540000178
877.2590799997035
1008.9417799996388
1389.31191999992
1071.6492999994728
1757.0707199994097
1084.2182399996375
1756.9718499998644
1072.6939199996493
1561.8211199997916
1403.7126099994027
1288.822829999428
1304.413939999674
1583.2337999995843
1307.868320000072
1563.1857199996439
1636.433819999806
1432.4245699994215
1661.421990000009
907.836939999646
1836.808210000253
1081.3107499995306
1428.5146999993883
2187.750759999862
1363.022979999775
962.2315999996459
1327.4819100005016
2156.7375700007287
953.9837699996175
1086.6194299997292
1215.387469999459
1587.8344499995676
1187.1047199994641
1482.0224999997567
1344.1874199994331
1223.6326600000436
1158.5942299995502
1286.4358699994893
920.049819999603
1347.88424999948
1217.8764500006648
1251.8662099998608
1084.6036999995276
2173.7113399997015
1124.6650100000243
1634.341700000206
1034.9358799995703
802.6200699996829
1187.6860300001456
1038.0179599996945
1588.0564099992725
1418.222169999432
801.7790999996811
815.5172199999777
1000.076139999917
921.8437899995815
1194.2510299994833
1682.6164200003443
1155.7878300005018
1401.7567999999767
1526.0168399993172
1953.7219700000226
1148.9256600000656
2331.481160000518
804.0015699996693
1380.346869999537
1349.3756599993771
1277.3063999996032
1827.620959999339
1355.3784999995967
1447.7419399992993
1138.0381599999957
1240.6680099996315
1168.0649399995161
1820.483999999876
2246.4890799994355
1466.1097199996761
1329.1821899993886
1009.899969999625
1965.2854299997912
1368.0948500002
1189.439999999578
1377.1616299996933
833.0680299997376
1354.7464999998504
1907.8052699998018
976.6044299995941
916.4775699997288
1935.3403600000622
1266.7506100000758
1209.2482999998956
1528.527380000223
1137.3044300007462
1090.688759999481
1054.633279999517
1454.9903299998239
1671.067269999828
985.7359999996172
1435.616159999589
2298.243929999937
1303.5345799994143
1314.6276599995044
1296.8762799997294
1945.618689999795
1628.9533699995893
1125.7339500000503
1191.1141399994349
1607.1663999999132
1448.8217399998975
1001.7601799998137
1607.4758299999467
1507.7445499994003
1218.070769999439
1131.7370599994301
1032.7777999996026
2005.8713699996247
1469.3574399997472
1410.7008499995407
1606.9298099995358
1200.074919999486
1319.5282099993951
1508.6879499996978
1228.3114299994686
995.6875599999044
1480.1651800008167
1097.9864299995604
1439.6484999996055
1042.3673999998596
1480.6131299993417
1896.281250000573
1711.731779999539
1817.2140199998428
1282.460849999403
1540.375969999812
1367.707789999357
1109.1522399999953
1136.4942400002317
1559.1143599994036
1728.2072799994648
1356.0101999995388
1549.567249999824
1362.0972900002387
1646.1346999998373
1718.6454399996965
1870.1018100005738
1303.8963599994795
1204.1790600002223
1543.4943700001252
1260.289849999431
1068.1051699999814
2601.2569600011298
1221.1250299995181
1413.6894899993626
1516.829849999315
818.1545499996973
1823.4397099997507
1790.7994799998405
1389.4804699996225
843.876859999689
1307.513689999446
953.9965899996978
1053.364909999905
1528.5191199996925
1079.8815299995445
1097.686489999713
882.8531700000111
1660.040359999448
1522.8168899992038
1133.2539499995012
929.445889999651
1880.514180000496
1527.8353399997677
1061.1578399995808
1217.4621799995516
1240.9767199995044
1251.470369999847
1959.1204299993956
1106.9690599994906
948.4445399996235
1238.7912899994199
1906.4234399996917
1532.4078300001418
1412.6437099996383
1852.6335100004494
1552.5015099998582
1089.6245299996206
822.4173599998522
1565.6668999997728
1323.8555799995386
1269.2237399996723
1596.2565500000576
984.3436299995877
1136.654019999584
1365.4268400001083
1423.4294400001597
1605.6024600000992
1710.4189799993576
1121.1373899996395
1181.6919699994216
1377.8580899997078
1139.8753699995123
1119.986079999561
1082.7520699999386
898.7757199996443
1017.6855299995872
1658.2239699994575
1425.4971599996766
1250.96054999966
1633.5072299997678
1725.378099999854
1107.6108299995044
1017.657129999565
1161.8035499997961
1427.198159999445
947.4528899996462
922.742169999749
1164.476479999468
1013.8345999996865
1243.0243399996266
2419.968310000331
1018.845099999623
1412.6881099993905
1329.9934699994892
1105.445119999549
1313.8412199998138
1238.6380699994045
1453.681389999868
1293.4924199994014
1654.4475600001629
1099.1206899996246
1352.7420999996757
1110.7018499994945
1212.7597099994823
1062.9815299996487
2258.806020002274
1299.7089299994173
1314.033339999724
1245.3583799996568
1825.4382499997987
1545.275649999261
1078.4839299995206
1059.04440999956
1329.2581199994993
1039.2445599996684
1134.9152700004793
1676.2354199998974
1339.2588599996382
832.4427800001546
812.2027599997583
1259.7940399995477
810.4550799997093
1188.4088699995375
1103.7455799995023
1563.8511299995735
866.6057599996848
1080.6051099995486
1506.5206099992618
1804.4388400005796
1841.939330000614
1287.264839999759
1464.8366399995557
1854.0366000003175
894.7463699996562
1952.8709999998814
1725.2721399997013
1624.4762699992912
1150.210639999483
1007.6680499995579
1406.7311899993088
1956.5961299995508
1403.465399999338
894.8562899996659
812.1633399996805
1298.1531999993806
892.0643599996396
877.447400000041
1134.4161999994533
1605.9521500003457
1259.496309999678
1100.4060499997975
1211.5534699994998
1259.5332199994518
1463.7195099998687
917.0954999999245
1012.243549999952
1510.7783700000853
2078.2374500003602
1110.2436299995625
1271.952599999425
1262.7764399994742
1078.5967999995428
1585.0527599996642
1386.4973499994114
1387.0085799993426
1272.9028399997676
1278.815869999599
1073.3680899999213
1100.4036699999053
1369.7395799995957
1242.5775499994284
1177.1013499995038
1591.4174199993179
1287.7726399994287
1282.294399999786
923.829879999639
909.5873599996278
1097.8360699996028
1179.8083199997093
1279.357069999432
1386.7298199993345
1441.0818400003018
775.6041999997237
1117.5090299995618
1224.2407099998054
1242.958929999518
620.6832799997883
1080.4415999996709
813.4595699996954
1183.1437099994746
1145.4469699994902
1891.5290999998554
1380.7166499993289
1454.3343000001717
1133.3852299995704
1239.2046399998778
1481.1339000001794
1710.7947099991882
2062.478080000708
1524.4071899994326
1668.4792299995574
1268.9457499996722
925.496459999652
931.9304999996249
1158.7596199994398
816.8506299998209
816.6052299998182
1229.853139999432
1135.638809999715
974.8073599996192
1107.882759999903
1651.0118100002842
1358.9545799997088
1541.2171699997946
1136.0570300003474
1116.2555299996075
966.0866299996392
1055.494539999536
1288.4143100000217
1404.7791399995833
1434.1515799993163
1440.4208499996134
1503.686479999293
1312.573279999369
1186.134329999482
1266.0485599999345
1159.1767099995052
1575.3882700001361
1549.7510699996742
1155.965830000288
1392.5025600002784
2138.017320000981
706.4727699999312
1076.1784799996037
1332.2626099994036
929.5946599996346
873.150839999667
1118.09884000014
1771.6021300006257
991.5655299995445
1565.49984999986
1188.9331099999322
1468.3600800004729
1446.8421199997113
1726.330079999928
1055.4748899995764
1670.4830799997171
985.2821599996325
1638.8170599991902
1692.3183499993788
2353.68630000027
709.9691899997171
1383.7945599994596
1196.3208399998114
1373.8031099998798
1529.720799999692
1860.4806199998666
1408.2203099995916
1460.5877299997414
1835.9725700002546
1538.602079999409
1162.1099199995929
1832.9430599998284
1335.5888899996319
2816.4007800014915
1014.1101999995947
1016.9973600001297
1824.626560000021
1327.868459999646
1403.6766199997041
1523.520119999793
1186.6183099994412
930.3711799996677
1405.4096999993842
1446.3644499993866
1879.9540699999363
1205.7276900000827
900.8484999997061
993.5983199996223
902.4145599996654
1081.7878499994986
1468.231199999346
743.214840000649
1641.9825499993565
1931.1352599997317
1578.6271900000822
1916.4281699995654
1631.6017799992258
1338.419299999622
1294.2390699994162
1233.095629999753
1252.2313000005247
1045.5316399995124
1088.7890399995015
1075.1083099996135
1238.971709999514
990.3618199995769
871.511559999682
1151.8421199997972
1494.9930599994232
1425.4078699993881
1201.754119999458
1409.532349999997
1008.4712199997389
1106.136099999522
1182.0430599995927
1082.467489999483
1356.5286000003541
884.9029999997013
1180.4872499994826
1230.7362699994424
943.5441099996414
1746.225449999828
1109.7991499995721
1746.3921999993595
1663.0895499995427
1179.859200000303
1408.0549199997893
1569.642549999449
1370.5865299993313
1083.1222599995615
1221.9337799997943
1131.389209999961
1550.7753799994289
1524.3015399993426
1249.0391599995023
1187.69993999953
1555.7009600006918
1065.9931399998352
1452.3331099993034
1162.3875799994646
1469.4748799998215
1292.4797099994905
1881.5279700001709
1122.89022999956
1619.421319999681
2238.842010000178
1357.8396099995166
994.6567199999799
1293.685179999573
1118.0701599995666
1006.08511999968
1399.4977699995125
1179.2309299994588
1032.053289999629
1311.3360400000986
1253.8957299994804
1480.480639999424
1113.6829499994792
1676.072579999895
855.7717399997315
1158.9714700000584
1206.0858599994976
1624.6237599998524
1655.6991399997319
2338.6298400005408
1624.991329999543
928.1730900001078
970.0629499995749
1552.1633099993542
1162.886829999865
1325.3603399997385
1275.6132699994032
1082.1382599995707
1236.149739999632
1642.602499999445
1369.8292699998838
1012.481639999679
1106.026329999544
1337.4604099996027
1348.405829999468
851.4671699997176
2043.7474700000519
1888.3295400005047
1005.9666699996608
1045.9229899995487
1625.0700199994963
932.5915999995718
1736.745729999413
1376.8514099996883
1762.4485200001259
903.0703199996169
2081.7477199999903
1385.0079599993408
1336.0682399994191
1365.0403299999955
1112.1579099997625
1372.5646299996279
1149.3164699999036
1079.5099099996098
968.7495399996251
1631.9070599999352
988.4494399996169
1271.0556399994277
1312.5222399996328
1324.4298599997896
785.162209999733
1799.5077400003763
1025.284399999553
1036.5728599998781
1079.4282099995137
1259.0340999995801
1176.5841999996544
894.9085199997753
1003.6901699996198
907.0762399997601
1127.2718599995342
959.3025299998781
1178.5918899994222
1509.7036499996736
894.1756599996859
1426.1526799994165
1383.2004799992947
1223.193379999486
1427.4124699994418
1405.1014899997804
978.923549999541
978.1152899996129
1288.3823899993768
1215.501499999468
2447.938970000249
1829.0340600004106
1230.53494999946
1191.8462399994123
1079.064059999566
1837.7876200001813
1488.9136299993124
1069.9850799996511
1828.5365600000284
1029.3185999995576
1129.4911599996383
1207.4169699994534
1711.3183399997392
1433.9489599996768
1000.85772999985
1400.5641799994173
1441.0168299994575
1112.9166099995682
1002.1679999997878
1288.8782299995355
974.2606899996231
1123.2460099995071
2302.1754300009643
922.1724699997138
780.5814699997109
1649.9164800002757
1400.3176599994383
1219.9560199998618
1053.1013899998127
1234.8658999996305
1260.913589999808
1216.6759599995412
1342.6083799994228
1192.9271399999247
925.2769499996709
1368.9385599994011
1188.2278899994965
832.3099399996589
978.2081899996826
906.2691599997798
1162.7744899994805
1139.226629999538
1235.2194599996124
1354.4126799994885
1327.298619999625
1376.3077199998534
946.3837899997255
1030.9898199996474
1381.172799999591
859.2248399997231
1618.9993999996657
1417.4712099998476
1610.2673399996618
1889.3204199998788
1197.1786999994792
1453.8125999998374
1194.6741399995115
1298.4769899993607
1528.8452499992993
1734.467759999459
1723.1653499993638
1242.7739400001067
1150.2610200000518
1444.002519999579
1408.4560399998973
1468.7475699997483
1124.688319999519
1396.3204499993635
1250.2892099996263
1526.7722799995577
1238.601989999425
1226.4944699994783
1001.802949999636
1428.8596600002033
1132.2455399998255
837.3351999996743
1976.3267999997597
1964.0632800005828
1189.5270500002773
1326.227590000364
2623.514370000258
931.1460999997763
1445.6816099993387
1314.936619999563
1150.260689999669
1018.4594299995815
1919.1851100006386
1005.5777099998155
1071.7962499994949
1321.5577099998945
1413.014949999339
1083.4549799996028
1550.31390999938
1830.827619999435
1533.6301999996933
1118.4820399997432
1160.2776699995038
1513.0556199992884
1073.8926599997276
1687.512730000177
1323.7814599996075
1245.740529999409
1101.3176599997907
930.9702399997325
819.515169999619
1476.2986000002209
1414.732459999474
1366.481999999573
1073.6940599996892
1434.8195199993302
1290.3862200000224
827.093049999695
1800.6875899992433
1505.3095899998793
946.2559699996734
974.0885399998061
1081.41031999961
1648.5555499998868
1441.759359999273
1261.3219800000031
1106.6056499997458
1810.4187800001157
1019.4596499995647
1070.0844499995535
1765.7923799997195
1432.9549499995214
1031.8546799995675
1395.506399999428
1398.3231499997344
1398.0763999998887
1319.769839999485
1520.0508599993013
1496.9070199999942
1917.4633400006899
1166.254199999748
2216.9661400007863
1355.8465999993623
1440.8582699994083
1828.3367599996307
1399.5557699999629
1070.1288699995866
1075.4166499999437
1369.2523599993897
1133.4433299996037
971.9385199997819
1093.0395400002049
1802.3568599998193
1175.9821399996094
1111.911459999473
1788.9738400012232
1333.6010599996216
1640.2077400003604
1342.3517499996037
1730.2909500001813
1793.723069999876
1029.0309499996376
802.7483399996719
1607.6304999994622
1171.3098899995807
1285.6525799995118
1313.3398499999364
1482.4851899992825
1095.954559999556
1255.0268999998161
1475.4438399993926
1269.4791699993925
877.8079299997729
1147.7590500001104
891.6255799996898
1649.748819999632
1605.8720499993155
1148.4673999995177
1363.348589999534
1443.1740299995395
1338.2386400000396
906.3725299996805
1566.1097700001442
1208.5296299998313
1312.6781199996042
856.151759999669
1140.598179999581
1577.1240199999024
1057.8658399995618
1468.0860499999044
1157.2318999998563
1492.8664500004538
992.1915399996374
1574.1259000004284
1266.3193799994021
1305.7063499993767
954.6278399995658
1607.9558799994963
1999.463389999835
1197.6613699994982
1670.331939999655
1067.3545099998048
1132.7910299995137
1292.7686899999553
1313.8715399993723
1663.4640199997527
1456.826619999462
1440.4187899997412
1792.5414600000079
1570.9545299994008
967.5325499996156
1040.5026899995069
1082.1829499998976
1077.9153199999284
1181.128949999501
1414.7335899998302
1389.0362699995153
1800.2095299997561
1527.8934000000183
1165.3556199999375
1377.0840999997724
1589.274279999844
1021.3717399996192
1230.3145099994247
1430.301749999392
1139.6670399995385
1149.6962899994994
2349.6527500001284
1384.069959999526
1537.090879999628
1490.9681600000267
1750.240150001004
1044.82946999963
1493.0770300001525
1264.5475399995955
1716.6988999997166
1100.4636999997429
1359.2325299996237
1700.237860000244
1314.52307999977
1261.336819999471
1968.0171999999748
1083.606839999551
1461.087109999408
1131.2336699994837
1663.3060800010808
1255.9599799994278
1512.4520999994575
1222.2998000003483
1067.630929999905
1161.2941699995088
1061.5579300001395
1183.1011799998626
1530.4697100000642
1693.6310300004345
1027.2862299995134
1275.9576499995198
1152.1378699994996
1044.5411399997863
1433.5066099993728
1357.4457999995775
1039.1354599995548
1510.860879999772
1766.67927999957
1041.0257399995965
1592.0472999992573
1486.6072900000906
1822.6201100003482
1147.2481199994745
1853.9153400003613
1779.8506799999793
1115.8368199995332
1403.1308600001655
2286.6583200006057
859.2120899999632
1146.9725699998444
1095.0745799995639
1312.367129999503
1662.0644699993672
890.5508000000514
1656.6527899991943
1883.2916299998344
1075.3414099998633
999.0466599996278
1721.092169999461
883.2245199996945
944.212789999753
1009.3083399995796
1371.594129999528
1147.5621699996736
1865.8674499996996
1184.4286599994202
2283.7434899998625
852.1036599996845
740.3963400002144
1916.4945899995532
1677.1181799993687
1194.6801999995585
977.28666999999
1268.6693199994213
1168.1049399994822
1503.2763499993016
1005.8782099995894
1212.3390299996233
1212.8587899994754
1760.3919299997517
1233.937979999748
1869.6584699999264
1229.596779999425
1105.6794099996196
1228.3440500001004
1513.1105500000945
1417.7274799993497
1348.2868099997243
1242.863519999452
2191.136190000716
1003.1230099998137
1554.1023899998627
1155.5152699997036
1092.6823299997386
1099.9779899995713
1164.7750699997014
1607.7139699993013
1114.3539399997876
1132.588909999768
1317.453299999429
1244.5418099994342
1664.384379999287
1666.1558599993034
2403.1960500005994
1577.0148799993776
2031.7761400001968
1050.4780699996838
1064.9712699995562
2291.098600001302
1039.6389599995675
1237.440169999847
1663.7211399993748
1024.1114199995454
1653.4441499994343
1490.1651299992675
1585.316679999786
1329.459319999686
1035.5801599995443
886.424299999737
1790.901229999742
1233.3189299994528
1080.9745899998636
1727.0238299997757
1376.701319999459
1860.7241099993971
1858.042740000048
1163.0682099994683
1372.7821099997639
1322.1971499996223
1694.699109999645
1762.0963499997115
1092.5005199996556
1501.7865799998756
1024.2077099995684
1372.574599999397
1121.4503999999213
1425.248169999317
1342.2824200001737
1445.650749999351
1376.5103699993635
1498.7793500002817
1230.6015399997505
1151.553119999475
1751.5404299993997
1254.9299799995486
913.7012199998212
1859.7909099996139
1533.0392999997428
1542.4255699994612
1240.342759999427
895.3297599996818
1370.4761899998516
1355.30095000013
1161.5588899995867
1984.573990000389
1022.3726999997085
1016.929789999947
1131.5934799998215
1052.379899999538
1723.139279999685
1100.7678499994545
1329.7663599993944
1121.7169099997504
1068.2850099995637
1626.4439699995219
1089.017289999895
1651.4810699993882
1510.7385099997284
1512.5380899996446
1461.846429999655
1276.5598599993716
1756.0606799996524
1400.7415099994305
1817.8292200008302
1470.1498500001635
853.1978599997258
1388.4628099993924
1673.7115099998455
1166.434229999767
1055.7249799996139
1823.7865499995826
1185.7476399994518
1410.7267200001456
1380.1010299995078
1097.2097699996084
1414.4957999995395
1006.3252899998486
1418.6158299994445
1433.512889999713
1050.9296099995313
1134.661749999476
1776.7367499998488
1483.0146599998307
1000.4643399997466
1239.7302399999758
1064.3516099997423
2118.2499300002355
1805.6282100002793
1096.358370000123
2084.4357500000674
1661.8120899997948
1811.5896699995305
1412.020069999459
1339.4300699998328
1436.3645999994096
1026.0597999996212
974.4649199996289
1513.891410000406
1378.2327899993807
1561.56515999978
1261.2905999995623
1399.7865900000015
2274.972840000391
1018.0583199996504
975.5635899999814
