807.8206899997602
736.5784300001703
586.1225999999792
455.1719999999701
441.194469999949
745.4116799998442
550.5028299999622
550.2423899999081
471.9019299999662
535.5509099999333
568.0897899999065
757.8798400000414
466.55537999994226
622.1447000000059
646.1221000000671
675.6011199999323
806.2763600003033
478.97374999999136
645.213629999916
592.1951899999449
572.2705200000058
590.6635899998581
507.2821399999615
880.1364400000904
509.7976899999257
659.1556699998567
594.5365599999632
595.9242999999276
747.5029600000048
623.3139099998733
618.6281100000064
785.0006399998128
686.4150099998932
597.8532100000708
697.8913999998691
476.47468999997216
820.8179800004051
514.5850799999465
526.6732399998997
596.8813799998861
621.7715900002734
493.44272999998446
698.5875000001366
783.1344700005054
458.9905799999911
510.5793399999413
561.1323999999311
636.3352899998583
566.8569299999491
611.7251700000445
632.3695199999223
723.7125100001169
699.9528599999036
572.2469899998821
514.1043799999678
606.9844599999193
773.547010000405
723.531989999854
569.9896999999149
651.7270399999487
597.965189999937
714.9987000004272
608.3983499999317
435.7580299999643
682.6007199999715
504.28329000000963
647.8264400000126
562.497829999921
511.48661999995204
507.7932899999338
608.0301300001901
433.49408999994637
540.9396899999397
698.9478200004637
708.4251800001687
777.0416900001571
607.7221599998924
732.0269699997797
638.3637000002008
727.7753699999195
514.500729999932
658.8049299998941
464.3284699999656
568.8076699998862
862.832959999932
536.3147799998906
582.9302600000733
667.794100000244
495.7657700001023
626.8340799998866
742.8661900000573
588.3784199999217
771.3949299997898
669.1566399999085
492.01226999998386
805.9696200003341
705.652370000427
624.0151000000378
598.6515299998648
496.5471200001073
577.3392799999067
643.717429999993
514.9659599999645
518.6873199999925
678.8451800001582
636.9264400002039
732.3570700001433
879.0516300002191
669.8017500001182
681.0623499998936
574.5251699999393
642.4551899999199
730.9799000001015
524.8092699999754
759.5847700001209
716.7325799997669
542.6585399999584
520.918099999964
625.2576300001907
703.9034600000235
666.6493099999374
413.8308099999411
597.7259100001852
706.5976400001335
600.7719099998823
626.4312800001859
682.9369899998393
695.7653799998458
486.9502699999442
591.4780199999234
473.77172999998004
696.0647599998135
719.4681399997935
590.6008899998965
703.1097000001205
532.5841499999459
505.4791899999
714.3844200002012
550.2874699999978
557.6767700001849
943.1392100002355
527.0185099999759
579.7893499999743
517.4481299999795
556.4169000001801
782.8315900000807
649.0820599998764
745.4660199997788
543.3864699999034
596.3425899999157
510.87500999994927
631.5865000001448
642.1379200001488
628.9049399999108
669.4211699998622
634.0091899998538
772.1140699998728
678.682260000141
713.329119999837
658.5890300001843
840.6640899997442
585.1123999999045
712.5232600000252
703.0888399999114
567.963659999953
652.0379900002195
576.9516700001939
626.4721499999207
591.8368199998979
681.2149399999216
510.64014999999324
692.7536499998773
727.5286599998743
584.9638800001052
457.36570999997775
527.4059899999222
618.7823199999224
615.6037399999301
606.3556799998837
468.39584999995253
527.1390199999736
581.6667000001609
679.1641399999338
615.0973099998859
472.12911999997027
433.0902699999899
753.7753799998513
754.7393999997973
524.9802899999783
595.4115899999839
517.6364999999361
778.4022999997961
706.7513699998375
573.7755299999546
562.1668899999498
679.4449799999129
738.0815799998221
728.9038499999639
645.8117100001425
832.5759700001424
741.3806400001155
435.23717999998024
500.5499100000005
701.2493899998069
627.1818399999212
638.8123299999747
754.1473300001121
536.0695999999167
529.4424699999203
683.7092299998802
669.5824999999214
672.0564699998246
676.2708499998761
795.2112900004577
513.6240999999376
655.8103699999294
484.516389999964
507.1062999999669
669.4265200001589
457.15382999998184
541.6758400000122
597.4364600001505
852.138269999923
641.7547399999235
843.5188800000985
694.4921099998435
583.7358199999385
530.408309999935
571.9370199998285
646.3121099998926
541.0781900002396
572.2566700000276
620.1697099999202
732.2103199998779
556.4134600000212
764.9467900000802
510.90219999996646
553.9121099999196
601.2758499998915
522.6311100000203
645.4193199998723
510.61727999991496
631.610649999877
585.3492999999127
778.8233699998818
660.1921900001553
632.8675200002721
534.9899899999588
658.7308399998707
513.3389299999727
1212.6757199998553
534.2556999999642
647.9486999998594
532.8962799998695
709.1468499998265
639.5475200002738
530.5931400000953
460.12570999995427
590.3023199999438
495.7688999999549
770.4946200002476
704.4488899998873
659.9863799998653
575.0226600002264
513.0873599999427
597.329069999911
475.01861999996765
684.5205499998905
491.00594999991824
676.6925199998607
466.9747699999818
571.7520499999426
745.9522499998809
783.9159799999775
796.9428100002966
523.2179999999104
725.4731899999272
873.0528800004804
485.6784499999703
808.0222899998292
717.3286399998153
839.3111199997866
480.665219999946
531.0596599999784
667.4861799999185
699.5764099999604
711.5839899998899
508.33627999997987
482.77871999999223
588.4729399999209
456.08309999997977
565.7901400002111
564.7130599999097
815.8202400000648
638.4820099998852
757.7965199999231
491.18868999998625
540.8722899999392
693.2557099998718
518.9879400000523
524.4806400002398
656.4816899998405
783.4348200000734
487.00230999990686
589.8107899999507
576.8266599999596
582.5448099998898
612.3313799999434
656.7873899998707
569.5834699999098
713.864389999855
539.4467199999127
515.4293899999665
616.1891999999265
664.6687099998234
553.4521599999048
641.4770999998785
625.7789599998891
508.72705999994724
560.6849999999268
506.9232500001126
539.8922099999745
500.68347999994495
555.9978800001751
575.9542400001862
543.8703999999248
950.0582000000508
456.19649000000385
491.9991999999799
487.047399999941
587.6022799998971
457.13640999997665
662.0889199999822
477.8075999999541
559.0220799999156
539.6570199999308
697.9852900001137
514.1622599999217
692.4926499999054
548.4812699999605
592.0278199999199
598.956409999949
638.305259999895
814.0885099999651
568.9597499999119
608.9123799999364
721.8177299999421
561.1217300002219
542.0772699999438
546.4845699999244
403.8890799999961
501.5981599999612
631.135619999909
674.8383699998587
535.3180400001477
652.1590300001926
722.1199000000538
731.0192799998517
820.4789999998032
652.3627799999775
576.5520699999281
445.94485999998477
537.5500400001897
618.8376199999625
654.5903999998138
664.5911900000538
636.2577499999147
567.024679999907
611.0604399999096
623.6994700001726
663.6913199998883
650.2381800002115
715.5929999998344
622.5140400001105
766.4249900004614
734.6376800003217
788.1971700003493
398.5820899999902
591.2315799999319
513.4957799999585
534.5928699999602
511.4233599999838
729.6965099999667
915.8124499997878
534.4843399999098
746.1824300001334
639.2004700000264
847.1909000000423
702.1757599998178
753.9487800000394
510.51394999996023
654.0369999998554
490.20555999997947
656.1700699999591
699.1192299998698
714.4627699998896
440.8787000000177
589.904559999945
560.936380000194
816.9624499999488
642.1770800002934
736.2391600001274
591.4318799998953
598.5779600000482
801.0701699998409
709.9593599998967
577.5864899998772
788.7622299997487
608.0741299998986
897.475929999647
514.1800999999689
621.4366999998481
651.077719999811
643.7792799998773
690.6265399998707
721.1191700001222
555.127059999946
472.5165699999978
607.396199999951
593.608009999933
722.06507000024
716.8880500003307
487.7351699999706
538.1499899999491
438.8940299999973
624.2196899999115
490.4231699999381
738.2651200001137
607.7759400000191
635.5205800000483
801.7354600002254
810.074289999754
697.7873500001145
761.6595099998304
578.6959199999275
620.0712100000518
696.680810000098
570.3576299999296
608.5154299999319
536.8756999999798
496.20509999997324
565.2467699999027
452.21151000000776
590.7142399999573
642.4898499998824
631.470319999938
447.71913999993603
881.7303799997653
554.3887899999316
585.8100500000296
593.0473399999239
631.0745399999007
710.7910500001046
510.9455200000008
578.2937999999128
583.8483199999049
471.8637899999703
683.2103899999603
524.2670699999902
697.7984499998702
537.5818099999765
564.8688899999336
562.5247999999515
705.4471399998038
675.0251499998983
557.9296199999708
698.3726600001687
705.0995700005433
666.6551999998716
561.107739999904
581.9540999999098
488.1980399999929
681.7946900000982
584.559119999943
553.9073299999211
501.20762999992985
629.1429899998845
594.3805599999152
747.7376100001406
524.9159399999164
677.9557199998553
792.9049999998091
602.0976599998712
468.9648599999645
695.4733500001638
518.5958199999583
514.5701899999614
702.6587699998807
544.4381799999492
524.672939999953
733.501329999972
541.6291599999543
690.6529099999414
601.1245999999533
741.3394599997958
450.5354499999945
661.1077500002274
539.1709999999549
694.1385999998732
900.4316899997556
735.1072000000614
626.0290399999304
525.3872500002478
508.06952999993575
699.597169999854
575.8580700002069
665.7875899999204
598.4037799999589
508.1656500000151
616.5197499998686
719.9516499998479
737.4691200001361
566.8080999999314
574.0536600002501
659.8945399998573
620.1021599999893
479.3558799999519
764.8728899998442
810.0518799998031
627.9855300000758
556.911629999927
628.6699400001789
552.4144500002137
681.6599299998525
708.778499999888
668.8018000001002
499.82935999991145
926.3876100000972
662.3515199999077
676.132150000206
666.8317600002033
831.9792999997811
652.6637699998787
682.9566100001066
534.372709999971
497.45094999997184
769.7616300000908
472.6561999999692
543.765969999931
615.1578799998722
636.1079299999266
434.09448999998517
802.2980700002029
548.8292799999259
604.6704799998935
502.05050999994256
621.8351499999602
573.0946600000207
502.6781599999363
499.6292599999579
616.5920299998813
468.80055999997575
527.9110699999809
613.3301599999841
725.586640000003
450.1666399999812
765.6456000001376
703.6563599998633
583.0209699999084
522.8255799999389
608.0284500001736
534.0347199999151
512.232939999968
501.0222799999231
577.8249699999499
736.4518900000991
717.426420000114
584.7128499998894
610.5407699998968
481.28312999990953
718.6652300002696
535.1691899999414
633.8117500000965
688.1101400001291
519.3721699999496
499.1264699999421
526.250149999984
738.9859000001015
672.0684299999931
577.8250700001186
652.6271999999024
563.3392699998909
577.7702399999557
551.9209800000805
632.6687099998925
508.692269999991
551.3134099999139
841.5513300002461
451.41791999998793
466.17815999993434
837.833279999763
570.1427799999241
752.2668600001742
653.718079999858
647.0891399999703
525.4648599999337
683.2255899998552
580.1459199998918
572.2468099998664
428.4788399999785
607.5347800000084
539.5530799999697
504.0121599999543
442.1757399999558
517.7939300000127
474.4561299999464
603.0443900001728
731.8553899998674
611.2943399999017
588.7193199999107
622.8040599998999
514.1387099999788
439.2770699999578
629.6838099998821
474.03707999998204
536.0941499999507
569.0730199999376
586.7660599998206
692.676830000067
584.7419800002191
692.6659799998438
534.594799999967
712.126629999875
652.2157900001945
649.3955499999131
660.1669900001823
683.662070000127
727.9529000000518
547.9647899998586
663.0331799999663
722.9954100000786
619.0521700000171
544.3860299999639
640.924819999958
660.5803199998608
625.7581499999883
570.0915599999771
520.3209299999511
667.3849299999234
496.29574999990814
543.1276899999494
748.5900199998754
747.2528300000023
649.9027900001443
662.607900000155
869.7207200000381
497.1092999999616
661.6924100001378
663.7555299998497
480.99225000006766
537.267779999954
718.0405799998526
624.9663499998602
569.202229999924
731.4872499998592
643.80156999991
521.5331999999761
729.768640000179
699.2612699998269
687.4807099998807
520.0800099999495
628.5256000002279
540.6819799999483
626.7538699999429
767.5274899998595
552.8205899999498
499.3369499999127
474.30406999994955
530.4420799999713
510.3720199999279
739.0093599998239
465.70250999996324
578.2311500000658
605.1954599998585
610.9560199999188
568.0634099999173
494.62537999998494
671.360210000094
754.2641800000083
496.61383999999606
544.6661099999606
475.9189499999341
734.8544200001918
564.5852299999071
564.7670400001751
694.778129999859
885.6178899997274
601.7373299998943
552.033269999931
725.1463899997846
657.3022399998786
507.7394499999563
586.8639299999192
709.1296299999048
778.9542900000852
591.4930999999959
662.7166799998618
841.6211100004127
837.830700000338
663.899039999859
849.6170399999028
591.1469499999162
646.5402599998957
705.2342999998687
628.2177399998917
548.4909099999577
511.6352299999976
603.6384899999337
606.481820000034
565.9273000000705
748.9510100003841
736.7859699999724
531.6384299999391
546.3746899999172
800.1233900001774
721.5048899999907
694.6481599998318
728.7786399998638
685.3420699998271
629.323929999854
575.6252899999498
487.18981999997044
719.5977999998961
570.0375599998683
535.5505999999631
676.7986999998816
635.3735799999107
558.0165999999217
713.4501000001443
648.4417699998735
534.7600899999384
559.4846499999304
708.5155200001354
461.9379299999649
622.9148499998848
693.6014600002661
573.7830499999714
644.8630099998868
654.1303899998878
651.295389999957
509.5618200002535
648.5407300001388
565.8950699999292
526.1518999999107
486.2466899999717
490.8002499999709
667.7089399998491
585.9342899999831
708.3487299998496
629.22009999991
781.3972899999915
467.3772299999805
725.4276599999262
497.1338399999539
565.2383499999418
499.95503999996237
579.5522599998623
686.7510799998358
455.6792099999771
738.6594600000254
645.2401600001232
570.2429599999392
619.3178799999063
616.4054099999189
712.5459499998423
577.4299599998673
687.7269699999495
824.1420299998614
657.4114299998682
611.4404199999381
499.030619999945
626.6775300001594
493.7991000002246
638.2651299999162
701.1829600001541
610.0244600000061
692.243340000137
621.4326999999403
648.9551299999256
666.5479899998751
706.1092200001582
498.4641099999772
552.4311399999324
550.6597499999232
550.1008899999715
545.9665499999899
812.4716799998149
713.9174499998692
704.815690000081
719.4872300003009
873.5225600006372
560.0027899999159
868.4883700002505
710.5922999998977
734.5493699998249
513.3482899999665
715.5850999999308
837.5353100002353
603.4828599999004
694.315780000075
722.9025300000933
687.6598600001811
500.4454799999553
537.5684799999103
776.077439999769
557.5196599999366
663.8942799998542
672.7345500003015
487.0133299999681
551.3275399999134
732.3837600001445
557.073979999944
606.5133899999807
813.5938599999581
474.8800599999775
604.0184999999101
461.0031799999423
552.0488200001029
702.7692699998595
740.7681800001767
557.0435200001226
596.8307699998766
847.3285900000916
542.1299299999911
622.4418999998651
790.2400099998486
752.9582100002725
563.706239999903
566.8186499998977
678.1557299998618
518.8575499999503
659.5377600000336
844.9115800001174
515.3874799999576
551.10557999995
626.2982999999227
501.5205499999387
665.2340799999193
715.9779099999957
649.062019999904
854.9107699999421
581.9319500001965
471.84912999995163
650.6509299998386
414.5192799999952
597.5982099998907
483.10182999997085
713.3957399999678
677.2763399998737
704.8047999998385
646.7345099998994
739.1092499998615
476.95329999996966
363.60842000000326
643.3236000001477
632.2052099998717
581.4195599999595
472.2178099999885
577.1048599998942
616.5823899998926
546.1707099999454
519.8333099999417
659.6507299998734
481.50606999998143
631.2525999999749
491.5937499999517
783.9590600001499
523.1676799999575
552.3534399999801
615.6425099999684
639.9617799998819
600.6904500001958
707.2048499998283
602.1992800000186
773.1023600002381
573.4073600001075
622.1129800001639
549.9630999999129
656.0821500000311
474.6247599999473
614.3376099999001
604.1403199999057
631.6333900001592
597.8726000000424
505.1419099999608
596.9596999998997
648.1993499999103
646.7058500000428
777.6590899998182
663.5320299998396
651.9652100001346
692.0503899999053
479.2037699999463
959.1066899997684
518.1503499999765
673.0961200003771
728.0907500001113
539.0446999999399
669.7230199998925
515.3162999999242
807.8829499998575
737.1257699998313
539.9628499999802
521.0607799999866
684.7134799998172
608.1380199999827
547.9918599999735
659.0463199998878
639.1991599998671
708.2893900001587
779.1823099998869
552.867289999953
687.4187799998607
685.3541200001611
646.5902699998546
756.99349999982
607.3987199999184
722.6679100001152
522.3557799999629
742.8678900001556
511.21123999997224
544.6136199999529
691.4666400001719
611.8848099998914
590.6903599999347
694.9105100000234
602.5719100000802
564.3533299999118
635.9747400001465
653.3705000001803
715.1589499998523
624.415129999837
658.9172300002078
601.7173699998809
662.9908899999496
605.2193199999012
644.627570000183
552.5206499998632
582.9433999998837
769.4150299998981
570.1372299999625
564.9361299999308
658.5342900001281
490.6527799999256
743.5164299998422
618.0802099999003
617.6046399999113
569.5316199999613
499.9313600000116
647.7393699998893
748.1397499999844
648.9876299998741
666.0000700000951
687.3333799998447
671.8771800001427
544.2974399999363
656.0790699998356
680.5694400001713
809.2657600001061
823.4384899999023
555.2280099999153
604.840279999939
821.7992200000975
642.6133699999042
653.555359999878
705.2991699998558
529.583549999923
870.0406399998185
648.6841699998951
507.1203199999694
594.2443799999295
534.2050000001826
713.5383499998793
649.1850899999549
574.7442599999271
530.9413399998969
671.1511199998558
591.175579999885
497.1195399999612
738.7148099998338
542.2770600000646
720.9697199998104
790.2392599997748
714.5833500001784
727.3384499998581
719.7158700001906
651.434649999835
677.5507099998321
652.7558000001516
651.5073100002021
682.9081300002202
546.9853299999914
640.4491500000764
575.4653699999619
558.3731400000594
540.3758199999196
678.6494999998624
714.7052000000613
570.7509200002069
595.3579900001815
