951.3406299999339
1157.7495299995542
831.5288599998353
727.9953199998588
544.4516899998952
1068.8541299999008
708.4378699998455
814.9416299997637
702.3716799998449
791.1591899997964
770.4832099997502
992.5327400001485
681.4838399998093
911.8097199998298
904.9032500002103
830.3647000001095
954.5630499999322
586.849359999915
777.5922499997904
854.7740499998523
904.5282699997551
1086.4256499996018
682.3110799998492
1045.3803400000475
635.7618099998618
898.431579999697
766.3793700000795
711.193629999826
1025.0956299998313
825.0532199997338
917.3695699998418
991.9784099996015
920.2263799996891
885.9999399999448
934.5019200000944
721.7898999998458
1129.3011500002528
849.7866499997925
763.6130699997444
1009.0679499996692
782.5475900000384
584.8016399998937
987.0409900002431
1169.8618499999016
595.1244200000723
722.1540599998054
818.4007699997965
1049.749519999619
737.0223699998155
734.1580099999172
765.6007599997704
837.6391800000367
842.8402399997409
886.2635699997128
725.3459599998367
809.7231099997827
796.5326900004205
846.6416399997063
766.7898199997602
1193.933959999603
899.3315599997414
936.9226200003545
703.5089999998246
633.5006099998603
861.2234200002005
742.7824199998478
988.4715899996612
797.7190499997347
707.942849999825
757.7124299998093
677.4580000001425
754.3317499998093
899.5370400001034
890.9983000003765
869.1440600002959
1045.5809199997545
868.8080499997657
1096.1698999995394
740.7391599998974
1025.8134699996835
634.2168099998448
626.6703899998059
789.2420999998146
781.1125599997441
971.2444699997984
873.8108299996959
766.2648899999814
867.9628700001772
715.9075799998113
898.580139999781
1037.5313799998896
953.0069199997072
1135.3007699995314
782.7091899997929
626.7805299999163
882.6789499999894
948.8910299999905
824.9396199997968
835.8271499997412
606.2477699999388
850.7935999999895
1055.2226399997728
714.1981599998456
637.8056999999259
970.8569199999777
1012.0947799999876
922.5631300000298
1001.2178100000986
1158.910299999863
697.6145599997866
873.0383499997608
808.87769999985
1057.4405599998963
522.5452499999027
1072.2927499996415
1217.7598899994562
635.7383299998565
857.7642899997725
811.1733999998069
932.1487699996902
993.9581099996595
810.9131300000922
751.5280699998253
885.7086299999905
909.8953499998228
640.3405899998335
1138.7085099995354
891.2951699996553
704.154699999835
895.7906899997305
643.6863799998666
1161.5780999995256
902.8974999996843
854.8073399998142
947.5329499999342
772.1982599998136
795.5859899997647
794.8037000000782
801.5920999998934
781.4800400000746
1259.7988499999358
608.9449499998728
771.1047300000598
748.2349800001248
810.0618400000675
1084.5640600002412
934.8090700000215
1108.5776299995703
855.7376399997479
734.1050899997882
833.8628699998658
635.3093299998866
845.6020399997288
933.8635099999602
1109.5187299996066
746.6233899997126
1120.5688599995979
768.8177100003347
1116.109130000032
1028.4882400000204
1192.940059999627
902.5111399997102
809.4218399999621
1067.233779999985
786.9203499998068
869.4347100003833
1313.3612999994762
794.1766699997927
926.7749499998549
1046.9021999996182
655.3648999998837
1169.7858799995345
894.5854399996563
728.1420800000001
617.5855199998863
758.1191199997879
792.2181299997906
700.6074499999297
797.25203999972
794.3895499998412
641.8509500000284
869.5306400000267
890.4648199997886
905.4165999996825
647.9854300001003
634.4855299999026
992.7260700000284
1017.6445799995928
703.5212499998643
812.3704499997983
633.8183999998488
924.7723699996504
1013.6078299995933
808.4311999997968
643.8647299998493
787.788849999764
966.4552499996046
1061.2948699996207
733.8073099998169
1246.823789999643
1007.6491899999485
619.053119999901
732.2855600000903
852.8929099996924
774.1499199997526
988.3118999997627
837.0323300000257
832.9193699997505
606.7363599998602
1217.2632799994199
931.9762199997328
817.4009299999383
846.8927599997212
878.1449900003921
817.9834799997593
861.2051500001276
691.1768699998456
626.5057899998797
802.3358700000831
651.0869999999014
715.2500499997986
1082.2367599999684
995.2753699998019
955.4669599997208
914.1324400000335
962.3695599996768
694.5749099998221
677.2584999998288
968.3812699996623
895.2551099997019
562.2823600001807
754.7464799998296
762.3670899997732
949.5565199997466
658.6337799999361
1052.0221899999615
686.5591199998468
900.9145599997133
855.976539999714
614.2718299998454
821.1478399999537
813.7797599997763
813.6740500001047
807.2813099997621
988.4572899997468
817.7308900000608
785.4767299999885
747.2859699998396
774.4048999997353
721.098089999868
1511.8502100002204
847.794189999793
932.9729399996459
878.2769699996566
1169.0593099998491
843.7581200000552
669.6106700000119
774.2942999998346
822.9595999999715
657.9862899998568
947.4733800004344
1013.6179099999202
1086.6051299996234
713.1351099999254
760.3687999998142
924.8139399999006
680.4292199998669
1072.5422699996745
627.3107799998321
952.5381499996724
591.4283299998842
666.3712399998392
890.7745599997053
949.5628399999362
1234.1213199998358
743.4668099997502
859.9030099997456
1240.602930000266
650.4098299998606
955.8287399996957
968.5004899995859
941.9897399996515
699.5926599998426
743.4081699998252
993.0697699997879
969.9040599997753
917.3725199997102
558.6074199998944
624.9694599998834
887.2465699997547
554.3590699998961
805.3230399998207
881.1866899998488
933.7904299999334
872.5642099997115
797.8520499997114
684.3772899998744
588.6199499998721
1047.9274799996658
685.2351599999427
571.6520999999094
1030.991669999598
1102.3895599998298
720.4009699998336
743.4648699998183
774.0496600001147
930.0956199997158
856.4971699997686
794.9971099996915
799.3523099997727
952.4779799998084
663.1535799998452
812.848649999989
1013.0916800000435
942.9317199996606
901.1651599997199
808.6758099998993
859.7125999997439
791.2043899998104
858.906760000053
621.5584400000587
803.2256099998251
777.1218199998063
913.1643400000263
763.9602299998436
801.7815299997553
1213.925599999502
690.396599999915
732.4275399998525
618.421560000123
922.4459199996804
563.2267999998891
810.8546599998642
565.6782899998623
792.8177799997841
814.6338399997647
1140.234779999565
824.0764099999637
1104.0889499996408
691.5374099997416
1020.5512499999902
754.1104999998793
895.2018999997701
1151.8203100000278
842.147499999722
947.0620899997675
995.4721099997358
693.1463400001676
744.0153499998343
715.6946999998188
540.0135299999391
730.0124199998108
800.4644199997554
827.2274699997637
718.8002200000572
831.870820000092
1071.149879999848
946.3378499997134
859.0216999996999
1076.4955599997197
737.3219899998456
610.1350099998888
726.4468100000955
966.6063199997141
1048.6838499997734
887.9258099997212
758.7687799997689
963.7901899997103
810.1102799997617
679.7910699998324
1105.371099999636
758.4453100001592
1114.1668199995581
845.583829999809
817.0348200000991
815.9516999999995
1038.1629200002221
564.4579399999824
777.758419999901
766.4285999997995
716.5308299998314
628.5235999998736
1055.1766799997818
1323.0083499993866
848.1522399997656
971.7589299999303
959.7689900000528
935.3771999997812
893.8082799996289
1106.0180599998178
723.0994499998476
1016.2763499998027
643.0506699998691
1057.376659999675
909.1308099996938
782.8561600002862
574.2414499998756
829.942959999809
779.7257300003808
1114.0701199998878
876.9877100000739
1283.793810000128
714.1409099998178
677.2836400000814
990.7945099996837
829.9415199997494
927.3610999996464
917.773079999564
889.9704599998681
1102.8425599999211
667.5598699998657
972.6853499999237
1247.8745099994321
898.8077199997002
892.5570899996981
1175.090939999498
777.1943499998077
556.2224599999003
774.8585799998045
867.3127499997516
1041.6837699999753
959.2694599996986
601.5173399999089
607.0628199998638
578.7419599998943
723.8653099997714
755.1749399998158
1147.7915999996394
892.3322799998333
895.6127399999102
926.6897199999727
1029.5209499996715
1001.0592299996424
1043.2272899995992
743.7698099997746
886.9336799997037
1238.4831499998513
766.5476399998058
742.2430699999168
655.2640899998947
733.7054699998573
799.4532199998035
561.6775599999216
865.7959399999881
818.3942799997485
832.3766999998057
648.2514599998411
1209.0108500000053
602.3587699999416
724.8392099999244
801.5566799998631
806.5528799997538
918.5231900000997
586.0835999999181
839.105889999766
831.4948899997228
622.6523799998703
959.9042099998873
652.3048499999047
992.4236599996835
929.2691300000621
801.0253200004266
760.614860000156
1005.0424799996175
798.9235499997538
625.7752499998646
812.6790900000844
766.1061999999027
1046.4125699996162
694.0166599997945
795.4201299997677
703.8601799998712
1391.5330899994349
864.0509999999408
801.8864399997723
651.0861499998208
1011.0256400000078
759.3076099998117
956.6202899997392
809.4955199998236
624.7395999998029
1210.0657899997166
957.2660699996599
564.0874999998856
861.3812999997841
652.5885699998769
661.9820799998784
789.1442599996922
742.7133999997923
776.0481699998548
1111.3701699997105
839.2784799998053
952.7646199998001
819.7961299998537
1191.8663799995093
484.51008999992655
653.3817699998386
793.520829999812
1005.665359999683
998.544649999636
1177.9572399995195
971.5251699997458
592.3596900002017
787.7063299997898
771.0312799997613
754.2509200001316
895.428170000097
802.324119999786
680.2070099999354
842.0810599997033
949.3292999996276
847.966449999791
906.9336199997805
608.316640000198
878.0429499997397
814.8666599997371
647.525109999868
937.4257999996537
1016.2668800000497
778.5814299999676
721.2958599998457
1007.6777899996906
737.1579899998228
957.0699599996327
846.7029799999364
851.7534100000086
984.1073499997
1136.7624499999104
815.4313100000245
664.774469999858
824.7124500002211
985.4201299996098
924.0843799997338
952.552249999949
806.0928699997941
653.5798099998548
997.9438499996062
687.1650999998665
764.2500699998216
751.1781699998429
838.429599999825
615.1052099998913
909.6243899998349
751.5045199997969
882.2877599997063
639.5427599998595
836.3443499998366
785.9885599998859
691.3699499999644
681.9308299999067
891.2224799997764
645.0211699998837
716.8200800001011
775.0401699997693
1050.463339999677
560.2805499999264
1099.615799999619
861.6479299997295
874.3251699997477
732.4214699997991
912.363840000044
803.6655199997504
625.1776599998615
840.5096499997505
711.7963999998191
1042.427769999948
1127.8879599998793
805.2871999997463
844.3949999997224
796.4068399997971
977.088219999663
637.5354399998389
750.3043100000181
981.7145999997264
689.2921999998424
795.3904799998904
641.9451699998673
1045.2900599999593
882.577349999698
778.9527199999935
905.4640299997213
946.6135799996293
758.8874299998092
728.5303900001365
846.2144299997127
565.498469999893
670.354559999818
1129.002309999771
622.3549899999173
642.1871099998526
1083.1174999996524
749.8386199997708
815.8475400000867
958.8049599998242
839.3802199998648
701.3849299998049
856.7398899996988
793.1835699997661
885.6271199996918
542.6546099998882
987.7020599997976
625.1706599998532
559.4272299998853
648.7580599998895
718.767489999861
762.7255699997863
604.5397499998385
899.6241599997388
827.4827199997775
887.8898499997179
889.5019500000702
698.3718999999132
651.7249999998664
784.8350399999056
628.0449899999159
986.2796599999178
1168.6208299995553
913.6922799996374
1044.248339999593
623.1963799998603
1146.0399699995226
696.2027100001307
852.8410399997209
861.1775499998068
855.6138499998566
819.8801400000925
929.9865600000459
844.7045099999929
1045.668349999689
843.0779899999011
975.1987199999024
733.2963499999257
764.7458899998138
815.2902499998047
796.1052599999441
712.7403499999178
768.2822499998189
631.5874099998534
1018.643590000117
926.2965700003298
558.9120799998768
981.9173399997111
980.44803000006
984.8149299997053
959.5283300000079
1319.2037600001581
667.0418299998469
826.531730000001
719.4654299997383
748.1613799998893
728.5272999998491
1090.4050599995765
811.0133299997053
777.1861899997899
1006.3822099996443
919.8148599997205
537.4672899998725
923.3096699997394
1007.1368499996112
1049.3368500000108
719.2396099999902
782.913830000171
758.395629999862
712.7225899999237
1050.2524399996614
910.8524699997427
849.4040799997459
645.5257199998427
806.69674999981
820.3273999997767
1024.4652199998493
674.4180999998582
966.243279999781
812.3868499997111
696.394119999782
854.6021899998888
621.0158699998923
966.1494900002467
943.1773499998136
561.7084799999285
627.002719999998
732.9148799998411
1191.3519199999419
751.3830999997398
812.320909999797
805.1050099997949
1084.90787999959
758.6696099997941
656.7371399998276
1218.2407999994437
732.3122399997695
643.3904199998586
839.5008099997889
1055.263919999774
1251.761429999578
810.1743099998357
1007.9045499995977
1036.2409000003277
944.9501399997665
754.0011899997406
1439.244309999353
862.468669999762
944.7755999996941
1003.1407999996637
919.1004199997898
738.3409899998295
727.2934400001641
757.6193399998014
752.0503699999613
797.0937699998108
821.1322399998716
977.5586199996694
858.613229999844
665.6811499997981
904.7900000001637
958.3720499998552
886.7252300002438
1003.8162199996389
888.5933199997985
1021.9008599999802
740.9468199998522
712.1342899998592
998.866089999659
826.3125199997473
770.3225299998174
1024.2372899997251
673.6749699998039
773.6370199997708
828.5691099997458
940.3240299996713
732.9450999998064
743.5691899998275
844.9032199997055
634.6967399998542
924.3927099997368
1006.4041800000236
760.183769999877
821.6827999997632
981.4748399996919
886.3806600000481
733.6107700001736
1026.6469999999654
725.8715300001553
866.3177299997317
563.867449999882
696.6269299998462
943.8003099997904
750.2805099998881
1074.3365899998817
968.46229000028
1073.3371199995997
615.2379699999942
1073.9292299999877
733.6996199998366
785.510619999786
722.9610499998303
961.7048399996102
1151.0220199996743
725.2617100001144
733.5613099999302
952.6677899999461
782.002069999789
975.3993199997838
794.0748699997649
982.5643499996195
815.3744699996934
1016.9989399997886
1069.097529999861
886.1645899996905
731.8401499997858
757.3484299998037
775.7879000000439
668.7187999998813
832.809769999759
841.6235500001189
1001.5040099999776
925.1633500000029
828.2206099997813
856.0485200000734
948.1161600000165
823.0424299998828
620.2996999998879
811.8486499998857
868.8348799997373
760.8282699998404
699.675529999875
1142.4329299996807
822.7293599997554
988.149829999936
911.808270000189
922.2407900001493
809.1792599997883
1121.2187999995335
811.2665899997504
986.4936899996114
704.9350899998494
768.1877099997354
956.5272999998488
757.360060000047
890.1915899999626
1063.1723699998647
811.3077999997513
731.6160099998125
768.2489199997582
1127.6400700001245
741.6297200001027
896.9095899996998
721.9114599999655
732.0521400001184
853.574329999739
1040.4522699999752
708.0630700001276
894.498479999906
1039.8603599996247
641.4822299998696
758.3928999997422
757.2943299998184
670.0212899998437
974.784879999663
724.3486899998082
585.9990500000745
1029.1972399996498
1118.271509999542
714.2465999998603
829.7229199997159
898.0269099997621
1148.9263700001773
775.7224999997753
1089.803119999995
1114.8904699995912
811.2129399997997
1162.6668299997812
922.3251600003314
651.9323699998499
771.4235199997999
715.8461899998213
685.5800899998512
975.5035499997466
1092.7357199995697
833.0487299997346
993.2526899997935
775.945300000079
723.3269299998251
864.1970899997085
563.0361099999126
1032.3060299996762
625.8286999998764
894.0788199998934
796.4603699998072
1040.6992299996427
839.6343500000817
938.7849900000223
656.3784299998662
657.0715300001897
947.6630400001008
1073.5553399995658
786.5383999998631
714.7444700001292
713.0547599997819
955.2411299996819
790.016079999827
667.5695499998396
854.2100799997122
734.8952599998469
983.3593299997403
785.0230299998105
976.107609999736
643.6316199998282
662.7319899998504
859.4428900001287
937.6189600000569
696.6888000001572
1122.6905699996862
810.214259999946
1168.1820900000935
621.3095200000488
989.2123600000277
849.5835299997556
790.4697099998167
661.8481299998685
901.8409799998645
925.1770399996986
789.6474900000425
767.6146899999483
825.9724099998255
710.8490499997628
834.4231199997644
886.3044799999535
1297.1471699997883
829.460349999681
993.8219599996123
900.0108999997926
697.3609199998218
1113.6885599997208
608.7356599998785
822.7536500003172
898.2891799996688
824.5435799997952
945.6710199999867
863.0220299997902
1190.9254299996517
864.3902199997008
740.937089999882
621.576949999886
841.5186799996974
776.3247999998824
674.7975900000441
979.7448599999468
820.536229999729
883.9447899996854
1049.5351600000351
722.1123099998414
751.7835099998412
953.6062799997034
1131.0137799995878
1127.768909999731
773.4794099997754
777.5720200000811
587.1445199998833
888.8659099997276
760.4440199998452
689.6596699998204
896.3121699997766
766.1647199997566
853.302700000111
773.0890500000075
792.8487599999613
892.4535999997411
950.6662199999926
914.2273199997039
922.6826399997071
1142.2298999995
838.1486600001185
807.46368999972
803.8288199998532
839.1976999997827
992.0732200000119
1051.6787900002737
973.9239999996697
920.8345399998043
732.7547999998662
801.7387999997727
796.985660000054
762.7267699997868
1013.0802999996453
848.0342199997394
949.0234599997073
616.9862699999409
680.9203899998407
1015.229969999623
884.605349999822
982.4479999997113
796.5462999998246
1179.3179199995764
762.611220000081
843.3345599997591
1115.1185599995251
855.4385299997226
1214.9345799997745
1065.8857399997144
646.4386399998375
670.8300799998615
1008.2197699999161
1003.966209999648
751.8290399998448
962.7676899996467
716.8156199998078
1073.9738499996515
846.2960799997526
650.6959599998827
967.768379999706
814.0850800000508
831.5387399997664
981.3315999997513
754.1676999998592
728.0833299997726
1127.6943699999904
958.4076800000215
659.2677199998528
1291.0611199995142
680.0690099998412
1062.7983799995538
1007.0425499998064
1007.0487900000128
1239.030779999605
997.8155400000833
1044.7545699995674
945.6350199996439
805.7606800000162
914.4698199999709
724.6958600001557
711.0835399998659
1071.430609999565
691.6596300000255
883.363699999894
893.1918799997356
1096.7319099997064
1213.8184099997611
582.1735900001821
687.8103399998146
