5641.3250000052
7074.9750000109925
4529.800000004776
2344.499999998963
1543.474999999437
8421.425000013107
1827.999999999433
4285.750000004609
1805.5499999994533
1757.7499999994966
2207.5749999990876
8808.750000014548
3214.4250000022803
3981.5500000022353
7384.975000012002
7077.975000010298
6514.22500000973
1691.1499999995647
2662.2999999992735
4281.500000000491
3203.9750000021004
2874.499999999104
1986.224999999289
6787.525000010339
2410.5999999996266
3433.599999999428
5607.225000005434
1974.0249999993002
3483.200000002982
4502.2750000006
6610.725000006518
3146.224999998234
5998.925000008401
4264.225000002318
6154.675000006069
2065.474999999217
9787.600000018076
3479.2500000007813
2442.724999998874
4407.525000000809
3986.1750000052793
1464.1249999997485
6937.325000011326
7945.925000011538
3067.625000002883
5458.925000008079
3829.175000004121
3468.300000001266
2235.699999999062
4520.225000004606
3485.2250000024933
4442.500000005369
3420.9500000008293
2598.249999998732
3789.47500000407
3576.3249999987856
6018.475000005314
2635.174999998732
2168.999999999123
4512.000000000931
5377.650000007921
8961.875000017839
1495.6749999997055
1526.8999999995958
5559.92500000933
3080.224999999949
3532.725000002221
3609.7250000014565
1813.3499999994463
4413.975000004897
4020.925000005699
2687.500000001265
5272.0500000049215
8982.425000015148
8523.500000016513
3745.9250000035627
4656.500000004788
4867.700000004289
6227.000000009556
9097.475000015565
2635.2499999985876
2950.9499999991335
3073.749999999237
4657.450000004558
3953.000000001736
3659.0250000008637
3588.200000002711
5634.450000006544
3499.7000000030807
3180.0499999989324
4996.725000003915
6375.9500000108
2766.02499999858
2831.5249999995212
1837.6499999996895
6175.000000010095
4403.925000005387
4520.025000003405
4783.925000004366
2696.5000000022737
4824.575000004544
4589.950000004543
2179.7249999991127
1986.2249999998317
6000.300000006606
5379.675000005593
4954.425000005072
6806.975000011648
9679.450000017681
1726.4499999994769
2395.524999998917
4969.900000006402
5185.500000005044
1737.3749999995152
4467.500000004909
4988.9750000041795
4042.0250000042506
4700.725000006032
4617.425000004752
7232.50000000878
5254.725000006136
4492.6750000054635
4691.700000005725
4732.10000000459
3788.9250000010716
5549.575000008297
5078.775000004343
4730.275000005206
2757.800000000879
2456.4999999989236
2673.5000000001314
4990.725000004877
3274.2499999994593
3510.7499999999272
3994.125000005084
2051.6999999991517
2309.574999998995
4982.975000005803
3555.9500000042817
3948.675000004927
6870.675000008698
2356.2999999989524
6030.175000007025
3813.0000000055416
5439.425000007532
6561.225000011178
6066.300000008041
3567.549999999107
2341.9999999989654
5223.250000005027
3705.2250000020263
4018.725000003607
6406.425000011302
4701.700000004095
3605.8249999995996
3095.77499999828
4038.1500000043425
6696.750000011044
5430.675000007264
6572.000000009336
4722.300000000897
2436.7499999991023
5927.400000006928
5878.750000007166
4095.2000000049925
6944.000000011323
6896.425000010338
2702.774999999188
3174.50000000003
2962.475000000077
2118.349999999169
7044.175000010873
4680.525000000101
3736.6750000025045
1656.424999999589
3147.450000000225
2262.124999999524
5684.475000008335
5302.025000003894
1921.19999999931
2971.4500000016105
4792.425000004558
3229.67500000122
2143.449999999146
4085.7000000052294
1922.1999999992063
8129.675000014933
3269.199999999899
1574.249999999664
4887.350000005824
2218.249999999078
3097.524999999675
2980.7499999991323
2322.724999998983
1694.6249999994943
2488.524999998832
4281.8750000023965
7203.025000010621
5111.450000004034
5992.65000000905
5133.2000000052885
1574.899999999624
4566.42500000544
3138.0749999982418
2496.399999999657
3116.225000001298
7122.775000010361
2146.6999999991117
2340.2249999993096
3688.475000000477
4592.85000000047
4883.275000005298
3802.250000001389
7304.125000012482
2495.4749999996775
7328.250000011771
2168.2499999991237
1461.874999999714
5156.675000005557
1957.2249999992578
3046.7250000015056
4465.975000005355
3377.9250000017714
4201.475000002708
5084.425000005722
3406.2500000003747
1824.0999999994365
1713.0749999995373
3125.4999999982656
3494.2749999996513
3873.425000005697
2388.6500000008086
2094.9249999991903
2945.1749999985627
3281.2250000005038
5464.925000004766
2058.224999999599
2830.574999998762
4006.5000000050727
3407.5000000014743
4806.825000001203
1857.2499999994063
4983.525000005862
1790.7249999994667
5712.225000005275
4500.750000004354
5888.925000006318
2550.0749999990157
2471.7249999988476
3177.424999998608
9083.92500001577
4265.000000005068
4731.025000004414
2829.6499999985217
5455.725000006207
7732.650000013073
3418.8000000026377
5034.975000004759
4801.250000003293
2306.20000000023
7377.475000011523
7639.425000011463
3426.1749999998865
4510.12500000669
3115.500000000804
3962.600000002569
1775.5999999994447
3704.399999999218
1862.1749999994017
3138.724999999814
1852.7249999992755
1914.9749999993219
2793.7499999986044
6854.975000007567
5892.450000005305
3822.225000000453
4716.300000002657
7901.975000014119
1719.1499999993807
4176.749999999294
3515.7499999991305
2566.5499999987615
2122.724999999165
2604.7249999987266
2832.2499999988395
4286.950000003229
2080.1999999992036
1805.224999999371
2058.1999999992236
3974.2000000053017
1853.249999999346
5268.850000005984
3421.5000000003215
5871.975000004283
5961.67500000705
3365.4500000004596
2257.4999999996367
2401.399999999084
5511.775000005219
3896.775000002286
3910.65000000567
5655.525000006058
4800.975000005517
2523.0499999988388
3780.150000005279
4528.550000005532
2485.499999998835
3611.7750000008095
2802.9499999997242
2835.499999999238
4000.800000001059
2918.2749999993466
5130.825000003611
4362.950000006092
2418.7749999988955
4654.675000004483
3512.275000001195
3509.7249999989062
3631.9250000035536
4457.925000005515
3088.1750000031698
2170.1249999991214
2804.949999999454
4543.000000004816
4169.35000000514
2666.074999999022
7557.700000012081
1406.8749999997817
3445.9500000005305
4481.150000005319
5387.000000005091
2062.8749999991924
4125.6750000024595
1807.4999999993702
1994.2999999992817
2832.7499999985193
5226.400000005582
3979.8000000031543
5735.1500000058495
3372.6750000005786
4471.7750000053675
5594.475000005379
2865.049999998828
8470.45000001386
3795.9250000024217
5815.500000004548
3501.55000000053
4635.775000005518
1928.3249999993418
2698.2749999986418
1816.1749999994822
3010.375000002682
2167.2999999991243
2626.449999999411
3367.525000003551
5316.475000005141
5079.000000003354
4062.749999999753
3430.7750000001824
4947.72500000443
2363.874999999206
1652.874999999471
4327.700000005433
4775.775000005183
3886.7500000020027
3503.95000000317
2725.549999998617
2442.624999998874
4037.200000005735
3993.2500000052587
3995.7000000000285
3897.175000005791
5471.500000005788
5049.525000005091
4673.750000005844
6653.1750000107095
5497.5250000066835
1886.5000000001467
3941.5999999998694
4146.225000004946
2650.499999998685
1588.9249999995802
5783.325000006832
5409.775000003334
3000.974999998368
4772.525000004434
6241.275000007423
5615.975000005257
3120.5249999982575
4903.225000005016
1801.4499999993839
4031.025000002526
1723.9999999995125
3421.2000000000385
4609.675000004524
6558.025000011308
2301.9250000004395
3840.3999999990606
3977.450000005632
6568.175000007921
7114.725000011231
7356.900000012156
3363.875000000121
4170.950000004463
8306.000000012686
3000.075000001987
2640.824999998694
3245.7499999981437
3635.0500000014686
5583.525000003976
1399.399999999785
5692.225000004752
5569.925000004563
4780.9500000018625
4861.70000000467
4705.475000005347
1758.899999999496
2045.6749999992348
4196.3750000049
5018.40000000273
7271.300000010653
5938.200000009995
2198.274999999134
2397.2749999993157
1469.6499999996588
2402.274999998911
3138.049999998241
4982.275000006118
4988.375000005199
5145.225000005568
5446.900000007628
3177.2000000004737
4098.250000005304
4899.525000004476
3542.800000002923
4301.90000000301
5958.500000005082
2352.9499999989384
2765.0500000012576
4551.125000005509
3541.250000002231
3051.7499999989022
1201.6749999998917
3723.2500000031177
2556.1749999997005
3046.750000000129
2486.0249999990046
6725.4750000090135
2501.4999999996635
2850.70000000131
4267.975000006079
2181.7249999991113
5760.125000005974
1302.699999999838
2738.074999999334
2659.0999999986775
2094.4749999991905
4980.45000000243
3365.999999999818
5047.750000004921
5684.900000009506
5217.225000007342
5482.025000005158
2399.749999998913
1938.4249999993322
1926.4249999992699
4481.725000005465
5007.425000007188
4721.575000004656
2638.424999998696
4401.00000000079
2448.4499999999375
7019.400000008755
3920.000000002714
3639.47500000372
2266.8249999989275
6965.925000011471
2453.2749999988646
6679.12500001093
2656.650000000362
3479.8499999987716
5588.450000008173
2524.749999998781
3901.400000006067
4561.250000005841
1933.4249999993372
2379.299999999305
2699.20000000036
2979.824999998385
2472.9499999988043
4260.4750000041295
1744.1749999995093
3184.7250000010117
3223.699999999785
4945.675000004361
1548.6999999995887
4478.250000005864
3238.7000000021267
4453.425000005585
3281.474999998111
7433.175000012346
4257.5000000004475
3984.2750000058495
2229.6749999990675
2972.524999998692
3896.9250000059865
4725.675000005405
3468.974999999374
2320.750000000544
2584.7749999987445
2678.7249999986593
5285.850000005996
3083.149999999372
5046.275000005617
3523.900000003139
3463.0250000007836
2078.949999999118
5855.300000005266
6832.000000011685
3063.675000002202
2158.4249999999356
6704.825000008361
4507.900000005648
4154.500000003786
6196.925000008622
4485.500000004717
2499.1249999992046
6874.225000011553
4063.925000005272
4136.975000006238
6523.650000009653
3393.924999998053
3020.049999998831
6042.925000006628
2893.1499999994876
2580.999999999085
4693.550000005376
1903.6499999993507
2025.4749999992532
3107.6750000003044
3972.450000000934
1673.2749999995738
7349.200000010924
4203.925000005549
3872.0000000013915
2451.924999999728
3123.250000000414
4197.950000001909
3153.750000001873
3104.4000000001543
3347.0749999987397
2000.8999999992757
4586.500000005884
3381.275000000348
5675.875000003118
2085.9999999992015
4480.925000005549
2587.499999998742
2211.1749999996064
3355.499999998072
6198.475000010011
2030.9249999992262
1564.899999999672
1813.4749999992891
2594.7249999987357
4708.200000004668
7134.650000009353
2539.9999999987854
2245.249999999053
2529.1999999991594
7367.825000012772
4088.2250000024524
3436.5000000032633
6141.525000008049
2423.7249999988912
2850.1250000002883
4310.725000005321
6896.900000008086
3578.47500000172
4299.2000000026665
3285.550000000924
3065.2999999992535
3961.4000000057385
4452.975000004984
2772.0499999986905
1770.224999999432
2177.97499999907
7641.000000011878
2070.7249999993173
2924.924999998443
5015.2000000023245
4089.1750000049974
4517.0250000058995
3906.3750000012997
3244.049999999934
4049.9250000062693
3025.2749999983444
2399.974999998871
4563.000000004773
2471.1749999987737
3765.550000001507
2368.949999998941
2013.349999999235
2367.5499999989424
3518.5000000020536
1848.7749999993966
4430.500000005045
2377.2749999988832
4946.700000004694
2624.474999999623
5256.450000005126
2233.00000000006
2558.8749999995243
4303.950000001019
1655.4249999994195
4678.2000000044445
3703.300000001859
4021.7000000017274
5652.275000003595
4174.900000005703
3866.1750000002444
6531.95000001101
1906.6499999993612
6531.125000010712
4315.300000000264
6430.425000007657
4749.200000005981
5438.825000006731
2948.249999999066
6209.200000007624
4433.5250000045235
2654.6750000009597
2375.0749999989353
3225.925000000455
4549.300000002637
2673.0500000005495
2961.5999999993464
4425.125000003791
7849.750000011915
6602.175000011488
2165.524999999126
5186.525000004707
8275.275000012574
4579.25000000484
4889.650000006486
9522.875000017113
2801.3750000010295
4595.750000004851
2606.499999999137
3925.150000002531
1769.9999999994857
3996.700000001456
3391.5249999980106
1624.4499999996183
4826.2250000046315
2445.700000000441
2424.1999999988707
6625.525000011021
3763.9500000029248
5654.450000008526
3030.1750000026504
5886.37500000659
4752.200000005318
2663.1000000006934
7525.000000010959
4240.1750000048605
1846.4249999993608
4129.17500000341
3248.499999999768
2309.174999998995
4305.800000002879
3583.674999999503
4179.9750000029235
3102.199999998599
2823.4249999985277
4471.975000005957
1390.9249999997455
6443.750000011277
4062.075000005208
1364.1499999997955
3401.2000000010107
2228.7499999992706
5021.200000005625
3647.0000000014993
5503.925000005844
3556.724999999682
4837.200000004761
2771.4749999989026
1730.949999999521
3191.199999998193
4324.450000004983
2593.9499999991376
2843.824999998852
5103.225000003111
7055.525000009513
3522.800000000728
3867.2500000016057
7026.450000012006
5674.750000005415
3010.4499999983573
5159.800000002715
2489.724999999162
3044.7249999994515
5208.500000004194
7191.175000011622
2044.5249999992361
5898.950000009027
2587.199999998944
2615.500000001237
3346.1750000019447
6109.475000010585
4252.475000003963
3054.749999999295
1920.6999999992413
9510.725000017068
3347.450000002059
6603.725000011299
3728.4250000013117
5629.225000006834
6959.675000011579
2215.74999999972
1761.2749999994937
4800.200000005339
2661.949999998655
2397.424999998913
3916.024999999952
2367.2749999989373
2769.6499999990183
4442.050000004745
2177.7249999991145
4085.9500000051985
2665.6249999986712
4803.525000005653
3020.199999999387
3711.6750000002867
5915.000000007535
2895.875000000403
5161.7000000041935
3051.699999999375
4240.925000006074
3719.225000006144
7248.5750000109765
6505.025000012318
4637.0750000045
1752.674999999391
4045.500000001274
5984.20000000754
2867.450000000189
4927.000000004524
6227.875000010865
4600.2750000033975
2720.450000001503
7676.225000012195
2718.349999998623
3629.2000000049143
2931.72499999875
2904.9999999984534
4608.4500000017215
4399.925000004893
5555.275000006743
4270.975000005117
1901.549999999366
5721.475000006836
2069.1749999992135
5337.0000000047585
2152.7749999991374
4920.100000004439
5487.300000005996
3047.699999998414
2518.8749999988045
1803.1749999994493
4664.725000004687
3971.650000005765
2553.874999998773
5321.500000006565
5000.450000007319
4462.200000005584
5560.5250000064625
5959.950000006772
4730.925000006217
6014.025000009364
2235.4249999990625
2905.800000001127
2411.1749999994327
2747.475000001253
4134.65000000392
5717.800000006477
2171.849999999072
6310.500000009937
5538.2000000068865
7547.750000013373
2081.549999999202
6849.475000009093
3370.725000000387
5562.700000005827
3255.9250000008524
3935.4500000028256
7089.000000008258
4382.450000004398
4209.775000003838
4508.375000004617
4826.200000005558
5282.7000000063545
1829.7999999993458
7759.750000010698
4015.4750000056165
2865.4249999986546
7180.42500001026
3865.90000000568
2278.4249999990234
5309.600000005528
4653.75000000567
4273.025000003693
5818.800000005334
3159.700000002035
5065.65000000489
1858.9749999994046
3768.025000002768
2711.1749999986296
5741.725000009389
3031.200000003734
3649.824999999768
5151.825000005647
1958.699999999314
2065.7999999992167
5509.725000005947
8154.00000001316
1805.7499999994532
7252.000000008851
5938.950000004724
1999.0749999992772
6507.4750000093345
9454.475000016864
3862.4750000058457
4057.000000005737
2967.249999998796
3099.4249999985973
4334.650000002358
4728.750000002834
5390.900000007708
3685.1250000019863
4257.0000000053915
1765.9499999993934
3197.024999998188
1212.3499999999108
3192.774999998292
1706.4999999995434
3116.200000001363
4230.325000000467
4402.050000001123
4184.0250000062115
6219.9500000071
1819.22499999928
5080.675000007763
5536.225000004899
4199.800000004898
2635.1750000004236
4857.400000004406
1988.9999999992347
2663.7249999986725
4271.475000003883
1623.0999999996193
2676.9999999988363
3223.2250000027043
5173.700000003644
6353.800000008984
7880.675000013286
2849.5499999993317
3407.849999998601
4464.67500000531
7610.725000011371
4183.9750000054455
4210.975000000526
3797.225000001529
7099.775000008662
3375.2500000032287
9103.200000017747
2956.424999999345
4800.675000002078
4213.200000004829
2820.975000001787
3639.2500000007003
3844.750000004484
3173.4500000015664
2490.79999999883
2065.524999999217
3557.299999998699
4292.200000002656
7136.725000010683
2601.09999999873
6051.700000005772
3111.3999999991197
1878.274999999387
5725.575000006386
2407.424999999909
6249.975000008735
4711.750000005139
2463.699999999273
5117.17500000568
3717.45000000254
3641.9750000002687
3289.7749999983157
2381.4000000004253
2161.8500000000777
3326.4499999985364
3327.800000000401
4590.425000002987
7152.4750000112945
2542.499999998783
5573.000000007802
6327.050000006874
3031.9500000012904
3453.8000000005272
7087.400000011895
5119.525000004201
4444.625000002559
2874.7000000004455
5445.975000006231
1987.9749999992873
4588.07500000537
4311.92500000578
4158.525000004935
6964.800000009647
2659.924999999933
3989.500000006335
5626.2250000066315
3902.52500000282
1900.524999999367
5208.875000007294
5105.500000005313
3197.999999998709
4692.950000004448
4996.250000005344
4330.975000001704
5535.175000005778
2366.624999998943
5916.775000008396
6661.400000011845
3198.774999998929
4856.225000004488
2692.199999999119
5066.725000005521
3678.1500000047236
1860.799999999403
4950.500000004215
2057.7249999992237
2999.549999999363
3892.9500000020466
3360.5499999999306
3794.075000002493
5350.225000003476
4141.950000003402
4717.950000003466
3124.5499999985695
6217.200000010849
4060.8500000050235
4052.0750000002618
5007.725000005674
7549.900000010996
5435.22500000481
3097.4749999990504
2684.3249999998184
5324.000000004713
3542.2000000018134
3080.749999998929
4979.700000004598
1894.1749999993337
5463.450000004737
2730.750000000173
2612.749999999205
4754.275000002928
4242.025000005025
3474.050000000042
3815.4500000007997
3225.4249999991193
4444.000000006006
7026.25000000803
5720.625000009195
2857.1750000006264
5552.200000005179
2866.5250000025208
4651.875000000111
6431.3000000099655
5395.050000005584
5995.475000006431
6407.7500000066275
3060.974999999561
2492.149999998829
4611.500000004752
5151.175000006404
4872.42500000566
1948.4999999992456
5093.7500000043365
4072.025000002637
3538.400000003491
3458.5500000000293
5368.500000002819
5683.000000004248
4722.425000005469
4839.3500000065505
