509.94407999994286
477.53504000004244
370.16272000001163
294.0974600000261
298.3125199999907
467.97898000000094
313.6850200000162
380.67203999998657
351.2731700000251
351.2507500000092
374.2099200000164
516.200840000146
344.6802100000144
443.3746500001122
366.5657200000135
395.5151500000183
479.1256799999823
310.4132800000004
424.4024000000188
439.8108400000599
400.49506000005596
426.0736099999946
384.8059600000151
394.08513000000187
377.46390000000434
472.95313999996165
324.4096000000363
338.0718400000128
565.1171000001364
434.89540000005877
387.1513200000692
436.1641999999813
526.4701700002266
421.7895700000152
491.0779100001242
314.69212000002324
531.4337700002603
333.31416999998163
387.0745199999812
475.6354499999306
442.82386000012485
283.89539000002964
423.5498199999872
527.6834000002261
391.66980000014286
359.6538500001041
372.31230000003336
450.5567199999738
354.2358700000272
454.2610600001205
372.0558500000056
507.1144700002083
386.38231000002344
402.8030099999705
405.35950000019926
374.674450000029
497.22064000021646
414.96215999991824
383.51314999999704
456.15455000000225
549.3658400003201
517.552750000248
381.7383700000251
297.9765700000136
540.9227900002876
352.4778799999985
431.15648999998746
383.0998200000125
357.3395400000287
354.1114900000204
402.7669800002431
333.79902000000914
421.4231700000039
449.21792000020383
375.89062000002747
545.240460000121
417.7283799999816
479.1956399999555
419.2421100000513
532.4508000002054
338.08832000001667
433.02487000000554
315.1420600000273
381.6400599999974
460.3503899999933
397.6352800000029
377.5415300000051
523.4589800002914
410.8138500001515
407.5215099999724
533.093090000137
429.878800000012
531.6225299999771
428.5615299999895
355.05743000001195
480.0256200001305
544.8552800002104
463.1584600001226
393.6458399999863
345.13079000011135
385.128200000003
452.48610000012775
325.4564100000009
366.16680000001327
512.5084600002191
504.5284100002248
436.1432799999931
547.1114700002157
553.6558300002027
413.67206000002227
369.5321700000323
403.13917000001516
459.79880000000526
344.8184200000149
388.5012900000195
439.4725899999339
338.0830200000258
414.0975200000102
364.5088700000363
571.7706800003364
372.98379000000625
362.2942700000196
382.15370999999317
514.4824900002221
393.54576999999136
423.83622000007506
483.9551799999803
502.813370000232
388.18919000006065
352.42197000001534
332.96558000001636
429.46369999997563
513.5139299999613
401.2596600000138
539.2759900002479
343.0902600000313
384.15590000000657
515.2835600002549
425.3544000000682
381.54807000022424
627.4157700003366
333.2182500000188
408.597190000225
330.71181000003133
453.783670000259
650.5409300004522
436.5050800000146
425.81372999995125
398.6492300000268
408.3397900000231
387.6147800000374
409.47958000000244
491.959270000221
504.7284300001746
457.53829000000735
412.8747599999782
499.1988700000377
511.7872700002289
544.444590000109
470.8645200002647
562.2383400000265
438.73335999999426
500.24945000024576
460.8706400000416
362.54297000003004
367.96515000000994
525.554460000065
373.7326799999939
412.506410000012
417.8923600000021
314.11922000003403
463.1662899999859
451.3298899999829
444.7997100000846
293.0621200000283
352.8316000000248
376.61465000001067
381.14423000001426
419.3594799999769
345.81091000002425
385.16410000005874
374.0000599999853
486.8375500000465
452.67349000001855
322.64897000000974
314.96299999999127
572.6537400002451
445.77055999997594
329.0120700000365
335.6256400000282
351.2805399999982
408.69548999994845
410.61647999999315
340.3766400000357
374.3865000000291
389.38196000002114
436.0912099999891
482.5440300000793
441.75547000020765
458.89135000013
625.7717500004483
316.930590000032
472.2997000002142
418.9842499999342
440.1250299999894
392.9124900000412
451.02715999998253
386.62333999999316
388.3297799999907
447.5568699999323
453.3030000000103
482.91251999996643
448.9630200000112
593.8206900004802
366.05479000001736
393.5635200000528
361.98241000003827
321.3115500000238
457.3674400002456
312.923940000034
368.27776999999065
501.2060100001953
481.2257299999859
411.14445000016013
440.2123099999902
440.74937999998014
415.49714000001563
337.19434000001854
475.88821999993706
387.45992000002303
377.3545700002597
383.05993000002536
371.81901000001466
437.19216999999475
353.2925200000475
503.0506399999304
336.36385999999965
383.95331000000607
411.4305999999904
390.3677100000707
394.88342000001205
404.59691000002545
490.2995899999608
408.27783000002603
516.9418600000181
477.55343000019275
509.6094000003079
342.2427799999802
432.013760000006
292.56259000001717
764.1668499999975
359.4072300000435
392.06345999996466
388.2540399999793
551.9908200002146
496.1551800003224
395.5033300001335
343.12655000003696
452.3935700001601
399.2167000000221
548.5027700004734
421.60112000000004
451.28222999998115
432.8752800002383
343.10270999998994
361.9098599999895
351.97307000001683
384.00651000000033
383.1543100000251
459.5893399999993
313.5376100000096
357.2231800000299
387.23338000000797
540.44965000022
535.3767400003941
388.81166999993076
457.19088000001705
684.2878400005565
330.3827100000085
489.36511999997657
481.0623099999707
448.4539399999965
341.3683600000035
303.0912500000227
448.72627999997525
509.3975700000048
404.9427100000116
345.3578700000061
323.0684100000293
418.43551000023757
311.47107000000835
377.11407000001896
358.109590000028
560.9322000001634
490.65907000027454
443.8382500000093
382.81086000000323
380.8755399999836
422.0124600000215
442.03370000011506
390.51459000025966
452.6491299999748
543.8469500002223
404.30164000000644
355.82625000003844
366.52831000000066
443.5219000000156
405.0900000000443
436.05283999999955
485.0501699999952
438.00789000000873
345.5578199999798
400.6171200000813
608.2825100005155
413.8078599999794
376.15937000001736
406.74507999999923
424.48454000000083
422.3396500001812
423.5342800000305
380.64675000015916
357.32310000003554
318.2304499999921
429.3251500002157
365.48325000001614
390.11976000003034
598.0314800002542
304.95511000002557
373.16118000002905
422.07437000025726
356.7706000000149
348.0297099999968
444.32287000002594
347.76742000002565
379.6153300000098
356.5705800000051
540.9906900002195
361.6581500000027
424.5363599999897
372.24385999998674
510.75260000023763
517.0065199999975
444.0615399999921
541.4177600000854
398.14667999999534
393.1530600000239
449.6166699999976
431.8934500002748
364.5800100000181
339.6233400000039
342.0274999999799
318.69328000001644
431.6287200000213
459.56570999998286
381.3241400001636
495.0991200002661
446.3107100000095
429.8805000000043
493.4571600000013
539.1128200000796
407.6346200000231
309.3493200000241
459.4981500002619
453.58706000002
480.7890300000748
416.17376000001144
434.27305999997225
397.9744499999906
476.55285000023883
395.62371000002605
411.42214999996145
360.54069000002085
554.692540000205
523.746290000206
531.839900000274
464.5029100002081
562.6206700002014
322.1591800000113
372.1107700000285
339.63126000002273
336.73214000001076
324.35497000002925
455.14631000005056
492.1935699999527
370.8441400000127
402.45402999999976
474.7004600002103
591.0243200001505
499.20577999994623
520.060770000187
357.82228000002794
463.3199599999718
300.87743000002547
470.6936600000513
463.9913799999914
480.3728899999967
313.7568300000461
369.72745000004
528.1985800004782
545.3333600002022
349.217920000016
575.871710000197
435.14993999997273
426.6968400000589
592.1630600002438
429.6558100000264
417.3432399999989
447.8601799999311
434.6614500000849
555.080569999896
340.0113200000378
467.6730599999774
575.2867000001826
438.39759000011327
448.72750000001196
488.6294299999818
355.881910000026
338.2683100000353
349.57712000002095
419.60413000002006
530.4121600002974
468.79829000001234
344.92733000003795
391.1307700000058
335.64663000003543
370.1440500000085
332.17559999998565
566.4410900002338
403.50683000002
499.321880000112
493.45606000004204
523.365879999978
392.90465000000853
422.1202899999857
380.8913600000183
413.89667999998017
545.582730000222
385.05851000002093
358.46489000001804
347.39322000002534
343.5905300000416
400.75874999997274
287.37835000002724
371.77475000000874
389.13683999999176
474.36993000002053
345.2695699999846
538.305229999977
417.22606999998936
333.1471000000284
461.06390000026664
410.5041900000155
508.89353000007026
300.40908000003276
364.2291600000234
309.00647999999296
288.9135900000244
459.01806000002597
403.55938000002044
438.433150000022
391.62923000001445
468.8157400002408
485.30278000025254
481.93414999996764
413.2236600000214
373.24796000001317
503.82249000022756
535.3323600002876
385.7704399999911
414.8948199999737
378.05268000001854
301.91095000002986
515.7093000000252
420.63246000010963
406.40387000002744
369.42685999999253
563.1215000004576
345.40759999999193
407.0066900000102
388.62042000001924
466.8246099999672
545.468450000099
385.8434399999774
402.40762000026143
506.37573000021587
363.4696600000191
327.78867999999704
401.4772099999837
352.8563200000343
363.9543299999943
495.8223000001275
372.07611000002413
483.64669000005983
416.3407100000399
532.797309999961
293.21089000002286
462.6018100002786
422.52537000008874
501.65888999997253
518.7455699999738
451.83575999996816
412.3131400000142
423.87849000022703
364.0645200000171
411.4410299999873
466.50400000026536
427.471290000004
338.8601100000137
374.6470600000468
438.61664999999016
382.7349699999712
518.0175400002349
460.5057800000223
334.62257000004007
445.4573599999983
451.27957000008115
332.59825999999435
462.48302999997884
557.6959300002021
397.1026200001186
425.72083999998534
475.4386900002403
404.29668000024844
415.9473199999801
410.952979999995
515.7604600001846
400.94991000000215
484.97630999996284
409.8830100000189
371.0938200000244
525.6266000002403
433.7949899999848
449.6486099999737
439.89305000000445
381.043650000028
364.5953899999966
582.0873500002123
317.94678000003586
365.3187100000189
477.36899000003234
395.22742999998957
295.9954800000184
426.9879899999534
383.60753000004144
421.2480499999952
349.90999000001415
387.24718999998163
401.0671000000795
373.9685200000016
351.4423600000215
416.7440799999972
339.9583400000319
343.33246000003163
375.9804100000229
424.1655500000302
307.4875000000287
460.01435999999745
383.0656900000051
432.59918000001556
403.5997500000014
382.1988799999958
353.0170800000133
351.43072000004116
343.3261100000021
363.1300900000378
518.4512000002547
594.875030000228
398.413539999998
407.79839000003165
404.35549999997653
567.6638600003063
340.88210999999137
380.70410999998387
496.4749600002477
348.9413600000218
384.92703000001364
405.01321000025365
490.4684100002264
492.32437000008235
390.4822300001417
458.5902000000268
388.03974999999986
487.75948000024727
396.4139200001669
413.66950000001174
356.87565000002377
360.3044000000038
534.0562600001416
297.90833000002135
366.97429999997183
493.7401300000228
423.62866000001713
526.5728600002686
466.66956000005666
358.9826400000135
469.46145000025933
387.8288099999969
405.01900999999134
420.1295499999893
301.18225000002354
441.6158900000797
353.24590000001865
321.2852500000057
328.6914900000357
382.60140000002434
392.5986000000215
421.48574000025053
426.28477999996585
426.27045000001345
397.2576999999845
501.0395500002237
378.66560000002517
316.9711600000128
411.2726300000115
294.06856000001954
501.027940000174
429.5133000000441
430.3258999999837
553.2534900001859
443.560970000259
473.1771699999241
437.2540900002513
445.75963000000934
362.8758200000388
395.4111999999943
431.30258000007217
541.5101400002377
457.3179400001173
407.8821999999594
440.3109900001096
464.771980000182
381.480690000071
334.17201000002484
410.75133000000983
436.9830899999956
424.1026900000289
381.6372300000205
309.1852199999966
528.7376500000904
462.60614000022485
368.809420000031
445.425820000032
484.6225600000807
493.67333000023893
504.7959600002412
562.7184300002094
391.5431400000605
409.6006499999946
454.64920999996434
345.66681000002177
340.8248400000316
497.2703099999571
427.90653999997977
384.36637000001974
454.02295000000345
340.68401999999617
325.3170200000264
360.0821500000131
456.5782699999847
437.0134000000149
350.03701000002775
447.7080700002391
385.59315999999853
398.77680000000805
426.4818899999854
425.86209000004413
417.59771000001854
372.7420000000022
323.0413500000172
375.63808000001643
545.5032100000932
342.11717000001795
441.444520000013
397.7732699999869
379.85262000003314
531.4129400003135
342.47088000002753
446.6690400001921
492.58281000015194
319.26496000003283
360.83692000005817
335.73310999997244
578.5738100002417
450.6753700000971
361.358169999993
406.37716000000046
572.3554299999354
387.18471000000574
374.1162200000282
457.3792799999732
393.0512199999969
328.944080000024
360.42827000001375
455.18910000001864
548.2935500002277
425.6651400000818
484.9575300000893
509.4401300002292
567.4297000002668
431.1766299999988
544.9515999999047
331.53477000001425
408.823050000015
398.5292899999986
408.08106000001084
363.0934300000405
390.97255000026513
406.2777500000276
399.90482000007023
342.5581000000327
483.12856000027097
479.15136000005356
361.18142000003803
360.9461300000226
497.5171900000229
397.71998000000144
538.7959800002203
430.6315200000122
516.7487700000252
524.5475600002321
383.4197300000317
308.0439300000221
425.8251300000188
376.43141999999176
362.4745400000144
461.61931999996034
382.3168400000233
413.63978000001043
481.3676000001961
454.1530499999902
365.5274300000191
299.78576000003216
507.75029000021584
360.62591000001083
456.30322999999026
498.96551000022475
409.61927999996595
408.6816399999817
470.0595499999935
432.1622900000386
270.3644700000262
486.731290000223
493.9954000002339
368.34672000000705
325.4855000000058
342.85108000004817
393.08961000000886
349.2669900000248
436.2871799999923
458.59739000023285
550.6193500000267
415.1811700000867
493.79501000006655
317.55671000000495
367.0843200000277
336.2061100000028
451.2612399999694
528.20021000004
364.6681800000141
441.035409999985
420.2439600000302
386.71398000002665
531.0536700002987
360.10436000002585
465.7495400000045
461.85305999999014
371.5316499999803
537.0770800000384
407.01183999999853
344.2824400000123
372.0580800000278
331.2763500000281
422.7570800002593
434.93922000002124
432.90042999999537
468.6318600000536
557.6085600001901
466.53699000002024
419.9618000000049
514.3492000002321
450.7599599999942
316.3816199999935
372.47242999998093
405.26467999999113
383.06715000000526
353.5926400000268
536.7594799999766
433.54916000000645
431.2662599999931
410.90529999998563
699.5105800006687
413.9175300000124
546.9809100001545
404.12818000000937
446.6690799999983
389.2880400000634
446.3591000000344
614.4157900002468
446.0776500001784
406.6567799999981
558.1215500002219
474.1200900002654
360.25892999999616
401.9980799999983
523.2630399999414
360.439620000022
404.49471999999486
535.8474100003041
428.75487000025237
432.84402999998986
549.68250000015
381.82540000000535
481.10564000007713
530.7239200000243
358.9093700000197
522.5276200002392
360.329680000022
397.168110000132
466.25894000002006
412.03758000000994
363.9575100000286
401.7499200000101
549.3367900002196
341.02581000002533
415.4776900000107
548.912810000223
515.2549100003504
426.05534000001813
497.1877700002645
430.46369999996006
364.01514000003715
480.0676799999783
517.4162700002256
429.90332000026007
364.38311000002847
394.0460400000348
378.88799000000256
402.914299999999
542.5184100001005
469.41087000025567
533.027370000167
343.123520000028
411.28033000001346
439.50202999997373
296.33197000002787
386.81931999997823
302.67563000001854
459.4219800000443
414.940260000027
444.29690999996194
497.264210000256
449.935869999984
359.2548099999967
373.3033100002631
455.8618400000871
436.62662000000097
358.50596000002156
324.00305000002464
420.7886500000004
432.6681700000047
417.8970400000404
343.5854200000218
438.92192999997627
359.7381700001286
461.20881000004914
395.3380600002258
415.0762400000039
313.8087700000014
366.0136899999951
496.7631400002607
404.58668000001796
436.4547600002578
538.9863300000357
426.99348000008047
581.8469400003282
320.462520000029
371.56335000002235
419.2158999999914
420.89475000000914
362.4179899999648
455.71898000004376
407.6763300000388
336.4694700000202
384.5284300001013
314.7829000000314
441.9233000000225
402.2535899999825
435.641310000017
505.7327799999555
450.4773499999815
478.52783999995404
430.0686599999751
335.03591000002564
601.5059800000816
312.8418800000238
371.4247900002581
446.27544000000586
409.5669799999983
389.4951000000136
376.03764999999265
508.21673999996165
434.3736099999745
392.4695500000375
305.80464000002803
502.01931999996094
420.11111000005184
368.82678000000584
508.7834200002392
445.1071199999961
395.99265999998954
557.3852200000293
327.78695000002097
451.02881000003873
471.69339000022717
427.12311999998224
462.1957199999807
451.89842000004245
477.3904700000015
310.11465000001016
432.84059000001537
349.10977000002646
337.4472800000204
450.7368499999848
400.5664500000122
413.250059999991
474.5094100001246
352.4328500000159
412.3715800000185
505.0919900002325
469.3432000002501
420.6830400000046
491.39427999997815
469.2731900002746
461.98415999999503
457.3490500002519
395.7937000000295
548.0231300002586
458.07997000020856
423.8360799999832
553.9803700000833
357.9611500000095
331.02683000001764
366.38684000001047
356.4868900000084
445.03032999996327
446.8542700000137
355.206640000009
357.44514000001254
393.2250100000628
448.66515999997375
451.65751000006924
432.2590600000132
458.954890000131
487.79748999997014
473.78242999999804
374.5901500000272
518.39359999999
421.04975000001076
526.5960399999936
568.5573400000858
400.6582300000178
355.8407300000308
486.1556000001292
359.43458999998575
419.8484900000018
435.34711999999456
337.77650000002046
486.03857000009884
447.11591000001647
338.57862000003666
440.1360000000619
361.5827200000068
458.13041999998467
470.53124000005994
325.59126000002294
366.712510000003
562.6646200002046
540.5287100002461
334.4063800000212
529.9794600002086
370.31629000002016
500.1709999999309
531.0366400001394
454.64982000004204
529.5733300000338
516.4207100002474
447.73598999999246
414.83010999999345
453.24175000020523
449.43786000004565
338.78995000000316
365.03926000000035
476.6568599999861
336.12854000002125
415.63313000013625
395.95633000001976
425.17250000000143
496.22791000018276
437.10862000022047
391.18525000006616
