721.0005000000866
635.9417899998924
564.8281400000228
417.71741999999097
377.1687499999704
605.6938200000347
442.3585499999809
550.8693899999457
429.1132299999907
506.0595199999726
501.30276999995215
651.8377800000867
432.0342499999595
633.1067800000457
544.6404300003337
583.3846899999412
630.4411299999098
440.6279199999962
535.0503399999487
496.87351999996577
588.0813300000806
573.1876599999057
443.3433599999652
676.2714900000024
501.6875999999588
549.4217999998866
458.5509399999774
426.5528799999636
689.4997800000434
569.6977500000144
538.8559400000347
654.8762699998872
582.3972199999371
580.0684100000915
664.712900000245
415.88001000000355
786.0977800004404
442.20226999997425
525.5348199999443
664.9993199998831
568.5622400000901
444.81846000001656
630.3717600001663
640.0258000001564
435.2567600000159
489.43552000011465
442.36215999997364
622.3473599999038
474.7457499999868
556.3565100000592
493.06625999995435
559.7733600001444
483.4639600000017
547.7331499999251
522.1604900001628
559.2731399999569
606.9289100002165
631.2546599999156
556.3867899999619
640.2372899999057
601.4941900002253
667.0035400001942
521.9393699999798
433.0823000000017
635.0073700002166
481.94945000003804
593.7095399999231
571.8384099999574
447.21847999998556
452.04576999995936
550.9280700002286
504.0348700000416
496.43460999999087
585.6487400001978
726.7030900004825
642.6992500001506
507.0236599999392
747.4444199998028
540.4756300002613
619.8946899998881
454.829259999965
590.7591399999561
466.2791099999995
547.4497899999475
720.3180599999818
546.4469499999306
586.452340000069
479.1033399999876
487.55220000012247
500.6558599999384
529.8575699998919
544.2669299999554
726.1472799998708
548.2887199999526
473.07117999999844
616.8362200000741
599.3011800002084
544.3630699999435
533.0614899999164
434.8801100001129
565.893269999938
614.1269900000616
452.06466000000034
455.56379000000396
805.2060300001659
633.4404600002138
569.1871599999275
726.5597300001683
673.6261800001914
525.4013499999512
476.5548099999757
574.4378500002006
701.3578600001341
477.7010200000098
518.8497699999513
661.6548499998463
419.44458000000037
493.8695899999832
488.544149999994
625.604940000315
555.9647899999278
516.6729500002341
513.7398299999672
617.864880000175
565.4249100000158
536.0468600000484
662.7819799998844
605.0743599999067
478.25888000002203
516.4469599999719
426.74952999999937
595.8623699998824
579.2194299999031
518.3968599999656
625.4045000001607
504.3827999999773
574.0794899999545
581.1148599999624
535.5996000000348
496.2663199999828
714.832840000141
468.01362999999367
539.8435300001247
436.22459000000816
481.2988999999785
857.979750000369
612.8314799999348
649.0481999998728
542.331199999956
584.8609299999399
529.4602300000124
572.1538400001565
495.34170999994325
646.4295100001568
558.335169999911
537.9387099999028
663.0225499999427
680.7460800004212
703.6196800002141
559.0214399999688
732.6571199998347
581.6168699999516
585.8070300000525
758.2021600002397
497.31758999999244
506.47992999999684
628.1044599999702
533.4826399999536
624.3483699999874
639.9556099999587
401.3069900000078
635.169200000153
630.2463199999153
592.3741500000707
417.58203000000714
512.2041199999802
498.99502999996736
572.7259700002116
557.0976999999294
479.4703499999776
509.2077600000516
511.0951099999435
575.0500699999064
553.2928099999376
441.34742999997854
405.86345000001506
767.1310000002891
593.6652799998922
464.1595100000112
479.90599999998557
455.9546799999645
594.6514399999039
645.7456099998889
498.31267999999835
490.05248999998236
564.7294299999594
652.7042199998909
650.8539700000271
538.149850000187
661.4105500000355
755.7106300004043
436.64039999999676
550.7547400001961
523.0445499998996
533.946999999941
515.7486999999846
658.2077299999511
508.34312999994336
456.57605999995945
696.663349999919
574.5398099999601
647.0780699999049
581.8288199999233
551.5583999999801
461.05584999996904
502.65660999998545
459.00149999998956
441.5618499999944
516.7496100001836
430.3912699999781
486.94371000001524
613.0779899999459
707.8700599999918
527.5168000001197
618.4972599998885
684.2597499998999
470.3104199999732
433.6184399999726
658.1419599998765
544.0080599999502
446.20117000024226
495.4389700000255
520.3776499999698
538.23393999991
477.49533000003873
714.9809199998465
421.6516199999885
551.2527499999632
568.74138999993
482.32292000001195
569.120209999992
552.3800299999477
635.4047500001932
579.851149999966
665.0690599999185
576.4228800001514
566.761280000086
461.86301999998074
560.4225699999249
476.69482000000806
1091.927300000072
472.9041700000065
650.091199999897
544.5188899999139
619.9952100001503
548.8751600000608
476.8778099999719
462.16903999998533
505.27781999999513
470.9884799999989
635.9496300002686
691.8280199999427
566.0164099999043
537.3656100002283
424.9912399999675
514.4872299999447
405.970589999991
542.6551499999505
483.565839999966
591.4430599999148
376.2837999999746
450.8438999999812
589.1508799999496
699.0210400001434
717.1036700003394
479.22417999993996
608.2322099999825
666.1015100002545
441.6722999999898
560.8618999999079
702.8324799998564
661.9823499998882
485.4436399999771
456.2919499999908
507.2227499999398
673.3118599999892
540.634729999947
415.16220999998274
449.04329000002787
487.94782999996846
411.502499999992
571.1877400002337
492.4695999999726
723.592309999983
725.3827800002609
561.3209299999071
419.8481199999958
458.5070499999975
720.5095400001724
488.48305000007116
414.2083200000067
613.1761899999148
609.6650900001717
528.903709999951
490.7376399999965
480.4265999999877
590.8472499999436
535.1207299999963
613.6397499999159
594.5807799999237
616.968820000021
548.5552299999457
443.833279999999
680.7913600002312
572.9305199998679
466.96049999995375
554.2211400000263
555.2787199999437
499.477499999984
686.3054200004204
462.9696800000074
458.483660000007
483.35284999997907
587.3631100001863
486.67418000000276
574.0850199999666
757.8739800001583
402.1082100000225
474.21303000001063
462.7240099999932
599.5745500002012
410.85345999999646
633.5189399999698
408.66760999998223
511.0795599999621
507.252279999971
665.6913499998597
505.80579000009936
636.5100099999199
519.2125999999889
581.3093900002034
746.5234400001561
547.5159399999493
724.1173800000157
480.57137999996917
522.3835499999913
570.3582699999246
526.6473900002333
500.79409999998
479.25163999997056
400.3521500000036
471.49691999999004
546.5229599999581
577.0501099999143
502.83451000016095
480.3738399999708
664.9493900001534
655.029589999905
568.4324999999534
723.0629199999842
505.4323999999636
432.45729000002257
464.09350999997764
504.9964199999479
646.0708699999989
631.5221799999413
562.5451099999244
537.1016899999222
506.2323399999563
496.9482499999799
578.5858399999245
565.3105600002547
623.8830399998812
587.6651799999788
659.8161600002076
656.7709600003489
687.942120000131
412.5302500000017
485.80297999999163
466.90419999999824
422.25949999998784
444.05169999999475
626.4976600000066
720.7642399998007
503.9538299999393
699.5885900001317
606.6622900000723
726.950090000078
543.0075499998816
790.1872200000918
482.7695999999836
690.4136899998826
438.9132000000052
548.6715199999435
609.3978899999124
634.0078799999466
390.9464100000021
548.8483299999839
522.9714500002146
718.7315100001341
569.7401600002256
747.0246700004005
564.823349999942
547.9633100000021
590.5374899999226
641.1660699999479
653.1930799999217
709.6776099998166
543.3922000000487
705.5603599998051
471.20150000000615
673.2953200001556
743.0994000001197
574.132640000067
541.4850899999288
750.8470400001836
535.1192499999895
415.1132900000142
489.0432099999953
520.3744799999756
613.1039900002612
641.8618100001995
412.5943600000023
476.5498799999776
407.09004000000874
520.8538899999439
471.0006899999809
702.8940099998747
573.9660999999516
617.0592000000847
635.5452999999162
691.077189999833
487.46861999992825
577.2182599998927
534.0447199999654
567.7950700000766
734.635870000149
443.6814099999644
529.3320800000364
470.74971000000806
440.64906999998914
455.18598999994646
386.38400000001786
564.7664700001395
545.9982599999369
596.0171599999336
478.6552699999968
729.854389999843
509.8242699999747
494.56164000005805
483.20677999997423
492.7199599999569
692.9814399999674
420.7048400000226
518.1639999999638
479.45011999995205
441.43424000001846
634.387339999972
484.41097999999664
607.68801999993
523.2354099999966
688.4500000004732
578.5491000002315
654.4791099998695
558.4890499999567
459.6268400000084
508.385169999953
578.2999400002614
610.5462099999099
509.5489399999257
508.2477899999834
405.59117999999995
670.581889999916
517.9745299999809
528.0489699999636
457.3275899999542
607.2343700001974
471.84932999996903
606.0269099999858
511.0863899999584
609.9579499998878
730.153950000002
534.4641399999191
501.12322000025364
628.1311300001993
459.400479999988
417.1907599999745
566.7237599999105
498.60824999998954
453.8145199999839
771.8017000000348
502.7057899999947
624.0951899999859
521.3479099999837
786.7954999998344
404.4999699999987
539.7283900000597
484.28237999997685
673.4434100001457
731.4782799998694
723.2791600000883
582.0544699999962
406.5180800000213
450.77154999997214
649.2916899999061
467.61013999997203
648.7800600002032
505.2902999999824
461.5189100000279
546.0975999999247
574.0649599998931
567.9835599999662
598.5603299999609
568.7579500002655
602.28115999993
579.4049800000091
413.1818599999616
651.7375899999106
700.6759999998708
479.1022499999922
489.963729999979
655.3883700002149
417.70123999997037
615.4506599999127
593.4358000002056
623.5726700001543
461.8563399999321
854.8712200001461
563.3576999999527
498.75290999997264
666.7287400001875
684.9092399998568
586.2755499999279
601.3216000001407
500.5797099999884
452.58765999997325
810.7781700001038
419.91655000000685
495.22542999997944
567.1067399999172
543.1244300000029
361.5281200000004
729.2392100002747
513.4406799999656
592.371429999921
470.68710999997717
531.8454899999394
533.2327500000077
477.0724599999632
438.80514999998195
602.4038799999524
452.16139000000845
472.99199999999735
529.8913300000208
569.6300300000464
393.134620000015
727.1949600001784
583.1345399999304
579.0305399999538
475.7911199999673
628.3787800002115
485.95699999995816
464.0165600000003
494.7066599999627
502.0532899999782
683.7938399999688
773.193350000136
496.0639599999315
554.0753699999536
511.59342999994914
649.2503400001874
466.5045599999794
489.998830000124
545.6376499999819
526.3751599999993
571.2284300000313
542.9798500002402
521.5432299998985
590.4861400000691
502.3809899999732
606.3051299999948
554.1056699999293
472.0385099999744
490.6221500001051
551.3429599999255
429.67301999999734
481.4957199999515
683.0270900000551
425.10747999998426
452.8879299999772
753.2589099999208
509.0543799999635
596.112860000218
606.9310099998959
512.7690099999703
466.2611199999734
551.4871099999206
490.8466899999371
542.0724899999161
414.4521900000158
606.576809999926
450.5124399999933
455.95851999998786
466.8531299999537
439.4336300000148
503.5984699999714
522.5784600001952
561.7297799999201
612.7155799999329
517.1221699999162
483.74798999996415
480.26991000001226
440.23760999995886
620.6354200000537
387.59529000001544
545.8884899999767
657.6413999999608
651.1770699998879
611.0382900001078
549.2525800002486
634.3669799998584
475.9339900000159
587.4543499999346
488.6847900000045
508.52606999995425
561.0963300000305
629.7013600001584
628.3125800000905
481.04895999993244
509.38786000000187
528.7056699999022
518.6444999999912
450.6899999999969
514.7224799999395
547.6820399999315
548.2421100000113
515.783190000007
439.63492999999113
731.1733099999037
563.8181700002128
477.39463999997577
632.5519299999413
691.7828500000173
537.4855499999309
625.6123200001817
793.3944700003957
479.62841000002766
569.0662000001698
559.7791699998925
436.1451000000008
448.17758000000117
727.5394299998652
575.929389999912
524.2353699999727
613.9684799999168
577.5651899999514
432.34083999997085
568.1796799999768
535.3573199999047
612.5165700002204
471.3475100001053
598.1112900002468
500.72812999997836
522.5135300000355
623.2759499998825
506.93411999999466
471.1100899999692
460.60126999997766
513.5484199999884
500.0974299999723
652.3580900000435
498.41280000000916
610.4004299999976
539.0482799999232
524.0551899999637
606.071410000294
446.6610900000077
602.614570000199
635.8270500000758
368.5175300000087
511.59574000003937
506.4460099999671
680.6704700001814
548.3058899999528
541.5664499999983
624.4734699999167
775.6945599998216
587.9244699999429
501.47131999997634
797.5714099998047
476.32733999993116
505.9731799999969
544.8746099999632
637.7925700000328
703.0521400001329
523.8453499999487
536.6234699999164
751.3106600004463
650.5379699999728
602.9322099999047
620.2641099998405
495.5823099999613
543.0003599999392
613.0463799999108
573.9707199999834
448.39032999997374
388.3781000000069
544.4091399999784
459.4962200000009
499.56033000000275
496.3030400000226
571.9025499999301
541.9134899999858
510.25003999995397
798.9134400005446
592.8702699999251
659.7303500001581
601.6880599999292
640.8893799998881
594.4810499999071
566.5663499999733
460.9150199999994
602.7254899999507
505.6296399999031
504.87840999997314
656.1077699998655
488.62013999997015
582.3824299999409
530.6149799999563
604.031969999924
505.0724999999672
470.90057999994934
591.1411599998972
471.294199999954
619.8332399999402
616.2144400002207
470.05362999995225
597.9120199999404
604.0383599999436
532.3032799999543
396.661690000025
532.829019999916
601.5975600002249
509.586089999938
436.2099899999855
456.0115400000399
575.8358900000057
510.2747599999816
634.9189499998962
564.6451400001981
693.9402100000422
501.19025000005576
648.3611399999733
479.6881799999846
498.46603999998297
409.5355199999854
547.1412499998931
771.6195499998566
433.3347600000057
523.0623600000621
568.1034199999792
505.85413999998434
668.3440900002553
537.0660099999708
606.0801599998919
635.9414699998965
603.4099999999924
589.5001899999329
594.6025199999243
475.21588999996345
501.33531999997547
547.6133699999561
411.05625000000043
499.0461699999479
594.9169999999347
537.7806900000373
628.399949999895
636.9862899999459
579.7706900002121
614.9215999999068
613.3785200000495
363.70654999997276
509.60950000003885
604.0674699999522
513.6050900000673
478.70372000000526
708.8373800001988
568.8149499999435
602.6814299999185
642.4694700001809
785.6385500003926
513.9400199999477
625.3421000000767
569.0592599999521
611.4535799998982
451.50623999999
636.8991800000568
689.4754600002581
559.5309000001843
569.889119999934
752.8208200001184
561.761200000218
441.7921399999725
517.1281399999419
802.474680000014
484.7038299999847
654.1510299998996
688.1475200002752
468.8822499999983
525.297329999953
597.9571199999453
484.7183799999737
571.4095300000197
765.733760000009
461.4185700000035
660.3175400001711
462.0759399999839
481.45512000012064
600.0282899999071
682.4863900003521
525.8999300001395
571.0877499999506
819.5522000001292
442.26746000001447
610.366459999917
682.8062700001578
705.8701700004033
497.64613999993446
701.5622400002053
591.8958699999009
498.6264599999774
706.6913599998754
724.0257200001837
553.4745300002348
529.3802500002105
546.4826899999687
493.65360999996386
562.086500000002
770.1092000000131
706.0606000001993
705.8172200000065
510.85012000022584
459.104429999967
603.0342499998998
417.8472400000238
523.8070699999483
464.7450300000063
594.0834700000028
577.3788499999721
599.4091599998665
616.5556900002225
638.6127099998718
465.7799699999698
491.78268000027276
557.8326699999524
639.4229499999275
533.5529799999844
504.63393000020545
573.1653999999407
533.5390999999564
498.2313199999907
533.0517199999839
512.0690499999235
460.6368200000068
630.9844399999924
451.6215399999774
540.5479399999267
498.4219099999807
479.9480799999867
603.4094400002418
598.1665800000941
566.2018300002178
758.130269999941
573.5848400000534
748.5495400001371
494.726850000133
565.7551100001957
519.4176399999391
602.4640999999342
472.82317999995325
620.6103900000782
494.4381699999626
468.2128499999817
523.8823799999752
446.26218999999963
584.6227199999345
591.025439999952
688.2098900000742
648.163939999946
563.1365899999007
658.9492599999788
553.3464799999423
528.2558199999703
715.543129999951
456.5893500000131
432.69408000001755
586.3059700001568
491.0423999999863
528.8890399999472
482.72863999997537
677.6414999999208
623.6088499998905
521.7331599999803
414.7078300000022
658.480749999872
558.5108500000199
439.91483999999457
719.5306000004157
575.1214899999106
571.0608599999259
772.810150000233
449.37653999999065
542.530290000042
618.2463400002246
599.8309299999008
739.0647399998677
569.4090099999571
625.9180700001612
407.2585699999825
657.3557300002032
432.1989999999995
489.19656999998085
637.0204599999125
535.1850399999287
476.64123999998185
634.7414200000723
531.9451400001149
466.8747999999581
616.3971400001801
512.5590299999637
652.0522899999055
614.4774299998694
633.4267700002214
630.2273399999248
620.9603100002414
520.7997199999475
595.9145599999492
570.2669700001647
604.4956399999141
687.3760799999711
475.7654299999994
600.2900400002025
502.4783399999812
505.2279999999596
561.5777699999059
515.0233399999421
501.5931999999691
460.6939399999916
455.7995500000029
587.829939999932
579.5222099999214
613.8743599999204
606.0518500000852
525.6123499999015
662.2101700003955
471.3558399999866
570.6176599998826
628.1388100002097
804.5091000001268
718.0127599999603
544.1826299999498
556.4800099999991
649.4742700003059
567.3873200000713
556.0868699999354
614.7775499999115
485.9602899999656
639.3223200000338
550.3871399999427
477.19051999999743
522.9726900000226
470.1377299999865
571.7444599999513
550.5259700000126
457.59251999999725
491.93373999994964
581.4102799999013
608.3945100002001
473.75329000003046
655.3656199998957
506.1126200000775
654.235019999851
615.2238299998714
633.6279800000322
686.860119999849
520.5172999999388
631.0820099998812
558.5443399999052
598.4330600001941
561.7665700000048
567.2605700002412
465.30011999998317
637.7263900001531
466.49625000000407
566.4405400000971
611.5724100000002
581.0215599999474
651.458710000098
406.1922400000034
461.4643300000236
