5950.575000005398
7339.325000011559
4737.825000004711
2516.9999999988063
1693.02499999936
8694.7250000141
2009.0249999992684
4494.575000004799
1969.2749999993043
1948.2249999993237
2458.2749999988596
9074.350000015482
3413.0250000021338
4232.625000002007
7594.675000012495
7330.125000010615
6736.2250000100685
1850.749999999792
2858.0749999993627
4509.325000000756
3383.8750000023842
3187.4249999988197
2167.549999999144
7061.550000010411
2609.3499999998457
3712.1499999993407
5810.57500000568
2184.299999999109
3735.6750000032034
4733.250000000915
6825.850000007301
3434.399999997997
6227.175000008715
4462.025000002747
6375.950000006709
2235.1249999990628
10063.80000001908
3662.200000000615
2677.3999999986604
4666.500000001577
4184.7750000052365
1640.999999999603
7156.075000012121
8181.700000012233
3243.100000003099
5633.7750000081505
4037.200000003932
3724.8000000010325
2412.949999998901
4749.875000004397
3695.3750000023024
4690.0250000054575
3621.2500000012233
2808.574999998541
3954.3250000041908
3795.7999999990807
6194.800000005811
2845.9749999986952
2378.7499999989323
4766.80000000124
5571.325000008457
9162.975000018423
1689.4249999995295
1694.7999999994431
5786.250000009673
3252.6250000003743
3765.775000002191
3814.80000000127
2010.499999999267
4581.325000004901
4203.425000005868
2864.500000001485
5456.575000005445
9143.425000015734
8741.850000017308
3977.7250000038903
4875.425000005236
5273.450000004079
6406.000000009801
9374.350000016573
2826.3249999985424
3169.5999999994538
3252.5499999992016
4867.825000004529
4271.125000002133
3909.850000000806
3777.525000003003
5826.075000007094
3692.7250000030576
3427.949999999263
5241.100000004626
6613.500000010723
3034.2499999983356
3060.3499999997325
2035.4749999999267
6394.050000010573
4584.000000005431
4752.950000004108
5009.925000004374
2869.600000002498
5094.625000004435
4836.500000004317
2362.424999998947
2161.574999999987
6259.275000007548
5586.800000006171
5192.450000005467
7079.275000012003
9901.27500001849
1937.0249999992855
2600.2749999987304
5172.750000006693
5459.325000004992
1926.7499999993431
4723.400000004827
5295.275000003901
4214.575000004093
4892.650000006555
4807.075000004923
7441.825000009541
5519.800000006053
4653.000000005681
4884.47500000629
4952.975000004923
4024.2250000012573
5730.975000008853
5331.7250000043
4974.550000005344
2955.7500000009745
2667.324999998732
2863.8250000000107
5291.350000004778
3610.599999999904
3728.775000000315
4308.075000004799
2260.249999999024
2546.4999999987795
5197.150000006401
3735.1750000044904
4143.450000004993
7138.575000009672
2533.0999999987916
6220.350000007316
4000.3000000055063
5629.3000000076045
6851.775000011316
6283.575000008328
3887.224999999568
2565.9499999987615
5447.0750000049475
3885.025000002299
4191.050000003855
6615.950000011748
4911.9750000047015
3847.9249999993795
3347.07499999827
4351.225000004058
6914.525000011196
5687.675000007959
6789.075000009632
5025.7500000012815
2663.524999999424
6121.9500000074695
6122.800000007903
4286.450000004818
7123.325000011722
7209.87500001021
2937.5749999993645
3404.600000000389
3326.8500000004533
2289.1999999990135
7365.97500001164
4931.525000000844
3929.0500000030875
1820.9249999994393
3400.100000000107
2477.699999999825
5870.200000008534
5546.0000000036725
2098.299999999149
3126.2000000018024
4974.900000004837
3469.2000000013213
2413.4999999989004
4275.800000005222
2083.34999999906
8387.250000015873
3562.599999999632
1768.6749999994868
5058.700000006083
2382.5249999989287
3342.5749999998234
3279.7749999988605
2513.774999998809
1888.899999999318
2705.6499999986345
4546.875000002311
7436.225000011369
5311.150000004149
6283.425000008957
5379.425000006044
1744.7249999995058
4737.70000000593
3390.4999999981255
2715.2499999998827
3364.1000000012077
7340.250000010794
2344.249999998932
2531.2499999994134
3952.775000000607
4806.40000000071
5186.225000005816
4095.5000000011764
7507.800000013223
2706.049999999809
7517.62500001216
2375.174999998935
1648.474999999587
5354.7250000057775
2121.499999999496
3222.050000001777
4689.875000005442
3652.2250000020886
4415.250000002835
5349.725000006465
3680.0500000001257
2026.4499999992524
1922.5749999993468
3357.599999998667
3744.099999999596
4035.2500000057917
2576.550000001063
2297.499999999006
3196.524999999109
3472.15000000068
5729.9750000048625
2253.674999999817
3059.7749999985535
4273.92500000483
3579.0250000017004
5025.825000002
2057.574999999224
5190.500000006332
2032.0499999992471
5995.600000005843
4682.750000004624
6063.5250000068245
2720.274999999109
2719.3249999986224
3342.074999998846
9540.150000017431
4443.8500000050635
4966.025000004201
3049.8999999983216
5717.275000006342
7925.100000013621
3582.5250000028846
5221.375000004727
4984.950000003675
2475.70000000046
7605.500000012204
7881.350000011745
3663.800000000413
4679.500000007194
3277.5500000008033
4167.600000002505
1922.5749999993109
3950.6749999997096
2053.424999999228
3429.82500000017
2016.299999999127
2102.2999999991516
3064.324999998358
7087.925000008414
6101.800000005506
4014.3000000007473
4946.725000003343
8170.100000014949
1880.7999999992335
4432.324999999726
3808.199999998948
2864.6749999984904
2356.799999998952
2781.299999998566
3045.7749999991797
4545.975000003968
2310.9749999989936
1972.274999999219
2235.799999999062
4206.825000005225
2017.824999999231
5480.575000006219
3626.550000000624
6126.775000005031
6177.025000007699
3590.9250000005622
2430.7999999997614
2581.749999999373
5730.250000005872
4068.350000002733
4076.0000000058235
5917.075000005994
5031.725000005878
2711.7999999991025
4015.625000005065
4716.275000006064
2700.974999998639
3854.675000000589
3067.4999999994834
3096.34999999955
4238.300000001214
3155.474999999457
5303.350000004099
4594.475000006372
2672.8749999986644
4869.975000004288
3740.4000000015626
3769.7999999991293
3854.5500000035254
4669.1500000056585
3254.4750000033328
2359.9499999989494
2992.249999999321
4728.025000005115
4342.750000005124
2896.899999998812
7852.550000012921
1575.4749999996284
3618.925000000516
4659.675000005516
5610.425000005758
2221.524999999236
4343.725000002993
1996.049999999199
2194.0249999991
3027.0749999983423
5527.800000005954
4198.2750000032565
6038.950000006122
3560.0250000006126
4678.725000005443
5862.750000006354
3124.8749999989072
8729.625000014435
3979.525000002582
6015.525000004668
3755.3250000004737
4821.475000005759
2114.574999999172
2884.2999999986455
1975.7249999996934
3201.4500000026474
2393.9499999989184
2891.2749999998464
3541.6750000037337
5513.275000005404
5307.275000004001
4331.325000000513
3691.4750000003296
5224.375000004568
2574.824999999514
1805.2249999993323
4544.900000005497
4992.225000005478
4144.575000002457
3748.7750000032947
2917.749999998442
2651.7999999988797
4282.250000005918
4184.450000005247
4192.525000000306
4071.950000005857
5735.550000006509
5251.17500000564
4899.850000006159
6865.475000011482
5748.550000006747
2033.2750000003387
4132.500000000414
4340.07500000477
2830.2999999985213
1770.0249999994385
6067.925000007385
5723.1000000035265
3191.8749999986876
5049.600000004833
6444.2500000077
5864.5000000061045
3382.3999999982634
5161.525000005829
2008.0749999992622
4278.5750000024755
1915.3999999993534
3694.3750000002165
4845.90000000431
6819.900000011584
2433.200000000491
4046.049999999466
4155.200000005774
6871.600000009024
7313.075000011822
7620.800000012938
3562.9500000001162
4372.500000004982
8565.175000013629
3291.2500000017676
2874.3249999984814
3530.6749999983404
3876.275000001615
6001.000000004354
1605.5499999996355
5926.500000005524
5867.675000004695
4998.025000002548
5112.000000004604
4961.97500000551
2006.149999999271
2212.874999999083
4389.275000004725
5233.075000002802
7557.300000011543
6178.400000010292
2388.949999999254
2578.94999999953
1626.474999999516
2608.1249999987235
3301.8749999980923
5245.825000006525
5229.675000005163
5395.825000005747
5708.900000008387
3535.525000000672
4447.250000005168
5164.950000004378
3735.800000003178
4501.075000003486
6204.850000005652
2553.2999999988756
2941.350000001479
4758.750000005669
3706.80000000208
3279.6249999994184
1370.9749999997377
3916.5500000032057
2793.949999999484
3279.20000000041
2670.324999998971
7053.100000009417
2674.0749999998284
3054.5500000013403
4457.450000006287
2421.599999998893
5991.875000006818
1485.4249999997182
2976.0749999992395
2872.374999998483
2276.274999999025
5198.300000002922
3535.3250000003104
5315.475000005224
5885.850000009679
5411.875000007825
5677.000000005701
2717.374999998624
2170.649999999121
2118.999999999143
4687.8000000055945
5177.3250000076605
4984.850000004573
2842.57499999851
4598.000000000611
2654.7749999998805
7304.900000009074
4129.7500000032505
3901.7500000034815
2460.1249999987517
7173.775000011941
2649.574999998792
6873.550000010987
2885.7750000003207
3705.8249999993027
5915.475000008523
2752.3249999985737
4048.8000000062375
4743.825000006107
2120.7999999991666
2559.374999999571
2934.5750000007984
3174.4249999982885
2635.049999998992
4590.000000004022
1932.5499999993378
3443.825000001196
3435.1250000001564
5256.975000004617
1715.499999999437
4666.350000006114
3411.2500000021087
4715.725000005658
3563.274999997995
7657.6750000128595
4498.05000000117
4171.600000006079
2449.349999998868
3237.724999999058
4068.2500000062273
4933.375000005986
3669.324999999634
2501.250000000689
2820.3999999985303
2938.7749999984226
5517.400000006668
3337.224999999528
5215.600000005997
3744.050000003414
3654.050000001038
2247.3499999990413
6110.425000006049
7138.0000000122545
3249.350000002249
2342.450000000196
6900.550000008756
4684.975000005881
4446.47500000352
6421.775000009296
4738.550000005009
2750.2999999991453
7188.325000012031
4326.200000005222
4326.075000006459
6730.750000010406
3685.6249999984548
3252.0249999991356
6248.625000007046
3094.62499999958
2758.1999999989375
4994.000000005564
2064.299999999218
2221.0999999990754
3309.5500000003826
4157.22500000149
1817.2999999994427
7584.025000011637
4393.20000000572
4114.600000001725
2612.599999999716
3326.0750000003736
4370.425000002433
3372.22500000183
3282.9750000004005
3581.2749999990724
2176.8499999991154
4773.07500000632
3581.750000000661
5904.325000003948
2232.374999999206
4752.175000005706
2799.7249999986175
2423.9499999998566
3542.749999997902
6369.000000010221
2225.149999999049
1752.2749999995017
2015.5249999991056
2802.2499999985466
4958.0250000046635
7436.37500001001
2789.1249999985585
2485.324999998835
2729.624999999275
7581.000000013377
4280.325000002278
3625.025000003536
6374.250000007976
2606.249999998725
3039.00000000051
4484.125000005394
7141.750000008773
3817.8750000020964
4461.750000002754
3531.3750000011682
3327.0749999991463
4164.575000005921
4621.425000005456
3003.849999998625
1953.4249999992653
2346.4749999989435
7937.250000012221
2245.374999999542
3085.849999998611
5318.575000002595
4291.300000004814
4742.550000006178
4132.675000001874
3469.5500000002835
4236.250000006479
3293.224999998337
2616.2249999990117
4800.475000004704
2632.724999998627
4028.8500000019303
2543.6749999987824
2177.0999999991154
2530.5999999990336
3716.5750000021258
2061.4999999992206
4612.275000005164
2587.249999998904
5182.350000005006
2818.9249999996737
5450.55000000544
2405.8500000002505
2747.374999999407
4563.750000001387
1810.7749999993225
4886.850000005036
3970.2750000017636
4289.825000001647
5913.050000004319
4359.750000005838
4156.325000000605
6719.225000011076
2134.674999999154
6705.4500000107255
4505.350000000955
6654.375000008473
4950.27500000641
5650.350000007152
3192.04999999945
6410.300000007836
4675.775000004456
2853.750000001221
2604.424999998727
3467.7000000003895
4803.775000002822
2856.3250000007392
3156.224999999772
4594.4750000036365
8108.975000012857
6787.200000011968
2332.2999999989743
5497.7500000051
8543.175000013547
4806.525000004807
5099.550000006904
9791.65000001809
2960.8250000011135
4809.350000005008
2857.0999999994738
4093.0500000029933
1940.5749999993304
4387.400000001297
3664.3249999980926
1820.9749999994392
5086.250000004635
2695.825000000278
2608.1749999987032
6828.975000011132
4092.0000000026257
5883.300000008827
3221.2750000029364
6064.325000006866
4947.575000005451
2857.875000000917
7795.7750000115875
4458.9750000046615
2058.7749999991674
4309.000000003381
3457.3999999999733
2535.5999999987894
4546.0000000035725
3762.65000000003
4433.975000003343
3343.37499999838
3044.5499999983267
4691.675000006224
1582.4249999996218
6702.900000011457
4369.025000005058
1549.5249999996686
3567.925000001487
2421.1499999996217
5281.650000005937
3860.4750000016247
5677.475000005839
3805.9500000001603
5185.750000005104
2991.349999999252
1937.974999999333
3539.9249999984236
4550.200000004959
2768.5749999991517
3072.099999999181
5354.525000004025
7329.75000001051
3717.675000001291
4166.875000002028
7253.40000001262
5934.150000005767
3223.6999999981635
5444.250000003336
2699.0749999989716
3287.499999999231
5433.35000000413
7453.125000012143
2220.7749999990756
6061.850000009354
2810.024999998741
2810.2500000014684
3536.0000000020655
6298.200000011121
4479.750000004472
3275.9499999995624
2101.324999999077
9791.075000018089
3610.750000002419
6837.450000011539
3976.9750000010854
5866.525000007321
7209.725000012055
2411.849999999992
1935.824999999335
5082.050000005432
2825.2249999985065
2602.5249999987486
4188.475000000259
2588.024999998742
2988.024999999022
4656.550000005011
2445.2749999988714
4277.6500000051365
2845.574999998814
5052.225000006225
3185.6749999997282
3974.425000000649
6151.275000008181
3079.0750000005414
5424.050000004518
3299.274999999686
4424.450000006315
3888.0500000063325
7481.300000011306
6701.675000012889
4854.150000004302
1942.849999999218
4230.225000001705
6210.375000008206
3063.6250000003374
5198.525000004478
6433.525000011265
4830.875000004091
2892.2250000016443
7914.700000012474
2909.7499999984493
3862.300000004704
3078.299999998986
3184.4249999981994
4922.450000002577
4572.050000005136
5800.325000006991
4489.975000005042
2092.0499999991926
5929.025000007423
2335.5999999989713
5570.775000004942
2399.949999998913
5145.47500000479
5745.7750000063625
3286.7249999981973
2722.874999998619
1994.999999999275
4865.500000005052
4133.400000005821
2770.9749999985756
5558.075000007109
5233.075000007726
4702.950000005713
5814.000000007228
6152.325000007275
4943.675000006784
6263.700000009829
2396.1249999989163
3088.72500000138
2616.1499999995203
2919.050000001326
4339.7500000037335
6037.975000006776
2420.4249999988942
6570.525000010286
5773.000000007288
7785.775000014077
2276.724999999025
7121.650000009642
3615.9750000006434
5819.975000005858
3445.000000001115
4160.450000003486
7383.7500000093305
4573.050000004703
4446.625000004209
4777.025000004372
5028.800000005789
5444.47500000634
2052.2999999991434
8104.975000011955
4196.050000005749
3136.074999999102
7430.450000011004
4045.500000005787
2490.77499999883
5572.175000006262
4840.075000005939
4489.2750000036385
6108.225000006238
3360.800000001852
5307.775000005537
2041.7499999992385
3916.3500000032154
2991.7999999983745
5948.250000009983
3193.7750000039423
3847.224999999792
5419.5000000060745
2167.1999999991244
2326.6499999989796
5766.600000006738
8349.950000013874
2060.6999999992213
7470.4750000096465
6176.025000004983
2206.7749999990883
6768.250000009607
9751.575000017945
4075.0250000058727
4243.525000005835
3192.5999999990436
3306.9249999988656
4564.450000002584
5017.500000003338
5661.375000007915
4011.625000002106
4423.775000005471
1971.149999999251
3431.524999998133
1358.899999999805
3390.77499999842
1884.099999999382
3343.0500000017037
4489.775000001238
4687.825000001572
4400.050000006546
6499.750000007487
1999.649999999157
5225.975000008067
5773.600000005212
4501.225000004622
2848.675000000576
5022.975000004753
2193.8249999990485
2891.199999998466
4486.250000004142
1864.2499999994
2909.0999999987594
3427.375000002687
5423.600000003982
6538.850000008992
8110.450000013794
3045.1499999991534
3570.5749999986874
4653.500000005345
7866.650000011653
4414.2000000054995
4506.800000001396
4006.750000002129
7381.325000009322
3550.7750000034575
9286.700000018416
3160.024999999395
5026.400000002899
4380.325000004901
3044.1750000020493
3866.5500000008096
4024.2000000044736
3402.8750000018244
2692.349999998647
2325.6249999989805
3825.9999999989814
4541.950000003388
7371.625000011368
2916.0999999984433
6323.925000006607
3330.5249999996713
2085.424999999199
6063.350000006513
2600.299999999873
6410.750000009139
4966.825000005243
2668.724999999518
5343.450000005664
3915.37500000236
3921.6250000007517
3545.249999998298
2582.6500000005126
2323.050000000151
3646.074999998864
3526.9750000005156
4756.675000003592
7383.700000011775
2791.349999998557
5835.750000008215
6621.475000007493
3216.675000001122
3652.3250000005914
7281.175000012481
5363.700000004159
4761.400000002555
3105.5500000007364
5703.725000006658
2163.274999999128
4807.50000000553
4480.650000006029
4368.050000004744
7210.025000010379
2882.749999999862
4206.875000006581
5862.550000006897
4073.5250000031137
2122.1999999991654
5488.100000007447
5315.7500000056225
3433.0999999988744
4988.45000000418
5203.200000005538
4554.250000001948
5730.200000006487
2571.5749999987565
6149.225000008499
6853.650000012403
3421.2749999992484
5153.225000004963
2901.9749999993473
5250.800000005752
3888.725000004986
2076.3499999992073
5190.850000004046
2289.049999999014
3221.2999999991616
4053.875000002487
3523.2250000001663
4085.525000002822
5560.35000000424
4365.525000003447
4923.700000003915
3400.749999998751
6442.950000011352
4268.925000004835
4360.9000000006035
5231.925000006135
7802.650000011534
5792.350000005905
3315.0249999990288
2914.0999999997753
5569.750000004655
3734.0750000019075
3315.7249999992473
5289.050000004907
2116.474999999168
5781.100000005037
2975.49999999995
2808.49999999934
4949.775000003012
4429.475000005002
3723.5250000007404
4037.9750000008753
3405.3749999993065
4628.425000006322
7287.50000000898
5976.475000009541
3034.250000000885
5822.700000005934
3050.2000000027792
4965.125000000684
6728.150000010692
5609.675000006046
6305.70000000702
6643.475000007343
3375.5249999992748
2789.2999999985586
4815.8000000048
5357.975000006707
5049.025000006174
2119.69999999909
5417.750000004258
4263.250000002645
3761.0000000032887
3668.7250000002223
5610.7750000030965
5960.6750000051015
4894.575000005724
5052.050000006785
