11580.400000024598
10999.100000022483
10957.10000002233
3616.0999999978067
2668.3999999986686
11022.100000022567
2791.199999998557
10615.100000021086
2786.699999998561
2531.599999998793
3216.0999999981705
11009.10000002252
7740.0000000106265
8284.000000012606
11066.200000022727
11506.400000024329
11055.100000022687
4260.199999997967
4623.499999999289
6068.100000004544
7577.500000010035
4644.099999999364
3777.49999999766
10952.400000022313
4732.699999999686
5376.100000002027
11004.100000022501
2129.199999999159
8542.100000013545
6598.500000006474
11022.100000022567
3741.299999997693
11998.300000026118
8447.4000000132
8881.200000014778
3037.399999998333
12124.200000026576
6603.00000000649
3343.199999998055
6688.000000006799
10995.100000022469
1897.09999999937
11377.40000002386
12123.200000026573
8252.20000001249
10800.000000021759
9821.000000018197
7021.000000008011
3728.1999999977047
10800.000000021759
8114.000000011987
11409.200000023975
5926.100000004028
3318.3999999980774
9820.400000018195
4545.299999999004
11383.10000002388
4132.199999997501
3308.099999998087
5908.100000003962
11519.100000024375
11974.30000002603
2152.199999999138
2234.2999999990634
11900.200000025761
5641.200000002991
7959.200000011424
7301.0000000090295
3028.699999998341
10971.100000022381
11362.200000023804
6461.500000005975
11442.400000024096
11730.400000025144
11901.400000025766
9263.100000016168
10971.100000022381
10800.000000021759
10999.100000022483
12110.400000026526
4089.1999999973764
4755.399999999769
4674.199999999473
10970.100000022378
7822.300000010926
6819.100000007276
8431.300000013141
11450.200000024124
8687.100000014072
4737.399999999703
10163.400000019443
11030.100000022596
3487.099999997924
4976.400000000573
4379.2999999984
10977.100000022403
11458.200000024153
8319.500000012735
10800.000000021759
7322.500000009108
10989.100000022447
10800.000000021759
2817.1999999985333
4574.699999999111
11955.500000025962
11441.100000024091
10999.100000022483
12120.400000026562
11904.400000025777
2237.3999999990606
3584.0999999978358
11375.400000023852
11049.200000022665
2845.2999999985077
11025.100000022578
10800.000000021759
10105.00000001923
11485.400000024252
11006.100000022509
11429.400000024048
10800.000000021759
11633.20000002479
11385.100000023887
10800.000000021759
6725.300000006935
11823.600000025483
11016.100000022545
11495.400000024289
6112.300000004705
4151.09999999757
5462.000000002339
10800.000000021759
5276.300000001664
5877.40000000385
10800.000000021759
3451.1999999979566
3046.299999998325
11403.100000023953
9743.400000017915
10625.100000021122
11142.200000023004
3409.099999997995
10071.100000019107
11057.100000022694
11332.200000023695
11509.50000002434
11919.500000025831
5201.00000000139
3525.399999997889
10800.000000021759
6631.000000006592
9520.100000017103
11268.400000023463
10111.200000019253
5665.000000003078
3968.2999999974863
10183.000000019514
11500.200000024306
9825.200000018212
11806.30000002542
5826.200000003664
4292.499999998085
11796.200000025383
11995.400000026108
10800.000000021759
11723.500000025118
11039.100000022629
4580.499999999132
5698.400000003199
5570.300000002733
2793.199999998555
11089.20000002281
5728.000000003307
6789.200000007168
2630.399999998703
5848.0000000037435
4559.299999999055
11441.400000024092
10800.000000021759
3397.1999999980058
7019.400000008005
10999.100000022483
6789.100000007167
2580.099999998749
11001.10000002249
3720.199999997712
11448.300000024117
5659.000000003056
2152.099999999138
11013.100000022534
3405.3999999979983
5344.500000001912
4754.099999999764
3079.099999998295
2655.1999999986806
2772.0999999985743
6468.100000005999
10800.000000021759
10170.000000019467
10800.000000021759
11364.100000023811
2888.3999999984685
10024.400000018937
3637.499999997787
4828.2000000000335
6767.100000007087
10800.000000021759
2746.199999998598
4542.299999998993
6543.400000006273
5995.000000004278
11000.100000022487
7396.000000009375
11943.100000025917
4899.4000000002925
10993.100000022461
3452.1999999979557
2111.1999999991754
11320.10000002365
4099.299999997382
7070.400000008191
11415.200000023997
7393.200000009365
8875.200000014756
11994.200000026103
6187.000000004977
2503.7999999988183
2766.4999999985794
4107.299999997411
5621.100000002918
11325.30000002367
5797.400000003559
3297.1999999980967
4224.2999999978365
5506.500000002501
11512.20000002435
4426.299999998571
4308.099999998141
10800.000000021759
7185.500000008609
5974.100000004202
3036.299999998334
11966.500000026002
2081.0999999992027
10800.000000021759
10562.600000020895
11398.200000023935
4404.399999998492
3255.3999999981347
4450.199999998658
12068.100000026372
11002.100000022494
10800.000000021759
3524.0999999978903
11598.200000024663
11365.300000023815
8277.600000012582
10800.000000021759
8981.100000015142
5187.600000001341
11876.400000025675
11465.200000024179
5385.20000000206
11256.100000023418
6332.100000005505
8562.100000013617
3085.1999999982895
5319.100000001819
2113.1999999991735
5479.700000002404
2833.5999999985183
3056.3999999983157
4140.09999999753
11389.300000023903
11417.100000024004
6503.000000006126
7386.000000009339
11537.20000002444
2623.1999999987097
5372.000000002012
5180.000000001313
3492.699999997919
3493.1999999979184
3591.0999999978294
4377.499999998394
7470.200000009645
2435.1999999988807
3447.29999999796
2873.0999999984824
10975.100000022396
3382.0999999980195
11465.100000024178
6152.500000004851
8661.200000013978
11912.300000025805
6229.300000005131
4651.39999999939
4277.199999998029
11982.40000002606
6713.300000006891
11310.200000023615
10999.100000022483
10800.000000021759
4129.499999997492
10800.000000021759
11394.400000023921
3001.199999998366
6734.000000006967
5132.000000001139
4730.499999999678
7264.400000008896
4892.500000000267
8285.600000012611
11981.200000026056
3473.4999999979364
10800.000000021759
6993.600000007911
4978.3000000005795
9164.100000015807
11550.100000024488
8528.300000013494
2850.0999999985033
4947.000000000466
10800.000000021759
11003.100000022498
4405.099999998494
12185.300000026798
1842.09999999942
5468.000000002361
11353.100000023771
11781.400000025329
4144.199999997545
7129.100000008404
2495.199999998826
2903.399999998455
3446.0999999979613
12224.10000002694
9091.200000015542
11027.100000022585
6515.200000006171
11431.200000024055
11034.20000002261
4393.499999998452
11009.10000002252
7475.100000009663
10800.000000021759
6400.100000005752
11734.600000025159
3203.499999998182
3862.6999999975824
4142.599999997539
8014.100000011624
3112.099999998265
4715.399999999623
8950.40000001503
11907.200000025787
7956.500000011414
5853.200000003762
6037.4000000044325
10987.10000002244
4325.199999998204
2507.199999998815
11374.100000023847
11074.200000022756
8003.300000011584
8724.100000014207
3916.2999999975336
3929.4999999975216
11440.200000024088
11015.100000022541
6177.00000000494
11386.00000002389
11582.300000024605
10161.400000019436
12012.200000026169
11271.300000023473
11481.400000024238
4944.600000000457
5149.600000001203
10800.000000021759
3662.1999999977647
2838.499999998514
11004.100000022501
7826.000000010939
4097.499999997375
10850.600000021943
10067.100000019092
8451.300000013214
3698.5999999977316
11395.100000023924
3738.3999999976954
8579.10000001368
2686.1999999986524
5903.200000003944
10800.000000021759
11437.200000024077
5605.3000000028605
5098.100000001015
11280.300000023506
11561.100000024528
11849.400000025576
12020.200000026198
5930.100000004042
8371.400000012924
12060.600000026345
7320.000000009099
3392.39999999801
3890.1999999975574
7332.400000009144
8759.100000014334
1753.2999999995009
11056.20000002269
11602.200000024677
8118.200000012002
10800.000000021759
11600.20000002467
2862.0999999984924
3173.1999999982095
10800.000000021759
8956.00000001505
11397.400000023932
11552.400000024496
4167.49999999763
4461.399999998699
2622.1999999987106
3085.2999999982894
4077.0999999973874
11449.400000024121
8723.000000014203
8289.000000012624
11587.100000024622
6091.200000004628
11077.100000022767
10989.100000022447
8537.700000013529
8190.000000012264
11041.200000022636
4141.199999997534
6450.700000005936
10800.000000021759
7928.0000000113105
4608.399999999234
1679.499999999568
8853.400000014677
4914.000000000346
5683.400000003145
4324.1999999982
11052.100000022676
4837.500000000067
6565.300000006353
11894.40000002574
3026.199999998343
9072.100000015473
1570.3999999996672
4737.199999999702
3312.099999998083
2770.399999998576
6852.100000007396
5077.40000000094
10800.000000021759
11458.100000024153
11749.400000025213
11826.600000025494
3308.099999998087
3062.0999999983105
3495.0999999979167
11525.100000024397
11812.10000002544
11006.100000022509
3421.299999997984
7348.0000000092
5036.10000000079
10996.100000022472
7456.300000009594
9316.00000001636
3148.0999999982323
11910.200000025798
3755.49999999768
11386.00000002389
5576.100000002754
4792.1999999999025
10800.000000021759
3351.1999999980476
11624.200000024757
11919.500000025831
3506.4999999979063
4424.599999998565
5749.400000003385
3799.5999999976398
4033.299999997427
10173.100000019478
2851.499999998502
6570.400000006372
5522.400000002559
10505.000000020686
2992.5999999983737
11873.500000025664
7594.100000010096
11608.200000024699
3875.199999997571
10978.100000022407
5413.500000002163
11624.500000024758
3023.199999998346
4359.699999998329
11703.200000025045
11507.200000024332
5066.4000000009
5479.300000002402
3342.199999998056
3583.0999999978367
11386.400000023892
5046.500000000828
11686.500000024984
8713.100000014167
6592.300000006451
3895.3999999975526
10800.000000021759
11911.400000025802
7520.200000009827
4915.400000000351
11981.700000026058
11762.40000002526
9786.00000001807
11457.20000002415
10800.000000021759
4432.199999998593
12090.400000026453
11021.100000022563
11929.200000025867
11510.200000024342
4135.199999997512
4520.499999998914
9790.200000018085
4996.200000000645
4404.099999998491
11616.400000024729
3360.1999999980394
3116.2999999982612
5886.200000003882
5671.1000000031
2240.6999999990576
11375.300000023852
11405.400000023961
7153.200000008492
4977.100000000575
6086.10000000461
6752.100000007033
7303.100000009037
5397.100000002103
4701.4999999995725
3081.199999998293
11012.10000002253
6143.300000004818
6736.700000006977
4212.1999999977925
11598.100000024662
3691.499999997738
4555.399999999041
4121.099999997461
11360.200000023797
3114.199999998263
2206.299999999089
2680.199999998658
3077.199999998297
11072.100000022749
12073.20000002639
3443.4999999979636
3393.0999999980095
4523.199999998924
11892.100000025732
8560.00000001361
8879.600000014772
11032.100000022603
3526.1999999978884
5691.200000003173
11261.100000023436
11418.100000024007
7508.500000009784
8917.20000001491
6035.500000004426
4928.200000000397
11399.200000023939
7598.300000010111
4198.299999997742
3005.299999998362
3739.4999999976944
10983.100000022425
4188.599999997707
4125.199999997476
6385.200000005698
10800.000000021759
11935.50000002589
7282.200000008961
5669.500000003094
11887.100000025714
3881.3999999975654
4075.499999997389
10981.100000022418
3631.199999997793
7470.700000009647
3003.299999998364
3529.1999999978857
3992.4999999974643
6751.000000007029
2233.2999999990643
11265.10000002345
3863.3999999975817
10800.000000021759
4915.30000000035
11501.10000002431
4971.500000000555
4852.00000000012
7340.200000009172
3124.4999999982538
9703.300000017769
7730.1000000105905
7869.000000011096
10667.300000021276
11489.200000024266
6049.000000004475
11339.00000002372
2629.1999999987042
11076.100000022763
5972.100000004195
11792.000000025368
11067.10000002273
8961.100000015069
4669.5999999994565
9542.000000017182
10658.100000021243
6100.300000004661
3933.0999999975184
6113.200000004708
9091.100000015542
5754.500000003403
4907.700000000323
10007.000000018874
11284.400000023521
11755.200000025234
3065.1999999983077
10800.000000021759
11019.100000022556
11053.20000002268
11127.30000002295
11683.000000024971
6279.100000005312
11082.200000022785
4458.399999998688
6961.100000007793
2692.299999998647
6390.000000005715
4006.099999997452
2077.399999999206
11067.10000002273
5534.000000002601
3883.1999999975637
11423.400000024027
8716.000000014177
12002.500000026133
7888.100000011165
11673.100000024935
10800.000000021759
5872.800000003834
10986.100000022436
10800.000000021759
2513.2999999988097
9492.100000017
4919.2000000003645
3642.199999997783
8992.300000015182
5113.300000001071
6848.100000007382
4382.099999998411
3834.1999999976083
11949.40000002594
2068.3999999992143
11503.400000024318
10963.100000022352
1655.29999999959
6045.1000000044605
4361.599999998336
12097.300000026478
7369.000000009277
11038.100000022625
5670.100000003096
11190.000000023178
4384.399999998419
2211.1999999990844
3884.099999997563
10975.100000022396
4540.199999998986
4397.599999998467
7906.200000011231
11315.400000023634
6364.200000005621
7638.500000010257
11931.300000025874
11405.20000002396
3644.299999997781
7619.100000010187
4387.099999998429
5086.000000000971
10800.000000021759
11007.100000022512
2793.299999998555
11712.300000025078
4273.099999998014
6314.40000000544
7520.1000000098265
11464.400000024176
7094.3000000082775
4956.3000000004995
3267.199999998124
11978.600000026046
7621.400000010195
11448.400000024118
7269.000000008913
11027.100000022585
12021.100000026201
4658.499999999416
2273.4999999990278
10800.000000021759
3867.1999999975783
3712.1999999977193
6223.200000005108
3518.3999999978955
4485.199999998786
10859.400000021975
2626.099999998707
10974.100000022392
4016.6999999974423
11948.300000025936
4961.200000000517
5334.000000001874
11942.400000025915
5823.100000003653
10800.000000021759
5024.2000000007465
11928.200000025863
11701.300000025038
11882.700000025698
11917.500000025824
10800.000000021759
2830.2999999985213
5820.100000003642
11998.400000026119
5748.00000000338
11053.10000002268
11281.100000023509
8462.700000013256
6703.100000006854
10976.1000000224
4020.099999997439
10360.000000020158
4527.299999998939
3800.0999999976393
7042.400000008089
10854.100000021956
9285.100000016248
11050.100000022669
2300.0999999990036
11680.300000024961
2795.0999999985534
11588.200000024626
2972.499999998392
10973.100000022388
10800.000000021759
4176.099999997661
3186.699999998197
2426.199999998889
10987.10000002244
11381.100000023873
3782.0999999976557
11906.300000025783
11002.100000022494
11614.00000002472
11963.400000025991
11471.2000000242
11990.000000026088
12092.40000002646
2989.199999998377
6448.600000005928
4583.199999999142
6439.200000005894
9888.000000018441
10981.100000022418
2977.2999999983876
10800.000000021759
11920.500000025835
11518.200000024372
3542.7999999978733
10997.100000022476
6169.500000004913
10998.10000002248
6487.200000006069
6462.300000005978
12116.400000026548
10507.300000020694
9876.300000018398
10800.000000021759
11882.000000025695
9738.000000017895
2542.499999998783
11021.100000022563
11393.000000023916
4241.299999997898
11937.300000025896
11321.200000023655
3534.199999997881
11260.400000023434
11842.500000025551
9799.100000018117
7268.000000008909
7450.0000000095715
11486.100000024255
2360.199999998949
8583.300000013694
3526.1999999978884
11817.60000002546
8954.400000015044
5461.400000002337
12220.600000026927
2407.199999998906
2335.1999999989716
11455.300000024143
11458.400000024154
2413.2999999989006
11983.700000026065
10982.100000022421
2538.4999999987867
11005.100000022505
11489.400000024267
11364.200000023811
11429.200000024048
4447.399999998648
4300.299999998113
6828.100000007309
8997.2000000152
11502.100000024313
7855.300000011046
11304.300000023593
3007.2999999983604
4095.199999997371
1620.199999999622
4184.499999997692
2302.1999999990016
6860.1000000074255
5690.200000003169
7411.00000000943
11945.400000025926
11577.200000024586
3128.39999999825
11548.500000024482
11082.100000022785
10800.000000021759
5613.000000002889
10420.200000020377
3063.599999998309
3792.2999999976464
9640.000000017539
2468.79999999885
4250.199999997931
8116.100000011995
7689.000000010441
10969.100000022374
12004.40000002614
4824.000000000018
4628.0999999993055
11375.100000023851
10231.000000019689
11357.100000023785
6467.200000005996
6370.100000005643
10800.000000021759
8672.500000014019
11802.400000025405
4921.200000000372
7528.300000009856
10800.000000021759
6961.300000007794
6155.200000004861
10152.100000019402
7115.400000008354
3349.0999999980495
2854.3999999984994
4487.199999998793
8589.300000013716
11499.100000024302
3758.0999999976775
8861.100000014705
4542.299999998993
3168.399999998214
10800.000000021759
4978.100000000579
11367.100000023822
11421.40000002402
4464.29999999871
10966.100000022363
8341.000000012813
6282.300000005323
4283.09999999805
5465.200000002351
5041.200000000808
4506.399999998863
6147.200000004832
8849.100000014661
11499.500000024304
3297.2999999980966
11953.300000025954
12178.500000026774
6693.000000006818
6359.300000005604
11920.200000025834
10800.000000021759
8939.100000014989
5824.300000003657
11490.40000002427
2800.2999999985486
11527.300000024405
11666.500000024911
10800.000000021759
12023.50000002621
5260.100000001605
11896.400000025747
10264.10000001981
8833.400000014604
2406.5999999989067
11506.100000024328
11890.500000025726
4555.19999999904
10800.000000021759
11859.400000025613
8096.100000011922
11465.100000024178
3772.4999999976644
11630.30000002478
11766.300000025274
4576.499999999118
10800.000000021759
4511.09999999888
11320.10000002365
10295.100000019922
2487.2999999988333
10800.000000021759
2773.1999999985733
4972.000000000557
6975.300000007845
5727.400000003305
7558.000000009964
7585.400000010064
9439.000000016807
8384.10000001297
4373.499999998379
11113.200000022898
10800.000000021759
6010.600000004335
11982.40000002606
12055.200000026325
7310.400000009064
4775.199999999841
5120.200000001096
11036.100000022618
7581.1000000100485
4655.199999999404
10800.000000021759
2366.2999999989433
8095.300000011919
5469.000000002365
4573.299999999106
7188.000000008618
10976.1000000224
5445.3000000022785
6888.200000007528
4938.200000000434
11971.30000002602
11488.400000024263
12050.100000026307
5969.200000004184
11284.10000002352
7703.500000010494
6340.000000005533
11002.100000022494
11026.100000022581
10800.000000021759
11378.400000023863
5195.000000001368
3095.0999999982805
11001.10000002249
10982.100000022421
11773.100000025299
3063.4999999983092
11021.100000022563
8710.100000014156
9034.000000015334
5695.400000003188
6523.1000000061995
10436.000000020435
10663.200000021261
10997.100000022476
