5283.675000005058
6786.325000010327
4283.900000004821
2141.624999999148
1366.8999999995472
8109.925000012202
1573.1749999996646
4027.6500000046376
1594.1749999996455
1504.649999999727
1915.9249999993528
8525.925000014162
2975.650000002453
3686.425000002504
7127.90000001148
6791.900000009908
6211.450000009298
1492.8249999994503
2345.2499999991583
4043.3750000001787
2967.67500000179
2571.1499999993803
1720.1499999995053
6493.175000010196
2145.724999999247
3078.7249999994247
5385.100000005403
1735.1999999995173
3165.400000002779
4241.925000000267
6367.175000005736
2830.9999999985207
5705.37500000804
4005.2000000018434
5884.100000005359
1873.4249999993917
9468.800000016916
3251.1500000009887
2177.499999999115
4092.175000000371
3737.150000005246
1239.8499999998967
6694.150000010562
7643.350000010818
2869.575000002697
5228.62500000792
3584.125000004342
3151.975000001554
1997.9499999992784
4280.925000004823
3230.1750000027255
4159.925000005279
3155.9250000002617
2317.9999999989873
3568.625000003924
3324.724999998421
5813.900000004761
2356.4499999989443
1931.4999999993388
4215.650000000502
5097.150000007197
8687.675000017143
1212.2999999999633
1312.9499999997906
5281.075000008934
2845.699999999848
3238.3750000021964
3346.3750000016958
1582.1999999996506
4203.450000004894
3782.9000000055894
2446.4000000009382
5019.725000004513
8771.100000014378
8253.60000001553
3452.425000003198
4383.57500000473
4424.300000004693
5981.150000009168
8777.6500000144
2434.1499999987705
2694.674999998824
2855.374999999232
4425.400000004576
3590.3750000012506
3394.9500000009198
3345.4000000024007
5385.650000005841
3246.125000003085
2905.4749999985647
4694.450000003064
6095.625000010794
2410.5249999989032
2518.4249999990598
1601.3999999994548
5886.425000009513
4154.900000005246
4229.100000002612
4503.350000004621
2533.3000000020165
4579.175000004519
4303.375000004803
1945.974999999297
1765.8999999994935
5726.900000005612
5149.975000004985
4664.8750000044365
6488.125000011214
9418.575000016734
1439.349999999738
2150.6999999991394
4726.625000006075
4865.650000005053
1503.5999999996966
4181.600000004913
4632.700000004504
3810.1750000044617
4448.175000005349
4379.125000004734
6985.425000007946
4961.650000006137
4298.675000005271
4443.150000005022
4434.925000004658
3530.175000000894
5305.6750000076445
4758.9250000043885
4434.875000005025
2556.85000000087
2184.899999999171
2449.8250000002713
4679.950000004914
2906.1999999990076
3263.174999999608
3637.100000005409
1833.4749999992891
2038.9249999992412
4753.425000005242
3289.8750000039354
3720.9250000048382
6544.900000007512
2139.22499999915
5770.8500000066015
3575.1250000054656
5228.650000007421
6223.825000011062
5795.850000007704
3223.8749999994197
2041.6749999992385
4945.200000005036
3471.4000000016854
3791.125000003327
6144.375000010661
4419.650000003316
3300.8249999998766
2808.674999998541
3687.325000004662
6416.650000010898
5109.850000006338
6337.950000009025
4378.725000000614
2146.649999999143
5686.425000006348
5595.600000006353
3829.625000005231
6728.675000010835
6575.625000010358
2434.499999999067
2908.399999999663
2602.2249999996147
1928.4249999993415
6705.07500001024
4395.724999999314
3499.875000001822
1456.624999999762
2832.3750000004384
2008.3999999992002
5433.650000007979
5033.40000000414
1690.9499999995192
2756.550000001302
4549.200000004523
2932.925000001103
1798.5999999994597
3860.8750000052055
1742.874999999357
7832.325000013852
2940.6000000001977
1340.674999999852
4637.1500000054575
1978.1249999992629
2823.6999999995714
2659.199999999425
2084.974999999199
1460.6499999996784
2213.4999999990823
3992.100000002452
6911.400000009846
4890.450000003909
5662.125000009104
4879.9000000045635
1352.424999999746
4358.350000004837
2889.9999999984675
2240.674999999354
2851.42500000131
6840.875000009705
1880.174999999354
2119.9249999992553
3395.950000000389
4336.450000000207
4587.175000004629
3455.875000001658
7027.625000011476
2268.1749999995736
7077.400000011227
1924.9499999993418
1234.6499999998587
4939.700000005329
1753.424999999417
2840.9000000011465
4221.125000005226
3014.1500000013216
3943.6750000026136
4799.475000005043
3075.975000000675
1581.1749999996573
1452.9249999997523
2828.699999998523
3224.4499999996806
3689.650000005594
2151.6000000005147
1858.3999999994053
2616.174999998716
3031.4750000001495
5139.725000004657
1837.6499999993598
2552.1999999990153
3702.8500000053295
3165.650000001199
4561.150000000321
1571.1499999996663
4706.400000005224
1499.4249999997319
5361.875000004973
4263.900000004036
5664.925000005682
2337.6999999989507
2157.2249999991336
2985.224999998432
8543.075000013803
4025.7000000050557
4449.9250000046695
2588.474999998741
5144.40000000606
7483.400000012376
3199.175000002335
4828.925000004769
4537.175000002692
2092.8749999999213
7125.700000010784
7353.675000011053
3092.899999999399
4325.850000006154
2919.6500000007686
3746.700000002598
1568.8999999996324
3431.224999999139
1607.924999999633
2836.399999999389
1656.9499999994537
1651.4249999995614
2493.6749999988774
6581.200000006571
5634.400000004958
3588.8750000005675
4403.450000001738
7572.150000013167
1512.6999999995687
3897.474999999001
3168.9499999994455
2195.7499999990987
1866.1999999993013
2399.449999998913
2583.8999999987454
3964.325000002368
1771.8749999994839
1609.424999999549
1852.4499999994107
3712.925000005312
1666.099999999467
5027.100000005606
3185.4249999999956
5566.650000003465
5718.87500000635
3042.400000000196
2047.3999999994223
2201.449999999007
5231.175000004678
3690.2000000017697
3718.8500000055697
5383.425000006078
4515.700000005016
2294.224999999009
3513.1000000054864
4297.950000005001
2201.674999999093
3343.900000001053
2497.625000000002
2505.4749999988376
3697.725000000919
2657.4999999992297
4902.700000002984
4054.375000005742
2116.97499999917
4384.67500000473
3253.90000000084
3202.9499999987715
3391.175000003498
4185.625000005365
2884.32500000315
1925.8499999992905
2599.6999999995915
4305.9250000047
3940.7000000051166
2398.6499999992266
7200.325000011086
1202.3749999999677
3223.1500000004976
4274.150000005073
5159.95000000462
1866.6499999993162
3832.425000001764
1588.1999999995696
1732.6999999995196
2610.149999998722
4885.7250000050535
3723.4250000030356
5426.900000005492
3119.400000000497
4195.225000005287
5294.8750000047075
2555.2249999987716
8135.825000013262
3549.850000002085
5551.425000004382
3174.6500000005567
4424.92500000529
1680.1999999995674
2476.6499999988428
1643.8999999994783
2792.500000002662
1863.8999999994003
2340.474999998967
3134.675000003266
5066.925000004727
4808.925000002621
3768.949999999192
3102.700000000035
4637.900000004499
2116.149999999171
1450.1499999996552
4090.9000000053466
4480.700000004714
3590.1750000014754
3249.6000000030836
2460.149999998858
2163.199999999128
3785.8500000056215
3746.8250000052376
3749.4750000000513
3678.1750000056672
5158.925000005596
4791.6250000043865
4394.425000005473
6439.825000009932
5193.92500000658
1715.8999999998964
3692.674999999195
3881.4000000051865
2448.6999999988684
1379.924999999725
5497.350000006212
5039.600000003456
2769.7249999985765
4488.400000004001
5982.125000007051
5301.700000004414
2832.449999998519
4601.400000004681
1578.399999999493
3732.650000002561
1495.6249999996185
3081.1999999998575
4286.425000004819
6286.125000010975
2114.3000000003767
3592.4749999987434
3767.4000000055785
6241.425000007355
6872.900000010572
7078.875000011345
3117.9750000001623
3920.850000003809
7995.650000011556
2708.4000000021947
2342.749999998965
2913.6749999984454
3347.6500000013384
5191.125000003541
1160.1499999999298
5408.60000000407
5245.475000004326
4534.225000001542
4581.150000004637
4373.400000005186
1498.4499999996908
1849.9249999993795
3947.125000005092
4770.675000002649
6986.875000010323
5661.125000009579
1963.1999999992663
2147.7249999991272
1278.3499999997882
2142.9249999991466
2918.7249999984406
4664.100000005739
4691.350000005187
4875.675000005431
5112.175000006755
2770.9750000002505
3739.600000005243
4581.6750000045495
3278.675000002619
4092.67500000243
5652.900000004423
2110.374999999108
2533.675000000913
4306.900000005324
3298.700000002451
2842.4749999985515
1013.6250000000612
3458.925000002902
2264.6749999999065
2745.22499999981
2264.4249999989775
6354.900000008574
2259.724999999374
2644.9250000012744
4027.9750000057347
1900.2249999993674
5474.450000004934
1091.899999999971
2475.1999999993245
2425.949999998889
1892.699999999374
4737.375000001848
3164.17499999928
4723.700000004502
5452.825000009301
4996.150000006856
5241.475000004595
2000.649999999276
1639.2999999995443
1718.6999999994173
4199.925000005337
4772.900000006566
4447.175000004672
2377.1749999989333
4153.125000001015
2219.899999999905
6706.850000008361
3661.9000000019773
3348.650000003984
2038.1749999991355
6716.400000010915
2216.6999999990467
6444.125000010852
2355.175000000351
3190.699999998769
5210.575000007736
2256.6749999990243
3718.1500000058404
4319.45000000544
1716.6749999994868
2182.4249999991107
2439.1499999998946
2720.8999999986017
2243.72499999895
3939.675000004189
1465.099999999763
2875.400000000864
2975.4249999994504
4553.37500000424
1360.6499999996975
4230.100000005524
3019.425000002077
4133.175000005403
2957.174999998406
7155.600000011748
3986.72499999967
3795.900000005566
1972.6999999992652
2636.4749999986975
3680.350000005662
4468.150000005068
3232.4499999990376
2115.1500000004144
2290.4249999990125
2368.1749999989415
5034.700000005327
2773.374999999246
4837.425000005183
3227.1250000027294
3201.700000000439
1872.9499999992395
5553.725000004417
6498.825000010905
2833.9250000020565
1916.8249999996567
6434.675000007718
4290.6500000053675
3834.4250000040765
5935.4000000079
4186.375000004909
2210.699999999219
6531.400000011169
3728.150000005322
3855.2000000058442
6261.8750000087
3050.499999998321
2735.7499999986076
5791.700000006458
2663.224999999432
2358.4499999992067
4307.17500000524
1682.3749999995007
1781.3999999994753
2820.150000000129
3720.450000000214
1486.6999999997433
7058.200000010251
3955.8250000054272
3590.42500000102
2238.124999999757
2888.675000000426
3974.87500000128
2939.575000001827
2885.424999999889
3073.749999998373
1783.4249999994736
4367.650000005355
3104.9750000000113
5368.400000001999
1895.6749999992423
4160.675000005449
2317.674999998988
1922.449999999347
3120.9499999982854
5962.6250000097025
1790.3999999994448
1335.6249999998317
1565.3999999995149
2357.2249999989517
4419.650000004621
6840.675000008652
2264.474999999036
1936.3999999993343
2279.174999999038
7112.1500000120295
3878.6750000026423
3219.875000002963
5900.425000008004
2175.424999999117
2602.4000000000033
4129.1750000052725
6632.850000007994
3292.675000001336
4085.7250000025424
2977.1250000004648
2804.674999999335
3735.67500000554
4261.900000004438
2496.199999998825
1548.6749999996332
1924.9499999992383
7325.125000011574
1888.8999999993296
2712.424999998603
4696.100000001947
3820.9250000051934
4254.175000005588
3618.850000000678
3001.699999999613
3789.1500000058577
2717.9749999986234
2126.6999999990603
4284.875000004819
2277.44999999895
3465.2250000011013
2153.2249999991054
1807.9249999993667
2134.3999999991543
3300.8500000018603
1562.6999999995728
4226.675000005048
2106.3999999991292
4645.600000004492
2371.2249999995124
4982.900000004966
2025.4249999997364
2356.349999999659
3985.7250000007034
1447.1749999995382
4443.650000003753
3387.2000000018525
3711.9250000020093
5343.200000003289
3936.450000005488
3531.6500000001033
6325.600000010928
1587.8749999996512
6265.875000010639
4077.374999999528
6194.175000006799
4455.125000005367
5190.100000006174
2680.724999998711
5967.575000007275
4155.900000004576
2406.4000000006267
2126.624999999085
2929.6250000004366
4276.225000002487
2419.950000000231
2719.8999999989983
4216.42500000396
7547.1500000108135
6403.150000011037
1949.674999999296
4869.9250000042875
8001.100000011576
4291.725000004813
4646.650000005923
9182.800000016021
2594.6500000008828
4295.125000004804
2287.499999999015
3690.6500000019637
1531.4499999997026
3618.1000000015415
3090.724999998284
1345.6749999998715
4519.700000004606
2170.6500000006254
2205.174999999011
6389.850000010929
3411.950000003245
5369.625000008163
2792.625000002328
5670.4000000063115
4509.450000005138
2415.950000000321
7228.900000010253
3978.350000005099
1594.42499999959
3911.175000003342
3019.6999999994196
2048.9249999992317
3981.425000002544
3370.149999998862
3852.32500000242
2816.149999998859
2536.9749999987325
4187.100000005591
1179.0749999998716
6157.050000011145
3759.9000000052974
1163.424999999907
3222.4500000005437
2008.9499999991253
4660.675000005243
3388.6250000014215
5262.375000005792
3245.3999999996627
4436.325000004682
2525.9249999987983
1489.124999999741
2815.499999998535
4070.6500000050146
2384.449999999087
2577.9749999987444
4774.150000001914
6729.6750000083275
3249.9500000003027
3560.6750000012007
6746.175000011214
5417.375000005102
2725.7249999986166
4849.875000002323
2226.949999999401
2741.8999999997272
4949.675000004237
6919.425000011008
1787.42499999947
5692.650000008536
2301.8999999991674
2374.4000000008436
3100.175000001812
5858.425000009888
3999.150000003419
2798.7249999989212
1687.3999999994533
9206.600000015962
3049.4500000016205
6297.175000011003
3395.1000000016147
5363.925000006198
6666.175000010946
1948.174999999366
1566.6999999996692
4479.325000005182
2428.699999998867
2156.474999999132
3617.424999999827
2102.649999999107
2471.9499999989835
4175.175000004377
1882.2249999993835
3846.6500000052183
2426.974999998888
4535.200000005187
2791.5999999993064
3386.699999999896
5634.625000006817
2661.1750000001557
4877.400000004281
2749.4749999991
3988.100000005743
3528.400000005793
6985.175000010617
6270.125000011687
4361.225000004751
1562.9249999995636
3855.9000000007873
5709.425000006786
2630.2000000000776
4617.425000004518
5980.10000001034
4335.32500000264
2515.4000000013602
7390.325000011882
2499.4499999987916
3374.075000005083
2724.424999998477
2601.674999998729
4253.600000001037
4218.6750000046
5286.925000006408
4008.875000005071
1646.1999999995983
5418.375000005957
1776.94999999944
5016.725000004577
1842.4999999994197
4674.900000004465
5162.425000005525
2768.924999998668
2266.8999999990338
1545.1749999996841
4412.425000004704
3754.900000005633
2254.6749999990125
5074.92500000594
4710.350000006707
4145.150000005407
5293.400000005684
5710.375000006649
4428.375000005438
5712.175000008645
2046.4499999992343
2673.825000000868
2131.6999999992995
2490.2000000010667
3900.150000004133
5411.425000006103
1876.6749999992733
5992.200000009459
5272.600000006541
7265.650000012535
1823.6749999993885
6545.200000008649
3073.150000000053
5248.400000005887
3038.4000000006336
3636.425000001924
6754.525000007041
4150.150000003983
3933.4250000034754
4172.850000004923
4563.9750000052245
5081.650000006354
1563.6999999995878
7409.900000009662
3786.9250000055417
2525.899999998798
6899.875000009545
3675.150000005609
2003.949999999273
5036.450000004721
4412.450000005326
3991.4000000037063
5515.875000004428
2940.6500000022024
4791.700000004761
1601.9499999996385
3559.4000000026513
2367.874999998942
5491.125000008673
2812.8250000034204
3407.6999999996765
4804.650000005165
1718.149999999449
1774.6499999994817
5208.425000005078
7892.92500001221
1525.974999999682
6977.57500000819
5664.675000004386
1716.0999999994679
6196.650000008937
9136.125000015705
3612.225000005711
3819.400000005627
2688.2249999986507
2873.399999998571
4044.1250000020377
4339.62500000241
5095.875000007564
3340.4250000017228
4052.675000005329
1532.949999999531
2875.67499999848
991.625000000045
2948.4249999984136
1485.1749999996957
2811.1500000009064
3946.6749999996377
4084.675000001149
3917.3750000058517
5867.40000000674
1618.8499999993955
4920.325000007377
5256.8500000044605
3872.950000005195
2362.6250000003065
4664.400000003925
1711.4499999994869
2414.1749999988997
4000.6250000037485
1343.2249999998128
2388.3999999989232
2980.6000000026825
4854.65000000314
6145.425000008981
7599.900000012687
2618.6999999995414
3184.7249999988035
4225.9500000052185
7344.925000010988
3961.1500000054043
3845.174999999513
3544.6750000008246
6780.400000008
3133.3500000028525
8859.35000001686
2713.1999999992586
4527.700000001086
4000.4000000049687
2542.1750000014363
3364.6500000005626
3597.8750000044943
2913.725000001172
2260.9499999990394
1760.2249999994947
3247.2249999983355
4012.4000000018627
6868.400000010515
2246.4499999990526
5718.10000000481
2822.224999998595
1636.1999999996074
5315.8750000063055
2181.649999999944
6046.925000008194
4399.125000005064
2218.724999999077
4843.65000000574
3494.675000002743
3284.6750000001357
2969.6999999986074
2127.3750000003365
1966.6500000000306
2960.474999998403
3077.650000000278
4401.425000002314
6834.375000010582
2216.9249999990793
5292.450000007361
5987.150000006195
2802.6500000014985
3216.700000000486
6825.875000011133
4824.6750000043285
4126.075000002552
2607.750000000191
5164.6500000058795
1727.2249999995247
4304.225000005197
4109.900000005526
3921.2000000051057
6661.875000008824
2386.3999999998996
3708.4250000059765
5370.6750000063585
3678.7000000025464
1601.1499999996122
4920.35000000708
4862.7000000049375
2915.499999998711
4352.175000004759
4719.950000004948
4039.1750000016796
5287.125000005004
2101.699999999184
5609.350000008135
6446.400000011209
2912.174999998605
4540.225000004588
2457.374999998808
4845.4000000052865
3435.375000004369
1601.9499999996385
4682.175000004458
1762.8999999994921
2740.174999999599
3726.425000001608
3111.449999999732
3447.925000002024
5101.675000002572
3827.6250000036885
4446.450000002857
2844.8999999985085
5914.850000010198
3811.4000000052506
3714.1999999998166
4715.200000005156
7263.900000010361
5053.900000003679
2809.174999999017
2390.4249999997364
5044.4250000046995
3321.7000000017347
2804.9749999985443
4664.700000004428
1662.3749999994948
5158.600000004305
2447.37500000043
2376.3499999989886
4467.150000002757
4018.3750000050272
3176.949999999323
3540.975000000688
2982.9499999988116
4169.925000005564
6713.400000006892
5394.400000008719
2645.200000000378
5241.375000004295
2620.175000002186
4316.175000000139
6152.900000009297
5134.450000005007
5650.7250000057975
6135.950000005852
2719.6499999998696
2154.9749999991354
4351.17500000476
4858.675000005989
4665.425000005098
1708.4499999994637
4755.650000004392
3834.3750000025316
3299.4000000037045
3160.1999999998698
5078.950000002385
5367.1750000037755
4523.900000005139
4625.650000006236
