1417.6742599995
1168.751549999966
1091.2087799996596
689.6507899997799
734.74057999981
1454.083569999381
902.3224399997221
894.114409999652
722.1391999997941
888.7444499996918
1238.8987299994612
1299.1130499997419
775.0027699997205
881.4323599997631
1028.010159999822
1397.6419899997295
1248.9998799997654
750.0351799998202
905.5488999996725
1278.6363199994757
966.6047299999794
1409.3107699993066
942.4680299997376
1483.4155399996168
884.2488499996854
1202.172899999508
994.705059999954
746.0175499997735
1124.6825499994884
1236.3924999996486
954.0784600000416
1075.0090399995443
1026.0313599999422
1006.4408299998345
1170.8983199999236
750.7789799997856
1227.4664499998669
882.3085799996828
876.3190399996316
1098.364029999574
824.7486100001199
663.3238899998296
1254.2396399995355
1716.0317600000424
777.1250699997897
1135.7622599995875
1005.7209699996368
1064.4432999994965
672.9897999997821
1025.4991699997224
971.8989599996061
1128.5883299995567
1100.6734499996232
1044.1811799996221
786.2713399999874
870.0431299997498
1299.4075199997785
1158.4430599994912
812.6752499997181
1229.0302499995496
971.1132099996369
1024.3999400002945
925.4004499997058
749.2054699997694
1185.898129999501
721.1420699998494
1132.4806799995229
1014.4045899995773
840.3850699997294
791.886769999992
734.2482100000794
921.139919999663
997.2262100000501
1140.434170000217
1032.7108100003288
1133.1846099998036
1039.3783299996244
1525.4480199993823
760.6184500003421
1606.4165499994574
750.6641899997469
1139.496669999561
828.0531399997548
997.2230399998962
1274.1590399993847
1159.7123899995352
903.8518499998867
1015.1706300000765
730.6864099999293
1156.3477899995942
1015.0326299996111
1251.8791099997095
1339.53256999935
884.2721699997052
756.1015399998333
1165.6686899997708
1407.081109999404
854.7583299997501
1321.6366399994236
691.0358200000084
1011.5179599998945
1219.9439699995964
832.8024899997424
731.5830199998079
1461.9752999997806
1226.3139299995878
1253.747899999511
1120.1259999998458
1703.4354200000446
892.163029999648
794.7873499997247
969.8971799999917
1207.9821599997545
808.4542799997776
1021.4124999995868
1503.474269999451
811.6995399997063
933.9103999999811
975.1073699996823
1015.1778899998059
904.5327499997306
879.918749999797
893.2439900000604
1024.8108699999007
1347.0255999993826
1040.3594099995769
1275.3098699997631
894.8367699999501
794.7716599997466
812.8605699996743
841.6647399997568
1404.4973499993075
1500.6511799993623
1140.175439999637
1178.537989999749
809.3927599997347
863.1772599996505
941.8544099996512
843.6622399997121
790.388850000014
1244.8040500001434
1017.0814199996754
974.6103299999346
765.6822000000425
959.514719999643
1598.7894599999292
1325.9266799999116
1322.3569599994212
1083.7612299995997
1034.5258999995522
924.1290699997807
926.2320499999164
1028.448069999935
1076.3972599998833
1340.0765299994061
1204.95705999945
1353.5114199994202
1157.7931899997952
968.144750000065
895.3421600000055
1500.348059999851
930.407909999624
990.8828100000651
1171.9574399999688
968.5745399996723
835.2415400000431
1387.7682499999719
878.3728699996481
1151.4005599995978
1244.9148999994393
828.4995099997839
1393.0272699994357
1484.3861099992794
1058.9105499996979
711.2093499997844
1013.0220299996357
1024.7333299995992
1125.3439699995683
1548.1617499992908
735.8630999997764
878.4741099998511
878.9083199997262
817.490219999785
1222.127799999471
903.8195299999788
689.4115599998242
918.2007400003223
1480.2140599992872
893.0513799997393
1112.5749499998906
851.4622399997467
1025.8620099996294
1169.4606799994049
961.9133299996456
791.3244699997554
1036.2590099995991
1268.8857999993782
1298.7635999995775
888.3734699999437
1594.3761399994144
1021.2945400001412
675.558739999845
811.9355300001164
861.599999999689
942.6612699997354
1386.6679099994226
1306.0742999993797
988.1533799996204
825.8324999996935
1226.3249599997926
1052.2535599997218
909.2837999999526
1346.1665799994337
1109.4391599999817
810.2022399996872
941.0450099999169
852.3621699997474
814.898979999757
874.6262199997306
760.6021199997798
858.820209999704
849.549979999989
1188.693759999676
1150.2674499997854
1264.935809999428
1193.374529999544
727.6177699997342
964.6295699996823
1140.6402299995214
901.018729999692
680.1818300001204
885.6266699997146
793.8667299997052
869.2426399997549
892.8527399998261
1612.2295099998196
796.8830799997654
1007.88456999959
1054.73164999956
977.9139999997625
1048.769319999621
785.7563199996922
1005.990079999689
1049.1789499996275
1300.508419999554
861.2147699999894
882.9969199999118
754.9885299997775
1025.918279999567
888.771679999814
2029.535090001148
844.0852399997381
1202.1490999994378
1053.9131699994944
1546.6550099992842
953.0602399999619
830.5643199999499
975.8843599996617
1092.0009699995937
824.3737499998169
1135.6534200003798
1530.0181199992792
1077.0203399996142
750.1694300001013
914.6206999997873
821.4112299998544
698.6273999998358
1157.455339999627
862.4665699996912
1244.344509999418
686.2398699997847
778.7505499997403
1083.324629999542
1567.9328599995538
1190.351360000192
970.3428999996571
1110.184179999694
1269.0220700000682
809.1722899997485
1291.4602299995677
1325.4122899993092
1182.839009999463
906.2845299996897
788.9030999997489
1049.6941999996493
997.76379999992
1006.990759999615
686.8314999998084
858.968649999765
930.3335499996472
634.1980899998252
1082.6041299995836
942.8456899996266
1202.108909999748
1461.4228899997493
977.0262399996926
684.294649999842
691.1810899998611
1121.3725999995956
809.2616999999908
777.7896600001027
1355.2400699994355
1359.3277399996746
795.6614399997903
969.8582699996529
979.6583200000198
1132.6411499995436
1130.0204499995755
1241.6896699994331
1029.815269999642
1210.2540699996748
922.5100899996703
977.3946999999899
1025.3943800003617
1188.2193799994682
941.6016799996254
1107.6828599995326
1198.3105399995875
815.6943999999243
1135.6402599998955
832.1187699997577
910.356919999703
870.6285899997165
1000.1757499999445
836.1411799997546
950.3672799996172
1337.709109999723
774.0115799998144
758.645589999826
746.7522000000567
1130.5649799999019
681.0667999998175
1138.1595799997738
774.4962499997747
908.6231899996558
901.421579999642
1375.0197999997495
908.2669399999087
1471.6928699994285
1031.0681299995615
1087.0348699998879
1406.5854499996449
1261.0591099994458
1608.889969999608
979.0601699996545
1079.444039999596
1105.6012399996632
958.7399000000552
979.5592399996864
734.7804699997496
653.3551999998854
827.4759599997398
901.5061799996537
1001.1538999995744
742.2742399997991
1197.1630899999086
1187.0643299997034
1114.4270399996133
1160.2741899996208
1430.3325399993475
909.8312999996878
672.3363199998295
881.7198999996624
1087.987749999645
1146.9113699996954
910.122009999643
941.2023999996622
787.4280099997275
902.8700300000071
856.1120899997183
1191.901229999561
935.0393900000158
1142.9032999998133
952.6746899997227
1022.0932399996107
1021.0294799998167
1141.3432800005198
670.6610199999145
1032.5974099997804
976.2548499996565
746.8507499997711
770.7325999997801
1246.8115999994968
1264.3828899998377
969.3963499996255
1378.726099999349
1254.7983199999792
1254.7359099999244
1161.7367599994418
1036.1799200000014
827.4486299997603
1340.4154299995735
731.7124799998055
1087.1939399995383
1119.122699999558
1260.8604899997065
756.7739099997743
1043.5013099997072
941.8060199999879
1255.0172899998395
1119.5137499995703
1344.8952699999343
1022.0202999996671
1010.7128199997214
1415.8255299994282
1057.5886199995737
1077.5333899995449
1233.759679999524
1110.434379999726
1410.9513000000647
815.7174999997526
1308.5531999997675
1482.1144199994167
1001.9559299996513
1008.6990099995617
1088.9782499999499
939.757869999642
661.6772599998176
932.8403799996844
991.3372699996662
1272.0625899996971
1057.2467699995655
857.3658199997409
975.0684299997531
672.7021699998154
975.1002099996169
1011.678939999666
1049.6525800000104
1043.7837099995593
964.1983899998173
1203.2310999996278
1422.1244799994029
1323.2031699993959
1317.0960899994018
868.9301799996928
960.7386999996983
937.8264700003372
833.9934099997045
908.970299999697
922.7086899997634
890.3750299997273
802.7671599996971
736.7272699998321
880.0987899999253
1095.5441299995332
1085.6059499996682
813.181709999727
1356.0464499996515
910.6842699997036
663.7761499999058
869.5027399997895
903.3393699996487
1310.8190799996412
798.2370999998186
814.8986499997036
971.7826199996186
812.1390299997552
1009.4781499999777
788.2893699997753
1124.1899499996014
1052.2469399999761
942.6244899997052
1029.8918599996318
1250.7831699994415
999.5095999995907
668.9827199998026
900.6470600000019
956.3211000001304
1146.3277399995004
966.427809999655
1190.1163299995324
940.1193399997316
1532.2148299996481
833.7357099997803
985.057569999618
756.9430399997159
1098.5489699999487
973.6219099996923
1490.1029999996754
1091.7730399995896
1014.8175599995546
1550.1890899997081
1016.0399299996029
737.7081800001562
898.2805199996957
768.1591899997809
811.4799699997708
953.8358899997053
1085.1408099995888
943.0692299996848
1333.1644499994998
865.1101499997359
1023.90155999972
898.5623299997893
1576.3393199992765
676.1213799998451
941.2528400000625
710.292249999786
1108.9351699999854
1320.6087799994766
1424.6372099998705
1081.9182599997366
762.766340000186
765.223769999728
1009.4615599995543
889.7618300001085
944.4862700000335
928.2695599997578
653.8011399998923
1267.6458699994928
1157.7588599995015
922.3293599996043
1190.7106799995
850.5274499997619
968.9365099995724
701.2164499997446
794.4114199998012
1449.3690599993924
1113.2651900002477
982.1290899997217
793.5669799997879
955.392819999767
867.4636300001013
1298.5251999993654
1021.9242099999746
1080.3920699998819
722.8585699997192
1252.6343899994797
1052.7522299995915
863.9841199997226
899.8833199999531
1373.2946399994375
1021.5550399996397
1084.0223099998893
807.4685999997711
773.0544299997772
1185.409519999871
711.2404899998248
828.7828699997253
949.4897099997698
1246.9906899994792
694.6541099998259
1412.4400899994007
1027.3419699999495
1019.8917199997599
696.557069999785
833.3537799996909
906.3710299998181
674.3777299999288
751.9789099997979
1219.276169999515
776.6826899997766
1034.8561599999134
1036.1910499995784
968.4663599997401
710.2588099998418
1015.8874699999367
948.737209999613
873.7659299997547
957.320879999687
783.7993100002874
1004.2390199996149
832.9253699997473
1028.1682199996067
824.5247899997091
1587.439939999427
1474.8858499999324
1006.9845099996058
1234.3809699994754
1057.1781099995992
1502.4149999993426
863.5346899996998
889.6540699999476
1117.6053599998818
695.1657799997797
804.5218499998508
644.8975800001558
1451.9729199993674
1135.0758799996108
833.7264999999501
1137.4201099995507
1210.741369999474
946.9257899997377
962.7910599997032
1058.6550099995516
772.8079199997762
881.1283799997025
1409.6810300001487
808.6689099997768
708.4155999997898
1535.6175299993972
1004.5657599996015
1090.944809999936
947.1282099996829
876.8593599996668
971.9621600000039
1004.7810199995865
1021.286409999584
1060.6356599995818
898.6008599997691
987.6918099995523
904.1924099996937
631.7022499998476
756.9603699997888
944.4781399997605
1023.8615899996147
843.1394700000528
1048.0061499996061
1159.3152299995957
810.3474899996822
1093.366089999595
702.7928699998824
985.9794199996805
914.197419999858
670.0401999998451
1018.1178199996925
1076.3901999996715
1387.6391799993537
1526.9031099997392
921.210299999701
1293.1962399994982
874.8872700000297
962.0883399996086
1135.904319999893
1071.222479999631
1094.4329399995684
1133.0594599998212
1166.7273900000037
1214.4668799995416
1230.5352599996215
706.423979999986
880.3022699998389
1083.6358399996197
946.7714799997099
1153.2641099995235
931.2601299997767
796.0859799998407
790.62301999977
1397.7481699999014
988.8410999998907
764.2061899997726
1267.712899999378
1193.0478399999547
1134.1509999998432
1105.0642600001756
1442.6769099998733
833.7631699998578
951.0627299996406
1084.6788199995071
847.321749999866
797.9543399997483
1432.2841799995506
1142.263509999551
867.3183499996935
1211.119179999454
1023.4666299996074
724.4513299997845
1045.9866599999407
1337.906909999371
1193.6408899999533
755.7400799997569
816.7513599997922
1127.9394199995832
889.9719899997383
1374.6731899997487
873.4298599996971
1050.055159999588
778.43513999997
801.5384699998291
992.6341199996339
1041.3435299998878
940.3964199997919
1217.1903899995862
1005.1539199995718
1046.9053299996062
1068.2781600001044
649.238569999836
1192.178469999759
1191.227759999917
806.2852099998086
701.4913299998749
804.9585699997176
1231.3294799999653
1068.6812599995533
1064.890479999614
981.3595099996497
1026.2113399999198
928.1179999996424
779.9861199997405
1166.1683499994317
1026.951089999838
885.0874999997047
1031.9331799996173
1009.1704799997259
1460.5242599993996
1038.5752699996688
1292.2438699996037
1231.5733599994921
1442.2965800000866
1078.0479299995613
1286.6823000000804
987.300439999653
1113.330929999542
1214.360519999465
1182.8801399998881
736.0207899997652
881.0060699999168
1071.0644399996156
810.9764999999023
872.4121499998738
917.401089999791
1017.8913199999171
1014.9931599996147
686.4733399997618
868.2911800003334
1190.1984599996624
1092.077290000136
1279.2104799994192
1157.1004600000133
1334.967299999671
855.9260299996962
735.379569999787
1174.2597499995563
964.800919999682
936.2657199996778
1097.0534699997088
1146.5342199995546
998.6023899996252
1076.340799999553
1095.25470999953
937.155879999654
855.2071799997057
910.7096199996677
753.174179999819
1171.653879999657
1148.9793299997943
958.6135499997686
1230.5629199994803
1252.9741899995543
1106.8611199999361
739.1147400001464
1000.0594799999636
1058.3148400003065
1021.1921899996097
705.1930999998026
918.0325199998146
1148.7464399995192
1007.0048999996501
1288.915519999708
1055.5701200001956
1542.966819999968
686.1853899998282
1143.19871999975
1039.5748499996566
1061.1229099996035
786.2931599997853
1338.1615799993167
1280.637609999476
734.8312900000722
1307.3930299996132
1034.4811599999275
813.3425199997157
1154.1143999996343
980.3045899995924
1115.8218999995029
1076.5087099995671
1132.8128699998563
1326.2115599995282
1420.6800699993892
1044.1140699996256
1009.6203999996235
1079.406159999661
732.4987400001171
1043.1275999996224
890.8769400001554
1113.1187299996955
1150.19991999949
1033.164559999739
1090.1309399998793
1372.746909999381
1367.272109999398
715.0591299998003
816.8985899997365
901.6960599996845
840.7704399997648
986.2418299996923
1635.4959199993893
946.7102999996315
1168.2755199994756
1250.1998699996275
1497.4687699999981
892.2648899996975
1203.2965100000476
1071.7245799997074
1261.8276999997352
727.9650299999156
1019.5297199996854
1340.5022799997214
876.8412299999613
1055.7145199998433
1291.1302399997912
1269.290139999863
1026.7361699997662
899.9802299996745
1640.1488399998923
965.5612399996721
1060.8846199996422
1348.1532199997494
804.2787899997389
1010.9614699996731
1230.0437899999179
853.2673499996959
952.1621099999661
1379.0817699995946
895.7026399997142
1179.103879999538
967.7293199996973
807.012759999743
1119.1530299995427
1069.8977799997897
749.7992200000054
825.5430699997279
1041.1774399995359
721.2181599997635
993.8267999995887
1407.2187899994494
1181.34493000029
981.4637499996373
1153.464639999661
1061.5290399998491
847.1714299997037
898.4497100001857
1463.8019199997077
849.6127400000489
871.1141100000121
774.5787299997686
990.6521699996431
866.5790499998678
1543.1466399992546
995.7242799999461
1299.5320899996523
786.1896399997407
616.5935799998217
1269.7058999994724
650.3492199998483
1158.1502299995698
740.5608599997923
1171.2451399997315
983.0181199998062
1184.3064899994083
886.0200699999982
1389.6747699994
967.7966499996946
653.7772099999532
1276.6819799996083
1297.5752899993804
1071.0021699995893
865.880839999772
963.0638999996213
991.934929999591
1040.8710999996222
904.3242299997167
1285.768189999415
1014.6366699996953
955.62756999976
1053.3998999996431
1097.3791499996398
918.2800299996766
900.5286299997571
1022.752099999987
1242.4474199996314
707.7628799998299
1307.3360399996227
930.7917399997798
1345.3996100000418
827.648139999737
998.7105800002653
915.7758699996067
1200.6959599994852
937.4601399996857
1066.2012199997016
1128.888529999671
1062.6554399996444
860.0201299998827
871.316379999705
1088.4709799995694
1003.9838199996267
1061.865769999798
1558.8191099997682
1334.800989999386
1130.3764199995799
990.1325399996074
795.5827099997346
1250.5810599998904
770.815859999815
788.4652799999863
1232.6880799994021
878.6782299996989
1196.2011699994969
1023.2924699996188
1156.2256199996561
1116.1784899995966
787.3299699998298
697.3232199998774
1372.2153499993562
880.0348099996938
822.5032200000056
1311.2976099997938
918.0739899996084
1140.447319999879
1415.45138999973
834.8843799997055
842.9378699999083
971.6500799995976
1200.0795899994414
1482.9728499992652
1067.8986399995888
1289.1559199993683
808.5436099997337
1097.2675999995458
946.786790000059
995.3340199996394
1047.3167599996088
992.1438299996464
996.6529600000446
1084.2491499998785
943.0612599999033
1028.607549999614
1158.2291899994837
974.0618399995817
1243.738539999476
1294.1970699994047
904.5229499997067
1180.6566499995545
965.196609999655
802.2360199997149
1165.4564499998896
1117.0629099999019
898.1122399997079
1344.8155799997053
896.3002199998367
914.5869899996907
932.2196099999647
865.1072699996989
1142.8170799994634
818.5262699996607
982.8441899996225
825.9921699999188
804.1053799998268
1272.7745899995152
1028.9556399996798
1137.5519099995631
1116.0119399995658
1220.7413499994616
1061.4064399999118
869.16678999967
1098.3227799996573
1189.077899999859
1176.847240000217
1361.6770799995443
794.0801199997525
898.8942599997239
1444.7493599996399
1027.4573099997742
1080.0187199995773
1231.0393299994412
869.4510599996887
900.0465099998446
1010.2025699996145
875.2420399997704
1136.2674499996815
834.7551299999972
1041.6805599996246
858.7251399997463
993.8993199996492
1018.0528699999627
1229.7831399999106
1207.2616799998511
845.4474499997275
1501.9058799993438
799.2864499997589
1409.4992699996735
1307.934739999487
1325.3918299994473
1456.2402299996365
1256.251789999901
1149.4971399994574
1268.4508199993993
1173.7802199998087
991.7734399999991
878.9342999997406
797.31188999979
1438.4122399996977
1008.9724899996788
1063.9721199997343
946.8699699997294
1096.744889999641
1409.079629999676
742.165890000112
967.4103199999325
