12001.40000002613
11159.200000023066
11066.200000022727
3616.0999999978067
2833.3999999985185
11144.200000023011
3019.2999999983494
10711.200000021436
3118.499999998259
2843.2999999985095
3216.0999999981705
11192.200000023186
7740.0000000106265
8284.000000012606
11277.100000023494
11800.100000025397
11235.200000023342
4561.499999999063
4858.400000000143
6351.400000005575
7970.900000011467
4644.099999999364
4113.399999997433
11235.200000023342
5084.4000000009655
5522.200000002558
11100.10000002285
2421.1999999988934
8939.000000014988
7061.400000008158
11116.200000022909
4118.299999997451
12457.200000027788
8837.300000014618
9347.300000016474
3404.799999997999
12693.600000028648
6603.00000000649
3483.2999999979274
6688.000000006799
11116.200000022909
2249.3999999990497
11671.300000024929
12672.50000002857
8582.600000013692
10800.000000021759
9821.000000018197
7021.000000008011
3853.299999997591
10800.000000021759
8114.000000011987
11685.200000024979
6050.200000004479
3752.5999999976825
10058.30000001906
4849.500000000111
11594.200000024648
4268.299999997997
3534.199999997881
6069.400000004549
11807.100000025423
12419.30000002765
2520.0999999988035
2567.5999999987603
12336.400000027348
5834.500000003694
8119.200000012006
7301.0000000090295
3426.2999999979793
11108.20000002288
11657.200000024877
6796.300000007193
11729.100000025139
12079.200000026412
12339.60000002736
9736.50000001789
11101.200000022855
10800.000000021759
11138.20000002299
12735.800000028801
4209.299999997782
5211.800000001429
4786.299999999881
11113.200000022898
8425.40000001312
6950.200000007753
8839.400000014626
11709.200000025066
8821.20000001456
5226.700000001483
10625.400000021124
11152.20000002304
3836.2999999976064
5345.400000001915
4711.199999999608
11096.200000022836
11640.300000024816
8812.200000014527
10800.000000021759
7625.40000001021
11109.200000022884
10800.000000021759
2969.299999998395
4851.700000000119
12549.500000028123
11690.100000024997
11128.200000022953
12649.500000028487
12445.500000027745
2580.2999999987487
3584.0999999978358
11668.600000024919
11222.000000023294
3214.299999998172
11157.200000023058
10800.000000021759
10105.00000001923
11737.50000002517
11138.20000002299
11631.000000024782
10800.000000021759
11953.400000025955
11595.100000024651
10800.000000021759
7036.600000008068
12263.500000027083
11180.000000023141
11813.300000025445
6354.400000005586
4151.09999999757
5462.000000002339
10800.000000021759
5936.600000004066
6392.500000005724
10800.000000021759
3692.1999999977375
3364.1999999980358
11663.3000000249
10070.400000019104
10839.300000021902
11523.600000024391
3409.099999997995
10223.20000001966
11176.200000023127
11548.300000024481
11863.300000025627
12345.700000027382
5201.00000000139
3976.399999997479
10800.000000021759
6631.000000006592
9875.700000018396
11695.100000025015
10491.200000020635
5665.000000003078
4288.49999999807
10183.000000019514
11808.200000025427
10348.400000020116
12239.900000026997
6283.100000005326
4756.399999999772
12225.500000026945
12499.700000027942
10800.000000021759
12064.400000026359
11177.200000023131
4923.40000000038
6198.600000005019
6192.800000004998
2932.2999999984286
11405.00000002396
5728.000000003307
7052.100000008124
2984.2999999983813
5848.0000000037435
4960.800000000516
11663.200000024899
10800.000000021759
3752.6999999976824
7312.20000000907
11135.200000022978
7070.100000008189
2708.399999998632
11146.200000023018
3839.2999999976037
11916.40000002582
5659.000000003056
2152.099999999138
11114.200000022902
3711.6999999977197
5671.2000000031
4754.099999999764
3079.099999998295
3055.2999999983167
3064.799999998308
6605.200000006498
10800.000000021759
10430.500000020415
10800.000000021759
11604.400000024685
3221.3999999981656
10388.20000002026
4196.199999997734
5201.5000000013915
6886.20000000752
10800.000000021759
2977.799999998387
4786.299999999881
6869.200000007459
5995.000000004278
11140.200000022996
7396.000000009375
12342.700000027371
5148.600000001199
11120.200000022924
3579.29999999784
2490.3999999988305
11520.50000002438
4440.299999998622
7441.30000000954
11671.400000024929
7891.300000011177
9158.000000015785
12627.200000028406
6187.000000004977
2920.4999999984393
2979.199999998386
4594.699999999184
5772.200000003468
11538.200000024444
6171.50000000492
3442.2999999979647
4536.599999998973
5814.500000003622
11801.200000025401
4774.499999999838
4308.099999998141
10800.000000021759
7521.200000009831
6366.7000000056305
3319.2999999980766
12408.40000002761
2337.5999999989695
10800.000000021759
10946.20000002229
11624.200000024757
4622.199999999284
3746.499999997688
4791.299999999899
12720.100000028744
11141.200000023
10800.000000021759
3696.7999999977333
11927.10000002586
11597.40000002466
8625.300000013847
10800.000000021759
9083.000000015512
5525.3000000025695
12359.400000027432
11807.400000025424
5564.100000002711
11455.200000024142
6461.200000005974
8670.10000001401
3268.5999999981227
5447.200000002285
2483.199999998837
6025.70000000439
3142.5999999982373
3319.1999999980767
4140.09999999753
11700.100000025033
11633.500000024791
6503.000000006126
7386.000000009339
11955.200000025961
2838.299999998514
5372.000000002012
5180.000000001313
4028.2999999974318
3897.4999999975507
3591.0999999978294
4847.500000000104
7783.400000010784
2738.199999998605
3781.4999999976562
2873.0999999984824
11094.200000022829
3382.0999999980195
11713.200000025081
6582.500000006416
8980.400000015139
12446.500000027749
6500.200000006116
4867.300000000176
4646.199999999371
12467.500000027825
6935.300000007699
11560.400000024525
11153.200000023044
10800.000000021759
4512.299999998884
10800.000000021759
11616.200000024728
3255.199999998135
6734.000000006967
5132.000000001139
5213.900000001437
7591.400000010086
5179.400000001311
8628.70000001386
12413.500000027629
4061.3999999974017
10800.000000021759
7499.300000009751
5382.40000000205
9317.200000016364
11845.00000002556
8805.200000014502
2900.2999999984577
4947.000000000466
10800.000000021759
11128.200000022953
4405.099999998494
12737.800000028808
2145.3999999991443
5468.000000002361
11551.500000024493
12302.800000027226
4309.499999998146
7273.200000008928
2716.299999998625
3267.299999998124
3446.0999999979613
12791.600000029004
9355.300000016503
11191.200000023182
6691.200000006811
11663.200000024899
11202.200000023222
4671.299999999463
11185.20000002316
7581.000000010048
10800.000000021759
6553.200000006309
12095.400000026471
3470.499999997939
4248.4999999979245
4443.399999998634
8136.200000012068
3455.399999997953
5310.400000001788
9250.10000001612
12296.100000027202
8469.700000013281
6228.300000005127
6375.300000005662
11130.20000002296
4764.799999999803
2627.299999998706
11603.400000024682
11274.100000023484
8609.40000001379
9029.500000015318
4061.2999999974018
4268.499999997997
11764.300000025267
11157.200000023058
6177.00000000494
11584.200000024612
11939.500000025904
10581.300000020963
12469.700000027833
11793.500000025373
11738.100000025172
5201.700000001392
5523.500000002563
10800.000000021759
3890.499999997557
3076.5999999982973
11165.200000023087
7826.000000010939
4531.599999998954
11423.700000024028
10206.200000019599
8969.6000000151
4310.799999998151
11671.200000024928
4106.0999999974065
8733.20000001424
2862.599999998492
6278.2000000053085
10800.000000021759
11732.30000002515
5721.100000003282
5243.200000001543
11536.200000024437
12075.100000026398
12274.700000027124
12638.500000028447
6085.000000004606
8752.70000001431
12579.00000002823
7320.000000009099
3712.499999997719
4497.29999999883
7654.200000010314
8911.200000014887
2149.7999999991403
11179.200000023138
11956.000000025964
8380.100000012955
10800.000000021759
11949.10000002594
2862.0999999984924
3297.2999999980966
10800.000000021759
8956.00000001505
11699.30000002503
11871.000000025655
4426.199999998571
4795.199999999913
2822.2999999985286
3542.4999999978736
4077.0999999973874
11895.500000025744
8723.000000014203
8311.200000012705
11890.100000025725
6552.200000006305
11236.200000023346
11116.200000022909
8916.500000014907
8651.500000013943
11189.200000023175
4246.2999999979165
6786.600000007158
10800.000000021759
7928.0000000113105
5169.700000001276
2010.399999999267
9085.500000015521
4914.000000000346
6116.40000000472
4442.29999999863
11233.200000023335
5120.900000001098
6755.200000007044
12229.100000026958
3165.2999999982167
9201.200000015942
1761.4999999994934
4844.300000000092
3312.099999998083
2994.299999998372
7003.6000000079475
5397.600000002105
10800.000000021759
11736.200000025165
12192.800000026826
12230.200000026962
3627.2999999977965
3062.0999999983105
3707.099999997724
11803.50000002541
12167.600000026734
11143.200000023007
3860.799999997584
7348.0000000092
5151.2000000012085
11149.20000002303
7856.40000001105
9316.00000001636
3377.3999999980238
12376.500000027494
4189.699999997711
11591.400000024638
5723.2000000032895
4899.300000000292
10800.000000021759
3684.3999999977445
11892.500000025733
12299.300000027213
3864.5999999975807
4802.699999999941
6323.400000005473
4166.699999997627
4367.299999998357
10342.200000020093
3200.4999999981846
6939.600000007715
5930.400000004043
10505.000000020686
3291.599999998102
12243.40000002701
7716.20000001054
11882.100000025695
4187.299999997702
11092.200000022822
5777.600000003487
11918.400000025827
3370.29999999803
4894.400000000274
12021.500000026203
11772.400000025296
5338.300000001889
5739.500000003349
3507.2999999979056
3583.0999999978367
11595.400000024652
5387.200000002067
12049.500000026304
9130.600000015686
6968.50000000782
4133.499999997506
10800.000000021759
12508.200000027973
7710.500000010519
5291.400000001719
12353.700000027411
12109.600000026523
9786.00000001807
11800.300000025398
10800.000000021759
4581.0999999991345
12761.600000028895
11187.000000023167
12274.800000027124
11743.20000002519
4663.699999999435
4973.700000000563
10057.000000019056
5238.6000000015265
4404.099999998491
12022.300000026205
3669.499999997758
3361.3999999980383
6116.40000000472
5950.600000004117
2563.399999998764
11614.00000002472
11707.000000025058
7508.400000009784
5095.200000001005
6213.200000005072
6959.400000007787
7440.000000009535
5518.200000002544
5181.500000001319
3214.299999998172
11147.200000023022
6579.400000006404
7123.800000008385
4333.299999998233
11953.100000025954
4156.199999997589
4945.50000000046
4121.099999997461
11578.20000002459
3262.0999999981286
2550.499999998776
2808.2999999985414
3330.2999999980666
11268.000000023461
12737.700000028808
3847.1999999975965
3393.0999999980095
4761.39999999979
12346.400000027385
8560.00000001361
9270.400000016194
11155.200000023051
3674.2999999977537
6037.700000004434
11464.500000024176
11706.400000025056
8031.100000011686
9124.200000015662
6441.2000000059015
5043.300000000816
11687.300000024987
7918.300000011275
4326.299999998208
3345.299999998053
3953.3999999975
11129.200000022956
4525.899999998934
4401.5999999984815
6713.200000006891
10800.000000021759
12361.60000002744
7767.2000000107255
6157.500000004869
12221.200000026929
4304.2999999981275
4356.099999998316
11111.20000002289
3756.299999997679
8053.300000011766
3336.8999999980606
3856.7999999975877
4306.699999998136
6751.000000007029
2557.3999999987695
11515.400000024361
4282.399999998048
10800.000000021759
5115.500000001079
11788.400000025355
5277.700000001669
4852.00000000012
7706.500000010505
3400.6999999980026
9952.400000018675
7860.200000011064
7869.000000011096
11027.600000022587
11756.000000025237
6049.000000004475
11546.300000024474
3059.399999998313
11227.200000023313
6082.000000004595
12311.900000027259
11206.200000023236
9092.200000015546
5202.400000001395
9542.000000017182
10792.20000002173
6489.500000006077
3933.0999999975184
6249.200000005203
9457.300000016874
6067.9000000045435
5301.700000001756
10007.000000018874
11833.500000025519
12195.100000026834
3355.299999998044
10800.000000021759
11167.000000023094
11206.200000023236
11544.400000024467
11986.200000026074
6480.5000000060445
11236.200000023346
4955.300000000496
7200.4000000086635
3042.4999999983283
6390.000000005715
4386.399999998426
2454.399999998863
11278.000000023498
5534.000000002601
4089.499999997376
11683.200000024972
8716.000000014177
12450.500000027763
8292.400000012636
12013.600000026174
10800.000000021759
6225.600000005117
11111.20000002289
10800.000000021759
2810.2999999985395
9610.20000001743
5048.300000000834
3738.2999999976955
9297.100000016291
5497.8000000024695
7054.000000008131
4382.099999998411
3990.0999999974665
12360.200000027435
2311.599999998993
11868.500000025646
11077.200000022767
1996.4999999992797
6350.700000005572
4787.399999999885
12580.100000028235
7650.1000000102995
11173.200000023116
5807.200000003595
11425.100000024033
4867.600000000177
2487.2999999988333
4577.7999999991225
11135.000000022977
4692.299999999539
4869.500000000184
8231.400000012414
11706.200000025055
6656.000000006683
8249.800000012481
12364.30000002745
11670.500000024926
4084.299999997381
7762.200000010707
4387.099999998429
5086.000000000971
10800.000000021759
11130.20000002296
3100.299999998276
11994.700000026105
4273.099999998014
6672.200000006742
7778.100000010765
11683.200000024972
7611.70000001016
5368.400000001999
3389.299999998013
12526.60000002804
8148.600000012113
11702.200000025041
7269.000000008913
11146.200000023018
12533.400000028065
5054.900000000858
2598.499999998732
10800.000000021759
4070.2999999973936
4115.699999997441
6513.2000000061635
3844.399999997599
4662.29999999943
11265.300000023452
3090.7999999982844
11073.100000022752
4365.49999999835
12491.900000027914
5089.100000000983
5645.300000003006
12369.200000027467
6072.3000000045595
10800.000000021759
5495.800000002462
12287.40000002717
11988.600000026083
12358.500000027429
12259.80000002707
10800.000000021759
3079.4999999982947
6160.40000000488
12507.800000027972
6024.2000000043845
11230.200000023324
11673.700000024937
9010.600000015249
6941.300000007721
11118.200000022916
4020.099999997439
10360.000000020158
4852.500000000122
3800.0999999976393
7645.500000010283
10978.200000022407
9384.100000016608
11159.200000023066
2428.399999998887
11977.100000026041
2795.0999999985534
11936.200000025892
3434.6999999979716
11109.200000022884
10800.000000021759
4176.099999997661
3595.799999997825
2528.099999998796
11115.200000022905
11559.500000024522
4096.299999997371
12472.400000027843
11159.200000023066
11920.100000025834
12501.200000027948
11684.100000024975
12405.200000027598
12545.400000028108
3244.5999999981445
6817.40000000727
4824.100000000019
6634.500000006605
9888.000000018441
11127.20000002295
3307.0999999980877
10800.000000021759
12461.600000027804
11829.400000025504
3974.4999999974807
11167.200000023095
6591.300000006448
11129.200000022956
6869.50000000746
6872.40000000747
12676.600000028586
10928.300000022226
10391.800000020274
10800.000000021759
12247.500000027025
9738.000000017895
2988.5999999983774
11174.00000002312
11654.200000024866
4492.699999998813
12483.500000027883
11559.400000024521
3918.3999999975317
11571.600000024566
12228.400000026955
9924.200000018573
7718.500000010548
7450.0000000095715
11871.200000025656
2663.2999999986732
8802.400000014492
3863.299999997582
12263.400000027083
9267.600000016184
5640.2000000029875
12811.200000029075
2596.699999998734
2535.799999998789
11754.30000002523
11712.200000025077
2852.699999998501
12567.300000028188
11114.200000022902
2888.5999999984683
11172.200000023113
11894.40000002574
11558.200000024517
11664.300000024903
4845.500000000096
4702.299999999575
6978.200000007855
9198.00000001593
11901.500000025766
8194.40000001228
11508.400000024336
3384.2999999980175
4235.2999999978765
1826.2999999994345
4455.1999999986765
2423.0999999988917
7305.700000009047
6110.300000004698
7411.00000000943
12412.600000027625
11993.5000000261
3449.599999997958
11810.500000025435
11240.00000002336
10800.000000021759
5918.1000000039985
10736.300000021527
3445.6999999979616
4060.1999999974028
9640.000000017539
2856.4999999984975
4368.29999999836
8264.200000012534
7689.000000010441
11124.200000022938
12515.200000027999
4824.000000000018
4628.0999999993055
11557.300000024514
10231.000000019689
11588.300000024627
7027.600000008035
6639.200000006622
10800.000000021759
9014.600000015264
12159.200000026703
5128.200000001125
7823.50000001093
10800.000000021759
7370.300000009282
6433.100000005872
10287.200000019893
7459.300000009605
3374.699999998026
3190.4999999981937
4731.399999999681
9103.400000015587
11746.0000000252
3758.0999999976775
9245.200000016102
4840.200000000077
3574.6999999978443
10800.000000021759
5101.200000001027
11537.20000002444
11718.6000000251
4843.300000000088
11134.200000022975
8341.000000012813
6622.30000000656
4284.399999998055
5703.200000003217
5234.600000001512
4863.10000000016
6407.300000005778
9066.500000015452
11953.300000025954
3661.5999999977653
12526.40000002804
12805.500000029055
6693.000000006818
6574.400000006386
12254.30000002705
10800.000000021759
9189.100000015898
6264.600000005259
11819.200000025467
2992.399999998374
11842.10000002555
12019.800000026196
10800.000000021759
12501.300000027948
5376.200000002027
12287.100000027169
10372.200000020202
9228.400000016041
2835.299999998517
11824.200000025485
12330.300000027326
4697.299999999557
10800.000000021759
12166.200000026729
8238.200000012439
11722.100000025113
4071.5999999973924
11899.400000025758
12133.60000002661
4890.300000000259
10800.000000021759
4879.900000000222
11554.300000024503
10637.200000021166
2816.6999999985337
10800.000000021759
2909.0999999984497
4972.000000000557
7148.400000008474
5960.200000004152
7558.000000009964
8032.700000011691
9439.000000016807
8807.200000014509
4754.399999999765
11332.300000023695
10800.000000021759
6557.900000006326
12452.30000002777
12594.900000028289
7937.600000011345
4930.300000000405
5266.200000001627
11181.200000023146
7817.300000010908
5122.800000001105
10800.000000021759
2804.499999998545
8451.100000013214
5469.000000002365
4806.199999999953
7188.000000008618
11106.200000022873
5764.300000003439
7133.200000008419
5246.800000001556
12396.200000027566
11829.600000025504
12558.600000028157
6338.4000000055275
11847.100000025568
8078.200000011857
6340.000000005533
11148.200000023025
11194.200000023193
10800.000000021759
11692.200000025005
5195.000000001368
3095.0999999982805
11107.200000022876
11122.20000002293
12142.400000026642
3270.399999998121
11212.000000023258
8869.200000014735
9034.000000015334
6033.100000004417
6668.000000006727
10436.000000020435
10880.20000002205
11137.200000022985
