11169.200000023102
10800.000000021759
10800.000000021759
3616.0999999978067
2521.2999999988024
10800.000000021759
2478.0999999988417
10434.000000020427
2352.399999998956
2044.2999999992362
3216.0999999981705
10800.000000021759
7740.0000000106265
8284.000000012606
10800.000000021759
11171.20000002311
10800.000000021759
3911.0999999975384
4268.299999997997
5801.200000003573
7115.300000008354
4644.099999999364
3284.4999999981083
10800.000000021759
4186.499999997699
5089.000000000982
10800.000000021759
1928.099999999342
8109.20000001197
6097.20000000465
10800.000000021759
3527.0999999978876
11463.200000024171
7958.400000011421
8390.200000012992
2701.3999999986386
11497.200000024295
6603.00000000649
3158.099999998223
6688.000000006799
10800.000000021759
1575.099999999663
11111.20000002289
11462.100000024167
7930.000000011318
10800.000000021759
9821.000000018197
7021.000000008011
3523.0999999978912
10800.000000021759
8114.000000011987
11104.200000022865
5728.000000003307
2742.499999998601
9515.200000017085
4275.099999998021
11099.200000022847
3911.0999999975384
3011.2999999983567
5697.000000003194
11163.20000002308
11409.400000023976
1626.9999999996157
1815.4999999994443
11385.100000023887
5364.200000001983
7702.000000010488
7301.0000000090295
2583.399999998746
10800.000000021759
11075.20000002276
5988.300000004254
11118.200000022916
11311.100000023618
11402.10000002395
8707.200000014145
10800.000000021759
10800.000000021759
10800.000000021759
11403.400000023954
3876.09999999757
4278.299999998033
4495.099999998822
10800.000000021759
7105.000000008316
6658.00000000669
7964.200000011442
11165.200000023087
8488.000000013348
4194.399999997728
9480.400000016958
10800.000000021759
3487.099999997924
4320.199999998185
3981.3999999974744
10800.000000021759
11134.200000022975
7724.100000010569
10800.000000021759
7043.000000008091
10800.000000021759
10800.000000021759
2585.0999999987444
4153.399999997579
11431.400000024056
11158.200000023062
10800.000000021759
11483.200000024244
11380.20000002387
1796.099999999462
3584.0999999978358
11108.20000002288
10800.000000021759
2484.199999998836
10800.000000021759
10800.000000021759
10105.00000001923
11145.200000023015
10800.000000021759
11127.20000002295
10800.000000021759
11308.300000023608
11104.200000022865
10800.000000021759
6412.100000005796
11337.300000023713
10800.000000021759
11100.20000002285
5943.100000004089
4151.09999999757
5462.000000002339
10800.000000021759
4584.499999999147
5398.200000002107
10800.000000021759
3131.2999999982476
2701.2999999986387
11168.200000023098
9239.20000001608
10365.200000020177
10780.200000021687
3409.099999997995
9837.000000018255
10800.000000021759
11098.200000022844
11138.20000002299
11407.000000023967
5201.00000000139
2935.299999998426
10800.000000021759
6631.000000006592
9092.000000015545
10800.000000021759
9571.100000017288
5665.000000003078
3747.0999999976875
10183.000000019514
11148.200000023025
9139.200000015717
11345.400000023743
5614.000000002892
3743.099999997691
11373.300000023844
11404.000000023956
10800.000000021759
11342.300000023732
10800.000000021759
4259.299999997964
5163.100000001252
4893.500000000271
2621.0999999987116
10800.000000021759
5728.000000003307
6473.200000006018
2191.1999999991026
5848.0000000037435
4127.299999997484
11117.200000022913
10800.000000021759
2986.4999999983793
6604.100000006494
10800.000000021759
6449.200000005931
2580.099999998749
10800.000000021759
3546.0999999978703
10867.200000022003
5659.000000003056
2152.099999999138
10800.000000021759
2944.1999999984178
5034.300000000783
4754.099999999764
3079.099999998295
2253.499999999046
2772.0999999985743
6294.000000005366
10800.000000021759
9883.200000018423
10800.000000021759
11148.200000023025
2545.4999999987804
9642.100000017546
3341.2999999980566
4363.3999999983425
6566.000000006356
10800.000000021759
2515.099999998808
4318.2999999981785
6232.200000005141
5995.000000004278
10800.000000021759
7396.000000009375
11428.200000024044
4677.2999999994845
10800.000000021759
3263.0999999981277
1638.2999999996055
11100.20000002285
3735.399999997698
6617.300000006542
11106.200000022873
6706.400000006866
8586.200000013705
11407.400000023968
6187.000000004977
2028.4999999992506
2488.2999999988324
3554.299999997863
5431.000000002226
11098.200000022844
5349.200000001929
3103.0999999982732
3945.0999999975074
5071.500000000919
11156.200000023055
3994.3999999974626
4308.099999998141
10800.000000021759
6749.400000007023
5785.000000003514
2682.299999998656
11398.200000023935
2081.0999999992027
10800.000000021759
10094.10000001919
11090.200000022814
4177.2999999976655
2689.0999999986498
4141.399999997535
11295.10000002356
10800.000000021759
10800.000000021759
3524.0999999978903
11220.200000023287
11106.200000022873
7835.300000010973
10800.000000021759
8711.000000014159
4745.1999999997315
11339.400000023721
11140.200000022996
5078.000000000942
11077.200000022767
6144.00000000482
8415.000000013082
2819.2999999985313
5120.000000001095
2021.0999999992573
4891.200000000263
2439.399999998877
2685.299999998653
4140.09999999753
11093.200000022825
11124.200000022938
6503.000000006126
7386.000000009339
11130.20000002296
2383.299999998928
5372.000000002012
5180.000000001313
2827.499999998524
3087.3999999982875
3591.0999999978294
3906.199999997543
7082.000000008233
2154.0999999991363
3105.399999998271
2873.0999999984824
10800.000000021759
3382.0999999980195
11124.200000022938
5677.200000003122
8302.200000012672
11380.10000002387
5739.200000003348
4333.299999998233
3877.399999997569
11432.200000024059
6495.200000006098
11119.00000002292
10800.000000021759
10800.000000021759
3641.3999999977837
10800.000000021759
11100.20000002285
2780.099999998567
6734.000000006967
5132.000000001139
4114.499999997437
6899.200000007568
4581.299999999135
7837.400000010981
11460.10000002416
2786.3999999985613
10800.000000021759
6474.300000006022
4614.299999999255
8965.000000015083
11200.200000023215
8348.000000012838
2850.0999999985033
4947.000000000466
10800.000000021759
10800.000000021759
4405.099999998494
11487.000000024258
1487.2999999997428
5468.000000002361
11097.20000002284
11324.300000023666
3901.1999999975474
6861.000000007429
2194.2999999991
2364.299999998945
3446.0999999979613
11486.400000024256
8781.200000014414
10800.000000021759
6241.100000005174
11139.200000022993
10800.000000021759
4042.299999997419
10800.000000021759
7274.000000008931
10800.000000021759
6162.000000004886
11365.300000023815
2933.2999999984277
3408.099999997996
3832.39999999761
7822.000000010925
2705.299999998635
4081.4999999973834
8513.30000001344
11343.300000023735
7377.300000009307
5437.200000002249
5652.200000003031
10800.000000021759
3908.199999997541
2360.099999998949
11108.00000002288
10800.000000021759
7302.400000009035
8444.200000013188
3644.099999997781
3586.2999999978338
11204.000000023228
10800.000000021759
6177.00000000494
11102.200000022858
11192.200000023186
9664.100000017626
11461.400000024165
10777.100000021675
11148.200000023025
4640.39999999935
4827.30000000003
10800.000000021759
3402.299999998001
2553.2999999987733
10800.000000021759
7826.000000010939
3671.3999999977564
10243.200000019733
9846.000000018288
7888.400000011166
3190.299999998194
11083.100000022789
3334.299999998063
8371.000000012922
2448.2999999988688
5472.200000002376
10800.000000021759
11111.20000002289
5440.10000000226
4901.000000000298
11117.200000022913
11152.20000002304
11358.30000002379
11419.100000024011
5770.00000000346
7930.2000000113185
11412.300000023986
7320.000000009099
2981.299999998384
3652.099999997774
6988.2000000078915
8482.000000013326
1629.0999999996138
10800.000000021759
11134.200000022975
7806.200000010867
10800.000000021759
11192.200000023186
2862.0999999984924
2968.099999998396
10800.000000021759
8956.00000001505
11098.200000022844
11153.200000023044
3839.2999999976037
3959.4999999974943
2407.299999998906
2575.399999998753
4077.0999999973874
11109.200000022884
8723.000000014203
8289.000000012624
11200.200000023215
5570.000000002732
10800.000000021759
10800.000000021759
8059.300000011788
7694.30000001046
10800.000000021759
3926.0999999975247
5962.40000000416
10800.000000021759
7928.0000000113105
4132.399999997502
1345.299999999872
8512.200000013436
4914.000000000346
5161.500000001246
4123.099999997468
10800.000000021759
4402.499999998485
6369.20000000564
11399.40000002394
2792.099999998556
8865.00000001472
1498.099999999733
4549.099999999018
3312.099999998083
2548.299999998778
6630.000000006588
4687.399999999521
10800.000000021759
11138.20000002299
11307.300000023604
11367.400000023823
2800.2999999985486
3062.0999999983105
3177.2999999982057
11187.200000023167
11367.300000023823
10800.000000021759
3010.2999999983576
7348.0000000092
4825.000000000022
10800.000000021759
6958.100000007782
9316.00000001636
2967.099999998397
11403.300000023954
3249.49999999814
11129.000000022956
5325.000000001841
4602.099999999211
10800.000000021759
3144.099999998236
11278.300000023499
11373.300000023844
3091.399999998284
3998.399999997459
5132.200000001139
3488.099999997923
3622.499999997801
9969.000000018736
2393.099999998919
6193.200000004999
5053.300000000852
10505.000000020686
2661.399999998675
11375.100000023851
7375.000000009299
11191.200000023182
3481.2999999979293
10800.000000021759
5062.300000000885
11275.100000023487
3003.099999998364
3752.4999999976826
11307.100000023604
11165.200000023087
4770.299999999823
5243.200000001543
3077.099999998297
3583.0999999978367
11120.200000022924
4688.099999999524
11317.30000002364
8115.100000011991
6080.300000004589
3689.29999999774
10800.000000021759
11219.200000023284
7225.200000008754
4512.199999998884
11388.4000000239
11342.300000023732
9786.00000001807
11136.200000022982
10800.000000021759
4214.099999997799
11478.200000024226
10800.000000021759
11417.400000024005
11159.200000023066
3752.099999997683
4015.4999999974434
9439.200000016808
4763.299999999797
4404.099999998491
11187.200000023167
2929.1999999984314
2834.099999998518
5502.2000000024855
5333.200000001871
1879.3999999993862
11092.200000022822
11100.20000002285
6810.200000007244
4832.000000000047
5909.000000003965
6513.2000000061635
7091.0000000082655
5234.00000000151
4160.499999997604
2899.0999999984588
10793.000000021733
5626.400000002937
6388.000000005708
4026.0999999974338
11254.10000002341
3102.299999998274
4052.4999999974098
4121.099999997461
11096.200000022836
2924.099999998436
1834.1999999994273
2461.099999998857
2874.0999999984815
10800.000000021759
11405.30000002396
3140.2999999982394
3393.0999999980095
4216.299999997807
11460.400000024161
8560.00000001361
8442.10000001318
10800.000000021759
3276.099999998116
5248.5000000015625
11074.200000022756
11126.000000022945
6941.400000007721
8637.20000001389
5451.400000002301
4791.0999999998985
11087.100000022803
7406.200000009412
3957.0999999974965
2618.399999998714
3443.299999997964
10800.000000021759
3839.1999999976038
3728.2999999977046
6014.200000004348
10800.000000021759
11451.200000024128
6695.200000006826
5193.400000001362
11317.30000002364
3458.0999999979504
3739.2999999976946
10800.000000021759
3456.099999997952
6873.400000007474
2965.0999999983987
3133.3999999982457
3569.1999999978493
6751.000000007029
2199.0999999990954
11104.200000022865
3349.1999999980494
10800.000000021759
4615.299999999259
11158.000000023061
4564.399999999074
4852.00000000012
6940.200000007717
2783.399999998564
9356.200000016506
7472.000000009652
7869.000000011096
10300.20000001994
11109.200000022884
6049.000000004475
11101.200000022855
2068.0999999992146
10800.000000021759
5765.0000000034415
11313.300000023626
10800.000000021759
8762.000000014345
4143.399999997542
9542.000000017182
10482.000000020602
5657.30000000305
3933.0999999975184
5860.000000003787
8741.200000014269
5271.400000001646
4438.199999998615
10007.000000018874
10800.000000021759
11353.300000023772
2867.2999999984877
10800.000000021759
10800.000000021759
10800.000000021759
10609.300000021065
11163.00000002308
6034.200000004421
10800.000000021759
3775.4999999976617
6646.200000006647
2244.399999999054
6390.000000005715
4006.099999997452
1501.39999999973
10800.000000021759
5534.000000002601
3700.0999999977303
11153.200000023044
8716.000000014177
11455.200000024142
7414.200000009441
11255.200000023415
10800.000000021759
5365.400000001988
10800.000000021759
10800.000000021759
2211.2999999990843
9258.000000016149
4735.099999999695
3430.099999997976
8555.200000013592
4662.19999999943
6587.000000006432
4382.099999998411
3632.099999997792
11400.000000023942
1805.0999999994538
11157.000000023058
10800.000000021759
1560.0999999996766
5669.300000003093
3864.399999997581
11473.200000024208
7094.000000008276
10800.000000021759
5432.00000000223
10800.000000021759
3831.199999997611
1964.299999999309
3615.0999999978076
10800.000000021759
4328.099999998214
3870.4999999975753
7456.200000009594
10992.200000022458
6034.200000004421
7037.30000000807
11437.400000024078
11107.000000022876
3251.0999999981386
7413.000000009437
4387.099999998429
5086.000000000971
10800.000000021759
10800.000000021759
2308.399999998996
11297.300000023568
4273.099999998014
5859.300000003785
7206.200000008685
11138.20000002299
6916.000000007629
4422.4999999985575
3088.099999998287
11412.200000023986
6997.400000007925
11144.200000023011
7269.000000008913
10800.000000021759
11389.300000023903
4133.399999997506
1876.399999999389
10800.000000021759
3606.2999999978156
3300.4999999980937
5874.200000003839
3218.2999999981685
4216.099999997807
10322.20000002002
2626.099999998707
10800.000000021759
3536.399999997879
11323.300000023663
4766.099999999808
5334.000000001874
11425.200000024033
5466.2000000023545
10800.000000021759
4540.499999998987
11435.20000002407
11255.300000023415
11355.300000023779
11451.200000024128
10800.000000021759
2661.299999998675
5636.000000002972
11431.300000024055
5460.200000002333
10800.000000021759
10788.100000021715
7818.100000010911
6458.200000005963
10800.000000021759
4020.099999997439
10360.000000020158
4121.399999997462
3800.0999999976393
6355.000000005588
10662.000000021257
9108.000000015603
10800.000000021759
2300.0999999990036
11181.200000023146
2795.0999999985534
11172.200000023113
2334.4999999989723
10800.000000021759
10800.000000021759
4176.099999997661
2778.099999998569
2172.09999999912
10800.000000021759
11091.200000022818
3393.2999999980093
11318.300000023644
10800.000000021759
11204.20000002323
11389.100000023902
11163.20000002308
11459.200000024157
11415.300000023997
2796.2999999985523
6035.000000004424
4242.299999997902
6136.200000004792
9888.000000018441
10800.000000021759
2567.0999999987607
10800.000000021759
11404.300000023957
11147.200000023022
3055.3999999983166
10800.000000021759
5637.400000002977
10800.000000021759
6136.200000004792
6036.200000004428
11493.10000002428
9956.100000018689
9336.200000016433
10800.000000021759
11379.400000023867
9738.000000017895
2071.3999999992116
10800.000000021759
11144.200000023011
3940.099999997512
11396.200000023928
11106.200000022873
3055.4999999983165
10951.200000022309
11347.30000002375
9586.000000017342
7268.000000008909
7450.0000000095715
11153.200000023044
2119.099999999168
8334.100000012788
3090.299999998285
11349.200000023757
8518.300000013458
5187.2000000013395
11519.100000024375
2160.099999999131
2305.099999998999
11138.20000002299
11124.200000022938
1870.4999999993943
11353.100000023771
10800.000000021759
2392.09999999892
10800.000000021759
11110.200000022887
11086.2000000228
11142.200000023004
3889.399999997558
4174.099999997654
6616.000000006537
8724.000000014206
11140.200000022996
7431.200000009503
11086.2000000228
2619.499999998713
3836.0999999976066
1378.199999999842
3867.0999999975784
2104.099999999182
6289.200000005349
5318.000000001815
7411.00000000943
11416.100000024
11162.200000023076
2790.099999998558
11250.100000023396
10800.000000021759
10800.000000021759
5292.2000000017215
10050.10000001903
2531.399999998793
3522.299999997892
9640.000000017539
1962.4999999993106
4065.0999999973983
7903.0000000112195
7689.000000010441
10800.000000021759
11439.300000024085
4824.000000000018
4628.0999999993055
11103.200000022862
10231.000000019689
11142.200000023004
5720.200000003279
6053.20000000449
10800.000000021759
8148.100000012111
11334.300000023703
4651.29999999939
7241.200000008812
10800.000000021759
6429.400000005859
5814.00000000362
9964.000000018717
6628.300000006582
3349.0999999980495
2460.299999998858
4279.099999998036
7984.200000011515
11172.200000023113
3758.0999999976775
8414.20000001308
4154.299999997582
2652.399999998683
10800.000000021759
4829.000000000036
11099.200000022847
11106.200000022873
4011.499999997447
10800.000000021759
8341.000000012813
5879.200000003857
4283.09999999805
5184.000000001328
4843.300000000088
3966.299999997488
5839.2000000037115
8625.200000013847
10898.200000022116
2890.099999998467
11341.400000023728
11530.200000024415
6693.000000006818
6133.200000004781
11376.200000023855
10800.000000021759
8678.000000014039
5386.500000002065
11151.200000023036
2484.299999998836
11147.200000023022
11320.300000023652
10800.000000021759
11392.100000023913
5012.000000000702
11401.400000023947
10097.000000019201
8413.400000013076
2121.0999999991664
11148.000000023025
11365.400000023816
4331.099999998225
10800.000000021759
11350.400000023761
7841.000000010994
11189.200000023175
3469.29999999794
11224.200000023302
11299.300000023575
4222.299999997829
10800.000000021759
4066.0999999973974
11103.200000022862
9839.100000018263
2196.299999999098
10800.000000021759
2538.099999998787
4972.000000000557
6817.200000007269
5417.200000002176
7558.000000009964
7055.300000008136
9439.000000016807
7900.40000001121
4006.299999997452
10800.000000021759
10800.000000021759
5348.300000001926
11439.300000024085
11454.200000024139
6830.200000007317
4515.099999998894
4870.0000000001855
10800.000000021759
7335.200000009154
4068.3999999973953
10800.000000021759
2296.099999999007
7645.200000010282
5469.000000002365
4249.299999997927
7188.000000008618
10800.000000021759
5078.300000000943
6570.200000006371
4473.399999998743
11362.300000023804
11163.00000002308
11407.400000023968
5581.300000002773
10612.000000021075
7212.400000008707
6340.000000005533
10800.000000021759
10800.000000021759
10800.000000021759
11101.200000022855
5195.000000001368
3095.0999999982805
10800.000000021759
10800.000000021759
11349.300000023757
2743.2999999986005
10800.000000021759
8482.000000013326
9034.000000015334
5316.200000001809
6421.000000005828
10436.000000020435
10417.200000020366
10800.000000021759
