11220.200000023287
10800.000000021759
10800.000000021759
3616.0999999978067
2533.2999999987915
10800.000000021759
2542.0999999987835
10434.000000020427
2387.2999999989242
2098.299999999187
3216.0999999981705
10800.000000021759
7740.0000000106265
8284.000000012606
10800.000000021759
11205.200000023233
10800.000000021759
3978.2999999974772
4312.299999998157
5829.200000003675
7159.300000008514
4644.099999999364
3328.1999999980685
10800.000000021759
4243.399999997906
5089.000000000982
10800.000000021759
1928.099999999342
8161.200000012159
6154.200000004857
10800.000000021759
3527.0999999978876
11551.100000024491
8008.100000011602
8462.400000013255
2741.399999998602
11564.200000024539
6603.00000000649
3158.099999998223
6688.000000006799
10800.000000021759
1575.099999999663
11138.20000002299
11551.100000024491
7972.100000011471
10800.000000021759
9821.000000018197
7021.000000008011
3523.0999999978912
10800.000000021759
8114.000000011987
11145.200000023015
5728.000000003307
2821.4999999985293
9556.200000017234
4275.099999998021
11122.20000002293
3911.0999999975384
3033.2999999983367
5697.000000003194
11214.200000023266
11478.400000024227
1719.099999999532
1858.2999999994054
11443.200000024099
5389.200000002074
7702.000000010488
7301.0000000090295
2627.199999998706
10800.000000021759
11101.200000022855
6051.200000004483
11140.200000022996
11358.40000002379
11455.200000024142
8780.400000014411
10800.000000021759
10800.000000021759
10800.000000021759
11464.400000024176
3876.09999999757
4325.299999998204
4495.099999998822
10800.000000021759
7224.10000000875
6658.00000000669
8018.200000011639
11198.200000023207
8488.000000013348
4246.399999997917
9613.300000017442
10800.000000021759
3487.099999997924
4420.49999999855
4022.299999997437
10800.000000021759
11159.200000023066
7802.100000010852
10800.000000021759
7079.300000008223
10800.000000021759
10800.000000021759
2585.0999999987444
4201.399999997753
11485.200000024251
11183.200000023153
10800.000000021759
11559.400000024521
11446.40000002411
1817.2999999994427
3584.0999999978358
11138.20000002299
10800.000000021759
2536.2999999987887
10800.000000021759
10800.000000021759
10105.00000001923
11183.200000023153
10800.000000021759
11157.000000023058
10800.000000021759
11363.300000023808
11124.200000022938
10800.000000021759
6437.200000005887
11392.200000023913
10800.000000021759
11125.200000022942
5952.200000004123
4151.09999999757
5462.000000002339
10800.000000021759
4647.199999999375
5455.2000000023145
10800.000000021759
3152.2999999982285
2716.299999998625
11195.200000023196
9306.100000016324
10386.200000020253
10826.200000021854
3409.099999997995
9837.000000018255
10800.000000021759
11116.200000022909
11210.00000002325
11463.400000024172
5201.00000000139
3004.499999998363
10800.000000021759
6631.000000006592
9163.400000015805
10800.000000021759
9651.20000001758
5665.000000003078
3747.0999999976875
10183.000000019514
11195.200000023196
9228.20000001604
11395.100000023924
5614.000000002892
3841.299999997602
11419.100000024011
11500.200000024306
10800.000000021759
11392.100000023913
10800.000000021759
4285.299999998058
5230.500000001497
4960.400000000514
2621.0999999987116
10800.000000021759
5728.000000003307
6510.200000006153
2243.499999999055
5848.0000000037435
4182.099999997683
11156.200000023055
10800.000000021759
3025.199999998344
6659.400000006695
10800.000000021759
6474.200000006022
2580.099999998749
10800.000000021759
3546.0999999978703
10929.200000022229
5659.000000003056
2152.099999999138
10800.000000021759
2990.4999999983756
5049.300000000838
4754.099999999764
3079.099999998295
2338.199999998969
2772.0999999985743
6294.000000005366
10800.000000021759
9912.200000018529
10800.000000021759
11180.200000023142
2600.4999999987303
9683.100000017695
3396.2999999980066
4421.499999998554
6566.000000006356
10800.000000021759
2515.099999998808
4353.299999998306
6266.200000005265
5995.000000004278
10800.000000021759
7396.000000009375
11482.10000002424
4707.299999999594
10800.000000021759
3263.0999999981277
1739.0999999995138
11110.200000022887
3775.399999997662
6651.300000006666
11128.200000022953
6812.100000007251
8603.000000013766
11470.400000024198
6187.000000004977
2073.4999999992096
2512.0999999988107
3602.299999997819
5431.000000002226
11112.200000022895
5404.300000002129
3103.0999999982732
3945.0999999975074
5114.500000001075
11204.20000002323
4039.3999999974217
4308.099999998141
10800.000000021759
6797.400000007197
5785.000000003514
2721.2999999986205
11454.200000024139
2081.0999999992027
10800.000000021759
10159.400000019428
11111.20000002289
4207.299999997775
2737.099999998606
4190.399999997713
11390.300000023906
10800.000000021759
10800.000000021759
3524.0999999978903
11272.100000023476
11127.20000002295
7888.400000011166
10800.000000021759
8711.000000014159
4796.399999999918
11408.200000023971
11163.20000002308
5078.000000000942
11092.200000022822
6144.00000000482
8415.000000013082
2839.0999999985133
5120.000000001095
2021.0999999992573
4962.500000000522
2493.3999999988278
2713.2999999986278
4140.09999999753
11137.200000022985
11147.200000023022
6503.000000006126
7386.000000009339
11158.200000023062
2401.2999999989115
5372.000000002012
5180.000000001313
2904.299999998454
3126.199999998252
3591.0999999978294
3963.199999997491
7124.200000008386
2154.0999999991363
3162.499999998219
2873.0999999984824
10800.000000021759
3382.0999999980195
11144.200000023011
5734.2000000033295
8344.200000012825
11436.100000024073
5798.200000003562
4357.29999999832
3936.4999999975153
11500.200000024306
6514.200000006167
11158.200000023062
10800.000000021759
10800.000000021759
3692.3999999977373
10800.000000021759
11123.200000022935
2780.099999998567
6734.000000006967
5132.000000001139
4183.199999997687
6932.200000007688
4602.299999999212
7906.200000011231
11529.200000024412
2868.3999999984867
10800.000000021759
6549.300000006295
4639.299999999346
8965.000000015083
11236.200000023346
8372.200000012926
2850.0999999985033
4947.000000000466
10800.000000021759
10800.000000021759
4405.099999998494
11601.000000024673
1528.2999999997055
5468.000000002361
11125.200000022942
11373.400000023845
3913.2999999975364
6861.000000007429
2224.2999999990725
2455.1999999988625
3446.0999999979613
11573.100000024571
8828.000000014585
10800.000000021759
6306.20000000541
11169.200000023102
10800.000000021759
4077.299999997387
10800.000000021759
7274.000000008931
10800.000000021759
6162.000000004886
11409.200000023975
2963.2999999984004
3460.2999999979484
3865.39999999758
7822.000000010925
2761.299999998584
4139.299999997527
8560.20000001361
11404.400000023958
7437.200000009525
5485.200000002424
5690.200000003169
10800.000000021759
3966.1999999974882
2360.099999998949
11131.200000022964
10800.000000021759
7415.300000009445
8483.00000001333
3644.099999997781
3626.2999999977974
11252.200000023404
10800.000000021759
6177.00000000494
11127.20000002295
11224.200000023302
9702.100000017765
11548.20000002448
10811.1000000218
11176.200000023127
4689.3999999995285
4860.30000000015
10800.000000021759
3437.2999999979693
2577.2999999987514
10800.000000021759
7826.000000010939
3721.299999997711
10316.200000019999
9846.000000018288
7942.200000011362
3217.2999999981694
11144.200000023011
3388.4999999980137
8371.000000012922
2467.2999999988515
5527.200000002576
10800.000000021759
11133.200000022971
5468.200000002362
4901.000000000298
11136.200000022982
11184.200000023156
11412.400000023987
11468.20000002419
5770.00000000346
7973.400000011476
11475.200000024215
7320.000000009099
3028.1999999983414
3652.099999997774
7033.200000008055
8482.000000013326
1629.0999999996138
10800.000000021759
11200.000000023214
7838.200000010984
10800.000000021759
11229.20000002332
2862.0999999984924
2968.099999998396
10800.000000021759
8956.00000001505
11117.200000022913
11190.200000023178
3877.299999997569
4009.0999999974492
2420.2999999988942
2629.299999998704
4077.0999999973874
11162.200000023076
8723.000000014203
8289.000000012624
11242.200000023367
5605.20000000286
10800.000000021759
10800.000000021759
8124.200000012024
7749.10000001066
10894.100000022101
3926.0999999975247
6008.400000004327
10800.000000021759
7928.0000000113105
4179.399999997673
1388.3999999998327
8559.200000013607
4914.000000000346
5230.300000001496
4123.099999997468
10800.000000021759
4441.499999998627
6378.200000005672
11445.100000024106
2792.099999998556
8865.00000001472
1498.099999999733
4549.099999999018
3312.099999998083
2570.299999998758
6630.000000006588
4719.399999999638
10800.000000021759
11173.200000023116
11349.300000023757
11415.400000023998
2867.199999998488
3062.0999999983105
3205.2999999981803
11222.200000023295
11421.40000002402
10800.000000021759
3043.099999998328
7348.0000000092
4825.000000000022
10800.000000021759
7006.400000007958
9316.00000001636
2967.099999998397
11443.4000000241
3310.4999999980846
11148.200000023025
5325.000000001841
4602.099999999211
10800.000000021759
3144.099999998236
11310.300000023615
11423.300000024026
3136.499999998243
4055.1999999974073
5191.200000001354
3488.099999997923
3675.299999997753
9969.000000018736
2457.4999999988604
6227.200000005123
5100.400000001024
10505.000000020686
2708.399999998632
11440.200000024088
7375.000000009299
11229.20000002332
3516.2999999978974
10800.000000021759
5077.30000000094
11317.400000023641
3003.099999998364
3859.2999999975855
11405.400000023961
11191.200000023182
4798.299999999925
5265.200000001623
3077.099999998297
3583.0999999978367
11141.200000023
4763.099999999797
11367.300000023823
8190.200000012264
6145.300000004825
3707.099999997724
10800.000000021759
11299.200000023575
7245.2000000088265
4576.199999999117
11443.300000024099
11390.200000023906
9786.00000001807
11165.200000023087
10800.000000021759
4214.099999997799
11566.200000024546
10800.000000021759
11490.40000002427
11184.200000023156
3752.099999997683
4064.299999997399
9464.2000000169
4783.29999999987
4404.099999998491
11242.200000023367
2964.4999999983993
2865.2999999984895
5536.200000002609
5359.200000001965
1909.399999999359
11113.200000022898
11114.200000022902
6843.000000007363
4832.000000000047
5909.000000003965
6534.20000000624
7091.0000000082655
5234.00000000151
4230.199999997858
2899.0999999984588
10793.000000021733
5687.400000003159
6388.000000005708
4026.0999999974338
11297.200000023568
3159.299999998222
4119.2999999974545
4121.099999997461
11138.20000002299
2924.099999998436
1890.499999999376
2461.099999998857
2874.0999999984815
10800.000000021759
11515.300000024361
3170.299999998212
3393.0999999980095
4242.299999997902
11525.100000024397
8560.00000001361
8477.100000013308
10800.000000021759
3276.099999998116
5306.300000001773
11088.200000022807
11156.000000023054
7006.200000007957
8666.200000013996
5539.400000002621
4791.0999999998985
11119.20000002292
7427.000000009488
3957.0999999974965
2669.3999999986677
3456.099999997952
10800.000000021759
3887.49999999756
3769.2999999976673
6074.200000004566
10800.000000021759
11510.400000024343
6766.200000007084
5248.5000000015625
11364.300000023812
3476.299999997934
3780.2999999976573
10800.000000021759
3456.099999997952
6947.200000007742
2965.0999999983987
3188.4999999981956
3611.399999997811
6751.000000007029
2199.0999999990954
11122.20000002293
3420.199999997985
10800.000000021759
4641.099999999353
11207.00000002324
4609.299999999237
4852.00000000012
6985.200000007881
2828.0999999985233
9407.200000016692
7472.000000009652
7869.000000011096
10359.200000020155
11155.00000002305
6049.000000004475
11131.200000022964
2128.4999999991596
10800.000000021759
5765.0000000034415
11381.100000023873
10900.100000022123
8762.000000014345
4202.2999999977565
9542.000000017182
10482.000000020602
5722.400000003287
3933.0999999975184
5860.000000003787
8773.200000014385
5313.500000001799
4480.399999998768
10007.000000018874
10800.000000021759
11420.100000024015
2895.299999998462
10800.000000021759
10800.000000021759
10901.100000022127
10663.400000021262
11214.200000023266
6048.200000004472
10800.000000021759
3833.199999997609
6686.200000006793
2306.4999999989977
6390.000000005715
4006.099999997452
1576.3999999996618
10800.000000021759
5534.000000002601
3700.0999999977303
11170.200000023106
8716.000000014177
11492.200000024277
7471.400000009649
11321.200000023655
10800.000000021759
5403.400000002126
10800.000000021759
10800.000000021759
2249.2999999990498
9258.000000016149
4735.099999999695
3430.099999997976
8624.000000013843
4699.199999999564
6587.000000006432
4382.099999998411
3632.099999997792
11475.400000024216
1823.2999999994372
11195.200000023196
10800.000000021759
1560.0999999996766
5715.300000003261
3921.499999997529
11579.300000024594
7121.200000008375
10800.000000021759
5432.00000000223
10800.000000021759
3898.39999999755
1996.2999999992799
3615.0999999978076
10800.000000021759
4328.099999998214
3937.4999999975144
7516.200000009812
11021.200000022563
6065.200000004534
7096.400000008285
11496.00000002429
11138.20000002299
3251.0999999981386
7413.000000009437
4387.099999998429
5086.000000000971
10800.000000021759
10800.000000021759
2361.4999999989477
11340.300000023724
4273.099999998014
5908.300000003963
7237.200000008797
11159.200000023066
6916.000000007629
4508.49999999887
3088.099999998287
11471.0000000242
7057.2000000081425
11170.200000023106
7269.000000008913
10800.000000021759
11492.200000024277
4192.39999999772
1929.199999999341
10800.000000021759
3620.299999997803
3353.4999999980455
5915.200000003988
3243.2999999981457
4216.099999997807
10419.300000020374
2626.099999998707
10800.000000021759
3601.39999999782
11391.30000002391
4766.099999999808
5334.000000001874
11474.200000024211
5509.200000002511
10800.000000021759
4606.299999999226
11481.200000024237
11312.300000023622
11419.100000024011
11483.200000024244
10800.000000021759
2678.2999999986596
5636.000000002972
11510.100000024342
5481.200000002409
10800.000000021759
10848.300000021934
7867.40000001109
6496.200000006102
10800.000000021759
4020.099999997439
10360.000000020158
4183.399999997688
3800.0999999976393
6457.20000000596
10662.000000021257
9108.000000015603
10800.000000021759
2300.0999999990036
11223.200000023298
2795.0999999985534
11237.100000023349
2424.2999999988906
10800.000000021759
10800.000000021759
4176.099999997661
2778.099999998569
2172.09999999912
10800.000000021759
11120.000000022923
3435.299999997971
11358.30000002379
10800.000000021759
11245.200000023378
11411.100000023982
11180.200000023142
11522.400000024387
11495.200000024288
2823.2999999985277
6093.300000004636
4337.199999998247
6185.0000000049695
9888.000000018441
10800.000000021759
2616.299999998716
10800.000000021759
11456.400000024147
11178.200000023135
3126.299999998252
10800.000000021759
5699.200000003202
10800.000000021759
6179.100000004948
6049.200000004475
11554.400000024503
10034.100000018972
9413.200000016714
10800.000000021759
11436.200000024073
9738.000000017895
2128.29999999916
10800.000000021759
11169.200000023102
3940.099999997512
11449.10000002412
11131.200000022964
3106.49999999827
10978.200000022407
11406.100000023964
9586.000000017342
7268.000000008909
7450.0000000095715
11212.200000023258
2119.099999999168
8403.20000001304
3132.1999999982468
11418.100000024007
8559.400000013607
5207.200000001412
11626.200000024764
2160.099999999131
2305.099999998999
11161.200000023073
11141.200000023
1929.2999999993408
11402.20000002395
10800.000000021759
2392.09999999892
10800.000000021759
11155.200000023051
11108.00000002288
11166.200000023091
3971.2999999974836
4174.099999997654
6616.000000006537
8724.000000014206
11171.20000002311
7487.000000009706
11103.200000022862
2665.1999999986715
3836.0999999976066
1392.1999999998293
3891.2999999975564
2104.099999999182
6338.4000000055275
5358.200000001962
7411.00000000943
11462.200000024168
11192.200000023186
2844.2999999985086
11288.300000023535
10800.000000021759
10800.000000021759
5331.200000001863
10087.400000019166
2627.299999998706
3556.299999997861
9640.000000017539
2020.1999999992581
4065.0999999973983
7903.0000000112195
7689.000000010441
10800.000000021759
11495.200000024288
4824.000000000018
4628.0999999993055
11127.000000022948
10231.000000019689
11164.200000023084
5841.4000000037195
6080.200000004588
10800.000000021759
8197.10000001229
11378.200000023862
4666.2999999994445
7283.200000008965
10800.000000021759
6487.40000000607
5851.200000003755
9964.000000018717
6700.300000006844
3349.0999999980495
2513.2999999988097
4279.099999998036
8073.200000011839
11186.000000023163
3758.0999999976775
8469.000000013279
4205.299999997767
2702.4999999986376
10800.000000021759
4829.000000000036
11117.200000022913
11154.200000023047
4081.1999999973837
10800.000000021759
8341.000000012813
5927.100000004031
4283.09999999805
5225.200000001478
4866.300000000172
4041.19999999742
5859.200000003784
8639.200000013898
10971.400000022382
2948.199999998414
11393.400000023918
11580.200000024597
6693.000000006818
6171.200000004919
11465.30000002418
10800.000000021759
8678.000000014039
5446.500000002283
11178.200000023135
2500.2999999988215
11198.200000023207
11367.100000023822
10800.000000021759
11509.100000024338
5012.000000000702
11469.200000024193
10097.000000019201
8447.2000000132
2121.0999999991664
11166.200000023091
11427.30000002404
4331.099999998225
10800.000000021759
11406.400000023965
7841.000000010994
11223.200000023298
3494.2999999979174
11256.100000023418
11358.30000002379
4242.299999997902
10800.000000021759
4136.499999997517
11129.000000022956
9885.10000001843
2215.2999999990807
10800.000000021759
2538.099999998787
4972.000000000557
6831.10000000732
5439.200000002256
7558.000000009964
7104.300000008314
9439.000000016807
7961.400000011432
4028.2999999974318
10800.000000021759
10800.000000021759
5420.3000000021875
11493.20000002428
11540.400000024452
6881.200000007502
4515.099999998894
4870.0000000001855
10800.000000021759
7352.200000009216
4119.499999997455
10800.000000021759
2296.099999999007
7710.200000010518
5469.000000002365
4275.099999998021
7188.000000008618
10800.000000021759
5114.300000001074
6605.200000006498
4523.499999998925
11413.30000002399
11195.200000023196
11522.100000024386
5626.200000002937
10675.200000021305
7264.400000008896
6340.000000005533
10800.000000021759
10800.000000021759
10800.000000021759
11119.20000002292
5195.000000001368
3095.0999999982805
10901.100000022127
10800.000000021759
11401.400000023947
2770.299999998576
10800.000000021759
8482.000000013326
9034.000000015334
5363.20000000198
6421.000000005828
10436.000000020435
10435.200000020432
10800.000000021759
