830.5400099996918
833.260180000139
730.0387700000796
611.1689099999362
441.619429999945
858.3130500002059
621.3502699999102
703.0017900000859
524.465399999926
694.0250099998675
657.4729799998454
884.3525000002167
557.8147799999032
766.0069599999274
711.8800700002871
759.2565700001572
809.7753299998077
478.2290499999677
657.53553999988
725.6400299998838
732.4217799998638
801.8894099997627
570.6313599998931
856.2024499998722
659.676679999879
881.9768599997504
693.1326899998869
501.97673999989786
785.6367699999616
770.7169499998074
739.6042899999339
675.1898799997851
829.5379700001077
793.1929100000006
808.0493700000069
559.3175399999257
860.1067000001121
633.7507999998991
709.094329999814
752.5248099998432
653.1361700000118
545.8400899999438
767.818900000104
973.6435400001037
648.3357700000863
633.1017800000277
692.3489999998704
780.9243999997809
641.0514099998915
728.6962999999599
695.1430899998309
817.9287600000624
628.0636299999212
815.8847499998133
612.3428000001143
700.8795999998697
851.1407600003556
762.198679999792
568.3497299998803
870.5508899998209
616.9706400001761
805.8294700000822
621.2214699998898
512.0392399999298
784.9218900001463
632.6006799999609
788.9379199999438
806.9162099998249
549.4150599999103
613.8057000001336
610.6471700001745
558.7461499999893
766.9408700001512
675.8922600004422
939.4229000004012
800.1754800000174
685.4744299998523
933.369239999618
708.4936099999534
888.3286300001511
547.5206499998948
603.66822999985
638.3682199998974
712.3199600000692
882.4101999998692
740.5608199997924
689.1043500000117
735.9770800001534
721.6912800000376
682.3135899998384
799.7799799997921
830.1247199998107
784.7431299997475
680.6381499998332
551.3187299999523
784.4510499999628
778.5639600003647
730.49033000001
827.0968799997863
491.98613000008976
764.8200300000909
776.3144699999076
684.3694399999123
590.881449999937
799.7826100001174
790.1167800001633
858.4528200000854
1090.9354300001369
812.8569900003799
579.0280399998725
634.3777999998825
683.2933399999093
688.0301300000851
559.9318999999314
791.7878799998142
1033.4347299996052
581.2575399999099
681.1890400001944
691.1501900001459
734.8092000000887
667.9587199998791
588.5900400000503
584.1860600001456
732.1169300000917
758.7046799999066
644.0729799999704
894.2664199999804
832.7941799997636
538.6677299999607
694.274129999865
518.5107899999363
827.0841699997505
809.9419799997012
709.8470199999092
831.8084800000412
666.7421999998852
732.5286399998337
713.1387500001714
748.7835899999618
662.5345200001252
980.8120700000032
597.8798899999213
734.838780000116
614.3117800001636
612.7436300001501
974.5725300000101
870.0306900000811
987.4132999996525
666.7175999998454
674.0091199998639
581.1104999998994
703.629880000082
795.6842700000955
731.0064800000848
832.7617499997789
776.1115699997961
873.2166399997752
722.6525400003962
902.3103899998907
660.7254999998586
1004.836259999722
674.0574499998582
764.1991400002917
883.1870500000725
569.3596599999194
617.41673000015
869.5684400000428
586.5965699998852
721.841709999908
832.0054399997612
585.7676199999512
810.4349999998035
643.4434899998322
693.1858600000808
532.2063199999477
649.5385399998737
587.8120799998691
627.8151799999955
730.0714699998161
576.504139999906
694.2573299999286
666.3473799998777
761.5117499998939
800.0770899997734
650.4852400001521
486.9201699999418
957.635400000036
944.1835899996919
599.4424699999378
676.69795000018
564.1672499999036
692.0320099998409
909.0658199997289
657.0467999998965
612.2060999999073
721.3508099998373
848.4760499998329
842.2180099998886
585.370560000126
934.2937899998536
874.3087099997988
516.4755299999546
671.1783799999683
769.469999999749
698.6361399998667
726.3547299998838
839.5655700000497
695.8537399998376
623.5265299998686
846.3738499996938
701.0427199998022
961.8000699999805
723.6962699997973
794.9206000001758
610.9761699998772
648.9433199999447
614.5854499999115
566.2928799999293
767.0396299998122
527.0507199999485
596.6121499999797
605.3775399998478
803.4151499997452
732.2254300000317
805.2921499997453
892.4790599997417
609.5415999998871
559.2686599999126
790.880539999769
791.4036799998169
468.3250799999671
565.3569099999493
530.620099999884
745.0505099998306
576.9085299999891
978.6425099996803
596.0032199999084
731.2866899998376
661.0356099998343
615.2488199999486
707.4929599999093
620.5382199998716
751.5668500001323
686.9658899998494
833.7802699998755
625.1917299998597
734.6301799999674
617.7109099998986
748.5695499997965
554.2283799999465
1638.6979299993106
689.9898100001518
740.8257699997689
642.1979899998037
838.8269300000363
739.3386399999548
619.1108699998954
545.0856799999174
671.229549999919
624.5580399999473
817.1931300000921
869.6075300000327
738.4975299998864
592.4376499999174
635.4352299999671
628.5836699998673
540.7639099999354
692.650419999902
607.91977999986
635.4808999998236
516.9238799999353
583.9784499999076
801.2687799998126
926.7705400001624
711.6347400000864
668.9573199998464
844.4570499998706
986.0659899999341
602.381709999922
676.1096399997722
770.9418699997411
716.1086999997704
683.0494699998958
753.9099899998926
750.1619499998501
855.974569999894
724.2676799998324
486.0276299999399
565.8132699999433
757.1820999998538
491.5700099999472
699.3316300001766
664.9000999999226
865.896099999757
693.1612600002113
884.5288999997521
599.5891099999399
537.7087799999165
764.7092700001257
655.2153199999724
555.6963500002137
755.5246000000387
849.7045000000206
563.767779999877
664.6354799998885
638.0478799999295
748.7002199998144
731.2321899998745
734.0627299998034
749.9766599998125
715.0503799999461
654.9116299998389
646.5247999999824
815.6883600001497
728.8331299997704
697.2034199998485
632.0083499999681
848.4962099998139
707.7656899998963
831.5710999998322
628.1782400000884
544.2495199999371
656.6894199998791
666.0988900001161
582.9208700001495
555.1194199998827
1110.9837599999844
532.835199999977
634.8989999999511
621.5700400001592
770.5898100001199
514.097839999936
768.7780599999269
506.48179999991726
579.2150199998714
586.2775799998727
1035.8797700000227
654.9959100000649
955.0613499997148
628.9026599999225
648.6485099999012
968.7893300000458
807.8723499998118
963.276629999686
667.5005100000069
833.7329899998122
913.2687899997655
518.5695199999387
555.3702899999
595.2417099998665
495.8983999999618
578.1853600000368
670.8472199998546
721.0897199997981
626.9967000001102
592.0600400001639
1033.2513599998401
816.2517099997709
894.5326599997239
750.9310000001542
648.8622199998927
489.040119999951
699.8794800001269
905.8940400000542
749.227319999912
665.0172900000098
796.8768199998029
527.9339999998779
623.0323399998691
696.0246900001216
690.6520499998263
665.2471199999213
763.2440700000984
834.0242400000445
704.1823699998452
844.4351200000867
998.9060200002407
493.74825999999916
696.0476499999079
594.0962499999167
523.0443799999173
596.3085399999321
877.7004799998889
1041.0938199995767
630.7368599998906
788.7948200000392
765.1179800000205
840.0704199999044
637.9173899997992
768.8941199997178
606.5910199999008
850.6732199999252
524.598159999943
758.1800699999064
808.1535499997942
923.5282200003505
568.4002299999386
613.7857099999303
705.3214200004046
1066.6039199998233
586.5086999999899
894.4579100003314
700.6379299998404
672.2792399999364
833.810040000134
775.8550699998314
798.8737099997786
804.4441399997042
674.8333399998493
1255.7310699993805
609.4611199999312
752.844059999805
885.2764099999893
797.5007899999758
722.193579999821
852.9333399998193
647.981989999892
546.6889399999502
700.8517999998869
603.9674999998524
892.6299899998646
803.6581500003012
630.1269499999303
626.3535299998955
512.4612499999371
632.6878399998761
515.5297199999037
845.9033700000887
706.9739799999458
660.3476599998592
877.894280000051
847.8859299997889
777.300519999776
893.725639999737
636.8560799998651
555.8962500000711
806.105050000026
543.2177199998869
600.3009199999751
634.3817799999426
565.4118299999212
636.3001899998798
486.71866999997906
674.1108899999024
623.8086299998588
858.2550899998364
611.1601899999038
954.451549999894
636.919399999938
641.4852799998927
668.1176999998772
547.1152199998809
836.2285400000062
590.7323099999597
719.1544199998452
641.0982599998514
629.4090499999417
777.6193999999755
550.5359899999582
832.5563699997759
691.1864100001767
840.8640800004995
756.5883500001755
784.0332099997448
778.3204799998279
517.0752099999263
609.7382299998596
607.5178800002598
802.7409899997865
664.1460099998436
652.6004999998651
586.842859999956
848.3811600000632
723.3642400000198
791.9561699998335
705.5893999998558
932.2035300000751
614.9352299998503
873.4635100001225
731.0011099998417
694.9318099998183
1093.2965699998
822.5468699997697
671.6847800001935
774.2403400001263
523.850829999926
595.5005299999348
801.9907699998297
685.2867999998765
644.5794199998957
931.7382399999308
634.5091799999044
859.8508099998676
617.3519099998636
846.7073199997398
429.3536499999747
471.6484799999177
627.5702099999075
911.1004400000741
980.0547399996851
820.4818499997886
746.3286699999467
558.1895000002255
717.619929999865
896.8085099997421
552.133119999939
739.454030000126
655.5235199998857
578.9762499999588
680.6976099998313
732.3200899997729
851.1479900000536
794.4502499998584
575.0867399999347
781.976749999982
832.2014199999253
525.0205899999119
850.1456099997636
947.4404800000873
640.9437900000286
581.49838999992
653.8338899998503
659.1514900001894
697.3163899997994
756.7377500002823
775.7340300000337
660.4503499998398
788.0399299997837
769.2047000000854
679.2274899998826
695.6718700000552
775.0312399997642
742.0194599998508
814.4272000000481
716.8008299998764
500.77690999991734
868.6418899997423
555.139099999935
635.1448199998918
692.6945399998897
698.8233799999168
480.1394799999421
887.5243999997712
580.9014399998828
772.3371199999393
604.0411299999162
549.199339999866
650.1174199998894
559.7431399999984
616.0415499999343
749.6196699998618
605.9384899999277
680.1051200001409
703.1581099999515
780.6593800000013
516.2110699999699
754.888620000082
686.2119299998418
695.9587599998594
578.7732799998776
694.1915100003192
764.8772599998321
597.8713999999327
496.5360899998715
672.3411399998903
973.8137399997852
945.3549400000309
718.5356599998245
682.0012599998383
588.586439999885
684.1824699998281
533.6193499998968
675.419099999859
832.0974599998445
598.0180099999025
758.264359999937
553.2919799999313
849.8837899997409
733.2189700000071
598.1137599999063
681.1067699998407
677.9339799998457
604.9159599998902
595.8888700002498
691.7960399998307
522.9571199999468
640.3733299998696
772.554699999957
581.7302799999384
603.5668599999118
743.361459999905
650.8767899998546
793.2538299998373
665.7925899998244
670.2801199999453
695.5487300001561
573.7548499998288
645.3175199998514
732.7844599997807
460.8677899999524
850.4747499999091
621.16166999991
605.1916199999196
578.3285999999273
532.4785999999706
588.4655399998886
590.9356600001466
667.4437599998284
863.8486299998007
714.719519999822
703.5921699998322
612.420569999929
559.74745999992
792.5599399998027
503.2346399999517
821.0020200000257
713.3211999999883
893.8660399997119
908.3168699997096
596.7621900001968
772.0120199997734
596.9788799999261
747.5596499998237
675.1900800001457
757.0740199999033
721.2121500002565
784.8696100000833
760.9681299998139
848.7803999997833
795.3952799998698
783.1340900000401
695.2113999998973
615.1156099998925
881.4002499997633
718.8646799997897
721.3262599999367
554.0734399999201
523.4670799999117
846.6209700000996
676.0183200001452
614.7542499999097
974.8816499997776
894.303530000051
834.3654000000794
709.6869200003282
994.7729100000289
570.422849999921
727.3808500001048
787.8687299997831
576.5134499999402
574.0740399999107
981.3716399996937
791.7315799997758
642.8093399998763
823.6979999997811
709.1366399998489
589.1806499999161
670.878470000125
842.1902299997415
888.719750000106
634.2864800000411
676.108359999882
746.5394399998845
521.8390999999025
873.0841099997102
786.3390199998684
741.7184499998565
527.7107900000847
671.6011299999109
623.8002199998692
788.4917199999768
575.6349299999483
897.0253099999719
785.6018099997834
669.929409999866
715.7202299998671
531.4087199999476
796.965310000338
967.8362199997106
511.5330299999512
611.1269299999769
581.5553099998941
842.0755699997773
756.9651399998326
684.0522900001266
734.3173899998511
902.7345799999862
726.2023299998531
624.5762199998829
892.7158099996831
741.8393599998046
595.4173599999173
693.0447599998607
804.1660599999948
908.3371400001936
693.4371799999748
752.1637899999187
840.1131700000728
854.1280500001725
708.616249999815
1053.3035199997535
666.9250499998724
771.3407199998342
624.1688499998338
805.4658099997819
624.1887199999173
599.0847400000766
706.1233799998549
602.8249199999123
588.884909999905
726.6562700000835
814.4374499999274
583.5754899998959
571.2597499998622
821.3504400001979
783.5041599999479
835.8239900000356
842.371739999772
855.4108700000205
851.9179500000213
601.3373299998768
500.2561499999411
764.8042099998092
685.4655499998153
653.3520199998707
892.9193899996892
680.6536999998494
725.0453499998569
681.7844699998535
783.5239899997948
606.5014599998801
551.9630699998957
697.2067199998048
641.7035699998999
857.8782699998324
797.7635100003438
696.2079399999354
820.3778599998008
798.6732099998559
905.9393300001694
616.4628600002308
746.5723000000866
858.7219700004232
731.7151099998356
545.8641899999251
585.6673700000422
859.0197300001892
608.4799099999009
889.3434099997378
754.8174800003751
737.8833499997933
599.3699800000152
751.0481899999724
547.7301399999195
700.4840299998655
554.1721599999222
734.2649999997877
896.0317499996825
596.868590000168
672.7430499998154
781.6574200001119
657.5382799998744
796.628829999899
718.9764099998567
773.7549500000728
643.764419999843
850.1984299998456
921.9030699997023
761.3395299997916
689.3729299998636
681.1946099998676
798.6083100001
605.2281900001963
814.7947499998295
764.1079100001975
683.9661600001223
757.5868700000709
817.1257900001519
771.2318800001258
771.8993699998106
866.2205899999119
566.2619999999505
611.1670699998743
641.0529199998437
649.4276899999938
643.201769999927
771.2235199999128
677.9031099998385
940.7747199997145
869.806329999756
927.502110000346
594.4730199998733
964.4115499996755
842.5565399999027
861.7410699997276
644.4709400000012
750.8737799997908
903.7231299998789
771.367060000076
680.9091899998084
968.384029999964
725.1129799998387
577.9926600000165
759.233599999829
1071.1612399998726
576.3102799998901
966.406889999746
704.3380099999948
577.0603099999141
688.0864799998707
787.4742900001253
665.1542300001588
798.0353799999958
1076.8419299997527
534.3060099999376
696.3658800001369
642.9913199998988
561.7270900000956
752.9980599997887
707.2321000003128
620.8519800000911
646.0469699998225
769.2444599997503
543.6343099999274
788.5279099997887
815.731240000108
936.0828500004176
682.5585099998416
894.9794500001085
758.6606699997868
610.0380599999056
862.3394399999554
916.5171999997854
642.9171100001613
590.4615499998985
732.12659999986
655.5357599998716
694.4186699998057
933.5007499998627
777.4019199998246
980.1921399998475
565.4349100001657
557.2568899999167
705.3870199998051
544.228059999967
816.1058199998323
583.8194099999246
796.2956099997944
848.8777699997922
834.6600699997799
757.3084900001428
1047.1440799999607
513.1433299999368
605.5673800003188
796.6476499999396
810.6227899997705
641.4625099999245
583.2433399999394
668.61359999984
698.1509899998268
747.0874599998813
621.9538399998935
800.2257499997779
607.1093299999338
852.2621699998765
616.4650400001505
808.3607699997812
538.1035299998983
611.433319999922
872.1610800000863
914.3502399997863
690.3116400001818
755.0072599997817
770.7911499998282
941.5559800001488
674.838670000071
910.5130400003734
751.3748199998133
714.6048399998492
579.564519999907
742.6111099999545
675.0110299999428
735.9109499998882
597.0223899999032
660.3216999998924
822.2478099998073
832.2115799998114
736.1024000000114
878.841519999759
762.2626599997742
842.3690999998865
798.9666599998276
575.8326699998862
1083.8575799996447
579.1269299999575
637.5123700000906
784.9452199997696
688.2264299999002
772.0636700000714
559.9755199998899
922.964499999805
734.11336999979
590.68153999994
471.599669999972
877.8458499997085
674.1753199999469
545.9803399999204
850.2289000000865
820.6568999997872
652.5602099998225
978.116739999666
563.6906099999057
665.4019699999835
824.3462700003861
850.6324699997489
917.4034599996884
758.0809099998446
708.503109999778
594.9989799999073
770.5879499998418
557.9445099999346
567.1040199999039
945.5823500000974
607.4413899998498
660.6272999998664
793.2988299997951
706.4253900000336
730.5958699998508
808.1021100000886
774.8805900001124
797.6632799998031
850.6315999996959
742.4257300001746
700.3100499998328
630.425359999897
695.1633899998656
847.2541500001148
823.6434900000759
581.2270799998715
944.6888399998329
565.9533999999232
678.9559399998692
681.602120000129
594.3899899998848
795.44444999976
737.9708499998211
651.98107999985
586.9790800000156
561.4883899999624
882.4925899997861
730.543209999811
779.9136499998162
673.6331999998431
868.7982899997597
864.9186399998185
657.401939999896
899.4226299997033
822.4381400001238
994.1189200003884
983.3509099997941
753.4283599998379
678.2471199998779
778.9143399999531
545.7326399999966
694.3907999998468
791.8371199997696
668.0485399998594
832.251009999914
781.0450899998215
576.1036999999334
663.1977999999556
668.8432099998834
729.2926999998683
686.7680199998866
648.1202599999165
624.6568199998501
736.8071299997979
780.8733199997899
516.5619699999893
899.5705500000715
624.1610099999015
727.9064799998039
952.9395599996418
759.776040000073
995.0392599998414
724.3148899998768
852.4802699997202
701.5093199997797
662.3265899998447
785.2432700000595
683.1687700001795
581.9853499999373
825.0159799997575
614.7651099999196
692.2018299999982
723.6085499998474
854.5563699997421
882.406419999951
620.5827700001989
582.2895600001382
