5533.500000005184
6989.200000010797
4441.500000004828
2269.6749999990316
1497.0249999994717
8330.900000012778
1753.6999999995005
4218.900000004607
1739.1999999995137
1693.4249999995552
2124.449999999163
8718.37500001446
3133.250000002348
3907.225000002303
7309.65000001187
7000.150000010223
6431.675000009617
1637.899999999467
2560.399999999225
4222.500000000406
3137.2500000020395
2778.6999999991913
1899.174999999368
6697.425000010291
2331.7749999995426
3333.499999999406
5543.700000005414
1898.0499999993694
3389.9500000029193
4427.400000000474
6524.950000006205
3047.7999999983235
5923.875000008327
4190.175000002162
6073.000000005815
2002.724999999274
9703.000000017768
3401.775000000852
2371.999999998938
4327.475000000613
3897.125000005297
1399.6499999997961
6871.850000011087
7855.8750000113705
3015.9250000028223
5390.950000008008
3768.150000004177
3368.7000000013572
2144.9749999991445
4461.250000004659
3412.15000000256
4356.025000005344
3355.42500000067
2523.2749999988005
3727.1500000040082
3498.274999998701
5974.425000005182
2552.1499999987664
2106.999999999179
4435.050000000839
5291.15000000769
8869.200000017592
1406.5749999997865
1464.9749999996523
5458.950000009183
3014.8749999999277
3433.3750000021987
3532.700000001526
1755.5499999994988
4355.475000004924
3965.7000000056787
2611.875000001161
5191.02500000468
8919.425000014917
8435.12500001619
3669.2250000034496
4588.425000004706
4737.325000004408
6148.850000009423
8990.575000015177
2576.7499999986403
2884.1999999990603
3022.524999999244
4594.000000004598
3845.30000000161
3585.1750000009115
3527.9750000026506
5565.225000006317
3432.375000003082
3107.074999998822
4921.750000003656
6284.9250000107895
2666.024999998671
2753.0249999993844
1774.424999999595
6094.350000009938
4334.175000005358
4438.125000003198
4713.82500000443
2658.4750000022095
4760.500000004565
4486.525000004636
2100.499999999185
1916.7249999997225
5935.12500000637
5316.9500000054
4870.650000004917
6719.700000011548
9599.45000001739
1642.9999999995528
2326.7749999989796
4906.700000006302
5078.750000005026
1673.6249999995734
4387.500000004898
4875.750000004282
3968.2000000043176
4632.9750000058375
4538.15000000474
7151.3250000084845
5173.250000006146
4431.975000005419
4618.000000005485
4635.650000004517
3723.27500000103
5466.2000000080825
4997.500000004344
4633.425000005134
2697.92500000088
2373.3999999989996
2601.100000000179
4895.450000004922
3171.949999999326
3442.499999999861
3891.350000005178
1995.599999999183
2241.6499999990565
4923.975000005668
3476.950000004208
3889.4000000048877
6772.425000008339
2290.274999999013
5947.375000006902
3751.125000005499
5387.225000007485
6459.150000011183
5996.8500000079375
3467.749999999198
2234.2249999990636
5129.175000005029
3647.4750000019485
3957.1750000035368
6335.700000011151
4625.97500000387
3520.4499999996774
3007.74999999836
3942.4250000044294
6616.875000011003
5344.950000007002
6502.95000000921
4615.7250000008435
2348.0499999989925
5851.450000006712
5792.925000006907
4011.6500000050683
6876.175000011181
6803.950000010345
2639.5499999991557
3104.4999999999127
2856.4999999999654
2067.499999999215
6949.9500000107055
4596.224999999897
3680.175000002329
1591.8749999996476
3056.4750000003073
2190.724999999428
5601.825000008224
5231.450000003959
1850.4249999993744
2895.8750000015016
4723.400000004542
3137.475000001133
2054.124999999227
4011.2250000052654
1874.2749999992502
8044.200000014623
3163.1749999999956
1520.1749999997128
4814.7500000057025
2137.4749999991514
3011.174999999601
2891.6749999992135
2254.7499999990446
1625.4749999995574
2410.974999998903
4202.375000002429
7109.850000010386
5037.725000003984
5878.7000000090975
5067.200000005072
1508.0999999996486
4509.200000005255
3067.799999998305
2419.0499999995304
3030.7500000012974
7047.97500001017
2070.224999999181
2281.974999999275
3622.6750000004504
4528.275000000366
4794.475000005119
3700.4000000014817
7218.875000012173
2422.199999999658
7256.65000001163
2094.9249999991903
1392.9749999997648
5109.00000000553
1895.2499999993104
2994.3750000014006
4399.975000005312
3272.875000001652
4118.500000002632
4985.9000000054275
3320.550000000452
1763.0249999994921
1634.649999999609
3042.4999999983283
3427.274999999696
3822.3500000056497
2311.0000000007
2022.6999999992559
2856.7249999985647
3192.7500000003793
5353.975000004693
1999.6499999995267
2757.4499999988284
3917.2500000051546
3334.200000001397
4733.675000000936
1776.1749999994802
4899.5000000057
1703.7499999995457
5610.675000005047
4429.47500000426
5820.200000006084
2491.2499999989996
2384.9999999989263
3116.699999998583
8918.67500001517
4203.400000005071
4657.550000004481
2756.224999998589
5361.675000006127
7668.200000012874
3350.4000000025485
4973.17500000479
4697.375000003063
2244.000000000163
7311.825000011307
7552.000000011318
3331.174999999659
4464.450000006538
3052.2500000008285
3913.1500000025953
1703.72499999951
3639.09999999914
1770.1999999994855
3049.699999999717
1802.0499999993217
1837.9499999993918
2720.824999998671
6774.650000007276
5812.675000005209
3766.2500000004065
4634.825000002406
7792.250000013818
1654.22499999944
4112.049999999192
3408.2749999992275
2472.9999999988468
2050.774999999217
2547.6999999987784
2756.224999998768
4196.025000002998
1996.1499999992802
1761.6499999994107
2008.149999999269
3899.9000000053297
1805.3999999993794
5196.950000005903
3363.6750000002453
5790.700000004046
5882.400000006789
3260.625000000339
2198.949999999546
2350.499999999021
5420.675000004967
3833.0000000020837
3856.9250000056427
5583.975000006105
4716.850000005332
2458.1999999988598
3700.6500000053516
4457.62500000533
2403.999999998909
3524.475000000889
2724.0249999997955
2737.4999999991396
3918.0250000009905
2846.824999999323
5061.000000003394
4279.875000005999
2322.574999998983
4590.000000004543
3436.475000001141
3414.4749999988567
3579.2000000035714
4386.225000005477
3023.4000000031815
2081.974999999202
2748.4499999994973
4463.67500000467
4090.2750000051424
2577.7749999991024
7444.700000011797
1341.649999999841
3378.5750000005337
4427.650000005253
5326.750000004918
2000.6499999991945
4035.9750000022623
1738.9999999994325
1920.7999999993485
2762.724999998583
5139.475000005428
3900.450000003095
5651.475000005778
3290.2250000005174
4385.675000005338
5508.525000005158
2775.474999998808
8373.100000013681
3710.4000000022834
5734.975000004508
3415.900000000549
4582.200000005464
1840.9249999994213
2628.9749999987043
1768.4249999994472
2952.9250000026896
2086.6499999991975
2531.7749999992757
3295.025000003445
5248.750000005024
5001.000000003103
3983.724999999508
3350.1500000001506
4865.42500000447
2292.749999999145
1588.3749999995293
4260.475000005389
4690.675000005032
3806.50000000183
3445.175000003133
2636.4749999986975
2373.499999998937
3972.3750000057144
3930.40000000527
3929.9249999999893
3837.7500000057125
5372.6500000056985
4985.1750000049105
4598.725000005794
6597.425000010506
5394.900000006646
1838.5000000000741
3865.4499999996515
4055.6750000050283
2591.4999999987385
1540.8249999996174
5714.050000006662
5298.025000003388
2926.9999999984334
4698.550000004305
6175.750000007323
5513.950000004987
3050.99999999832
4812.000000004721
1751.7499999994197
3959.5250000025476
1649.8249999995724
3337.749999999979
4525.300000004601
6491.225000011238
2256.4500000004246
3787.47499999892
3920.9000000056153
6475.3250000076705
7032.6250000109785
7279.700000011891
3303.250000000159
4093.700000004225
8202.425000012308
2901.2000000020603
2551.924999998774
3143.974999998236
3544.4500000014586
5454.475000003815
1342.224999999829
5598.950000004555
5495.275000004521
4721.925000001805
4779.700000004662
4589.675000005274
1680.674999999567
1992.4249999992833
4124.175000004966
4954.900000002658
7187.675000010429
5862.07500000993
2133.4499999991112
2330.8999999992225
1403.3999999997113
2324.3499999989817
3061.7749999983107
4888.725000005993
4909.4750000051845
5066.72500000556
5345.625000007352
3059.275000000381
3979.750000005294
4802.725000004519
3456.200000002799
4239.400000002835
5848.400000004849
2285.3999999989483
2685.4250000011225
4473.8500000054355
3456.1750000023085
2999.4499999988
1157.3999999999319
3643.500000003064
2463.3249999997684
2955.175000000022
2412.49999999901
6617.150000008892
2422.424999999576
2799.25000000127
4199.425000005934
2098.249999999187
5684.225000005697
1231.949999999882
2663.499999999355
2592.7999999987373
2025.924999999253
4911.500000002285
3311.1499999996595
4951.675000004796
5613.175000009482
5162.675000007241
5405.475000004938
2286.274999999016
1842.1249999994186
1859.6499999993152
4394.175000005396
4934.675000006959
4647.950000004676
2561.249999998766
4337.200000000848
2386.399999999927
6938.225000008633
3861.0000000025343
3563.875000003789
2199.674999998989
6893.000000011332
2392.4499999989193
6615.400000010877
2564.800000000351
3394.549999998743
5469.2000000080825
2456.674999998843
3843.425000005948
4490.725000005726
1880.2249999993796
2322.7749999992097
2631.0250000002616
2898.1999999984596
2387.999999998861
4175.725000004185
1652.3749999995925
3101.02500000098
3147.9999999997253
4832.475000004308
1496.6999999996228
4412.650000005751
3175.4000000021097
4356.225000005519
3198.7499999981865
7355.62500001216
4191.550000000232
3931.1000000058025
2162.474999999129
2876.174999998598
3839.0000000058963
4655.25000000523
3403.924999999276
2267.375000000525
2507.2749999988155
2571.674999998757
5218.200000005769
2989.4499999993577
4984.725000005525
3439.1250000029936
3384.4250000006587
2015.949999999154
5751.750000004968
6740.950000011468
2979.9000000021733
2087.8999999998723
6625.100000008194
4453.225000005585
4071.450000003861
6130.525000008434
4395.200000004719
2409.7499999992438
6775.65000001143
3978.0000000052987
4051.450000006084
6439.625000009348
3302.9499999980912
2924.999999998736
5960.950000006589
2818.724999999481
2513.6499999991183
4576.250000005347
1832.9499999994046
1941.24999999933
3031.7250000002878
3898.1250000007144
1604.9749999996359
7253.550000010619
4134.725000005556
3789.27500000127
2377.149999999775
3067.000000000424
4123.925000001695
3088.1500000018877
3048.45000000008
3276.249999998624
1936.1499999993348
4527.200000005773
3294.750000000264
5585.975000002791
2030.499999999212
4393.425000005514
2518.1499999988055
2124.999999999544
3286.0249999981356
6126.775000009925
1959.0999999992914
1511.674999999715
1738.999999999357
2530.449999998794
4640.725000004688
7056.975000009179
2471.799999998848
2147.2249999991427
2459.5249999990706
7295.350000012548
4034.025000002501
3376.900000003177
6081.725000008017
2338.4499999989685
2772.17500000019
4269.750000005297
6830.6750000080965
3492.1750000016077
4235.425000002625
3193.075000000774
2991.7499999993024
3913.900000005702
4404.150000004826
2689.3999999986813
1718.6249999994789
2098.6749999991225
7556.175000011851
2016.0249999992552
2860.7499999984684
4922.925000002245
4014.6500000050655
4448.925000005801
3824.6500000010556
3189.499999999847
3969.1750000061656
2942.524999998419
2309.699999998941
4490.700000004816
2411.699999998828
3685.2000000014104
2302.4749999990017
1947.6749999992883
2284.7999999990175
3436.525000001971
1756.7249999994465
4391.55000000504
2302.6749999989506
4855.975000004603
2554.4749999995333
5176.150000005107
2176.449999999969
2490.724999999578
4207.975000000882
1592.7499999994589
4616.900000004263
3594.9750000018676
3926.7000000018134
5561.300000003484
4112.700000005629
3764.250000000121
6467.725000010978
1813.1749999994463
6442.400000010708
4244.000000000005
6366.250000007423
4668.4000000058295
5362.225000006589
2867.17499999893
6146.850000007519
4369.425000004556
2580.875000000912
2290.0499999989875
3132.200000000419
4483.025000002602
2602.475000000435
2885.649999999251
4361.675000003848
7765.775000011608
6544.600000011398
2098.199999999187
5086.175000004545
8201.925000012307
4491.725000004844
4815.425000006357
9415.650000016723
2723.9250000009706
4507.625000004797
2510.4999999989877
3848.9250000023812
1692.1749999995563
3891.4500000014555
3304.97499999809
1542.349999999693
4743.950000004674
2360.325000000501
2357.6499999989173
6563.225000010986
3658.025000003021
5572.450000008414
2970.4000000025585
5813.275000006479
4692.275000005283
2567.0250000005362
7428.450000010718
4167.425000004927
1765.4499999994346
4061.2000000034045
3192.999999999705
2235.9749999990618
4210.25000000272
3534.2499999993315
4089.4250000027605
3015.2999999986782
2737.849999998605
4388.950000005853
1331.2249999997866
6369.700000011259
3973.0000000052696
1312.124999999824
3352.7500000008663
2156.1749999991384
4908.925000005551
3578.2000000014464
5410.425000005837
3476.2749999996404
4724.725000004719
2702.024999998766
1669.524999999577
3087.8249999982872
4246.700000005027
2532.3999999991497
2772.0499999987505
5014.000000002787
6968.250000009196
3445.7000000005573
3789.775000001492
6938.425000011779
5603.525000005349
2916.649999998443
5071.525000002561
2412.9499999992317
2957.9499999995305
5139.925000004224
7119.650000011443
1963.0249999993102
5838.475000008875
2504.9999999990187
2553.0250000011556
3265.175000001934
6035.850000010362
4188.475000003849
2992.0249999992147
1852.7499999993029
9426.950000016763
3262.425000001927
6507.97500001123
3625.3500000014055
5548.450000006678
6869.375000011412
2140.4499999996187
1699.6999999995496
4697.200000005342
2595.699999998715
2341.2249999989635
3822.7499999999345
2289.9499999989835
2683.3749999990177
4378.100000004653
2101.1499999991847
4017.7250000052145
2591.2749999987386
4733.200000005509
2952.1749999993563
3615.9500000001844
5845.550000007331
2829.6250000003347
5089.2250000040885
2972.7999999993085
4166.500000005946
3673.2500000060254
7179.075000010882
6439.17500001213
4549.775000004579
1697.7499999994411
3994.1750000011402
5911.950000007324
2788.625000000143
4849.200000004538
6147.900000010732
4515.9750000031345
2673.3750000014697
7594.325000012119
2644.4999999986903
3566.325000004952
2873.0249999986736
2826.5749999985246
4510.100000001518
4356.650000004825
5483.750000006636
4206.0250000050955
1825.0999999994356
5634.87500000657
1985.2749999992898
5229.650000004692
2068.1249999992147
4843.525000004493
5387.700000005866
2973.724999998482
2432.574999998883
1714.17499999953
4598.150000004692
3909.1000000056856
2478.0499999988415
5242.775000006383
4921.900000007215
4371.125000005526
5494.45000000624
5880.12500000671
4619.625000005959
5939.225000009165
2171.7249999991204
2844.5000000010896
2329.1999999994187
2669.4250000012153
4071.2250000039776
5636.650000006408
2065.224999999142
6207.700000009754
5466.475000006778
7471.200000013148
2019.4749999992546
6770.425000008972
3289.4000000003034
5483.72500000585
3200.1750000007883
3853.7750000025503
6993.450000007911
4315.250000004263
4131.425000003724
4393.6750000047205
4755.925000005474
5213.150000006388
1774.4499999993961
7658.925000010331
3945.9500000056114
2770.424999998635
7097.850000010054
3820.925000005661
2197.249999999097
5237.300000005309
4584.550000005571
4179.675000003701
5740.425000005076
3096.3750000020927
5004.475000004875
1783.2499999994736
3713.7000000027338
2610.174999998722
5668.7250000091735
2952.850000003607
3578.6999999997033
5047.100000005519
1888.9499999993548
2001.7749999992748
5415.475000005663
8079.100000012888
1738.1749999995145
7155.25000000861
5868.475000004654
1916.174999999347
6411.200000009249
9360.875000016524
3795.2500000058035
3991.500000005666
2893.699999998673
3040.699999998504
4244.925000002253
4622.475000002674
5310.725000007683
3597.875000001915
4199.1750000053735
1709.4499999994337
3114.7499999982624
1143.3499999999513
3133.599999998279
1637.1999999996065
3037.8250000012367
4158.000000000226
4310.525000001001
4116.350000006123
6133.325000007026
1762.2749999993089
5034.450000007664
5455.175000004746
4100.000000004988
2562.87500000038
4804.475000004271
1915.6749999993012
2601.1749999987296
4190.675000003809
1558.2999999996782
2604.6999999988416
3167.3500000027198
5072.575000003508
6304.625000009021
7803.650000013107
2783.524999999391
3342.8999999986595
4380.9250000052625
7542.650000011308
4119.900000005428
4103.500000000222
3728.200000001312
7000.225000008467
3296.925000003096
9005.475000017394
2871.9749999993032
4720.750000001788
4150.9250000048805
2755.275000001686
3560.9500000006483
3771.3500000045196
3084.4250000014154
2431.724999998884
1988.4249999992871
3465.9499999985833
4225.9500000024545
7059.775000010576
2501.99999999882
5953.900000005464
3026.499999998855
1816.5749999994434
5603.475000006359
2356.949999999949
6186.175000008509
4620.675000005144
2403.3999999991893
5043.425000005721
3664.9500000025882
3522.7000000002167
3210.2249999983887
2318.200000000417
2100.475000000051
3233.4249999984936
3247.9250000003267
4538.175000002797
7053.450000011069
2458.9499999988593
5472.250000007622
6225.975000006692
2972.150000001345
3374.7750000005094
7025.225000011686
5050.525000004199
4368.750000002597
2813.4500000003695
5376.225000006161
1906.974999999361
4511.225000005327
4240.475000005719
4091.925000004995
6885.700000009427
2575.674999999939
3920.400000006245
5549.00000000654
3821.925000002694
1813.9749999994456
5119.600000007269
5038.000000005242
3128.799999998715
4589.950000004542
4920.425000005228
4238.725000001669
5445.450000005451
2296.199999999007
5828.400000008283
6589.475000011622
3113.6749999988583
4775.850000004373
2624.199999999062
5000.750000005461
3613.4500000045628
1803.9499999994548
4863.000000004294
1963.9749999993096
2926.4499999994296
3850.200000001917
3275.3999999998105
3698.2250000023573
5279.62500000322
4049.575000003487
4640.200000003266
3053.699999998534
6138.150000010648
3996.4750000050817
3963.8750000001432
4924.650000005505
7476.900000010855
5328.500000004464
3008.2749999990638
2590.1749999997855
5254.275000004711
3480.00000000177
2999.249999998796
4882.825000004502
1840.5499999993733
5388.350000004647
2642.1750000002535
2545.7999999991443
4667.925000002898
4193.950000005057
3396.674999999824
3720.650000000724
3150.4749999989635
4336.150000005822
6933.800000007694
5628.67500000908
2800.200000000554
5450.225000004875
2804.950000002406
4549.925000000094
6357.025000009764
5328.225000005427
5899.750000006224
6315.225000006336
2967.2749999996463
2386.249999998925
4542.500000004765
5068.575000006263
4822.475000005506
1870.4499999993166
4996.975000004365
3996.2250000026424
3454.2000000035678
3368.699999999986
5281.700000002716
5589.275000004017
4669.425000005384
4782.400000006502
