2349.2454300016457
1959.7384300013398
1236.9731800006127
1338.7508499995477
1055.2010199997667
1937.6790600014303
1577.8420799993896
1268.7984600001685
1156.7002199996537
1561.276119999606
1986.339569999661
2156.578430001982
1824.045959999753
2150.194380001125
1919.9354300003658
2664.5566400013063
2408.395590000856
1150.1836799994567
1552.6450399997393
2570.7279800015576
1492.2868500000495
2232.7137600005926
1576.8733199994101
2163.9459800010363
1594.993779999601
2418.031700001058
2045.2804600002962
1207.5270099996771
1666.8798200003207
2417.900750000642
1918.2586500013465
2243.980090000773
2027.0242600007637
1627.3440100002108
2045.7564800005625
1143.9412099996357
2638.427740001529
1806.3950899997633
1676.602470000028
2207.4407500009042
2259.8973800005274
1292.1516899993774
2028.2688000016437
2706.693150002218
1155.9270899997935
2068.902000000298
1796.1168599997793
2394.255140000695
1387.2555899996246
1789.8149600009313
1891.0068399999866
2300.337530001198
1568.916000000042
1749.0085900002161
1523.284699999686
1987.4596400000335
2277.9598400011128
2196.5020000006766
1658.0479499999417
1165.8856600005454
1665.1943400000594
2881.7010500017604
1556.6714299994535
1164.6285799995621
1865.1329200004598
1202.623469999811
1948.4856100000875
2336.944240000092
1458.3545199995756
1823.1914900001052
1264.4927699999687
1343.162269999796
1132.0872300003186
2569.5329500023618
1433.8320800006768
1955.8957500007848
1842.851470000024
2922.355670002161
2034.2690900004468
2758.4760200019514
1529.957829999805
1765.5998000000393
1497.454929999757
1931.5226600005108
2393.926510000588
1357.8132100002401
1543.3578899999632
2143.1874599998855
1776.117369999578
1477.8192299999778
1869.7856800009642
2521.146350001285
2172.7068800002553
1610.7156099998153
1274.2344299993983
1462.54094000126
1232.4445400012812
1839.4092200001694
2525.8894400009435
1138.4900399995402
1584.262180000817
2716.4116800021684
1479.9502599994528
1138.0656399995964
2124.582180001671
1538.4870100006895
1861.0563200001143
2985.9582100024018
3554.2110900038188
1503.8817399996844
1835.5998699995816
1444.0903800009723
2884.091440001021
1271.5144299995618
1780.2967800002973
2655.5485300020355
1707.4012499995922
1750.197870000114
1468.6253800001373
2108.7498500010543
2073.5887200010716
1714.6144500000912
1257.7391700001444
1852.845030000917
2313.459650000717
1567.2264600002777
2497.771420001185
1738.0946400004746
1384.9262199996765
1731.8487599997275
1447.9322899995357
2797.399630001597
1911.8411600005848
1484.2391300002962
2429.4509700008966
1170.353099999752
1859.117489999651
1804.8137100001925
1196.000610000044
1178.8064899999997
3547.71396000387
1519.9141099994645
1887.3866399998403
1673.6393799993302
2010.6203800004375
3241.7291500035954
2140.1293900009996
2577.8958100010573
1514.3019699996187
2465.753200001772
1754.0213899998446
1480.0050800003764
1933.9425700005065
2165.3284200001926
2076.0165800005975
2325.6211300002656
2765.450440001744
2628.9420200010295
1983.7374700009648
1884.600790000577
2655.222120002305
1527.7569099998002
1760.108770001132
1902.5033400007344
1818.3706499997934
1260.7785700005509
4337.731490005909
1316.840029999964
1587.7579100001117
2141.4501700000856
1353.338489999426
2199.3889300009487
2338.690070001374
1542.0987200002783
1287.7264499994128
2034.7877599996127
1398.548589999774
2349.353510000356
2541.152580000954
1391.9950299995808
1565.5102799998558
1480.3428400001255
1606.0118000005207
2159.0434099996664
1391.3662399999885
1478.077589999382
2057.640850001999
2515.918750000957
1355.86390999937
1135.0712700002114
1505.9104299996536
2109.7072700006206
2446.4528100006723
1662.9942799994951
1302.519079999658
1503.8672999997302
2088.2079900013846
2791.745820002077
1807.251800000023
2756.55482000293
2118.121440001507
1363.2399599993691
1093.4173400001446
1939.1997300010144
1619.4606900000256
1134.4518300002806
2275.4831200017898
1377.6923699999647
1299.7341800001157
2196.276870001615
2389.206890001504
2766.7127100015764
2230.186789999885
1248.2316600006552
1769.2410099998604
2142.444300000553
1510.7748299995158
1288.070139999477
2026.5423900002738
1344.2677399994009
1581.6672100000405
2022.5117700004735
1758.4058100002396
1543.8438599999636
1624.5747100010135
2315.643000000933
1442.863789999609
1549.6982699994892
1960.346410000659
2458.56288000028
1268.4098299994157
1176.6541999998633
1405.9379799997164
2208.7924099998963
1581.5953399996265
2412.9869400020066
1354.6361399997147
2074.661040000036
2230.237510000332
1536.9027000003055
1944.7990600003882
1367.5512999996915
1959.5978100007892
1632.7324699995745
3156.648850002477
1642.7957999999326
1142.7740400002149
1556.4749199997989
1168.3225899999438
894.1600999998823
3070.719140004959
1418.4446499996377
2539.5146300007245
1514.1338200000703
2308.6976000013206
1955.4452900005197
1258.093359999971
1903.5106000000605
2191.880109999731
1385.6650399996217
2174.7504300007727
3454.6043800024227
2277.5969200006275
1452.8299400001404
970.9553800001679
1358.7336100002012
981.648419999659
1638.5585200002672
1375.464369999679
2013.018350000362
1292.627209999483
1010.7369399996523
1907.2277799998876
2046.3216300018667
2840.7418800033947
2345.0291400007827
2308.763350000651
3002.730240002773
1256.5864099995808
2455.740480001456
2299.111490000751
2137.2816200002244
1599.964569999466
1557.5232999995985
1481.1308099998184
1650.9644400004775
1719.7021099997512
1370.416789999655
1408.0604799993494
1968.0750499995927
1495.850849999428
2060.3477500002414
1603.0014599998137
3210.3549500025692
2151.381870000603
1933.8172200005583
1364.1214499996995
1253.350059999799
2215.1838200003526
1074.2491199999506
1471.2009199994231
2831.183920001343
2893.196810002703
1680.6927299999495
1869.5080999994548
1309.3108900000295
1488.1214599998586
2132.55273000115
1933.6258000000498
1482.7702500000844
2127.6882900003716
1454.5482300001677
1792.4601799996935
1795.4641799998935
1760.4373600003105
1816.4765700000714
1584.2610900000204
1868.7945600000985
1137.1434499999086
1292.7433200006249
1129.2187099998678
1307.9744799995576
1704.1257099997904
2007.815290000619
1660.1775699997775
1960.7351099996138
2010.7879900009168
1125.4127599994954
2102.9883799997797
1627.1971900003011
1883.649759999931
1129.230769999653
1983.3351800002683
1394.5303499994711
1547.0870000000443
1513.7532999999335
2233.5468800008307
1465.1661900001823
1495.5913700008778
1402.841320000244
1207.468590000576
2390.6145200018645
1402.097020000131
2877.7886100036535
2170.41651000058
2747.288630001202
1875.6715700003497
1474.2783199999203
1156.9961199996164
1668.0750899997847
1108.234589999592
1330.6368799997747
1846.156789999521
1726.2445700000555
1467.1330799992843
1494.0649100003532
1828.3598600008493
2401.5615200005577
2114.397980000728
2042.4675100014533
1422.2237699997381
1056.9098599995518
1717.2479799997586
1461.7410000010727
1916.8149100006922
1751.0248900000342
1580.1524300000822
1922.7075400002398
1586.061780000228
1287.5733300000886
2137.910270000833
1843.8274399997788
2358.1565100012845
1299.923360000233
1700.0388600002243
2112.3940700013236
3618.6703900047123
1190.8350399996
1972.8856500000227
1850.9750499995002
1179.3514999996817
1143.0252199995955
2804.1509300005564
3104.4875100033196
1686.1219599999574
1882.8626800004276
808.3445600004643
2181.4817000019266
1675.3809600007608
2418.0008600015512
1188.894839999731
2582.218870000816
1355.071489999386
1801.3187599999305
2249.7283900003986
3691.0603600037957
1287.8169099998036
1462.9661000000788
1569.6477100001468
1798.271830000737
2237.3962900005336
2631.34168000199
1728.9090200004782
857.5228800002703
2446.6461400022104
2415.760030000671
2039.4656600002359
2382.145250001564
1972.812440000036
3800.9327200050047
1357.7938899993671
2117.347260001597
1865.8685600010178
1792.0537100005054
2189.2460700011056
2084.370580000814
1682.2610199993264
1215.5802399995243
1889.0887499998735
2303.0459300005027
2372.5547300018043
1684.443620000577
1098.8702199996405
1625.0561999996735
1313.6005899994332
1811.7517999998004
1722.5206099996547
2160.100870001943
2727.2640300005482
2937.397020001893
1763.7643300009095
2577.7937000010256
2287.817070000178
1712.4293700008309
1390.0819600000227
1522.0508400005917
3120.165090003006
1556.330939999861
1410.0335099998128
1540.5575399999043
1823.621589999542
1205.862740000115
1146.607829999486
1273.8599500000216
2039.5439899999394
1924.5384600000668
1489.264369999907
2503.2941200015925
1732.6095499997793
1471.721989999557
1263.5128799999218
1771.590799999679
1984.216250002135
1112.1045999994953
1578.235629999957
1499.0883700000177
1144.5079599995208
1705.7499800010025
1293.359110000015
2472.5484100006374
1819.5567300006462
1462.9069700005336
1733.6699899998814
2052.851300000432
1644.928869999738
1669.2966499994398
1539.629430000196
763.7276000003412
1844.2862300004556
1239.7179899999046
1962.0279600001827
1677.8016899993534
2940.101170002664
1575.2884399999557
1991.5567899997593
1574.2891699997622
2052.3798500010157
1539.232949999776
2387.741600002432
1999.4388099997336
2202.3416900008147
3831.446670003344
1713.827700000269
1351.4008999995335
1511.7541200005476
1313.4160899994874
1282.5851999995687
1893.410830000349
1398.524069999725
1357.712059999808
1545.673090001016
1339.720759999601
1904.2500000002176
1394.1160199999317
3455.526510002169
1301.0049899993855
1316.5177600000816
1333.117280000086
1828.828680001403
2044.576430000824
3417.3506900024977
2348.4814300003845
1201.9062499995534
1676.8862499994846
1867.3508500002501
1409.2598400002585
1680.9282699998703
2090.7868599997487
1582.9072799996034
1657.1018400003734
2028.296620000312
1557.557240000263
2342.2348500000926
1064.849119999871
2082.1206200003326
1830.4248300000843
1572.1620599995142
2794.326890002174
3014.8580700026
1458.5831099997936
1413.5406800000264
1580.8295900007727
1371.754999999749
2793.962560000831
1862.9301200000377
2153.271110001495
1443.467950000197
2772.8371700020025
2114.8712599996134
1663.4778799995659
1465.2164700010703
1622.4165900004002
1756.4293600002645
2590.7069700005113
1393.916249999745
1690.3018499996208
1608.6499800005631
1406.5687599993785
1456.2174899996533
2076.2366500002695
1284.2616600001265
1313.324089999422
3265.4494600038092
1669.6932899998415
1947.9699800006836
1416.0112399998898
2089.753930000349
1464.785400000188
1126.5485600000075
1416.1685299999476
1889.8195700001338
1571.073929999346
1795.3939999996917
1699.4100499996632
1473.305450000374
984.987509999592
1891.3739600003435
1182.7300599998714
1375.8044299997332
1963.6888799997623
1293.5280000005887
1714.512619999778
1323.7289199994557
1560.4395899997141
1576.4465799996449
1878.9276000019163
2779.2842300022457
1508.566089999856
1860.9630599995905
1788.6607499999614
2313.708010001687
1599.8822699999023
1366.7654100001039
2767.082330002161
1211.1412099998083
1272.5975599997798
1025.018440000184
1866.867020001242
1998.5113500001576
1731.0544999997283
2017.0517300000504
2260.214880000526
1166.6108900002507
881.5333800002683
1786.403270000145
1358.5791299994191
1649.034369999959
2340.819300002077
1155.5759899996178
1769.2535899996676
2658.956800002143
2135.251860000234
1953.6171299997536
2066.9242200009076
1518.733369999745
1599.0341299996944
1990.857210000064
1802.0418899999158
1660.1980200005485
1290.293559999537
2039.0720700001477
1394.5419999996468
1210.7822499997023
1307.9856999996014
1112.9273999999984
1442.2202999996682
1294.1898900001097
1762.996550000277
2673.0351200004334
1539.3226200002123
2147.712740000386
1325.4741099994662
1661.238979999689
2340.7348099998953
1063.6182099995913
2029.5312800008576
2334.525350001375
1971.9184300007169
2899.9966900016925
1307.4702499996204
2609.8262900007335
1729.9960800001056
1772.2479199996953
2258.4747199999083
1379.7186400003134
2025.5459300006662
1720.8681400007108
2204.0388300010873
1942.9241800003772
3213.5277500019974
2187.3323800009275
1487.1125099993997
1575.8589099996568
1515.214520000144
1462.4495200003003
1611.214119999866
1357.8369299996018
1911.9242499997533
2401.933970001317
2294.633340000564
1504.2426199997071
2800.6346100020473
3365.1405900037535
2070.583980000875
1442.389640000848
4786.172590005151
1354.2822099998627
1200.9921000002798
1531.7871900001812
1920.7596299992974
1269.2169499995007
2755.58538000284
1540.9399800002218
1542.824779999555
1679.546680000574
2058.181479999899
1596.206529999579
2253.2404500005
2576.0971100008887
2210.074380000482
1203.5126699998602
2090.91120000015
1867.2466100000065
1607.930789999713
2219.5743000019306
2290.8085600005043
1492.904469999803
1583.4120599998369
1605.3547399998442
1621.5284499997942
2089.7114300012777
2025.2205099996581
1125.9822400003793
1959.8266100004041
2024.8575999996963
1653.169329999952
1371.3060099993952
2492.9665500009364
2126.122020001454
1270.9143299994291
1362.4059199999967
1309.7761699997352
2043.4807400003517
1983.9579499998667
1885.8016200004806
1322.9444000001513
2925.308070001167
1376.4599300001687
1266.4866699996135
1942.50779000068
2324.5726000002846
1534.4624999997304
1844.0777699997147
2203.341740000765
1165.9362600006205
999.2922799999584
2148.5920100003086
2154.1045500007367
2491.36802000243
2050.7584200001647
2268.197670002172
1578.9955399996827
1904.172289999867
2396.4537900015307
3645.7465200020506
1612.0109999994859
1250.7281399997296
1596.608419999683
1480.136539999591
1792.7506299994002
1005.5801900004799
1200.5442500004285
1806.8903299995288
1609.9705399997051
3096.6020400021494
2005.7443199998722
1633.9350400017972
2476.758660000837
2162.163360001375
2315.328890000877
1432.379189999562
1300.1115199994613
2158.419770000486
1718.3843300002266
1310.146569999743
2165.4251700012214
1387.9383599997566
1721.717269999974
1788.6700900001968
1868.933549999899
1430.9455700000437
868.7933799998327
1805.4704500004893
1124.2604199999985
2166.103850000487
1651.024910000575
1318.8207499999774
2642.168340000519
1979.1658500000997
1889.3041800005435
1332.9465199993472
2592.4596500012217
1300.8684300002246
2205.7913500003615
1381.7726199995743
2020.2700499996042
2104.6135000005042
1225.9654699998578
2760.5984700007534
1999.9027200001294
1808.2219100016744
1564.7930999998969
2590.0629900029157
1441.6706199996895
1945.5101599996094
1454.6075399998965
2256.594910000505
2485.9488900014244
1347.0031399997526
1965.2731300014564
1397.2235800011047
1503.6228399996533
1489.7833500003371
1631.549849999572
2000.901790001035
1827.0063100001287
1143.2501000004884
2162.7863400008396
1954.8368400002996
1522.4678999995847
1503.6559299995433
1758.0491799996723
1334.349009999847
1499.6600099997243
1834.1264900001815
2334.6870800002803
1762.1928300008433
1330.3611000004278
2249.9721000003756
2124.52100000092
2168.3167400005677
1077.8488299996216
1234.0064700000617
1917.246879999974
1044.8788399999748
1782.7676999995178
2038.1285900015587
1957.4106300000792
2289.394790000961
2358.4587600008563
1606.659380001587
1537.9800099997342
2404.0577700017484
2066.2718999999274
2283.4028400013485
1586.4836799995915
1360.3847900002418
2845.4010200023317
1742.3320800001218
1728.5373600001385
2919.416430002172
1660.4471600001914
1563.2871800004878
1721.6929499997389
3588.363590004101
1412.9740700000582
2192.419660000176
1240.1713900005277
1405.0593499996426
1678.4087099998142
2671.169200001356
1778.5842999999097
2857.683570001245
2767.7268600021885
1679.8787999994943
1654.3171399999578
1613.0670699994287
1654.5582800000973
1698.924839999966
1614.0581000001996
1286.0469399998713
2154.2536000009673
2271.5626600007977
1165.7081199995657
1866.8230899997884
1797.5633600011997
3032.2435100042167
1545.664399999824
2498.0859600021895
1927.3622000010294
1349.4285799995569
3197.126480002686
2534.806760002878
1632.3381899993763
1659.2108699996256
1628.5817699996953
1663.4860099997254
2145.5287900008484
3051.479940001361
1860.5145700004648
1573.0496100006283
1596.5308099996944
1583.8637699996827
1927.4366600005517
1194.4488899994371
1551.6942600004074
1191.8755699995286
1545.2911799998783
1615.5431600001639
2108.7716800011553
1646.6168399998364
2415.200790001766
1299.2907699997406
1069.081180000085
2727.8594500013546
2372.9616000006204
1803.3478099996635
1238.0596599999988
1631.342110000051
1387.4473599998962
2215.389999999708
1470.5213499994663
1785.8826900004071
1527.38679999952
3060.997920002106
1856.041680000334
2706.4676800016127
1549.282429999681
2027.1778299996267
2335.0796700014216
2193.5230700019038
2020.7421200000397
2491.4055700006575
1525.6216900000209
2725.1290900027075
1260.0022599997951
1404.4168600008934
1453.4269300004794
2566.5513000005653
1348.8400999999087
1574.2691000001764
2050.280150000103
1121.5198500000502
1718.7333699995966
1413.1572699996223
1715.7812099998735
1637.6373500003383
2099.523570000298
2987.584120003003
2258.1221800002445
2785.6017700021657
1534.7785500001876
1518.087319999407
3715.1696700051107
1476.4438099994652
1358.214670000201
1677.87725000061
1507.795979999572
2494.094600000613
2347.8243099998167
2277.2939600009986
2127.9117700005277
1256.1105299998706
1312.9032499994312
2165.8024900008577
1682.6275899997584
1334.121770000084
2381.72142000068
1885.3041900001044
2247.961450000838
2094.3909100011333
1611.1997399996649
2032.2770000006985
1591.8112000007604
2724.5987200013997
1992.3265800012978
1638.4457699997522
3006.797460001648
1476.8961499994589
1638.1105400003219
1474.2637299996522
1921.6317599998638
2885.009540001685
1779.549600000064
2167.1383399999295
2716.718350002928
1686.0208100001491
1569.5866499996005
2018.3640800006624
2262.1918600000336
2271.4590600004744
2488.8045600013384
1952.251219999784
2421.3298100002467
1426.157830000466
1165.480959999829
2184.4614900007678
2001.1517000011127
1542.3601800003203
2539.1613700023836
1551.131699999546
1625.6473400003015
1544.8282099998003
1764.4170299994887
2567.81462000148
1842.3951299998225
1890.12386
1606.0751900002447
1596.0351799997118
2604.344810000884
2660.945340001248
2329.514400000333
1591.170220000324
2254.2532800006957
1664.2807600006447
2138.3886699997356
2195.826850000695
1690.8206000002913
3207.611130003513
2296.1984500012236
1354.8145900000845
1145.9282599997655
2361.7952900011915
1353.702280000595
1885.134280000008
2855.804710001448
1402.5646699996164
2415.234840001612
2126.1744900003896
1389.4449099996682
2229.7671100003245
1580.7959699998326
1855.2383800001478
2461.7732600011664
1465.151599999833
1539.0522299998913
2372.605510001034
2207.522130000588
1340.302549999572
1755.3610600010995
1511.2866499997388
2530.977420001969
2494.1978100020647
1951.5284200008423
2993.052600002075
2405.0875100009316
2416.443350000689
2296.112570000044
2088.212180000541
1502.764030000389
1326.5543499997868
1609.8403699995145
2295.3487700019687
1325.6820199999631
2390.2438700009607
2085.9756699999502
2475.5466500016414
4215.557970004405
1764.2218499999453
1691.3359900000034
