5452.750000005138
6924.400000010692
4391.950000004857
2231.724999999066
1463.6999999994944
8266.875000012544
1695.874999999553
4161.875000004645
1705.6749999995443
1641.6499999996024
2049.3999999992316
8663.35000001437
3097.225000002378
3824.2000000023786
7246.575000011726
6921.650000010089
6357.1250000095215
1599.6999999994255
2511.4749999992255
4166.250000000358
3094.775000001967
2709.699999999254
1845.624999999417
6628.325000010249
2281.049999999483
3240.774999999435
5491.175000005448
1854.174999999409
3320.8750000028876
4362.475000000368
6482.925000006054
2994.999999998371
5855.625000008231
4122.4500000020225
6003.650000005633
1964.7499999993083
9629.6000000175
3355.9750000008935
2315.9999999989896
4241.925000000447
3850.175000005307
1343.949999999839
6818.000000010891
7787.7000000112275
2977.6500000027772
5348.37500000797
3706.375000004233
3302.6500000014175
2102.9499999991826
4400.6500000047145
3346.3750000026193
4309.675000005327
3281.1500000005126
2451.9999999988654
3681.9500000039757
3452.9749999986216
5913.500000004986
2489.8999999988228
2048.2749999992325
4362.450000000727
5247.400000007567
8817.650000017453
1348.02499999984
1411.199999999701
5410.850000009124
2959.1999999998884
3372.675000002213
3474.1500000015794
1684.949999999563
4308.500000004957
3893.4750000056038
2568.72500000108
5138.975000004597
8872.850000014747
8383.925000016005
3590.1500000033748
4525.675000004744
4639.475000004498
6099.875000009357
8918.150000014912
2534.7499999986785
2823.424999998938
2973.6749999992708
4540.1750000046295
3772.5250000015117
3524.550000000957
3467.675000002527
5514.9500000061735
3371.875000003114
3027.9499999987192
4857.500000003443
6227.4250000108295
2589.2999999987405
2681.4999999993015
1719.6999999994964
6026.4000000098295
4278.725000005318
4356.000000002943
4638.875000004498
2625.4000000021647
4695.975000004567
4437.000000004682
2053.424999999228
1863.7249999996131
5865.625000006116
5271.750000005268
4815.150000004813
6649.400000011421
9532.100000017146
1586.4249999996043
2280.1749999990216
4851.650000006251
5013.975000005057
1617.674999999624
4316.225000004937
4811.550000004341
3920.950000004361
4569.600000005646
4498.650000004761
7093.225000008274
5114.4750000061385
4394.900000005377
4568.775000005339
4563.700000004566
3656.8750000009613
5415.375000007911
4922.700000004386
4577.7500000051095
2660.500000000868
2313.8499999990536
2552.7250000002114
4824.150000004954
3084.4499999992054
3376.9249999997355
3817.0500000052457
1941.3999999992257
2172.974999999119
4866.150000005483
3426.5750000041203
3827.1750000048555
6705.625000008097
2234.4749999990636
5886.400000006812
3696.4000000055157
5342.92500000746
6388.200000011143
5926.450000007842
3384.324999999273
2183.5249999991097
5073.300000005052
3579.6250000018576
3900.000000003479
6268.375000010976
4567.900000003705
3444.1499999997463
2950.2749999984117
3847.400000004516
6541.450000010938
5278.67500000681
6452.950000009136
4541.025000000754
2299.799999999004
5801.150000006584
5737.875000006743
3962.7000000051125
6836.725000011119
6739.92500001036
2574.949999999115
3043.7749999998273
2782.999999999879
2023.4999999992551
6873.150000010515
4540.399999999719
3624.125000002159
1554.4249999996819
2987.600000000358
2140.7749999993316
5555.1500000081505
5163.1500000040205
1809.4499999994114
2857.4000000014457
4675.37500000456
3081.6500000011315
1975.1249999992992
3972.9250000052684
1841.9749999992796
7980.850000014392
3102.4500000000503
1454.449999999773
4770.500000005637
2084.1749999992
2956.449999999555
2819.474999999279
2202.949999999092
1586.8999999995926
2342.0249999989655
4137.175000002458
7055.450000010203
5000.525000003965
5818.2000000091275
5010.750000004893
1466.8249999996822
4459.700000005091
2998.249999998369
2371.6249999994616
2981.5000000013274
6981.4500000100725
2005.7749999992398
2225.9249999992885
3524.700000000382
4456.275000000293
4733.150000005032
3613.4750000015606
7159.925000011957
2378.9249999996337
7199.1750000115135
2035.9999999992438
1352.899999999799
5040.4250000054835
1846.9499999993543
2945.875000001309
4344.950000005282
3190.275000001544
4071.700000002613
4930.275000005267
3237.2500000005284
1711.9749999995383
1582.9749999996557
2968.7499999983957
3343.9249999997137
3787.2000000056296
2274.7250000006716
1983.149999999292
2780.424999998567
3146.2750000003125
5291.950000004686
1951.9249999994229
2677.899999998901
3846.1500000052188
3273.7250000012973
4672.175000000712
1712.7249999995379
4847.7500000055825
1633.07499999961
5529.6750000049815
4376.750000004169
5777.000000005963
2430.724999998974
2307.0749999989976
3080.7749999985353
8791.425000014706
4139.450000005096
4590.550000004542
2714.8249999986265
5291.900000006102
7627.225000012737
3301.475000002458
4926.650000004816
4653.200000002944
2194.750000000052
7259.700000011135
7497.700000011234
3245.4249999994904
4419.600000006389
3010.9250000008255
3845.7500000026353
1663.4499999995464
3556.6749999991557
1720.1749999995309
2975.4749999996275
1758.6999999993611
1786.3749999994388
2648.2499999987367
6725.175000007095
5743.975000005133
3694.5000000004716
4560.000000002168
7734.000000013615
1608.4499999994814
4026.474999999046
3328.4749999993
2385.0499999989265
1990.5499999992444
2507.4999999988154
2707.199999998711
4118.375000002766
1920.9249999993485
1716.249999999452
1956.5249999993162
3838.500000005359
1759.949999999415
5144.15000000583
3309.2000000001412
5716.125000003854
5837.250000006645
3194.9250000003285
2153.1499999995044
2303.724999998952
5355.000000004856
3792.775000001954
3819.4000000056403
5519.9500000061
4644.450000005268
2403.999999998909
3642.325000005404
4408.150000005181
2336.64999999897
3474.4250000009342
2654.9249999998588
2661.2249999989963
3852.975000000993
2795.7499999992815
5019.425000003272
4214.900000005913
2267.574999999033
4524.950000004602
3378.4000000009923
3351.7499999987954
3506.6500000036026
4321.375000005418
2986.9250000031816
2042.1749999992255
2706.6499999995303
4418.675000004634
4046.7250000051613
2530.1749999991453
7363.925000011534
1305.6749999998738
3329.2250000005415
4373.200000005177
5282.200000004794
1958.7249999992328
3977.225000002117
1695.9999999994716
1876.249999999389
2715.724999998625
5059.175000005294
3844.7750000030546
5568.225000005667
3248.2250000005192
4327.525000005318
5441.925000005023
2689.9999999987685
8296.275000013537
3659.075000002246
5667.675000004448
3338.4750000005693
4528.5250000054
1796.7749999994612
2580.474999998749
1732.0999999994547
2904.8750000026976
2006.6249999992706
2477.4249999991766
3248.475000003379
5186.275000004929
4942.250000002927
3916.7249999993
3255.6750000000766
4796.50000000451
2244.1749999990875
1550.9249999995636
4207.150000005387
4638.700000004967
3725.450000001717
3379.1750000030884
2575.0249999987536
2305.7749999989983
3911.925000005695
3876.2000000052703
3867.4249999999442
3788.625000005699
5306.700000005658
4922.400000004707
4538.725000005665
6553.700000010347
5328.950000006629
1807.2250000000195
3820.3249999995182
4015.9750000050644
2555.9249999987705
1487.349999999662
5634.725000006561
5229.6750000034335
2877.274999998479
4637.475000004204
6120.000000007312
5444.650000004784
2967.9249999983963
4742.5500000047105
1699.899999999457
3896.4250000025877
1608.3249999996053
3247.12499999995
4435.900000004683
6433.15000001118
2224.950000000409
3729.3999999988423
3872.9000000056103
6398.650000007545
6986.450000010849
7213.875000011669
3227.9500000001926
4035.2250000041195
8148.150000012112
2836.3250000021
2485.6749999988347
3077.449999998297
3474.1500000014044
5358.65000000372
1286.1249999998745
5548.925000004417
5419.7500000044565
4648.175000001701
4701.175000004703
4532.175000005243
1617.8249999996242
1949.9999999993115
4062.9750000050217
4883.250000002658
7119.5000000103555
5791.325000009814
2090.4249999991507
2270.049999999121
1373.949999999734
2261.474999999039
3017.749999998351
4822.325000005924
4845.825000005205
5014.125000005488
5273.15000000715
2977.7750000003507
3906.6500000053093
4748.2250000045415
3402.100000002751
4190.2250000027
5795.925000004727
2230.174999998999
2639.950000001045
4420.950000005389
3415.000000002346
2948.224999998687
1113.1249999999723
3593.2000000030393
2399.674999999821
2888.6999999999193
2369.4749999990254
6540.700000008832
2363.7499999994725
2761.7250000012477
4144.950000005869
2048.1499999992325
5624.950000005482
1196.6999999999084
2594.6999999993905
2539.299999998786
1981.724999999293
4871.400000002175
3270.9499999995396
4882.900000004712
5564.075000009394
5117.150000007163
5358.000000004777
2182.224999999111
1769.1999999994734
1818.7499999993356
4333.750000005358
4882.700000006827
4582.40000000471
2503.8249999988184
4277.400000000902
2325.3999999999455
6860.8250000085645
3793.8750000023233
3491.6000000038543
2149.3499999990345
6820.400000011165
2343.4249999989643
6544.475000010852
2502.9000000003643
3338.29999999878
5400.150000007974
2401.2249999988935
3809.20000000592
4441.4250000056345
1816.674999999428
2280.1749999991125
2584.525000000156
2838.1499999985144
2348.674999998885
4089.2500000042114
1596.4749999996434
3031.9500000009207
3091.9499999995805
4745.150000004203
1457.6749999996464
4356.000000005692
3123.975000002123
4296.675000005474
3130.474999998248
7289.175000012043
4115.000000000002
3891.200000005716
2104.6749999991816
2804.9249999985445
3791.475000005843
4605.025000005092
3336.5249999991993
2222.6250000004907
2421.499999998893
2520.524999998803
5158.950000005602
2919.324999999346
4947.500000005441
3371.8500000029344
3319.5250000005813
1972.1999999991854
5689.150000004767
6652.675000011277
2933.2250000021386
2044.1749999998192
6561.475000008088
4402.900000005495
3997.6000000039285
6059.225000008217
4339.1750000047705
2346.8249999992727
6693.85000001132
3901.425000005328
3984.950000005989
6383.475000009143
3231.024999998157
2868.9499999986615
5908.625000006512
2771.7749999994253
2466.2249999991477
4486.225000005311
1790.4249999994372
1901.474999999366
2953.675000000192
3838.700000000546
1574.7499999996633
7180.525000010381
4076.850000005441
3727.2750000012143
2338.3999999998005
3006.4000000004585
4085.9250000015713
3042.4000000018805
3004.225000000032
3215.9749999985233
1883.4999999993825
4464.925000005609
3234.9250000001794
5521.125000002554
1991.7499999992278
4319.425000005489
2457.67499999886
2072.9499999994678
3231.5249999981847
6076.925000009866
1911.6499999993346
1465.1499999997488
1696.2749999993957
2482.9499999988375
4555.150000004666
6990.075000009003
2406.9749999989062
2080.449999999203
2394.4249999990343
7245.150000012387
3974.7750000025553
3325.500000003075
6021.700000008033
2288.4249999990143
2717.125000000119
4217.650000005289
6763.47500000803
3432.3750000015357
4192.7250000025915
3114.2000000006938
2933.1499999993503
3852.925000005628
4350.650000004658
2612.47499999872
1661.249999999531
2052.9499999991604
7470.400000011766
1980.7499999992724
2814.4499999985105
4852.225000002157
3945.700000005121
4388.175000005721
3770.900000000869
3122.54999999979
3925.250000006072
2875.024999998481
2259.399999998981
4427.450000004836
2375.6249999988604
3604.025000001276
2265.9749999990345
1901.7499999993165
2236.999999999061
3398.675000001946
1696.6999999994923
4328.975000005055
2238.2249999990095
4800.7750000045135
2504.199999999526
5106.650000005064
2125.274999999865
2457.949999999601
4145.475000000774
1550.4499999994828
4563.700000004075
3534.500000001878
3871.5500000018637
5493.675000003363
4061.4250000056054
3698.7500000000396
6424.200000010952
1740.8999999995121
6384.450000010697
4196.674999999832
6309.950000007219
4604.625000005664
5313.675000006497
2804.6999999988334
6078.900000007487
4283.175000004593
2529.150000000815
2228.2499999990187
3081.1500000004426
4417.5250000024935
2528.0250000003552
2834.1999999991617
4312.150000003894
7690.450000011335
6507.65000001131
2057.9249999992235
5028.525000004418
8148.475000012113
4424.700000004855
4762.4500000062535
9354.650000016502
2694.4250000009424
4453.125000004819
2447.4749999988694
3801.925000002223
1646.6749999995977
3810.6000000014938
3245.9499999981435
1486.6749999997435
4664.100000004621
2293.400000000549
2312.4749999989444
6495.675000010948
3579.1750000030925
5514.700000008326
2895.4750000024314
5777.700000006423
4616.25000000523
2518.7500000004693
7364.950000010594
4096.225000004992
1724.9249999994713
4019.175000003403
3133.1749999996605
2179.2499999991132
4147.67500000266
3471.7999999991307
4027.925000002675
2959.449999998729
2664.8999999986577
4327.6250000058
1287.9249999998187
6302.20000001115
3902.5000000052937
1268.4249999998542
3316.0250000007554
2122.749999999077
4843.725000005451
3511.2750000014585
5367.475000005856
3408.149999999662
4639.425000004712
2649.749999998686
1609.9499999996312
3004.2249999983633
4193.750000005056
2487.2749999991656
2704.7749999986563
4940.450000002518
6887.900000008904
3382.6250000003656
3702.9000000013866
6888.900000011625
5549.475000005272
2850.9249999985022
5003.475000002387
2351.6749999992876
2893.4249999995895
5084.975000004247
7056.375000011309
1905.7249999993624
5786.450000008765
2442.499999999075
2490.9000000010337
3218.725000001905
5965.12500001015
4113.625000003696
2930.7249999991295
1813.8749999993383
9348.425000016477
3191.450000001796
6441.225000011151
3550.2000000014737
5482.900000006521
6798.525000011297
2075.6499999995262
1667.6999999995787
4629.10000000528
2535.6999999987697
2270.7749999990283
3745.4249999998956
2228.424999999031
2626.1499999990197
4310.625000004558
2019.4499999992588
3961.650000005256
2532.9999999987917
4664.275000005382
2899.474999999378
3550.375000000097
5761.175000007075
2789.1250000003147
5025.450000004146
2909.649999999237
4108.400000005868
3630.7000000059356
7107.175000010804
6386.600000011971
4510.725000004614
1661.9249999994734
3948.950000001038
5829.225000007075
2746.4250000001166
4767.425000004552
6101.150000010639
4455.175000002942
2617.725000001433
7536.175000012045
2602.274999998722
3495.525000005008
2834.7249999985834
2757.4999999985876
4431.800000001417
4314.475000004767
5424.975000006566
4140.700000005103
1763.224999999492
5568.400000006342
1911.1999999993543
5173.925000004636
2010.9249999992667
4776.4750000045215
5317.250000005769
2912.4249999985377
2378.274999998933
1664.1249999995757
4534.675000004732
3854.9250000056604
2394.8999999989173
5192.025000006271
4843.650000007046
4305.900000005509
5429.275000006033
5818.400000006657
4565.325000005767
5861.200000009061
2133.449999999155
2785.125000000968
2281.1749999993767
2617.900000001176
4022.200000004022
5562.125000006312
2010.4499999991845
6156.400000009675
5405.125000006697
7409.37500001296
1943.4249999993197
6693.950000008905
3208.6250000002137
5408.175000005898
3148.2250000007407
3794.3750000023397
6917.950000007636
4271.800000004182
4060.4500000036205
4328.87500000478
4686.9750000053555
5179.47500000641
1698.8999999994649
7574.20000001006
3907.1250000055707
2682.6499999986554
7048.150000009904
3777.2000000056423
2133.1499999991556
5167.1500000050855
4533.775000005502
4116.4500000037415
5669.150000004835
3039.1750000021443
4943.40000000484
1726.3749999995252
3660.7000000027037
2530.699999998794
5609.150000008982
2915.700000003546
3523.174999999666
4977.450000005406
1824.6999999993845
1925.1249999993447
5352.525000005453
8011.925000012643
1676.6999999995705
7107.875000008509
5795.175000004541
1839.4749999993921
6351.450000009175
9291.45000001627
3740.4750000057757
3925.400000005649
2833.399999998605
2974.2499999984793
4185.975000002159
4518.900000002496
5250.350000007664
3507.3500000018457
4151.425000005332
1655.724999999462
3027.424999998342
1096.6249999999864
3079.4999999982947
1594.9749999996375
2957.1250000011105
4089.5000000000086
4234.625000001013
4041.8750000059877
6039.425000006937
1722.749999999334
5002.175000007598
5385.425000004695
4035.8750000050463
2497.9000000003507
4753.225000004135
1850.6999999993604
2548.4499999987775
4131.725000003746
1496.6499999997332
2533.649999998889
3102.400000002724
4999.825000003374
6248.950000009051
7738.100000013012
2727.7499999994425
3287.1249999987103
4337.9000000052165
7473.350000011224
4057.9750000053864
4031.4249999999906
3659.7250000011086
6947.425000008359
3254.4250000030293
8965.725000017248
2828.724999999252
4658.725000001562
4105.700000004916
2689.900000001632
3491.150000000608
3712.325000004535
3020.47500000135
2372.974999998937
1913.8999999993548
3404.449999998532
4158.875000002237
6998.925000010565
2425.6749999988897
5870.700000005241
2959.724999998682
1761.9249999994931
5508.42500000632
2295.074999999969
6146.975000008394
4537.475000005082
2340.1749999991016
4993.325000005748
3610.1750000026377
3448.200000000142
3117.224999998473
2250.6500000003925
2062.9250000000284
3145.1999999983946
3188.2500000003115
4493.675000002635
6981.200000010881
2380.6999999989303
5424.000000007558
6146.375000006485
2915.950000001396
3338.7750000005058
6964.475000011483
4978.900000004246
4280.100000002547
2744.70000000029
5313.650000006071
1847.2499999994154
4451.175000005276
4208.950000005675
4024.7500000050436
6800.67500000918
2520.5999999999312
3843.8500000061276
5499.725000006487
3780.2500000026475
1748.8999999995049
5046.450000007207
4977.925000005103
3065.2749999987354
4521.225000004604
4852.675000005109
4194.250000001696
5400.450000005287
2222.4249999990743
5741.625000008228
6556.40000001151
3054.699999998786
4705.700000004437
2568.224999998942
4962.700000005425
3550.150000004506
1733.9999999995184
4797.800000004353
1912.499999999356
2873.924999999477
3819.950000001816
3228.374999999747
3607.425000002213
5236.700000003064
3985.1500000035453
4583.925000003192
2969.749999998471
6058.925000010506
3929.7250000051426
3885.925000000058
4850.175000005362
7400.950000010716
5238.225000004152
2938.7249999990463
2523.72499999982
5185.200000004722
3429.675000001751
2946.6749999987032
4807.275000004347
1797.2499999994102
5324.10000000455
2585.475000000305
2484.174999999084
4613.37500000283
4124.500000005059
3327.7499999996235
3664.7500000007094
3089.9499999989152
4290.000000005744
6872.42500000747
5552.375000008977
2747.2000000004514
5381.925000004654
2734.9000000023634
4483.200000000127
6285.675000009669
5259.950000005316
5820.150000006085
6264.175000006171
2887.9249999997187
2322.474999998983
4475.750000004789
4994.675000006205
4762.000000005299
1829.6499999993534
4921.47500000438
3946.900000002637
3403.9250000036136
3308.8499999999394
5219.875000002598
5519.925000003839
4621.925000005314
4734.67500000642
