691.6387800001344
556.4920499999961
510.92139000003573
343.1840500000136
347.5537199999991
583.23417999996
461.5864000000035
465.86820999996854
387.93501000000424
445.95556000000056
465.7848899999828
604.9315100001094
391.68645999998256
548.5057500000845
539.4219800001358
533.6097799999875
512.3843199999644
349.1064700000246
490.2861999999843
456.34884000003035
410.48770999999476
514.7268699999587
439.5288199999868
595.4683300001872
464.26683000000077
547.7523799999134
437.5211199999921
446.46779000000737
577.1295499999502
491.82814999995264
492.69889000003417
589.0956499999238
490.4127799999787
461.9102999999505
617.3249900002377
382.85402000000425
584.9934900002487
418.7603700000033
492.5001799999716
603.5277799999163
482.3231300001147
333.8800300000158
533.329439999948
719.247920000471
472.0890200001484
384.3506499999774
456.07862999999185
527.965009999941
420.48359000000096
532.3777400000888
471.49947999997266
569.9700399999297
523.9070099999973
530.5198599999527
359.5645600000053
469.7590899999898
637.9439900004542
501.2587199999189
453.80437999997133
565.3210600000157
620.4430200003186
599.2228100002136
417.48005000000217
379.151899999999
505.4763200000274
441.905560000051
495.10848999996546
441.7155199999867
383.7394099999965
410.6247099999756
397.6096200000135
443.3114800000024
508.46482000020876
531.7854500002384
710.9654200004989
682.5559600001799
569.6812799999606
489.57130999988766
552.9029400002108
533.826639999914
351.9799599999743
534.6332999999648
396.7870000000167
493.03965999994557
610.4058200000391
427.3354099999493
504.9027400000923
485.88355000004526
426.1783999999896
498.20440999997845
573.9065400001217
551.4026000002024
568.4569699999208
518.3524099999737
390.55174000000574
618.5794100003011
583.5998800002093
500.8439200000124
536.9084799999399
369.768850000032
472.39924999995424
532.4511400000907
396.0002500000077
397.91347000000917
655.4339700002265
591.2758500002511
508.8953799999645
585.7054599999266
522.8997799999456
465.9435999999871
448.3303600000034
538.658460000219
549.099949999952
387.3266199999993
604.4111100002175
602.8564299998912
380.70089000001826
492.78814000023164
434.8475499999829
566.2614200002118
517.5193599999627
555.7971800003103
487.82488999998253
591.2158900002007
556.0535500000298
590.7992200003071
584.7242699999363
607.3528500001933
446.3585900000048
459.9990600000047
348.4027100000187
541.6913299999335
581.5195099999262
433.3306899999511
602.7405100002007
408.1411699999891
447.3929799999747
579.2821100002211
475.2849100000461
457.54973000020544
591.1972900000953
375.12493000001393
440.8641500000281
416.4455900000219
421.3121800000011
620.3890000001763
588.1991900002291
582.9182199998901
487.44665999996886
519.8874599999806
430.73940000001426
511.077469999997
494.3203399999704
493.9103599999614
518.8139299999636
478.45919999994345
600.3899599999907
482.7549099999944
671.3134400000606
438.9028899999973
644.4112399999124
537.1453299999627
589.8257100002357
549.8845000000116
428.3788100000006
500.88839000024086
554.8940499999993
468.6231899999769
482.75410999997564
565.7781399999558
327.5060600000144
492.8541799999703
526.5284799999499
488.44982999998945
407.095970000026
434.93911000000634
476.3167099999904
470.4796899999996
501.77253999996765
416.0247900000132
410.3311100000035
447.9420899999605
533.0443300000073
537.7928099999696
462.8442400000015
383.9418300000164
643.3529100002614
504.3877499999329
381.80191000002776
443.35167000001377
456.56122999998297
551.1900199999361
571.9590499999485
435.9841800000098
416.254659999995
445.81383999997894
545.2988199999471
537.2626699999408
441.39496000001515
624.9924000000792
546.5535299999545
395.3752600000345
441.2527000001989
548.1659999999266
437.7151399999561
442.63409000001127
540.6275599999436
471.2055599999825
421.0781999999679
605.6933599999869
500.739839999955
609.7513099999317
523.5586299999673
562.3079400002483
433.3572300000036
414.33473000000754
382.516920000008
393.15900000000727
511.96128000021724
398.6921899999924
461.22882000005114
510.16678000020283
620.1676700000221
462.3798900000071
583.7336200001645
575.9029399999358
424.985529999994
440.88421999999167
564.291939999932
456.65263999997245
450.69023000025004
511.1087800000357
477.04710999999605
476.1146999999573
399.35902000002693
610.877449999901
384.3899699999753
489.47190999999555
495.4056299999569
479.28581000011707
497.372330000014
465.85021999999043
500.0290699999281
484.3600399999811
590.179949999973
524.054760000158
501.30991000026006
425.5226099999877
480.9777999999431
387.23148000001015
955.9249299999217
455.11056000003344
457.3501599999408
460.70519999992507
611.9290900001705
590.549400000316
415.94463999998493
409.3648899999933
428.7067000000076
445.67016000001917
599.8960600002814
578.3237100002036
523.6567499999393
496.14483000023154
406.17701999998445
427.13040999998606
368.4406600000064
439.2987799999485
439.3328399999917
523.1088299999672
380.1661100000054
446.0510700000231
504.38512999998557
581.308600000186
731.1733300006224
480.47701999992364
535.1451699999885
613.986020000167
388.75624000000454
574.4016799999239
614.3987299999266
548.6594399999282
449.9120700000211
400.7164300000204
497.28989999997214
665.7902900000696
541.6510899999782
382.4710799999712
343.6720800000169
434.88661999999795
358.76251000000457
464.5616500002257
470.1271600000267
587.4480800000988
464.50174999997665
538.7777300000162
425.92436999999495
413.75721999997893
607.9463900002161
442.08146000010356
471.67115000026047
498.4590899999308
583.7517100001846
453.20707999994505
458.50598000002077
385.31607999999716
508.05286999997986
524.295420000006
468.56373999996555
599.8574999999583
531.7176700000499
516.5738299999512
371.7244600000491
659.2864000005133
536.4052099999149
478.01617999999917
537.4962600000645
543.1519399999763
397.8531700000036
591.3120300002369
447.9275500001457
406.2243200000201
397.4086799999913
466.31366000021467
405.98214000000456
436.54154999999577
738.310280000201
382.70959000003285
366.1974000000186
404.77033999997946
454.4101099999839
361.3950900000057
479.81371999997157
427.4399200000143
449.12308999997384
426.8205499999951
618.7337899999011
510.41213999997666
550.1413999999738
470.1395899999563
504.3499500000051
620.7269100000009
506.5758599999941
579.8155299999333
469.4284499999923
495.8504299999929
557.1033099999613
506.19483000024644
420.65956000000983
454.6346299999955
398.8145900000161
357.5572000000073
455.66370999999543
447.4605299999377
412.14090000016085
461.67022999999665
573.4213099999861
559.3541999999917
573.0004099999243
663.8754800000522
486.3966799999902
365.1267800000244
439.3198099999912
566.9411600000202
578.6286600000309
499.78061999997635
476.5948199999609
511.68040999998425
562.8817300002261
429.0257199999963
471.8656199999598
503.75595000023645
610.2425100001785
501.1282300000068
562.124730000241
511.25847000012277
690.3950200001756
324.249880000025
509.9069900000141
462.0848600000179
380.43191000000144
398.14331000000914
574.4331800000466
650.7329899998693
449.6648799999667
598.3583800001968
483.61760000008536
664.3433500001786
514.7117999998947
642.6877300001479
430.64335999999656
597.1825800000711
420.27808000002284
534.1377599999905
512.4800999999583
587.942400000176
376.51227000004343
477.73612999999625
598.213090000461
609.4675999999231
488.6799200000782
599.6322800001475
465.89894999994686
501.79175000003056
666.3039400002319
485.822919999987
539.3916199999511
579.3321299998747
497.0486199999718
731.4352499998569
413.2263900000212
517.4887799999302
631.045429999901
414.62506999995634
514.1374499999679
671.9054500001705
415.98487000001046
369.7075100000239
410.0704399999945
483.7265099999876
508.8500499999414
570.4640600002209
394.7496700000283
383.02424999996924
350.0496800000024
518.5717799999818
382.23772999998846
727.2409600004341
447.6037299999845
483.4480699999931
597.6961100001832
629.0872899999445
479.5821599999715
512.9352999999406
487.0120400001171
501.0392000000773
696.1314200001875
428.5055599999839
477.63769000005027
453.562410000028
390.26139000000165
382.62195999993696
355.10498000003116
440.31930999999065
509.70920999998185
567.7219400000025
406.38601999999736
625.9606900000798
426.21207999998114
435.32979000006316
627.82757000027
504.5753599999968
593.1788300000404
364.62625000003106
459.38039999998966
419.6260499999737
402.5660900000176
569.4011700000497
470.6669500000014
567.5515599999733
522.0396100002644
476.9153199999902
539.5489000002499
534.6969299999223
504.8650599999993
404.02760999998753
497.3377399999735
579.9531000002637
493.50680999997115
483.2947399999712
427.90154999998805
382.6991300000201
600.7558699999614
493.6033600000225
485.032170000004
451.34610999997864
593.6670600002205
450.41898999996124
636.0922900003029
433.3579599999859
540.4350099999582
723.7604000000454
525.4721199999495
369.41059999999584
586.6590500002076
362.9187100000201
388.5960200000037
556.1158899999779
460.55084999999883
449.1845300000119
668.7071400000958
474.1083699999903
603.6916900000167
455.917439999997
582.853359999901
373.107080000008
554.9173800002987
409.382889999969
700.418720000149
590.3794599999178
578.5799999999344
481.40619999999376
380.25347000000164
410.9361200000001
526.2728599999656
517.9900200002601
627.2947800002395
445.5133700000039
391.6604600000171
536.9873599999625
496.6885099999317
539.9448800002206
523.3032499999855
477.1727400002541
602.4434599999603
539.3639000000304
393.7218299999913
591.8506999999466
674.9978500001783
463.6605100001011
479.7019899999837
556.5338200002354
442.6648299999872
547.103449999961
625.8702800003718
611.9271500001641
480.13151999997325
630.7950300001964
501.1135699999848
586.8743300002519
608.7991900002302
525.8308999999235
544.9869499999564
543.4381800001685
433.34864000001437
427.0662000000073
737.6445900001532
407.52441000000545
475.718230000014
545.373280000008
467.44264000002397
340.2451700000172
591.6588500001816
427.77868999999066
511.3116599999596
428.05641999998187
472.4940099999548
486.8681200000734
447.64990999998327
411.34595000002037
490.82288999999105
405.19582000002265
436.4770800000024
446.72460000000217
536.3621100000079
326.39082000002173
541.7911499999717
521.6231199999686
483.81622999998876
436.47376999997164
536.3489600002375
432.68554999998844
403.8138700000036
448.09110999999865
455.2333700000088
601.8667799999952
631.4507600001813
515.0788499999667
513.145529999993
465.18464999995894
607.2681300003053
423.57097000000715
438.52309999997857
527.5776400000262
431.05815000000393
461.03595000001803
376.5902000000231
484.84497999994613
529.051029999979
426.01756999999185
505.8248499999785
467.2486599999665
441.41232000000184
432.0653800001206
511.6584299999912
376.2679800000235
405.4112299999579
666.4828500003329
395.6252200000206
389.51978000000867
691.949399999975
478.36604999997456
461.0031399999789
560.5929600000056
464.1048199999912
451.15991999999477
502.7072999999385
487.7761099999804
508.3823499999582
407.61091000001056
467.73921999997236
420.71411000000836
409.2629899999953
390.38798999999284
373.13131000002335
453.39043999999427
445.26986999998553
501.1976999999263
468.2063199999734
482.00900999995474
546.0060300002114
438.99779000002235
333.21456000000717
522.7532200000778
424.50623000003384
464.9537199999785
599.7104300000068
507.8457699999417
567.1556100001353
507.69524000025245
606.4874099999313
495.41746000024585
502.45363999997426
407.148930000017
472.4447899999616
533.437530000247
638.9026100002139
504.1024799999896
511.7777999999554
526.9393000000929
542.1791599999478
425.9994600000176
406.96759000001265
495.0307299999733
517.9101199999683
511.1347900000258
432.70107000001167
398.5059999999878
560.0615400000679
527.8546100002176
444.29913999998723
555.533449999997
594.1156300000024
529.1160500001823
531.5665300001161
734.506190000175
398.386909999992
498.0148499999671
432.9096999999365
482.77309000013685
435.8704000000061
652.4388899999011
436.07644999992306
438.1269099999954
542.2631299999426
483.54823999998405
380.7146200000046
568.173650000238
526.332489999945
569.6964800002464
431.9823699999966
524.3767900002642
449.25736000000506
477.29255999999435
570.83753999996
469.3270800000089
436.98173999997465
426.4746800000082
417.7872100000042
444.1029999999638
602.3434400000446
425.1994500000108
536.8115799999788
518.7903399999382
454.80524000000514
586.0025400003058
414.1240800000251
656.4263400004062
577.9302900001114
382.79465000002756
430.0144800000226
383.30418999998324
599.0895699999564
547.3268000000744
441.6950799999944
535.5440799999585
672.9328399998743
480.49203999995717
397.66280999999725
626.3158399998943
514.1301900001861
418.49605000000656
492.3858799999843
569.0027000000864
538.3677399999532
474.57242999998454
508.40569000006957
642.9589900004677
621.1204400002489
462.4244599999795
593.4341199998892
487.5077499999887
505.20087999998157
498.8855499999443
538.5199800000134
479.91584000001535
484.09685000027747
483.6456799999885
491.6711200000484
417.0527900000202
483.15779000024725
547.4122700000527
445.53384000000807
423.5734199999934
642.9675800002153
491.7810699999684
613.5603900001712
510.86041999996087
553.7893999999175
565.6319900001732
489.5219900000011
403.2671100000148
544.1175499999832
484.7670699999877
431.83045000000425
567.3225099999177
474.0857999999771
501.36218999997976
465.56745999998407
553.1634499999602
444.61568999999844
421.11615000001495
621.1432800001901
420.7323099999776
565.1319799999751
595.4113500002948
513.004420000027
446.20978999997266
591.4182299999513
574.1575800002342
459.9272700002792
604.9020500002122
600.602050000485
463.50729999998265
410.3161600000017
448.9043000000537
571.3697300002127
435.64635999999666
523.9493099999474
523.5772800002426
547.5649499999089
421.0925500000776
537.7913200000191
394.80603000001906
441.3201100000047
390.20047999997774
532.6451299999353
639.5417499999876
361.4633900000169
469.4197899999472
515.4892799999951
415.9147300000005
493.8353099999952
434.8214499999979
603.189120000185
599.5240499999385
464.7731900000264
640.6454299999691
464.2838299999683
422.77073999998794
454.12293000000216
395.3565699999815
476.4307400002436
479.1195599999672
586.728520000234
501.5928199999881
668.2620600001854
542.6068099999914
446.2841099999977
487.81176999992823
496.23192999996064
389.6512400000201
496.76362000004883
472.95899999995663
455.9314299999936
454.11745000003043
605.0090599999384
502.43890999997035
530.5175400001377
638.0605500003252
731.4189700004063
453.5935199999751
633.3673999999156
563.9766300000374
477.0620599999302
375.814580000021
550.1968700000098
696.7883100002401
429.9756199999787
530.8076199999574
609.5717500001672
461.08685999998795
466.6085100000899
462.80053999997506
679.5050399999051
507.3252500002257
540.0091899999425
490.02175000003933
428.3393100000179
483.8009399999924
459.366819999945
402.4963099999864
547.7223000000388
611.2893000000546
371.3401300000121
585.1225400002285
454.3875900000059
475.6820300001413
522.280659999946
537.5368700001112
475.9196000001438
478.90989999994764
602.9630099999042
398.01033000002104
521.3070499999681
601.5380800001685
648.4351400004095
465.5800899999767
647.5452300003219
536.5445399999641
440.10755000000063
641.6243700001118
592.1246899999638
446.4334200000173
545.1468800002418
474.81173999999993
428.4985500000016
476.07006999995633
615.7943999999039
580.9930000002294
600.2968500000437
427.55495000003066
424.2618800000048
540.6844099999325
361.0640100000313
470.69875999996316
422.9915800000215
565.1013300000186
507.66141999998007
577.4867799999153
492.56970999998373
649.2263600001708
415.16584999999935
448.81235000026555
536.532820000074
488.69295999996
550.8981600000276
449.5240100002141
489.70840999996756
493.1031799999686
466.3360500000135
460.56446000001597
516.1298199999547
409.2527400000111
558.5774599999718
403.03099999999745
564.3277800002247
418.86394000000735
394.06011000000626
515.4585800001927
497.2903899999885
518.7351300002301
651.7349099999815
552.2804600000638
649.2155400002716
404.8625100000113
510.92916000019693
426.4265799999562
494.6213899999867
429.77033999998434
563.9421100000935
469.6174700000204
435.0174600000176
459.70986999999616
390.0730000000053
526.3398199999856
496.94125999998454
528.6551300001046
583.859309999972
530.7209799999409
597.2209500000088
504.778099999974
459.2078899999892
750.1616300000112
374.88699000001156
449.6372600001621
556.6777099999579
471.5045599999938
459.3734399999754
448.1075499999722
667.9566799999626
568.0682399999306
451.53206999999907
382.972130000023
652.2744599999086
453.3426100000002
414.3801300001466
499.6571199999721
534.1371099999685
621.1735800002101
631.6300000001929
428.4610000000178
545.7070100000057
655.8397800004786
529.7290799999467
534.6696599999333
494.8360500000222
576.4722499999374
435.18143000000595
622.2573300002224
491.53726000024943
428.2590800000096
572.6011000002175
474.79225999997254
517.7884999999839
614.8754300001087
499.79546000009884
491.75080999999403
583.7149400002058
497.58688999997094
516.9953999999509
606.2642299999119
459.46803000000443
533.0452599999626
462.0430000000048
485.76343999999443
562.8019300002243
619.8954600004195
518.5944599999536
593.3009700000385
453.323749999985
554.9669800002325
445.5401099999858
455.32829999999376
492.9148499999296
457.750459999964
452.43728999999496
454.53541000005777
412.33256000002405
600.0160499999578
538.4342699999763
540.5701099999594
529.5206000001012
529.358509999933
644.733910000175
441.0201300000044
612.0711099999734
575.9331400002291
669.9157799998992
596.8004600000096
527.9241299999869
463.3887400000103
579.9932900001019
492.0948700000884
541.5315799999796
516.5823099999521
455.4813399999956
634.8953800001002
520.7533099999793
410.24113000000017
514.6356000000543
424.22874000000576
499.55396999999107
538.9749800000405
444.7855200000033
483.9876799999753
536.2931699999716
606.6657100002232
423.14964000004494
633.9599000001849
474.53236000008883
616.1700799999023
633.0616600001032
527.6951600000386
688.4042599999204
526.5666499999638
532.3625899999337
454.31363999994676
581.1064400002023
520.8908500000196
427.03236999998876
413.2328000000088
609.3373699999573
419.16368000001677
519.247140000106
524.4713000000064
563.8910299999745
563.4310100001293
472.48532000023437
419.59290000001425
