6586.050000007088
7925.0000000126465
5081.025000004682
2858.8749999984957
1944.7499999991808
9218.650000016005
2341.0499999989665
4858.350000005519
2249.4749999990495
2292.224999999011
2945.9249999984163
9562.375000017257
3855.5000000017317
4734.850000001674
8027.650000013417
7810.150000011348
7158.0000000116015
2142.425000000107
3244.8999999995713
4952.875000001361
3722.6000000028152
3919.474999998455
2511.099999999534
7679.400000010657
2966.400000000264
4246.774999999995
6219.375000006179
2533.2499999987913
4190.375000003381
5159.675000001906
7270.150000008916
4036.024999998967
6712.925000009493
4838.900000003578
6800.750000007968
2533.474999998791
10574.80000002094
4034.2500000002765
3063.0749999983095
5194.375000003145
4666.450000005021
1960.899999999312
7525.275000013464
8710.900000014159
3552.5750000034914
6019.950000008302
4415.675000003588
4231.825000000761
2810.999999998539
5139.225000004415
4082.87500000195
5090.9250000060965
3996.175000001973
3182.474999998642
4254.575000004356
4204.449999999941
6548.2250000068125
3360.1999999986183
2746.224999998598
5299.025000001979
5934.075000009516
9577.350000019644
2068.074999999185
2001.849999999164
6297.150000010088
3593.1250000012687
4182.5000000027685
4286.92500000084
2356.2999999989524
4904.875000004852
4523.325000006019
3238.250000001908
5866.850000006549
9497.100000017019
9141.35000001876
4388.600000004366
5281.1000000060885
5995.225000004917
6753.0250000103315
9939.000000018626
3129.7999999984354
3553.125000000021
3653.9999999990114
5250.050000005409
4828.475000002736
4359.475000001714
4149.650000003743
6234.575000008115
4050.875000002971
3872.4249999998506
5706.900000005991
7200.775000010473
3564.674999998628
3479.300000000247
2395.3000000002103
6843.275000011539
4990.525000006444
5178.650000005371
5447.225000004992
3140.2500000027894
5641.200000004945
5388.775000003819
2779.6249999985675
2489.5500000003162
6772.325000009416
5966.400000007294
5696.200000006311
7596.600000012668
10435.975000020435
2315.849999998941
2961.124999998402
5599.350000007047
6007.025000005258
2243.9249999990543
5226.20000000467
5954.300000004482
4571.625000003769
5233.300000007523
5170.075000005496
7898.150000011202
6040.825000005985
4950.675000006171
5234.075000007377
5445.70000000544
4546.375000001921
6090.3250000099
5836.450000004659
5484.850000005712
3264.6250000012246
3119.0499999983213
3208.67499999973
5878.000000004593
4256.500000000666
4142.3750000009895
4905.725000004255
2620.3249999987124
2978.199999998387
5549.775000007443
4121.875000004919
4476.850000005246
7739.300000011857
2864.44999999849
6629.425000007894
4351.925000005406
5965.700000007781
7463.175000011999
6759.700000009041
4516.725000001042
2983.749999999081
5926.250000004785
4235.4500000028165
4510.100000004639
7025.6250000126465
5333.975000005961
4314.874999999282
3792.174999998959
5080.700000003395
7355.725000011467
6171.475000009407
7172.125000010159
5719.1000000032745
3086.5499999999693
6483.050000008599
6633.60000000937
4657.500000004481
7445.875000012684
8052.525000011764
3334.724999999709
3805.9250000010707
3954.800000000893
2615.5999999987166
8021.850000012839
5420.77500000231
4317.850000004028
2155.924999999135
3855.300000000561
2912.2000000002954
6224.400000008987
6029.450000004582
2430.549999999204
3424.6250000022446
5323.675000005498
3923.500000001596
2960.624999998403
4598.050000005086
2378.349999998796
8913.325000017785
4178.8249999990985
2136.1749999991525
5426.70000000662
2713.8749999988986
3796.625000001066
3980.5749999984005
2878.6499999984776
2213.0999999990227
3130.4749999982487
5089.35000000208
7940.600000012921
5713.900000005313
7061.900000009097
5895.55000000741
2028.099999999251
5054.57500000684
3905.1249999995093
3146.4000000003575
3853.8250000010307
7803.7250000117365
2700.349999998608
2864.174999999649
4470.725000002363
5280.000000001677
5853.250000006843
4631.675000001648
7894.50000001463
3174.12499999992
7906.950000012985
2771.0249999985754
1968.3749999993051
5720.025000006635
2452.87499999987
3553.4000000025144
5100.325000005772
4171.900000002606
4817.425000003141
5817.7500000078835
4259.475000000047
2383.6249999989277
2302.799999999001
3796.849999999908
4215.2499999996435
4304.400000005931
2879.625000001519
2662.7999999986737
3694.6750000000825
3878.1750000010584
6305.150000006631
2599.325000000177
3559.799999998099
4808.925000004343
3916.725000002177
5435.60000000349
2458.799999998859
5586.600000007154
2452.374999998865
6577.15000000707
5041.450000005199
6403.15000000788
3036.149999999222
3157.474999998771
3657.974999999422
10453.850000020753
4794.425000004969
5442.3500000038675
3477.374999998576
6214.850000006834
8325.550000014835
3848.875000003367
5632.275000004544
5436.075000004603
2779.125000000846
8018.875000013499
8403.65000001304
4128.275000001538
4991.375000008025
3636.1000000007034
4545.075000002257
2216.3249999990435
4433.000000000748
2428.199999998887
3926.4000000006845
2306.9999999988636
2457.4249999988283
3588.899999997904
7562.875000010143
6571.600000006715
4418.225000001379
5383.4250000045595
8761.55000001656
2204.199999998969
4927.45000000072
4386.725000000037
3400.2249999990463
2776.7499999991596
3157.974999998223
3507.424999999891
5001.6250000052105
2725.5749999986165
2217.7749999991483
2563.399999998764
4688.050000005118
2341.9249999989656
5951.6000000067115
4018.9500000011817
6661.000000006701
6593.325000008974
4065.075000000925
2748.124999999962
2917.399999999766
6150.075000007209
4385.925000003659
4352.675000006011
6402.500000006381
5615.400000006752
3069.9249999995445
4462.750000004658
5068.975000006923
3108.374999998269
4321.500000000462
3563.949999999032
3596.525000000083
4678.175000002184
3583.449999999761
5671.925000005222
5002.000000006812
3163.949999999314
5283.075000003912
4132.000000002135
4235.900000000432
4256.900000003422
5072.200000005867
3566.5000000035334
2758.7999999985864
3364.1499999996017
5149.825000005669
4669.4250000051015
3374.9999999983775
8402.600000014465
1858.249999999371
3984.4750000004583
5084.175000005738
6055.525000007144
2554.674999999304
4772.375000003845
2315.1249999989086
2561.0249999987664
3464.7249999979945
6044.400000007496
4575.175000004018
6683.625000006783
3962.4500000014173
5076.500000005584
6347.325000008117
3652.274999999151
9325.225000016395
4391.425000002932
6418.57500000582
4214.525000001357
5113.075000006564
2468.84999999885
3250.474999999289
2233.1749999999633
3532.8000000025627
2813.774999998549
3343.900000000374
3857.375000004152
5949.250000006034
5773.07500000543
4790.625000001817
4234.600000001646
5771.075000005916
2945.7749999999264
2107.149999999058
4915.925000005637
5402.200000006005
4584.925000003137
4126.825000003573
3294.874999999075
3051.7499999990287
4704.825000006043
4547.0250000052365
4570.625000001388
4393.375000006057
6393.350000008227
5668.775000006855
5297.875000006703
7263.62500001284
6339.425000008209
2259.60000000072
4536.050000001624
4704.625000004438
3210.2999999983913
2084.649999999152
6598.100000008467
6336.925000005523
3555.749999999229
5582.150000005524
6857.675000008284
6347.575000007862
3884.3499999995747
5713.975000007667
2363.8749999995666
4768.0500000027005
2258.124999999042
4227.050000000461
5303.825000004603
7442.350000012597
2702.2500000006034
4453.700000000308
4476.500000005995
7404.525000010964
7709.4250000130105
8128.7500000144955
3935.5500000006787
4706.500000005895
9124.300000015663
3944.4750000011736
3345.2249999983674
4089.54999999947
4331.075000001867
6834.550000007333
2002.724999999274
6403.450000007259
6468.400000006229
5427.55000000411
5646.45000000441
5513.2500000058635
2474.5499999988447
2515.099999998808
4756.050000004391
5657.000000003354
8078.5500000131415
6667.75000001077
2719.5249999994003
2924.1249999999777
1936.2999999992344
3024.449999998683
3649.7499999978804
5835.750000006964
5705.9000000051665
5874.825000006172
6193.0500000097345
4145.600000001052
4948.200000004953
5662.425000005373
4093.850000003597
4837.325000004314
6774.2250000071135
2892.8999999987604
3255.4750000019467
5208.800000005802
4069.5250000020806
3620.8250000002563
1639.4499999994937
4364.025000003347
3309.749999999015
3730.3750000009777
3067.424999998883
7658.4000000115275
3034.6000000002573
3365.000000001541
4811.050000006779
2889.6749999984677
6434.350000008426
1862.224999999402
3433.9499999990576
3331.374999998066
2607.399999998724
5638.82500000389
3825.9000000012115
5928.600000006226
6375.650000009807
5777.900000008616
6059.125000006705
3295.999999998396
2714.174999998627
2479.6249999988568
5054.65000000627
5490.85000000857
5454.850000005135
3233.9749999987657
5007.425000000685
3026.9249999998037
7817.150000010908
4499.450000004245
4365.22500000306
2820.349999998424
7652.650000012935
3027.424999999408
7334.925000011164
3321.7000000003254
4158.975000000764
6663.6250000093305
3177.5999999988335
4306.200000006679
5112.525000006689
2465.9249999993335
2901.2000000000867
3418.0500000014536
3627.0499999987446
3005.5999999994965
5266.575000003746
2290.999999999012
3912.6000000014924
3856.8750000008567
5881.825000005144
1963.6249999992112
5021.600000006542
3731.2000000020935
5208.875000006852
4111.599999999566
8187.87500001377
4937.950000002433
4450.375000006481
2896.724999998461
3754.8749999998936
4385.2500000066275
5301.375000007036
4067.1000000000504
2844.175000000873
3299.9499999982427
3443.6749999983986
5970.125000008062
3764.3999999997372
5506.60000000654
4170.250000003978
4042.3000000020215
2597.4749999991873
6694.750000007765
7756.725000013325
3579.100000002392
2677.02500000064
7309.425000009567
5052.32500000656
5102.175000002923
6828.15000001051
5259.2250000056265
3226.0999999988962
7817.700000012875
4800.475000005467
4706.250000006849
7097.500000011742
4193.375000000007
3716.124999999672
6660.275000008251
3496.6999999996974
3111.9749999988994
5537.3500000064805
2391.8749999991587
2573.2249999987553
3747.375000001059
4579.650000002478
2108.8249999991776
8075.250000013145
4788.225000005826
4636.7250000021995
2942.3499999995615
3696.3750000010755
4721.425000003397
3774.4250000016727
3671.1250000007462
4010.57499999966
2539.374999998786
5145.150000006935
4001.950000001157
6330.175000005498
2501.124999999144
5291.850000006081
3229.8499999991986
2782.3750000002883
3939.2499999984266
6717.350000010545
2620.8749999986894
2083.0749999992013
2459.774999998736
3131.3999999982475
5492.625000006119
7988.8750000115315
3241.1249999986157
2986.424999998379
3066.400000000279
7990.35000001441
4629.950000002118
3972.325000004132
6803.850000007871
2972.399999998392
3373.450000001037
4774.650000005541
7607.125000010229
4264.550000002612
4818.725000003038
4067.275000001665
3857.64999999888
4562.600000006038
4898.375000006274
3482.449999998471
2261.1999999989853
2714.5249999989874
8629.275000013862
2605.924999999925
3395.699999999419
5940.40000000408
4752.900000004394
5150.725000006676
4586.075000003211
3844.025000000857
4616.525000006859
3747.499999999129
3142.4499999991476
5278.475000005386
2926.0999999983937
4501.025000002643
2853.6999999985
2470.924999999276
2847.549999999417
4161.125000002257
2525.999999998798
4991.175000006217
2983.124999999506
5632.900000005669
3204.649999999972
5846.675000006589
2701.725000000677
3122.6999999993523
5057.550000002723
2125.5499999990793
5307.125000006064
4529.075000001562
4834.075000002342
6448.000000006265
4694.300000006017
4770.625000001268
7054.900000011201
2594.8999999987354
7097.025000010679
4903.500000002404
7049.900000009911
5380.225000007291
6046.250000007998
3665.7250000001463
6933.4250000082
5156.375000004273
3242.1500000016613
3156.874999998224
3908.6750000003185
5276.52500000404
3226.125000001202
3543.5750000004205
4940.50000000384
8640.12500001479
7127.425000012789
2662.1999999986742
6162.12500000607
9097.900000015567
5248.500000004826
5522.675000007604
10363.30000002017
3240.3500000012955
5226.950000005594
3286.3750000000023
4409.475000003871
2271.19999999903
5236.500000001772
4205.024999998817
2172.0499999991202
5604.875000005582
3298.4249999997305
2975.8749999992397
7250.275000011242
4782.550000001997
6316.650000009353
3544.250000003279
6420.875000007703
5365.600000005716
3218.7250000013755
8335.27500001282
4912.725000004249
2460.3999999988023
4629.400000003903
3884.550000000401
2986.4999999983793
5015.07500000489
4096.850000001039
4900.275000003976
3760.6999999985733
3499.8499999986834
5093.050000006813
1898.5749999993543
7201.150000011728
4966.550000004749
1850.1499999994128
3842.175000002317
2806.325000000121
5769.650000006777
4295.125000001945
6078.95000000598
4253.900000001118
5803.550000006366
3364.399999999804
2292.79999999901
4204.474999999202
5004.000000004776
3081.1499999990933
3512.699999999612
5868.875000005897
7872.400000012485
4129.050000002409
4740.525000002643
7688.9000000137785
6464.850000007698
3692.7249999988157
6035.200000004608
3087.0749999986188
3770.8749999987913
5946.700000004441
8093.450000013136
2593.9249999987364
6402.725000010109
3211.099999998376
3220.6000000018435
3897.575000002278
6665.22500001219
4929.025000005444
3672.100000000084
2477.249999998735
10404.925000020321
4064.075000002861
7313.625000012218
4578.550000000627
6311.100000008388
7682.650000012953
2756.1250000004484
2265.6749999990348
5652.150000005786
3189.924999999502
2953.3499999991614
4682.850000001767
3061.324999998628
3406.3499999990036
5068.325000005595
2920.8499999984388
4620.750000005055
3183.2749999993557
5455.400000007428
3496.050000000423
4475.0750000012495
6609.15000000951
3430.8000000013094
5869.025000005146
3828.6500000002
4779.000000006837
4194.950000006723
7963.250000012214
7040.125000013854
5250.075000004194
2215.7999999989697
4597.250000002342
6651.625000009584
3440.8000000005627
5746.125000005092
6784.250000011978
5288.200000005534
3185.2750000017295
8409.375000013062
3312.974999998262
4387.250000004226
3367.174999999468
3756.2499999978727
5448.375000004491
4863.70000000543
6243.100000008286
4928.175000005249
2474.1499999988455
6398.375000008593
2863.0499999984913
6106.625000005906
2831.6249999986826
5609.525000005851
6257.075000007175
3823.699999998351
3116.3999999985963
2395.5749999989102
5276.325000005845
4421.325000006012
3191.4999999989113
5950.27500000795
5684.275000008473
5173.550000006724
6260.025000008567
6552.850000008485
5395.750000008059
6719.57500001064
2686.0999999986525
3408.350000001793
3021.3749999997135
3252.4750000015274
4684.600000003419
6711.925000007921
2942.2499999984193
7064.30000001102
6321.125000008059
8345.450000015551
2636.524999999354
7655.750000011585
4067.325000001153
6369.600000006886
3807.42500000153
4530.600000004627
7917.850000011273
4942.10000000531
4890.000000004853
5382.600000005088
5433.350000006364
5793.950000006177
2450.44999999879
8832.675000014602
4556.475000005886
3644.225000000081
7895.425000012376
4326.950000005959
2894.2999999990575
6149.9250000077
5224.450000006472
4897.950000003875
6663.1000000079675
3796.9250000014554
5712.525000006728
2419.449999998895
4188.875000004068
3496.3499999984024
6368.075000011033
3512.0500000042894
4268.650000000136
5921.125000007416
2556.6749999987705
2852.949999998501
6260.875000008238
8783.30000001545
2492.974999998828
7950.725000011394
6631.450000006595
2625.174999998708
7226.550000011253
10352.225000020131
4443.300000006049
4632.350000005995
3597.6249999996103
3700.2749999994817
5009.350000003051
5532.050000005211
6151.725000008173
4707.775000002566
4728.8250000056005
2312.3249999989407
3884.924999998878
1661.54999999953
3785.8999999990383
2273.5999999990277
3784.5000000022983
4973.650000002559
5305.225000002752
4773.125000007067
7078.200000008219
2300.4249999989124
5487.250000008573
6286.075000005805
5148.225000004035
3251.1000000009526
5337.425000005496
2572.499999998761
3295.924999998656
4905.875000004624
2270.5749999990303
3373.399999998647
3816.8000000025886
5994.100000004542
6884.700000008878
8592.050000014802
3435.6749999987983
3905.724999998875
5027.425000005709
8324.875000012755
4820.925000005554
5049.1750000030825
4387.425000003231
7934.375000011334
3873.1250000039345
9674.325000019826
3586.274999999501
5492.175000004594
4782.200000005319
3409.5250000025085
4306.475000001044
4464.450000004414
3812.7250000023255
3047.8749999983233
2834.0499999985177
4376.499999999557
5021.300000004737
7854.975000012833
3521.324999998063
6901.2000000084545
3756.3000000008064
2442.199999999039
6738.900000008254
2960.4999999997754
6716.9250000100055
5484.400000005474
3034.6499999999824
5814.075000005596
4334.350000002425
4421.050000002168
4038.124999999226
2979.325000000608
2609.125000000262
4262.024999999756
3911.700000000987
5046.075000004645
7908.450000012728
3242.1499999982816
6392.500000008822
7171.075000009434
3614.2000000007606
4051.450000001368
7667.575000013887
5869.600000004137
5348.175000002709
3516.850000001193
6197.175000008452
2559.224999998768
5242.175000005782
4790.200000006414
4810.700000004342
7686.450000011665
3322.6000000000104
4570.075000006969
6292.400000008156
4410.2000000036705
2555.3249999987715
6098.975000007697
5795.400000006202
3853.7999999995527
5589.050000004338
5604.675000006006
5033.725000002942
6085.62500000778
2920.974999999056
6608.325000009218
7300.375000013628
3884.8749999998445
5737.675000006015
3306.2749999997723
5597.025000006127
4262.350000005331
2460.449999998858
5759.275000004551
2788.774999998559
3656.5249999987655
4319.2250000033
3858.075000000661
4666.550000003327
6015.200000005896
4805.325000004015
5323.350000004755
3972.2999999996346
6851.7750000122105
4724.77500000442
4951.000000001355
5640.625000006843
8275.800000013045
6469.525000007707
3719.274999999128
3371.7249999996775
6058.200000005106
4108.800000003018
3744.6249999999804
5901.225000005514
2536.199999998789
6376.225000005666
3443.824999999524
3184.7999999994595
5389.875000003531
4748.70000000492
4190.625000002083
4483.40000000108
3781.9999999998818
5023.12500000685
7815.900000010903
6502.925000010162
3348.8250000013254
6297.375000007376
3404.7250000032063
5561.1750000027005
7452.925000011881
6033.700000007498
6882.8750000082455
7100.9500000087755
3947.3749999991146
3390.174999998012
5255.100000005833
5755.2750000072265
5378.400000007145
2436.424999998804
6157.450000005065
4639.750000002571
4262.300000002832
4114.950000000395
6148.625000004837
6650.325000007111
5216.350000006119
5443.42500000712
