5400.475000005068
6879.175000010582
4354.175000004873
2195.424999999099
1438.4499999995128
8190.375000012418
1653.7499999995916
4116.1500000046735
1650.1999999995946
1583.5999999996552
2004.649999999272
8609.150000014304
3055.400000002411
3771.4750000024264
7206.425000011651
6876.425000010034
6295.150000009432
1564.424999999435
2430.474999999179
4120.925000000335
3039.1750000018683
2659.6749999992994
1800.399999999458
6579.650000010225
2234.4249999993717
3177.9749999994647
5457.45000000546
1810.1999999994491
3263.725000002801
4318.225000000326
6436.725000005885
2937.524999998424
5802.625000008151
4085.7250000019367
5963.475000005522
1934.9499999993354
9562.375000017257
3322.500000000923
2262.9499999990376
4194.650000000413
3811.9500000053167
1308.3499999998655
6782.12500001076
7743.875000011116
2947.2000000027338
5305.6000000079475
3648.6250000042855
3236.250000001478
2071.274999999212
4349.175000004761
3306.1250000026566
4243.500000005336
3234.9250000004536
2403.47499999891
3648.6750000039483
3400.5249999985417
5879.250000004873
2440.9999999988677
2002.2499999992742
4306.600000000688
5186.875000007376
8771.900000017307
1299.1249999998845
1375.9499999997333
5358.800000009038
2926.4749999998585
3329.4250000022307
3432.950000001617
1654.4499999995908
4273.425000004956
3856.950000005583
2529.450000001012
5088.775000004518
8839.075000014625
8337.450000015837
3540.9750000032877
4479.250000004772
4549.550000004579
6054.32500000931
8860.200000014702
2502.4499999987083
2772.8999999988873
2922.94999999929
4503.6750000046395
3710.500000001399
3480.200000000964
3433.400000002466
5463.350000006033
3335.375000003127
2980.5249999986354
4797.6500000032665
6176.375000010848
2529.049999998795
2628.7999999992044
1672.3999999994455
5971.375000009719
4231.150000005251
4317.175000002813
4577.425000004554
2595.175000002111
4650.42500000459
4383.6750000047305
2014.4249999992521
1833.224999999569
5818.650000005946
5229.750000005135
4759.775000004705
6582.450000011322
9497.700000017021
1536.39999999965
2224.4249999990725
4801.32500000619
4966.100000005088
1581.9749999996566
4268.650000004962
4744.0250000044025
3880.675000004397
4530.900000005523
4454.675000004788
7059.925000008152
5048.125000006181
4364.6500000053275
4513.250000005141
4514.2250000046115
3612.425000000925
5380.175000007794
4866.675000004421
4510.1500000050155
2623.4500000008516
2265.6749999990975
2524.100000000234
4777.500000004954
3022.924999999089
3342.474999999669
3756.2000000053004
1900.4249999992567
2128.3749999991596
4825.900000005382
3377.6750000040493
3786.925000004841
6632.42500000783
2205.7749999990892
5845.650000006732
3656.2000000055423
5298.150000007444
6326.675000011135
5870.92500000777
3323.199999999329
2130.6749999991575
5035.675000005078
3537.675000001774
3861.0000000034083
6224.9500000108765
4511.625000003511
3399.1999999997875
2889.249999998468
3801.4250000045577
6499.725000010934
5226.875000006639
6406.650000009096
4487.650000000731
2236.9249999990607
5761.175000006468
5688.700000006575
3911.4750000051595
6799.175000011026
6666.3750000103955
2517.4499999990708
2988.0249999997404
2719.4749999997593
1991.2499999992842
6808.175000010389
4483.249999999515
3576.200000002007
1524.7249999997089
2919.6750000003844
2095.924999999281
5511.100000008104
5106.000000004073
1757.4499999994587
2821.4750000013996
4620.150000004587
3022.8250000010917
1920.8999999993484
3926.4000000052743
1809.3999999993093
7919.375000014168
3045.2000000001026
1412.6499999998105
4715.150000005604
2045.924999999232
2909.199999999546
2758.9249999993344
2154.7749999991356
1545.67499999963
2295.449999999008
4089.1750000024886
7004.400000010042
4962.675000003917
5761.62500000916
4960.700000004759
1432.9749999997093
4424.200000004979
2963.9499999983996
2315.1249999994234
2931.7000000013554
6919.100000009911
1962.4999999992792
2189.1749999992685
3491.4500000003763
4414.925000000235
4675.925000004881
3565.1750000016045
7101.1750000117445
2343.224999999608
7151.150000011416
1998.4999999992779
1315.449999999822
5006.350000005438
1821.4249999993667
2904.1750000012144
4298.925000005262
3137.7000000014395
4011.950000002609
4879.000000005146
3180.2500000005803
1660.1499999995856
1538.4749999996961
2924.1499999984358
3302.7249999997352
3749.7250000056115
2232.4750000005906
1920.6749999993485
2719.7249999986216
3104.1500000002197
5239.275000004673
1913.2249999993455
2625.024999998949
3800.67500000526
3241.0000000012597
4632.675000000569
1649.3499999995954
4788.1750000054435
1584.1499999996545
5464.200000004999
4336.700000004109
5740.200000005834
2403.6749999989647
2266.1999999990344
3052.024999998481
8715.900000014431
4100.95000000511
4543.700000004585
2656.974999998679
5240.175000006097
7562.900000012542
3270.4750000023964
4893.200000004833
4608.175000002869
2157.999999999992
7205.600000010958
7448.125000011238
3196.874999999433
4386.375000006278
2982.675000000834
3812.5000000026566
1633.8999999995735
3514.9999999991796
1683.3749999995644
2927.7749999995203
1730.7499999993865
1728.6749999994913
2571.274999998807
6677.650000006922
5708.475000005089
3662.9750000005006
4516.925000002027
7673.000000013417
1577.22499999951
3981.199999998987
3267.8999999993557
2312.4749999989926
1945.7499999992615
2468.1999999988507
2659.6499999986763
4056.9750000025847
1860.7249999994033
1678.4749999994863
1921.7499999993474
3788.6500000053747
1727.8999999994398
5100.725000005741
3268.7000000000726
5671.100000003713
5792.425000006496
3143.37500000026
2121.8749999994725
2267.4749999989795
5316.6500000047845
3756.0250000018546
3790.4250000056118
5464.1250000061245
4600.95000000517
2364.7249999989444
3595.375000005447
4364.000000005039
2281.9249999990197
3429.500000000975
2599.624999999909
2611.974999998907
3783.875000000952
2741.549999999204
4979.725000003143
4149.350000005852
2206.649999999089
4475.200000004647
3330.2000000009216
3303.949999998783
3465.8750000035816
4268.150000005373
2953.925000003156
1998.9249999992476
2660.424999999568
4382.475000004662
4010.725000005177
2476.7249999991836
7309.9500000113585
1271.149999999905
3289.625000000573
4340.900000005154
5226.425000004681
1931.6749999992571
3929.750000002006
1662.9749999995017
1814.7499999994452
2679.4499999986583
4991.025000005229
3804.2500000030495
5525.675000005614
3210.1750000005127
4284.9250000052725
5383.125000004901
2644.7499999987253
8245.62500001345
3625.4000000022083
5624.45000000442
3275.9000000006
4492.20000000535
1761.9749999994929
2545.94999999878
1702.1749999994672
2856.625000002729
1952.7499999993195
2435.7999999991002
3200.425000003327
5147.425000004852
4898.450000002826
3870.149999999264
3199.7000000000453
4741.425000004545
2196.6499999990974
1515.3999999995958
4152.500000005341
4577.600000004914
3674.975000001591
3326.9000000030906
2540.674999998785
2245.0249999990538
3869.6750000056745
3834.6250000052823
3825.1999999999825
3745.2250000056733
5247.975000005632
4864.725000004515
4498.4250000056145
6508.375000010183
5278.200000006597
1781.6749999999834
3763.024999999329
3964.900000005111
2513.999999998809
1455.9499999996865
5576.9500000064145
5147.97500000349
2842.2749999985103
4579.875000004133
6059.575000007165
5399.17500000463
2913.2749999984458
4707.1750000047105
1661.6749999994774
3828.750000002613
1570.9249999996227
3183.6249999999145
4374.650000004738
6370.925000011106
2201.1500000003907
3687.3499999987857
3831.9500000055978
6347.150000007479
6942.7000000107055
7151.1750000114735
3189.975000000212
3993.12500000398
8066.900000011816
2790.675000002137
2421.774999998893
3013.4749999983546
3428.700000001355
5304.175000003649
1239.9749999999078
5499.450000004275
5358.225000004432
4612.500000001671
4658.425000004687
4470.150000005204
1581.2749999996572
1920.1749999993303
4028.700000005049
4843.200000002645
7072.150000010318
5742.350000009717
2036.2249999991996
2236.4499999990776
1339.8999999997618
2219.224999999077
2986.774999998379
4769.175000005882
4786.6250000052205
4959.700000005431
5207.350000006954
2893.2500000003
3846.3500000053014
4691.425000004577
3355.6750000026946
4150.725000002606
5751.70000000467
2187.224999999038
2603.1500000009755
4379.900000005369
3378.1750000023794
2907.4999999986126
1080.425000000002
3538.6000000029603
2346.474999999864
2820.649999999874
2330.4999999990346
6461.250000008694
2329.6999999994237
2704.725000001261
4099.450000005805
1978.4499999992959
5558.925000005242
1162.9749999999376
2552.924999999397
2502.6999999988193
1953.2499999993188
4805.200000002022
3241.5249999994394
4825.625000004638
5528.3750000093605
5071.600000007051
5307.000000004646
2124.674999999163
1727.8999999994999
1773.2499999993747
4280.700000005356
4843.900000006694
4529.450000004731
2463.4749999988553
4237.250000000939
2292.1999999999557
6797.900000008509
3740.925000002143
3445.8250000038956
2105.4749999990745
6785.65000001109
2308.174999998994
6516.5000000108375
2456.6250000003847
3290.1999999988047
5332.425000007918
2353.249999998937
3778.125000005871
4396.275000005535
1779.7249999994597
2249.4499999990658
2522.6749999999947
2797.999999998551
2314.249999998915
4050.250000004224
1540.6499999996943
2975.425000000858
3053.9999999995325
4674.70000000418
1431.6999999996651
4308.500000005586
3091.7000000021285
4230.650000005437
3054.9499999983173
7239.575000011942
4065.774999999838
3864.4500000056646
2048.924999999223
2753.674999998591
3759.4500000057915
4552.150000005059
3304.9999999991655
2184.375000000463
2379.4749999989317
2470.224999998849
5102.750000005448
2870.974999999303
4919.675000005378
3309.95000000282
3275.2000000005223
1938.4249999992107
5640.975000004608
6603.400000011182
2905.6250000021073
1991.6499999997586
6512.875000007953
4356.175000005434
3929.0750000039907
6014.425000008071
4285.22500000482
2305.9499999992804
6634.95000001126
3840.1250000053674
3935.4750000059407
6341.650000008991
3160.2249999982214
2823.774999998586
5864.950000006469
2736.949999999416
2422.674999999177
4433.650000005294
1747.9749999994697
1858.7499999994047
2901.4250000001803
3809.675000000444
1543.9999999996912
7138.150000010248
4034.9000000054193
3684.7250000011595
2307.9249999998224
2960.625000000484
4044.4750000014387
3005.4000000018914
2963.6499999999983
3151.9499999984673
1850.974999999412
4436.425000005543
3185.450000000072
5467.225000002358
1960.2499999992247
4258.850000005469
2405.424999998908
2016.1249999993825
3181.7249999982305
6032.150000009862
1866.2499999993756
1414.4749999997925
1641.1749999994458
2434.699999998881
4497.175000004678
6933.925000008912
2361.974999998947
2026.7249999992523
2354.19999999903
7191.850000012224
3949.5000000025784
3282.650000003007
5974.2250000080585
2250.224999999049
2673.425000000068
4188.175000005258
6705.925000008016
3370.625000001402
4147.400000002548
3073.1500000005963
2883.9499999993845
3813.650000005588
4323.200000004574
2582.9999999987463
1622.2249999995665
2012.2249999991925
7421.675000011718
1951.1999999992863
2779.199999998543
4791.400000002103
3906.625000005148
4334.200000005664
3714.625000000775
3077.9499999996956
3887.250000006001
2818.124999998532
2207.424999999019
4364.22500000487
2340.974999998892
3551.0250000011883
2225.149999999069
1874.174999999337
2209.9999999990855
3363.950000001917
1648.3749999995289
4295.4500000050375
2192.624999999051
4741.450000004441
2459.1499999995076
5058.925000005004
2086.9249999998156
2425.6749999996264
4090.2750000007213
1518.4749999995047
4526.425000003957
3481.925000001883
3816.1750000019138
5445.275000003317
4024.92500000555
3623.6250000000205
6390.100000010929
1693.4249999995552
6348.875000010705
4154.674999999679
6264.400000007054
4542.425000005565
5258.475000006349
2755.2249999987744
6045.425000007454
4242.925000004612
2484.450000000744
2194.9749999990377
3023.325000000478
4363.20000000248
2500.475000000311
2786.699999999067
4277.400000003925
7638.900000011147
6468.375000011227
2025.899999999253
4966.9750000043405
8082.050000011872
4374.40000000486
4716.4000000061205
9288.37500001626
2655.950000000915
4393.375000004845
2377.1999999989334
3764.725000002108
1599.2749999996408
3743.375000001546
3190.8249999981936
1438.8999999997868
4605.900000004652
2246.6250000005884
2280.9249999989647
6452.400000010908
3526.5000000031405
5463.825000008236
2869.1500000023957
5745.400000006381
4578.225000005184
2482.025000000395
7312.12500001047
4052.4500000050316
1684.649999999508
3980.2250000034046
3093.174999999584
2130.224999999158
4091.2000000026223
3431.7499999989946
3959.150000002546
2896.7499999987863
2613.949999998682
4275.225000005699
1255.199999999846
6251.650000011149
3840.200000005339
1233.199999999875
3287.00000000066
2077.174999999095
4766.875000005342
3465.675000001437
5333.175000005854
3345.274999999708
4560.9250000047305
2599.474999998731
1561.2249999996757
2933.4749999984274
4145.375000005069
2452.6499999991606
2658.749999998677
4868.950000002259
6835.125000008711
3333.9250000003362
3649.125000001279
6843.400000011476
5491.25000000525
2801.7499999985475
4945.950000002356
2309.199999999326
2839.674999999638
5039.675000004274
7000.425000011199
1858.2749999994053
5756.475000008701
2394.874999999115
2446.400000000951
3172.2250000018257
5931.450000010041
4074.900000003624
2888.249999999068
1751.8749999993947
9294.10000001628
3145.1500000017436
6384.725000011124
3502.6750000015168
5443.200000006416
6762.950000011228
2030.4249999994513
1632.9749999996104
4575.12500000527
2494.1999999988075
2233.399999999062
3700.5249999998537
2180.674999999067
2568.0999999990404
4260.925000004491
1967.1749999993065
3919.3750000052733
2500.4749999988217
4624.175000005327
2868.149999999369
3474.199999999971
5715.950000006968
2735.3500000002095
4967.450000004199
2855.6999999991504
4070.725000005823
3598.225000005856
7062.725000010689
6344.425000011834
4442.700000004676
1633.3999999994994
3919.675000000977
5784.925000006937
2703.4250000000757
4712.725000004563
6059.425000010545
4407.925000002781
2587.9250000014017
7485.125000012
2565.7249999987416
3452.350000005042
2800.6999999985264
2696.4499999986433
4367.650000001262
4282.200000004732
5377.175000006558
4093.0000000051173
1724.9249999995268
5523.350000006205
1866.4999999993713
5129.150000004584
1943.7499999993279
4744.7250000045415
5260.900000005624
2861.1999999985846
2337.774999998969
1617.399999999618
4495.725000004746
3821.625000005631
2351.9999999989564
5156.700000006187
4799.125000006943
4247.3750000054715
5389.950000005906
5782.475000006642
4521.100000005654
5804.375000008911
2108.424999999178
2748.4500000009234
2219.6999999993595
2571.400000001145
3981.450000004059
5517.475000006278
1970.39999999922
6098.200000009598
5352.9250000066
7358.900000012786
1906.1749999993476
6644.900000008848
3162.1500000001442
5358.900000005911
3108.225000000694
3733.7500000021396
6854.850000007406
4240.450000004125
4011.925000003557
4273.6750000048305
4639.2000000052985
5146.150000006421
1652.6749999995068
7526.975000009938
3858.650000005555
2626.674999998707
6983.40000000972
3745.450000005636
2085.974999999198
5114.650000004913
4492.500000005421
4065.7000000037615
5607.375000004626
3009.9500000021703
4884.950000004793
1678.424999999569
3634.200000002693
2476.3999999988437
5567.400000008856
2880.3750000034943
3487.174999999651
4897.225000005291
1784.7499999994052
1871.1999999993934
5289.4500000052485
7970.900000012494
1604.2499999996342
7066.100000008394
5744.20000000449
1798.6999999994227
6292.900000009091
9233.65000001606
3695.200000005754
3889.9000000056335
2777.699999998569
2945.024999998506
4125.875000002126
4461.15000000245
5190.900000007598
3448.625000001781
4129.950000005313
1615.1249999994911
2978.199999998387
1061.150000000013
3025.199999998344
1558.4249999996546
2896.1500000010365
4039.174999999849
4184.375000001059
3999.875000005929
5969.875000006878
1695.4249999993563
4975.150000007543
5341.125000004623
3974.475000005102
2450.9250000003217
4722.725000004082
1808.6999999993984
2491.949999998829
4085.975000003682
1438.524999999768
2484.0499999989206
3052.900000002735
4951.850000003307
6209.4250000090515
7681.925000012875
2690.424999999476
3251.249999998743
4300.750000005216
7430.400000011152
4028.6500000053884
3959.149999999806
3622.0000000009795
6891.575000008232
3207.125000002942
8931.200000017123
2783.6999999992386
4616.450000001409
4068.4500000049425
2629.9500000015687
3445.750000000555
3676.375000004539
2982.2250000012955
2328.6999999989775
1859.6749999994042
3341.9749999984742
4104.400000002071
6944.175000010534
2362.4499999989466
5825.650000005084
2914.2249999986384
1714.2249999995365
5431.925000006303
2256.649999999998
6113.475000008305
4494.225000005073
2299.999999999052
4939.650000005773
3564.6750000026796
3374.1750000001457
3075.5749999985105
2208.6500000003584
2031.2000000000276
3092.1999999983564
3150.475000000287
4463.475000002525
6927.10000001082
2316.399999998989
5379.925000007502
6093.200000006377
2873.900000001434
3303.17500000048
6913.225000011318
4902.700000004285
4230.150000002575
2700.7000000002354
5250.700000005991
1798.6499999994599
4398.225000005267
4172.450000005606
3992.400000005057
6758.500000009044
2472.374999999938
3793.150000006086
5446.900000006469
3746.675000002597
1693.8499999995552
5004.175000007163
4938.450000005029
3015.1999999987465
4464.450000004656
4810.125000005039
4132.725000001717
5368.92500000518
2182.4999999991105
5696.725000008186
6520.4000000113865
2991.1749999987587
4640.425000004497
2528.2499999988668
4920.250000005397
3513.7250000044546
1682.1999999995655
4755.450000004392
1859.649999999404
2831.924999999516
3787.450000001713
3183.174999999732
3533.625000002118
5179.9500000028565
3918.8750000036057
4529.925000003072
2929.9499999984537
5994.825000010376
3887.4000000051815
3825.5249999999633
4807.000000005278
7359.8500000106105
5170.425000003945
2891.9749999990668
2483.9249999998174
5130.525000004759
3396.1750000017337
2893.4499999986347
4758.37500000438
1751.4249999994445
5272.200000004505
2538.150000000348
2447.9249999990343
4564.175000002819
4087.1750000050865
3260.2499999994384
3620.925000000707
3051.69999999887
4253.650000005685
6811.0250000072465
5507.075000008899
2708.200000000424
5335.400000004508
2696.3750000022815
4426.200000000159
6249.775000009573
5206.500000005215
5749.975000005939
6222.675000006047
2831.8999999997695
2255.624999999044
4430.425000004816
4951.675000006167
4729.725000005195
1785.174999999394
4859.675000004416
3908.4250000026304
3366.450000003648
3246.399999999905
5174.425000002537
5462.8750000038135
4588.200000005265
4698.850000006365
