435.47303999998365
505.9634100002401
431.9557300002219
286.3657800000103
261.48150999999393
530.6092900003282
276.97731000002557
414.05808000023615
273.11077000001524
305.20437000002255
317.418520000018
543.6488200003768
318.83841000001667
397.06790000012137
488.70530000033636
469.29201000026615
482.0666500002317
292.0316099999965
341.7160600000126
406.5442100000397
420.4959900001276
382.03619999999427
311.7650100000092
453.5572000002064
312.4603500000366
387.16637000000793
408.1977700002224
303.99351000000536
386.14931000002724
375.95937999998665
492.4956100002521
369.34343999994667
365.0471400000079
438.8008500001071
477.20262000023934
275.4027700000172
410.85069000006666
304.5838299999775
343.2779100000069
444.8718299999499
429.46121000021526
276.8980300000228
469.9256600001885
425.8470800000887
360.28914000012185
341.8304200001101
311.54478000003024
417.7253699999931
315.4475300000054
390.9190000001166
317.23868000001113
325.2815999999966
386.7551800000597
361.52421000000555
374.3109800001792
364.9099700000004
502.1941600004456
411.0114999999631
340.74621999998874
439.1173400000851
389.2615600000902
427.2216300002636
296.7499900000267
290.8857600000189
413.8095000002515
285.2954200000125
400.2063600001364
337.15514999999687
299.40494000002144
442.33668000022305
380.44382000025246
315.907270000015
410.83311000023474
428.28468000019507
534.2717400004075
496.57838000015147
440.27159000019964
438.995899999996
481.22058000039186
525.0016200003023
331.90609999998486
366.5908999999815
307.38527000001125
412.33406000022404
421.5598000000823
394.1734000000833
402.0072100001169
460.15976000028445
386.67452000014964
349.888829999996
371.41728999999583
445.3074100002268
428.376890000007
367.74966999999253
300.4507800000345
546.9408700003937
439.726890000259
422.31577000013726
375.45456999997253
302.67502000009915
395.51822000021843
374.9107800001042
290.7654599999977
249.09155000002102
389.3040200000209
457.85251000023993
461.07978000019847
450.13918000001036
639.252200000648
344.7621200000247
312.87722000001804
421.1265200002637
426.2064200002244
297.3633900000054
426.5348200002474
413.8746399999504
287.38193000001
408.0769800002416
415.0495200002331
442.95543000007746
364.5647300000533
365.81334000002175
323.3055799999984
417.56858000023897
383.22998000005697
391.63886000007597
471.3321100002111
430.18518000022794
298.8438900000091
320.5257000000132
284.4223500000298
386.3111800000011
456.7179299999723
361.7807099999773
448.929650000259
289.44471000000584
349.58539000000843
462.4882800002223
403.4810600001867
311.7568400000096
511.59689000010303
281.79158000001905
386.0300200002155
374.14984000024276
301.45959000001324
566.1209400004665
362.406200000001
413.05316999997876
322.4950800000073
403.9193000000113
316.69886000003305
408.94148000013433
547.086910000434
442.0872000001389
369.83472999999844
377.66072999998585
430.0348400000595
524.6015800004272
431.0631800000017
416.20814000023586
456.97875000001545
367.5279100000054
470.03210000021716
504.89021000025326
290.9154100000174
508.0011900004524
517.9394900002615
338.0488400000185
381.188140000027
353.31748000001767
255.18448000000703
512.8767300002022
405.7619699999682
425.63924000009007
272.1960100000144
320.0978200000247
342.003820000008
396.0282500001116
371.293679999991
329.7063400000237
342.35975999998396
454.0993300002041
404.91457000006653
369.5172500000263
383.5468900002416
275.9982999999991
500.41708000021003
396.73005000000296
275.5897400000294
396.5643000002476
306.93822999999264
374.417789999964
381.3724099999926
315.2341300000152
327.34007000002055
330.289000000009
412.4166000000724
417.6326200000787
301.1523399999857
464.8369400002932
446.6397400002076
276.9922900000258
299.7772199999996
383.1300099999611
354.49018999996173
374.8011600000742
472.5038300002029
352.31547999999407
306.46521000001803
442.47740999995017
384.3516499999734
462.3539900002195
388.2171400000035
465.2274100002558
319.8240400000067
410.16954000024873
303.40689999999927
276.6393400000294
337.4899000000179
314.4056499999931
335.30282000008117
432.1360700002192
375.5074400000156
366.53720000015295
484.70147000022206
425.62289999999007
325.16149000000524
295.1632900000119
423.7501699999633
411.3780800000413
276.93364000002043
351.2642200000365
337.5479300000003
413.52539000000024
280.73777000001996
409.72967999996615
334.95810999998116
365.676899999996
378.38048000001044
347.3445699999897
363.69701000005693
327.477090000015
489.4162400002222
309.29506000002243
492.9358500000446
346.69323999998625
286.98448000002395
325.0397699999862
376.7690899999871
329.6778999999535
740.7126700002561
371.3678800002432
366.77020000001147
350.5824999999714
389.94422999999523
412.909540000258
317.4779500000103
329.9664699999956
420.94370000014925
282.1844500000199
447.8853400002786
487.55713000024116
406.0929000000279
324.73358000002133
322.75126000004803
391.2047600001198
277.15877000001905
385.34873000000863
306.492430000019
357.01064999999295
290.8249000000043
299.59670000000807
379.03326000002033
480.1768400003069
572.7542900004261
342.242029999968
323.7119900000292
576.5769100005402
306.8941300000156
392.52922999996684
414.1738599999735
426.61573000001727
314.62798000000095
283.7528900000128
365.52581999999705
421.7025600000112
348.97107000000693
278.70246000001885
267.242650000013
426.9498600002456
260.89033000000336
466.2953200002451
332.31764000000493
475.6404500000094
334.5690400000079
406.7175000000321
285.87098000002084
319.81993999999963
354.7521799999933
332.4475700000344
268.52896000002386
442.7990100002002
439.547090000241
313.7605700000204
295.38960000002845
282.95224000002605
347.88563000000323
378.7166500000522
353.51908000000805
366.7615799999811
395.4190600000005
352.6580699999988
305.30501000005137
544.3671800005069
401.2763900000001
329.5524100000172
419.3130300000433
354.38708999999767
378.447070000167
440.4059000002443
282.6422400000302
292.3433400000108
291.7744000000046
420.86236000020943
397.89514000023047
335.92068000001024
497.43621000024825
262.7719100000184
308.93524000002634
413.55593000020656
430.7862400002193
260.83130000002006
382.7305200000916
288.2557000000029
355.0795900000053
321.7492499999928
537.2805100002234
346.71486000000453
470.91185000025223
330.2273899999915
429.8912600002335
468.47644000023433
354.05100999998433
562.645780000322
410.5368800001106
428.63244999996726
410.10885000005385
420.9286300002376
305.8330700000266
338.2251899999855
297.86639999997556
350.0363600001333
352.1435000000188
404.3632499999806
288.732660000023
319.1293700000116
368.52615999999597
364.34940000001376
429.6937500000334
462.016310000237
318.36286000002127
272.25971000001283
397.1888700002386
447.83381000025105
362.00000999997377
407.91909000015505
378.321729999963
345.91571000000243
346.4600800000129
432.15464000022956
379.8700799999746
428.275140000243
349.73179999999496
447.9720700002061
434.5607000002492
552.6989000003935
590.8669200004542
278.2863700000063
332.9207600000165
305.87584000002863
304.48810999999097
298.3230700000182
417.4579800002352
477.93443000003435
321.99833999998657
429.65818000018953
377.6047600002012
484.7596199999925
408.6714899999973
373.683059999959
331.45430000000016
455.955240000158
274.00840000001324
331.6149600000317
377.65341000002934
569.8638700004796
292.04971000004355
381.5898299999964
395.00226000023775
445.0731200001129
410.9510400002512
482.12218000019834
366.38750000004416
329.9355900000175
506.2889500002738
378.0831700000209
381.6387000000006
431.94130999996537
347.9093700000041
547.8346600000915
295.3841900000317
476.0684100002199
433.46017999995826
393.74462000010266
385.3577399999804
375.2153500000025
302.3844900000134
292.60602999999645
302.62702000001775
345.2760000000003
466.51033000021425
488.8703700004129
298.34759000002117
339.0777199999687
271.62973000001364
350.37897000000396
308.6829999999839
487.6075200002389
417.0610600000993
410.55743000012467
473.55951000023737
455.13645000001065
447.0612700002348
469.85747000024037
404.51506000012955
415.45372000010633
498.605950000223
330.5047499999787
373.09711000004626
334.94041000001505
314.0158300000075
325.07460999998494
250.31117000001942
337.8403400000048
317.90078000000665
407.7203800000184
310.0764999999823
453.2122700002266
364.5803199999602
293.8742400000042
374.94865000002346
334.7968199999952
503.0297500001289
275.8075300000288
343.01307000002066
310.1400699999849
287.9472400000061
406.4284200001181
325.63235000000213
350.82807000000616
329.5733800000003
370.3709600000513
442.1438500002243
403.26218000000046
315.773960000015
324.3663700000064
360.74356000001876
540.3254700005017
439.12551000021335
349.69900000000035
349.79823999997296
309.8667600000263
486.1868600001892
384.7883600000925
339.5533100000323
292.57471000000123
554.4305300004511
334.4359499999908
519.0525100003359
354.8601100000423
380.0351500000218
465.8313600001127
374.171769999992
352.6230800002497
350.5499799999802
300.7531500000009
314.585409999997
345.5451399999953
302.0901700000068
299.4708500000012
453.94819000019896
331.15410000002635
402.9863900000669
358.97902000001517
428.55577999996893
255.99862000002412
299.43159000003294
362.5946900000948
453.3494900000195
421.53356999995265
448.96152000019515
365.0038100000096
294.22622999998373
316.8315000000346
403.0846200000083
317.5946500000064
451.8842200002467
318.17948000000393
320.98449000002324
363.8417599999934
383.58834999998794
424.7922100002161
370.57707000001255
412.3437400002403
467.6891900001327
301.2584100000015
271.75438000000895
415.2306699999884
605.4732900004724
365.47975000009063
365.0900100000027
486.9309200003335
443.5175500002162
381.70661000000837
467.80780000034866
469.88414000021953
342.3929599999854
395.7214499999939
451.1295300002549
321.13571000002975
446.9851500001233
405.6922999999625
380.337839999956
351.0804600000022
338.1599600000185
311.7451199999817
411.10647000000426
308.40955000001145
315.7030900000139
416.95673999999707
368.9616199999648
252.32860000001304
462.29216000029834
427.1550800002504
418.3854000000641
325.55613000001154
368.4432800000492
350.0831000000028
350.07074000009925
341.96758000003234
339.69008000000315
306.3642200000113
420.0095300002348
320.81473000002296
354.6176700000113
279.18433999999326
377.1659900000164
351.01563999999155
357.52998000002435
336.3601499999813
481.43357000041743
336.80083000000525
304.7381900000216
313.03301999999877
307.22453999999874
510.04446000023063
491.15130000022765
353.6571500000074
330.5739300000202
354.45641999999185
415.93478000004774
290.22229000000164
398.3329700001293
413.0539500002274
309.1889499999981
307.13240000002475
367.54883000024006
358.86733999998154
393.64261000008463
297.8225300000221
360.6569999999975
362.1704300000201
312.3760700000236
319.12609000009627
357.81340999997184
301.4081800000038
358.5010599999942
522.6443700003804
293.9271199999955
306.5553499999733
411.346920000007
362.49130000000383
441.31850000026736
388.8756299999909
344.17566999999593
404.6864800002534
362.1322100000011
348.8202699999858
443.8877200002187
299.60555999999855
353.3811500000191
300.1577099999897
308.3234099999823
322.77307999996543
303.00695000001406
324.9602600000193
317.4586600000225
378.18546999999177
374.4446699999887
357.12755000001124
363.3625200000043
293.16567000002965
304.0752599999798
452.3145700000683
284.4506200000032
466.1788600001661
416.6242500001149
381.2059099999996
463.7108800001756
401.56271000025174
397.7401099999508
363.9307500002401
394.5048600000214
401.8326300002438
386.86175000003385
497.7891200002881
454.19019000024826
463.1582700001236
381.84742999997644
364.441140000089
459.74749000020216
322.0207300000383
288.14806999999803
403.09522000006507
433.87167000013835
298.8539600000272
318.6274900000024
303.1744299999999
565.2643000004635
502.4297200004596
291.61896000001275
423.2542499999854
487.921960000272
445.3741700002241
446.1975000001619
601.894100000415
331.336600000054
445.48278000024965
433.68732000000006
326.65803000002575
292.43202000001594
467.4486200000005
371.66600000000176
342.9654400000273
460.7260500002345
317.82535000000667
351.7126899999776
411.68408000024266
383.20100000000406
386.11743000001474
301.1548800000271
423.71572000022366
307.6474700000032
339.10314000004297
443.3272600002324
371.40203000003015
331.1220600000242
392.8424800001723
334.4966500000186
337.45492999998913
432.11296999999416
321.5633799999959
475.4870500001336
401.0819799999855
347.47698000000275
427.9512200002601
285.7622500000313
343.93187000003724
489.1552600002253
264.3571000000243
336.92095000003746
298.80406999999354
479.4578000002337
342.0303700000093
429.2916800001838
417.6428700000435
547.3229100002067
334.5270099999957
310.17898000003004
419.65462999996396
418.3179500002339
316.83515999998684
335.3787400000284
383.88762999999415
565.0256400003747
338.6723600000057
417.9461100000728
434.5643100002378
502.2855000002304
367.52524999998025
509.96137000004376
317.7244400000249
357.2190299999994
359.2248999999792
421.91065000024486
297.81160000001995
420.0489400003687
343.91483000003143
318.42714999999976
296.1222600000289
407.6128600002459
451.78304000012395
322.6811400000231
325.6391800000049
528.3554700003347
408.2078700001036
553.3346400004738
397.82084000001333
481.21712000021245
508.39600000045243
314.1198800000325
269.6707200000182
418.7371500000183
378.36528999997347
332.0477199999886
414.9852199999791
356.37890000000857
375.76349999999724
337.55613000001273
362.9442900000025
383.32445000024245
287.61452000002714
444.388490000214
378.72854999999765
403.87563000002706
484.8975500003064
343.9831300000013
373.9227700000127
417.7405799999908
355.8985300000254
354.20571000024506
468.1939600002167
484.28820000048256
331.3975999999929
267.29441000001844
303.4400200000484
506.48361000029354
323.44653000001745
461.09134000024335
463.3079500004416
441.8466700000983
325.0998299999932
442.4099100002328
285.5977699999893
304.28942000002456
321.90915999997367
376.6369799999909
437.8277500000144
383.18100000021127
448.9107200001506
474.3224700002286
314.12850000001134
434.0051700002586
312.7250200000106
392.9823199999953
373.1388300000068
403.53223000020915
464.3682900000238
348.05698000000865
306.0817099999968
318.2032100000112
424.00637000022647
278.1864400000229
341.01220000003565
404.77905999999297
466.5820500002848
483.9928400002338
382.33113000001134
341.61167000000825
506.52812000021
404.20473000010594
286.74847999999224
335.8755899999934
360.1214599999937
362.89377000004527
316.2848000000169
494.406440000236
347.96789999999885
363.77860999999365
451.92129000024164
510.7585000001899
327.67171000001304
505.6057100002161
373.81467000002687
441.4160000002425
371.1090900000391
435.0783600000892
455.0919499999764
411.7257200001599
353.3932200000112
503.4142400002301
448.0443400002351
353.1971000000852
357.4508800000107
509.8756400002161
413.89707000025527
417.2839399999796
382.1678700000482
391.3326300002479
350.41102000000154
385.97095999997555
318.25605000000587
434.02457000018495
371.1074699999743
290.67436999999535
407.9946799999896
342.4669400000158
323.45736999999417
363.07082000000196
482.23729000036184
300.0185000000116
369.8790200000123
465.4269400002353
297.30285000001885
372.9967000000145
376.77110999997785
533.0855800003496
331.16455000000974
469.11833000033613
451.0369100002096
305.64736000002756
552.2574400003905
497.7368400002247
372.2537200002516
410.8710100002536
313.943500000011
323.3738599999916
428.3941700001124
472.57713000015343
426.01357000025166
438.0451100000892
296.9459900000018
334.08288000000096
414.24059999998724
261.95721000002703
323.2300900000166
283.49475000001325
427.1247000000422
353.7183800000039
418.07247999995974
358.88182000002615
423.99535000003686
318.8309400000134
420.20876000030904
435.49011000021744
338.29470999999785
371.5683600000502
389.49650000018903
337.42521000001994
330.30688999999876
358.4847500000275
303.1994400000198
344.3746799999829
345.67427000014106
452.39896000004325
402.635720000223
486.4048000003154
280.8623300000069
296.8969900000086
408.0083400002237
456.0619200002559
323.48646000001645
436.2851999999704
323.3541400000285
556.3683100003603
368.6320300001416
506.2791000004683
341.06750999999014
370.032659999995
331.3278599999626
440.9759200000953
353.1109500000398
370.1865300002115
315.4189200000818
284.42960000002046
340.62560000000025
391.1170199999596
392.55543000012506
511.1524500002543
343.7401300000111
425.73843999999013
359.5932000000371
293.39711000001137
545.2532800001488
318.85322000002327
439.55389000035376
426.83878000023003
356.39686999999844
419.10538000024206
291.3425200000124
406.1442999999619
389.84008999998
340.07134000003714
255.01654000001764
457.72133999994963
346.1100000000017
333.638749999968
401.1167300002367
396.91078999999365
453.6475900002317
421.52120000004555
301.3554000000151
373.3362700000375
374.914239999987
379.753239999987
463.6829400001407
374.36977000004396
389.0653400000264
325.2901600000076
438.2594900002547
270.59679000002825
303.12536000000745
520.716910000228
369.61021000003456
433.1338100002522
453.0857100002446
411.10454000012476
345.4286700000326
361.32301000000405
311.60553999998666
384.16488999999115
404.22008999997524
341.15351000002653
385.9616600001285
375.30259999998503
359.12908000000834
366.4192300000133
527.0671900004439
364.24118999997523
469.59564000008714
337.2794799999711
440.8997500002419
398.0072400001944
319.6704600000176
363.4317599999586
304.84486000001044
330.0956000000016
345.377920000065
349.37853999999857
389.9014300000161
424.05829000005144
369.0632200000101
385.98870000004337
361.9894700000101
449.25008000025963
341.45633000001413
467.5388199999963
469.68172000024106
528.2464900002417
448.68823000002305
354.37026000002174
348.4217900000242
444.14040000022993
424.1831900000763
346.69004999999174
408.2840399999474
278.5720600000203
455.5869800001425
378.6478000000272
282.5602600000312
335.763620000015
406.4886400002313
358.822360000022
422.96279000006905
332.4192500000022
351.08644000001516
426.08812000000137
455.0707600002575
277.4289900000117
497.0609000001768
285.17438000002306
430.113109999986
544.0273700003639
451.9462500002371
455.34163000003326
498.3620500002355
383.0666100000016
374.03763000000106
396.4498600002373
488.93756000027383
314.96165
306.6257700000083
506.7053600002125
370.49076000014776
351.0645400001424
355.75566000003005
468.71771000007516
473.76218000014944
339.2212600000199
406.43937000024124
