13769.00000003256
11849.200000025576
11391.40000002391
3635.699999997789
3647.399999997778
11761.500000025257
3925.699999997525
11080.400000022779
4201.799999997755
4069.899999997394
4380.099999998403
11833.200000025518
7740.0000000106265
8284.000000012606
11879.200000025685
12969.700000029652
11821.300000025474
5473.20000000238
5769.600000003458
7357.600000009235
9254.100000016135
5301.400000001755
5284.800000001695
12674.500000028578
6302.600000005397
6312.300000005433
11418.300000024008
3815.4999999976253
9931.5000000186
8846.00000001465
11589.40000002463
5607.500000002869
14240.900000034277
10370.800000020197
11020.900000022562
4607.1999999992295
14603.600000035596
6603.00000000649
4609.899999999239
6928.100000007673
11531.40000002442
3296.0999999980977
12542.700000028099
15245.900000037933
9677.700000017676
10800.000000021759
9821.000000018197
7021.000000008011
4253.499999997943
10800.000000021759
8114.000000011987
12560.600000028164
6818.100000007273
5165.800000001262
10793.400000021735
5953.800000004128
12387.600000027534
5265.800000001625
4398.2999999984695
7343.700000009185
12757.40000002888
14179.800000034054
3774.5999999976625
3732.6999999977006
13946.900000033207
6459.6000000059685
8536.200000013523
7301.0000000090295
4538.099999998978
11486.100000024255
12428.800000027684
8043.700000011731
12664.700000028542
13712.300000032354
13900.000000033036
11141.900000023003
11583.400000024609
10800.000000021759
11593.400000024645
15082.200000037337
4669.299999999455
6683.9000000067845
5058.400000000871
11407.200000023968
10218.600000019644
7311.400000009067
10413.700000020353
12599.500000028305
9262.300000016165
6853.900000007403
12592.000000028278
11648.400000024845
5652.00000000303
6829.400000007314
5744.900000003368
12742.400000028825
12416.60000002764
10390.400000020269
10800.000000021759
8501.100000013395
11646.500000024838
10800.000000021759
4231.199999997862
5859.700000003786
14795.300000036294
12586.600000028258
11643.300000024827
14507.100000035245
15213.200000037814
3968.899999997486
3988.699999997468
12546.300000028112
11991.300000026093
4295.599999998096
11596.100000024655
10800.000000021759
10105.00000001923
12571.200000028202
11643.100000024826
12769.700000028924
10800.000000021759
13251.800000030678
12452.40000002777
10800.000000021759
8201.400000012305
13536.400000031714
11789.200000025357
13052.400000029953
7286.800000008978
4151.09999999757
5462.000000002339
10800.000000021759
7966.700000011451
8032.20000001169
10800.000000021759
4453.599999998671
4478.899999998763
12599.600000028306
11289.60000002354
11712.70000002508
12860.800000029256
4320.4999999981865
10819.300000021829
11531.200000024419
12354.700000027415
13342.700000031009
14286.900000034444
6803.100000007218
5368.9000000020005
10800.000000021759
7108.900000008331
10924.700000022212
13286.800000030806
12035.400000026253
5665.000000003078
5544.80000000264
10183.000000019514
13042.800000029918
12345.500000027381
13847.800000032847
7810.800000010884
6243.0000000051805
13994.800000033381
14444.400000035017
10800.000000021759
13203.100000030501
11700.300000025034
5997.700000004288
7874.600000011116
7836.800000010979
3614.699999997808
12515.300000027999
7707.600000010509
7848.20000001102
4019.9999999974393
5848.0000000037435
6323.700000005474
12460.6000000278
10800.000000021759
4992.800000000632
8605.700000013776
11602.400000024678
8181.400000012232
4265.599999997987
11436.300000024074
4136.399999997517
14418.400000034922
5659.000000003056
3281.699999998111
11588.300000024627
4962.800000000523
7095.800000008283
5271.800000001647
4135.099999997512
4231.599999997863
4573.3999999991065
6982.20000000787
10800.000000021759
11530.900000024418
10800.000000021759
12639.20000002845
4186.499999997699
11580.8000000246
6396.600000005739
6581.400000006412
7458.500000009602
10800.000000021759
4353.699999998307
5554.500000002676
7967.700000011455
6481.000000006046
11574.000000024575
7396.000000009375
13741.100000032458
6042.700000004452
11598.200000024663
4039.2999999974218
3586.5999999978335
12281.400000027148
5492.700000002451
8730.900000014231
12585.600000028255
9556.900000017236
10282.500000019876
14531.000000035332
6187.000000004977
4212.699999997794
3740.2999999976937
6172.200000004923
6297.500000005379
12205.600000026872
7310.700000009065
4034.8999999974258
5958.000000004144
7082.300000008234
13111.700000030169
5855.100000003769
4877.600000000213
10800.000000021759
8770.900000014377
7942.100000011362
4293.699999998089
13895.50000003302
3871.799999997574
10800.000000021759
12242.400000027006
12631.600000028422
5288.300000001707
5355.800000001953
5943.900000004092
15089.400000037363
11557.400000024514
10800.000000021759
5537.200000002613
13196.200000030476
12589.300000028268
9831.500000018235
10800.000000021759
9612.300000017438
6666.900000006723
14211.70000003417
13133.800000030249
6826.600000007304
12041.400000026275
6832.400000007325
8879.300000014771
3906.4999999975425
6570.600000006372
3908.4999999975407
7645.7000000102835
4370.89999999837
4236.599999997881
4916.300000000354
12681.700000028604
12513.600000027993
6503.000000006126
7533.900000009877
13548.800000031759
3748.599999997686
7219.600000008733
6273.500000005291
5809.900000003605
5165.700000001261
3870.3999999975754
6552.700000006307
8927.600000014947
4304.599999998129
4715.899999999625
3321.6999999980744
11674.40000002494
3594.799999997826
12707.600000028699
8085.100000011882
10344.700000020102
14356.100000034696
7750.600000010665
5590.400000002806
5728.7000000033095
14193.600000034105
7732.8000000106
12235.600000026981
11703.300000025045
10800.000000021759
5798.600000003564
10800.000000021759
12395.500000027563
4749.5999999997475
6734.000000006967
5132.000000001139
6855.80000000741
8683.80000001406
6067.400000004542
10091.00000001918
13823.600000032759
5784.600000003513
10800.000000021759
9034.800000015337
6685.50000000679
9861.300000018344
12707.200000028697
9568.600000017279
3651.2999999977746
5266.800000001629
10800.000000021759
11578.10000002459
4776.7999999998465
14760.800000036168
3086.4999999982883
5528.20000000258
12186.500000026803
14067.200000033645
4880.500000000224
7718.600000010549
3865.5999999975797
4586.799999999155
5062.300000000885
14667.70000003583
10296.100000019926
11881.300000025692
7528.500000009857
12436.400000027712
11778.300000025318
5860.600000003789
11912.100000025805
7965.100000011445
10800.000000021759
7345.300000009191
13284.000000030795
4277.49999999803
5766.200000003446
5274.000000001655
8460.200000013247
4560.299999999059
6807.500000007234
10419.100000020373
14078.700000033687
10514.100000020719
7356.600000009232
7624.600000010207
11668.500000024918
5959.100000004148
3500.8999999979114
12547.500000028116
11772.200000025296
10337.700000020077
10051.500000019036
5452.900000002306
5145.500000001188
12540.40000002809
11580.100000024597
6177.00000000494
12425.200000027671
13360.300000031073
12182.500000026788
13982.900000033338
13692.10000003228
12927.500000029499
6012.700000004343
7131.500000008413
10800.000000021759
4690.599999999533
3746.499999997688
12156.700000026694
7826.000000010939
5982.800000004234
13383.600000031158
10635.40000002116
11063.700000022718
6447.900000005926
12926.300000029494
5153.700000001218
9221.100000016015
3578.7999999978406
7554.800000009953
10800.000000021759
12860.500000029255
6255.500000005226
6350.2000000055705
12302.400000027224
13729.600000032417
13858.700000032886
14868.900000036561
6542.200000006269
10199.600000019575
15083.400000037342
7320.000000009099
5006.900000000684
6749.000000007021
8847.700000014656
9420.30000001674
3283.599999998109
11550.200000024488
13336.500000030986
9486.40000001698
10800.000000021759
13342.600000031009
3665.299999997762
4151.9999999975735
10800.000000021759
8956.00000001505
13202.7000000305
12952.50000002959
5137.300000001158
5989.800000004259
3504.3999999979083
5153.900000001218
4546.79999999901
12906.400000029422
8723.000000014203
9416.800000016727
13085.400000030073
7979.700000011499
11640.200000024815
11635.500000024798
10203.000000019587
10163.700000019444
11734.300000025158
4741.599999999718
8092.90000001191
10800.000000021759
7928.0000000113105
6903.600000007584
2975.899999998389
10056.500000019054
4914.000000000346
7652.90000001031
4860.30000000015
12015.40000002618
6252.9000000052165
7509.300000009787
13537.700000031718
4191.099999997716
9736.200000017889
3031.2999999983385
5236.500000001519
4331.399999998226
3917.999999997532
9179.300000015863
6846.800000007377
10800.000000021759
12715.700000028728
13827.900000032774
13818.000000032738
5008.60000000069
4053.399999997409
4472.399999998739
12684.500000028615
13311.900000030897
11747.500000025206
5343.90000000191
7348.0000000092
5667.300000003086
11731.300000025147
9125.600000015667
9316.00000001636
4308.799999998144
14292.400000034464
5704.900000003223
12413.600000027629
6318.200000005454
6636.100000006611
11177.500000023132
5527.000000002576
12936.700000029532
13806.100000032695
5007.500000000686
6016.000000004355
8035.1000000117
5664.600000003076
5659.900000003059
10941.500000022274
4384.899999998421
8109.600000011971
7302.900000009036
10505.000000020686
4224.499999997837
13455.90000003142
8147.100000012108
12897.300000029389
6349.400000005568
12545.400000028108
7421.800000009469
12925.30000002949
4376.599999998391
6484.9000000060605
13116.700000030187
12746.200000028839
6285.700000005336
6515.500000006172
5060.700000000879
5312.0000000017935
12809.80000002907
6345.500000005553
13195.000000030472
10729.600000021503
8371.800000012925
4802.699999999941
10800.000000021759
14483.70000003516
8484.700000013336
6494.900000006097
14086.200000033714
13658.100000032156
9786.00000001807
12970.300000029654
10800.000000021759
4881.200000000226
15104.200000037417
12136.10000002662
13539.600000031725
12567.400000028189
6545.600000006281
6576.200000006393
11090.500000022816
6167.100000004904
5081.300000000954
13324.500000030943
4807.99999999996
4224.499999997837
7058.200000008146
7303.80000000904
3674.199999997754
12561.900000028169
12489.000000027903
8708.900000014151
5310.300000001787
6523.2000000062
7738.500000010621
7796.200000010831
5850.2000000037515
6832.300000007324
3634.29999999779
11454.100000024138
8102.900000011947
8696.000000014104
4611.399999999245
13249.40000003067
5750.400000003388
6207.700000005052
5658.200000003053
12324.500000027305
4035.799999997425
3721.8999999977104
3996.7999999974604
4215.599999997805
11717.100000025095
15511.000000038897
5157.5000000012315
4081.3999999973835
5681.300000003137
13945.0000000332
8560.00000001361
10686.600000021346
11622.20000002475
4205.399999997768
7371.700000009287
12167.800000026735
12802.500000029044
9652.600000017585
9987.600000018803
8170.100000012191
5393.50000000209
12416.300000027639
8979.000000015134
4836.400000000063
4342.599999998267
4781.799999999865
12039.700000026269
5679.000000003129
5686.200000003155
8393.700000013005
10800.000000021759
13817.700000032737
9872.500000018385
7598.800000010113
13437.800000031355
5617.300000002904
5414.8000000021675
11486.400000024256
4473.499999998743
9782.500000018057
4560.69999999906
5139.800000001167
5437.40000000225
6751.000000007029
3864.7999999975805
12422.400000027661
5947.900000004107
10800.000000021759
5915.600000003989
12784.400000028978
6401.000000005755
4964.200000000528
8916.400000014906
4450.999999998661
10841.70000002191
8379.400000012953
7869.000000011096
12304.300000027231
12554.30000002814
7121.000000008375
12278.700000027138
4538.49999999898
11711.200000025074
6542.300000006269
13917.3000000331
11729.30000002514
10352.900000020132
6977.000000007851
9542.000000017182
11297.300000023568
7701.400000010486
3947.3999999975053
6888.200000007528
10712.30000002144
7334.900000009153
6484.9000000060605
10007.000000018874
13746.100000032477
13911.600000033079
4195.799999997733
10800.000000021759
11721.30000002511
11909.400000025795
12973.000000029664
13337.50000003099
7152.3000000084885
11689.200000024994
6515.4000000061715
7997.300000011563
4200.999999997752
6459.500000005968
5644.500000003003
3783.899999997654
11915.300000025816
5534.000000002601
5322.700000001832
12537.80000002808
8716.000000014177
13974.500000033308
9433.700000016788
13556.000000031785
10800.000000021759
7411.700000009432
11483.200000024244
10800.000000021759
4123.899999997471
9947.100000018656
5808.7000000036005
4239.399999997891
10345.600000020106
6985.200000007881
7751.500000010668
5262.600000001614
5230.300000001496
13874.000000032942
3312.299999998083
13088.400000030084
11431.200000024055
3204.0999999981814
7405.100000009408
6135.900000004791
14236.20000003426
8858.200000014695
11726.200000025128
6397.300000005742
12551.20000002813
6373.100000005654
3635.299999997789
6678.700000006766
11587.300000024623
5042.200000000812
6333.200000005509
9648.40000001757
13260.60000003071
7639.400000010261
10073.700000019116
14044.600000033563
12933.900000029522
5796.400000003556
8442.400000013182
4551.599999999027
5086.000000000971
10800.000000021759
11508.200000024335
4344.299999998273
13318.00000003092
4691.699999999537
7858.300000011057
8718.400000014186
12673.800000028576
9593.200000017368
6886.20000000752
4026.899999997433
15302.70000003814
9629.000000017499
12762.500000028898
7269.000000008913
11598.300000024663
14307.200000034518
6263.400000005255
3717.899999997714
10800.000000021759
5531.700000002593
5371.1000000020085
7620.600000010192
4859.700000000148
5296.300000001736
12856.30000002924
4649.799999999384
11446.10000002411
5549.900000002659
13895.60000003302
6021.400000004374
7453.100000009583
14082.700000033701
6851.3000000073935
10800.000000021759
7150.800000008483
13791.600000032642
13022.600000029845
14398.000000034848
13515.800000031639
10800.000000021759
3738.0999999976957
7455.300000009591
14307.60000003452
6849.400000007387
11949.40000002594
13214.900000030544
11345.100000023742
7583.600000010058
11692.500000025006
4912.200000000339
10360.000000020158
6119.900000004733
5078.500000000944
9473.700000016934
11267.100000023458
9821.000000018197
11649.300000024848
3854.19999999759
13079.10000003005
3933.7999999975177
13433.60000003134
4963.800000000527
11573.300000024572
10800.000000021759
5561.500000002701
5060.2000000008775
3920.19999999753
11563.400000024536
12316.500000027276
5150.500000001206
14073.000000033666
11560.200000024524
12841.400000029185
14341.900000034644
12677.300000028588
14325.800000034586
14102.000000033771
4027.4999999974325
7989.700000011535
5773.300000003472
7403.400000009402
9888.000000018441
11713.300000025081
4683.799999999508
12717.700000028735
14417.300000034918
12947.600000029572
5245.800000001553
11846.200000025565
8145.600000012102
11562.400000024532
8017.700000011637
8403.700000013041
14881.000000036605
12465.000000027816
12097.100000026478
10800.000000021759
13776.800000032588
9738.000000017895
4453.49999999867
13488.50000003154
12470.700000027837
6042.600000004451
14432.900000034975
12300.400000027217
5218.600000001454
12770.900000028929
13580.900000031876
10369.400000020192
10137.300000019348
7450.0000000095715
12988.60000002972
4095.199999997371
9589.400000017355
5123.800000001109
13588.700000031904
10318.700000020008
6591.700000006449
14615.300000035639
3775.7999999976614
4319.799999998184
12867.700000029281
12697.300000028661
4202.099999997756
15204.00000003778
11492.200000024277
4235.799999997878
11647.10000002484
13449.900000031399
12427.200000027678
12517.700000028008
6408.600000005783
6247.100000005195
7400.400000009391
9996.200000018835
13023.500000029848
9735.500000017886
12116.500000026548
4662.699999999431
5636.800000002975
2985.79999999838
5427.700000002214
3573.799999997845
8790.200000014447
7476.400000009668
7411.00000000943
13776.000000032585
13219.700000030562
4477.599999998758
12871.700000029296
11742.200000025186
10800.000000021759
6988.2000000078915
12122.900000026571
4785.89999999988
5080.700000000952
9640.000000017539
4062.8999999974003
4864.400000000165
8716.400000014179
7689.000000010441
11464.200000024175
14494.100000035198
4824.000000000018
5100.800000001025
12261.600000027076
10257.500000019785
12303.80000002723
8790.600000014449
7634.400000010242
10800.000000021759
10254.900000019776
13687.500000032263
6007.7000000043245
9089.400000015536
10800.000000021759
8661.90000001398
7499.600000009752
10816.200000021818
8908.400000014877
4337.699999998249
4312.699999998158
6031.500000004411
10911.000000022163
12897.70000002939
4929.800000000403
10855.50000002196
6218.900000005093
4835.800000000061
10800.000000021759
5492.40000000245
12303.90000002723
12991.500000029731
6180.700000004954
11770.400000025289
8341.000000012813
8011.3000000116135
6232.900000005144
6410.4000000057895
5862.900000003798
6375.400000005662
7431.400000009504
9663.400000017624
13724.9000000324
4685.599999999515
14440.900000035004
14814.800000036365
6693.000000006818
7409.600000009425
13716.200000032368
10800.000000021759
9801.300000018126
7627.900000010219
12997.600000029754
3872.4999999975735
12933.100000029519
13160.400000030346
10800.000000021759
14331.700000034607
5701.100000003209
13488.40000003154
10747.200000021567
10741.000000021544
4325.799999998206
13111.600000030168
14115.60000003382
5335.70000000188
10800.000000021759
13534.400000031706
8664.200000013989
12529.40000002805
4938.500000000435
12911.30000002944
14000.300000033401
5933.5000000040545
10800.000000021759
6124.8000000047505
12377.700000027498
11764.700000025268
3888.0999999975593
10800.000000021759
4387.699999998431
4972.000000000557
7785.600000010792
6810.400000007245
7558.000000009964
10063.400000019079
9439.000000016807
10255.100000019776
6151.400000004847
12591.800000028277
10800.000000021759
8718.100000014185
13915.600000033093
14631.200000035697
9730.000000017866
5513.300000002526
5765.200000003442
11774.200000025303
8627.600000013856
6718.0000000069085
10800.000000021759
4285.999999998061
9626.60000001749
5469.000000002365
5551.4000000026645
7748.600000010658
11432.200000024059
7031.200000008048
8193.400000012276
6728.500000006947
13806.600000032697
13130.800000030238
14364.900000034728
7489.000000009713
13696.700000032297
9252.200000016128
6963.0000000078
13379.300000031142
11752.300000025223
10800.000000021759
13004.500000029779
5268.600000001636
4698.299999999561
11533.400000024427
11483.200000024244
13434.700000031344
4064.399999997399
11839.20000002554
9255.200000016139
9034.000000015334
7052.400000008125
7166.300000008539
10436.000000020435
11618.700000024737
11509.200000024339
