10516.175000014908
12223.500000026937
8538.725000016308
5129.675000001691
3923.6500000019955
13472.350000023558
4600.450000002248
7526.425000012784
4251.950000002062
4698.600000002577
5787.825000004525
13818.57500003274
7289.125000008986
9162.150000015801
11404.000000023956
11513.100000023585
10549.150000022908
4078.700000001614
5671.15000000512
7958.350000012295
5762.075000006656
7520.7750000098295
4728.625000002587
12018.675000024468
5164.425000004024
7731.425000011635
9292.500000016274
4831.450000002955
7115.87500001075
7754.125000010678
10997.250000022477
7403.125000009544
10220.975000007715
7214.450000011157
9311.27500001665
4532.275000001486
14228.850000005026
6858.100000007418
5662.050000005524
9005.775000015232
8711.375000016991
4145.20000000072
10834.525000024794
12704.975000003658
5391.600000005939
9462.925000016894
7694.075000010459
8169.975000012191
5168.825000003939
9689.75000001772
7487.750000009709
8043.050000014302
6673.575000009718
5614.1750000050515
6483.350000009839
6561.725000008517
9927.625000018585
6930.125000010146
5304.650000004536
8897.475000015069
8168.37500001477
12785.150000009518
4705.350000002233
4231.700000001817
9739.725000009908
5577.200000006259
7235.3000000114
7689.925000010444
4572.800000002109
7584.375000012971
6849.300000010688
5448.100000005309
8067.250000013902
12246.500000012844
11644.525000017438
6979.350000009901
8055.375000014328
10928.125000022224
9969.525000021393
13683.825000004726
5243.425000004567
5914.3750000065465
6294.200000005367
8094.57500001502
7934.6750000122875
7288.050000011116
6429.3500000093845
8700.025000014119
6836.075000010139
6380.725000006879
8579.975000011356
12217.550000026917
6903.050000008274
5938.950000006213
4580.05000000244
11163.25000001063
8632.22500001705
7694.250000012197
8911.325000014887
4711.675000004077
9223.325000016295
10989.500000022448
5044.750000002736
4452.125000002212
9715.675000004005
8703.0000000148
8624.950000015226
11252.475000009395
14146.525000004829
5021.450000003554
5554.525000003257
8606.800000016594
9783.800000018062
4348.050000001438
8323.350000014276
10627.925000021132
7578.425000010038
7642.675000013258
7836.750000013468
10870.725000021566
10282.575000019877
7009.0000000108375
7283.8750000126165
10494.650000020647
8048.600000011749
8015.900000013846
9488.050000017558
8171.700000014526
5509.6250000061855
6020.400000004371
5729.525000003749
10272.300000019837
7841.900000011381
6489.250000008171
10685.450000021341
4887.225000003138
5475.600000004408
7783.725000013434
6321.02500000816
6741.800000010026
11891.550000021878
5094.050000001926
9610.900000017433
6964.900000010506
8860.250000015061
13334.12500002086
9859.700000007208
8049.05000001175
5398.700000004101
10052.72500001904
7033.750000008104
6336.100000008946
9739.350000016411
7743.150000012671
7499.07500000975
6643.325000007033
10214.475000019629
11788.350000025355
8913.525000014517
10160.200000008967
9505.47500001705
5622.500000005346
9002.225000006063
9377.950000005145
7840.825000010993
9427.125000018445
13654.225000032142
5983.450000006533
6225.825000006716
7291.225000008993
4653.10000000151
12546.950000028115
8758.750000014332
6637.575000009741
4012.500000001039
6932.92500000769
5317.625000003886
8919.25000001788
9746.775000017926
4560.550000002253
5629.100000007105
7928.9000000140595
6894.100000010081
6060.275000005478
7161.42500001135
4485.575000001927
13315.125000004253
7978.100000011493
4434.525000001055
8198.025000014879
4881.225000003644
6928.200000010667
7619.800000010189
5179.825000002469
4518.1750000024695
5626.875000004444
8853.225000014676
11669.45000002492
8316.650000012725
13579.25000003187
9781.975000018465
4030.200000000843
6943.3500000114855
6723.975000008988
5770.625000004781
7520.125000012029
11678.625000024955
5159.475000003982
5198.850000005432
7813.475000013645
8650.57500001394
9488.750000018925
8121.125000012013
10353.37500001616
5743.000000005515
11314.20000002363
5084.800000003429
4184.125000001429
8144.350000014937
4409.900000002146
5577.950000007456
7843.850000013619
7194.52500001017
7535.125000010345
8738.025000002302
8332.925000012783
4800.700000002629
4609.250000002967
6446.500000007967
7270.525000009061
6191.200000009413
5025.350000004421
5099.700000003856
6684.050000007983
6283.775000005329
9937.875000018623
4576.250000002592
6450.8500000059375
9026.200000015306
5957.92500000674
7918.225000012522
4996.600000003278
8194.200000009285
5253.650000003101
11269.400000023466
6930.900000010303
8728.075000014289
5134.62500000441
5829.075000005829
5359.0750000044445
16158.399999982972
7183.625000011211
9288.225000016258
6368.350000006287
9909.275000018073
11086.950000022802
5713.200000007453
8663.425000013987
8222.725000012852
4779.675000003567
10722.350000011924
12342.475000021828
7275.425000010848
6963.4250000127595
6371.275000008388
7386.800000012026
4211.975000001954
7297.450000010496
4891.200000002864
6655.200000007697
4236.825000001858
4872.6250000027285
6489.700000006078
10933.875000022406
10713.075000019482
7765.67500001072
8824.12500001457
14246.125000011147
4329.8250000020535
8126.7500000120335
7974.175000011478
6581.8000000074935
4970.725000002851
5449.2000000028675
6018.700000005861
7792.400000012539
5486.150000004343
4193.925000001853
4681.52500000112
7676.075000012415
4948.67500000135
8727.350000015897
6135.275000006838
10122.950000019295
8894.500000007294
7257.300000010995
5011.6750000044185
4802.850000003153
8423.575000007166
6173.100000008368
6361.975000009963
10443.300000020461
12696.150000026591
5122.225000004075
7811.975000010889
7040.575000011341
5643.925000005065
8170.825000012193
6988.400000007892
6453.750000007583
7391.875000010682
6055.800000006944
8029.500000011682
7576.225000008519
6124.750000006917
8571.425000013653
6305.6250000082655
6973.800000008687
6921.600000009754
8225.725000014529
5870.475000007842
5106.700000002464
5918.225000004195
9634.725000017519
7260.825000011582
6206.000000005046
11480.800000009991
3861.3500000001923
6835.800000007337
7583.275000013124
8471.750000009286
4528.05000000333
7624.300000012554
4571.775000002346
5114.225000003753
5920.500000004746
9021.900000004483
6882.000000010103
10411.050000020345
6439.42500000931
7850.625000013287
9869.750000020425
6539.325000006827
14201.775000018559
7413.925000012345
9578.625000017317
7323.050000010913
6988.025000011346
4639.6750000027
5347.175000004558
3900.8500000011272
6227.700000008187
5461.850000004245
6040.775000006366
5852.450000006997
8603.200000007218
8393.600000013712
7384.750000010539
7449.6000000105705
9976.375000020978
5118.825000003626
4134.675000001196
7329.175000011432
9102.825000017887
7380.375000010541
6925.375000009955
5957.9250000064585
5568.450000005059
7303.050000011947
7437.175000012132
7464.800000009625
7077.125000011891
10161.175000016292
7841.400000013153
7578.750000008064
9828.325000009081
11382.850000018783
3934.5250000018855
6645.475000008776
7822.400000010926
5326.200000003368
4269.200000001792
9645.500000018026
10700.400000021396
5551.67500000532
8604.950000010758
10274.125000020713
9414.975000015742
6699.10000000891
8757.275000017717
4530.875000002042
8177.950000014595
4281.525000001713
7298.775000009042
8992.375000015183
11581.525000027084
4739.750000005068
6928.4250000085285
7168.050000012628
10619.82500001891
10584.050000010182
11243.300000008356
6736.450000009492
7394.250000012454
13262.125000005406
8172.225000012199
6256.700000006696
7256.550000010712
7247.925000009944
11393.75000002392
4401.175000001118
9540.20000001867
9870.850000017119
7906.475000013128
9903.925000018498
9238.225000016962
5263.050000003019
4446.4250000015345
7933.5000000113305
8739.00000001426
12207.450000024892
10032.150000021538
4992.050000003556
5008.800000003746
3959.2250000013883
5373.6250000046075
5848.625000003831
10018.350000021142
9713.900000017808
10030.80000001896
9343.775000017858
7844.400000011763
8319.300000014728
9027.025000017462
6267.675000007739
7271.675000011603
11489.275000024267
5279.650000004738
5407.650000005609
8319.875000012737
6779.750000007134
6063.5750000074695
3702.5250000001797
7123.12500000947
6714.900000006897
6462.67500000745
5561.2250000055565
11612.225000025413
5095.250000003249
5503.150000006288
6971.075000010024
5450.7500000047585
9530.85000001929
3964.450000000349
6057.975000006434
5937.62500000496
4664.1250000019445
8610.95000001452
5770.950000006873
9640.950000017543
10040.800000018997
8405.675000009462
8237.350000008691
6683.450000007731
5817.450000004423
4649.47500000285
7685.975000012626
7563.1000000115555
8636.700000015386
5622.700000005403
7734.175000010606
5445.750000004607
12172.20000002675
6854.325000009698
8000.925000011575
5293.850000004821
10574.575000011371
5472.225000003858
11339.12500002372
6380.275000007825
6854.325000010158
11805.60000002099
6009.950000006844
5967.625000008642
7266.4250000092725
4498.250000001933
4775.525000003128
6218.425000008192
6039.2000000055195
5036.82500000387
9967.675000019666
4708.175000002037
6974.4000000094275
6105.925000007006
10360.975000020162
3782.9750000005733
7057.075000010562
6689.3000000095
8649.750000016189
7023.725000008817
12079.30000001626
7716.30000001054
6257.200000009534
5446.250000003525
6680.400000008205
6354.300000009652
7633.225000012724
6527.050000008246
5280.475000005371
6184.400000006926
6648.475000007239
8491.600000015522
6565.8500000080085
7342.925000011518
6930.75000000993
6294.650000007969
4701.025000003221
10796.400000021746
11570.850000010538
5991.2750000078495
4985.100000004039
10279.125000007822
7483.450000009695
9469.67500001692
9003.225000017443
10759.725000021612
5947.525000006852
12382.50000000649
8019.525000013051
7102.350000010214
9792.850000020737
7115.625000009924
6489.6250000064465
9689.47500001772
5853.550000005587
5869.975000003824
8951.45000001595
4364.400000001757
4907.95000000314
6381.025000008058
7215.425000009127
3982.6750000009456
11957.550000025969
7319.375000011711
7645.875000012587
5417.925000005545
6552.275000009398
6933.150000008653
6639.225000009315
6028.600000007573
6608.000000008318
4691.150000002206
7618.750000013078
6531.125000006912
9304.850000016319
4606.15000000239
8424.97500001451
5578.250000005373
5293.975000003917
6339.550000005532
9605.575000020473
5238.500000004206
4326.875000001635
5159.700000004199
5217.475000003983
10041.300000021414
12010.275000003314
6008.7500000059845
5905.800000004753
5418.075000005652
11155.875000008065
7290.400000008991
6102.00000000832
11315.700000023635
5315.675000003997
5540.450000005752
6982.000000011336
10780.200000021687
7118.575000008916
7178.325000009849
7328.65000000913
7096.100000008955
7148.80000001189
6597.900000010553
6616.550000007734
4232.525000001349
5083.275000004399
13456.200000024603
4482.97500000233
5275.025000004518
9801.800000018127
8632.775000013873
7471.300000008788
7446.5500000121665
6060.4500000067055
6822.250000010077
6652.225000007395
5982.800000005573
8460.97500001601
4942.675000003399
7116.075000009973
5034.475000002425
4503.250000003106
4737.475000002822
7151.700000008543
5208.000000002904
7098.400000011859
5722.775000005874
9068.97500001546
5720.000000006621
8750.625000014305
4702.575000003187
5789.000000003529
7818.225000012102
4076.875000001223
7997.825000012925
8621.150000015505
8636.850000013888
9641.975000017885
6939.475000010846
8453.550000013223
9813.450000018625
5502.650000004425
10865.425000021998
7307.67500001115
9312.00000001003
9390.02500001903
8436.850000015156
6544.100000007564
10981.375000022419
8704.475000016428
5460.600000004868
6004.200000004497
7003.625000009527
8208.225000013039
5390.900000004556
5758.675000006058
7696.225000010574
11689.55000001561
9908.075000012073
4801.400000003111
11128.300000022953
13747.075000029025
9619.82500001928
8035.125000013835
14958.300000025232
5531.525000006498
8205.07500001479
6031.075000006715
6256.150000008254
4396.875000001686
10034.250000018972
7213.625000008815
4804.2000000026055
8887.175000016072
6858.275000007418
5236.550000004247
10599.075000021028
9140.22500001572
9571.875000009131
5723.850000006296
9133.325000009618
8714.22500001417
5354.9750000045315
13030.400000029873
9216.450000015997
5113.525000003777
7048.0000000110185
6293.675000007798
5505.725000005068
8087.50000001407
6428.750000006741
8162.85000001406
6750.075000007026
5973.100000005677
7508.375000008872
4155.475000001094
11576.200000024583
9467.550000019733
4024.1750000005745
5489.650000006473
5020.325000004426
8693.200000008255
6866.250000009743
9401.52500001667
7135.125000010552
10227.325000019942
5674.200000005861
4688.525000002439
7760.725000010811
8331.30000001481
5400.52500000498
5995.40000000516
8576.825000015499
10924.250000022937
6426.800000007878
7642.900000011905
10234.40000001354
10452.300000021796
6568.125000007324
10365.125000020176
5933.300000004054
6820.025000007279
9630.850000017506
12482.100000027876
4743.200000002185
8486.15000001535
5967.075000004177
5505.700000004605
6220.025000007164
8879.225000017223
8211.52500001548
6026.000000005469
4971.75000000371
15039.449999996184
6820.800000008734
11633.300000027324
8409.175000013061
9273.45000001862
10534.550000011637
5099.775000003944
4198.0750000012795
9732.800000017876
5307.700000005498
5123.575000003508
7698.850000010934
5710.300000004458
6192.1500000070555
7405.300000011653
6036.47500000556
7446.725000012313
5118.45000000415
7957.225000006557
5876.925000006882
7686.625000010432
9390.550000009855
5866.625000007181
9167.67500001582
6641.3500000070635
7277.82500000797
5964.000000008993
11410.875000008913
9059.025000017664
8736.20000001425
4198.275000002053
6882.075000008259
9321.925000006933
5667.000000006332
9259.775000016902
9549.37500001529
8164.100000013406
5598.55000000707
13208.900000030522
5710.400000003329
7930.47500001132
5225.650000004882
7025.625000008365
8852.42500001624
7280.850000012088
9620.27500002028
8785.175000016918
4944.875000002539
9113.350000015973
5729.475000004348
9548.95000001452
5784.375000005293
9233.425000017647
10186.475000019527
6905.900000007592
5336.550000003381
4882.375000002901
7752.700000012928
6525.275000010079
5645.6250000046875
8679.725000008813
8676.625000016744
8415.375000015045
8818.475000006412
9378.600000016588
8290.275000003547
9540.90000001102
4550.050000002306
5461.200000004943
5880.550000006322
5722.750000006552
7503.675000009766
10887.975000023114
5922.825000005232
10885.000000014792
9728.325000007279
12979.175000008527
4938.65000000325
11344.650000025005
6731.025000007374
10216.250000019636
5881.050000006276
6990.9000000105625
11361.675000003343
7136.275000010468
7428.400000011386
11265.775000023452
7804.600000008779
9506.575000017054
5222.650000003999
13509.200000011278
7043.650000011453
6667.000000008125
11349.575000004625
6628.400000010683
5316.150000003651
9682.450000017692
7344.950000009794
8821.200000016885
10321.250000020018
6945.300000007735
8198.500000014796
4762.275000002394
6280.250000009484
6450.150000006832
8731.475000012553
5593.100000006691
7524.575000009843
8765.400000004407
4616.5500000015245
5887.825000005135
8897.625000016687
12338.175000024365
5277.475000003755
11508.250000001546
9993.650000018826
5069.700000002325
10672.3250000236
15185.175000026404
6682.325000010396
7062.2000000112175
5853.60000000571
6136.225000004792
7851.425000013229
9069.000000016844
9545.525000017195
9024.9250000153
6634.6250000109485
4783.925000003031
6588.600000008486
3785.5500000004176
6300.800000006493
4505.700000001564
6315.200000007229
7496.700000010984
9174.975000015846
7247.925000008952
10629.150000019032
4325.375000002299
7309.250000012355
10251.600000019764
9626.67500001749
5930.325000006593
7465.7750000112555
5234.150000004247
5775.800000004812
7951.775000011397
4820.450000002082
6288.4750000079375
6368.275000008278
9577.675000017312
10383.175000020241
12408.475000008719
6019.375000004367
6176.525000004938
7875.7000000141925
12331.825000027333
7459.550000012507
8097.42500001279
6692.250000009059
13428.325000018907
5922.300000007419
12242.675000017847
6054.15000000756
8089.075000013866
8106.200000011959
5953.450000006491
7308.350000009057
7207.275000010879
6245.350000006252
5463.250000003192
5647.925000004666
7376.750000009798
7670.025000011541
11985.400000026071
6938.475000007711
10484.500000020611
6249.850000006912
4652.950000002475
12282.575000027151
5290.125000004578
8495.975000015651
8694.000000014285
5280.450000004182
9427.900000016767
7454.725000009588
7620.700000011705
7009.3500000079675
5456.750000005672
4667.0000000039745
7586.075000011488
6338.225000007464
6968.025000010934
11034.950000013978
6145.550000006422
9971.825000007142
10553.025000003669
6474.475000006023
6644.875000009126
9972.225000015882
9934.125000018608
9292.425000016408
5871.250000005822
9408.125000017415
4713.025000002353
8000.85000001296
6901.450000009104
7998.925000011568
10885.125000007585
6145.200000007679
6999.350000010236
10395.325000023007
6439.225000009247
5236.425000003336
9849.275000017333
8535.900000007385
6675.7000000088665
9971.875000018747
7975.075000009094
7888.450000012614
8377.525000015641
5194.425000004465
9897.525000018475
9761.150000010755
6674.200000008725
10926.90000002222
5582.3500000035565
8075.875000014334
6428.100000008688
4967.250000003006
9949.850000018667
5558.025000004909
6528.250000006218
6217.975000008919
6060.90000000731
8295.575000012648
8703.875000015676
8430.200000013137
7795.7750000129245
7300.4000000093
10129.900000017307
8144.125000012096
8221.000000012376
8009.550000008665
11276.150000008338
10636.850000021164
6311.8750000074615
5967.400000006448
10448.650000020481
6615.275000009942
6067.825000006668
9923.65000001857
4967.650000003019
10046.850000019018
7277.700000008945
5592.750000004327
8401.825000013034
7318.5500000120755
6915.30000000908
7472.450000011837
6059.525000006131
7277.750000008886
11284.600000017508
10196.35000000757
5187.325000004464
9204.37500000653
5649.3250000063235
9294.875000016284
11217.175000013656
9429.625000019007
11105.200000022869
9862.87500001835
7557.4500000099615
6690.625000007359
9321.925000019075
8801.375000017424
7286.325000011545
4616.675000002601
10598.100000021219
7387.375000009468
9552.07500001722
7077.700000008217
9421.225000016742
12570.4000000282
7599.275000012973
8314.425000015552
