7187.125000008826
8536.900000013675
5436.700000005445
3216.64999999817
2217.474999998975
9699.075000017754
2659.9249999986764
5222.250000006146
2511.8499999989313
2572.9499999987556
3420.6249999983074
10048.675000019026
4354.37500000173
5208.275000002765
8413.975000014221
8347.825000012837
7539.875000012992
2477.7750000003352
3566.4000000001665
5412.525000003034
4021.1750000032634
4457.399999999116
2801.599999999899
8280.200000012592
3306.4000000005967
4709.700000000975
6656.075000006684
2866.9249999984877
4601.425000003999
5549.225000003071
7743.75000001064
4557.9250000003485
7244.700000010744
5193.65000000468
7229.25000000923
2819.699999999112
11054.850000022685
4377.700000000799
3431.799999998558
5699.050000004638
5136.700000005757
2262.6249999990378
7856.175000014668
9256.400000016143
3818.7500000038913
6432.3750000085365
4790.950000003622
4771.450000001467
3160.5999999984
5712.425000005629
4458.925000002078
5521.45000000733
4370.975000002722
3526.299999999194
4514.950000004679
4574.2250000012855
6898.875000007829
3827.049999999908
3132.29999999891
5865.77500000404
6241.875000010422
9961.225000020768
2444.724999998872
2291.9999999989295
6832.850000010552
3913.7250000021245
4578.975000003481
4825.025000000898
2627.0999999992086
5217.225000005008
4860.075000006149
3560.8750000022696
6207.87500000748
9856.750000018326
9495.175000020048
4781.050000004758
5642.825000006804
6697.55000000692
7082.700000011531
10507.025000020692
3455.124999999024
3870.550000000494
4054.6499999987814
5581.225000006543
5310.000000003533
4787.6750000025095
4449.425000004695
6611.175000009038
4405.050000003517
4283.525000001049
6183.250000007208
7887.65000001146
4095.5749999994923
3845.725000000705
2739.325000000462
7328.075000012685
5349.250000007449
5557.52500000644
5848.775000006062
3380.325000003029
6205.525000005896
6165.000000005055
3119.9249999984113
2772.5000000005775
7247.075000011142
6315.950000008361
6110.950000007023
8120.350000013168
11001.17500002249
2663.6999999986247
3312.924999998082
6058.375000008013
6540.300000006318
2512.3249999990376
5679.525000004748
6566.575000006358
4948.525000003427
5528.075000008352
5511.8500000059
8367.175000012907
6627.475000006852
5245.725000006645
5539.175000008298
5968.5750000061
5081.275000003216
6367.975000010661
6354.950000006159
5885.075000006518
3609.37500000144
3569.7499999979113
3540.074999999917
6466.250000005994
4817.425000001518
4538.12500000197
5549.150000004298
3018.099999998757
3380.1749999984563
5865.475000008406
4438.425000005237
4766.25000000542
8281.300000013829
3176.8749999984616
7060.700000008299
4688.600000005284
6335.375000008287
8262.450000014178
7185.275000009715
5119.100000002438
3344.124999999501
6453.075000006003
4594.225000003224
4766.550000005346
7385.750000013388
5691.575000006898
4786.325000000505
4213.500000000178
5783.925000004768
7898.075000012668
6584.825000010649
7581.775000010739
6377.975000005672
3435.5000000004115
6893.200000009829
7062.00000001053
5065.57500000411
7716.250000013666
8900.70000001485
3679.700000000164
4156.625000001611
4471.025000001282
2927.0999999984333
8629.975000014045
5962.9000000041615
4658.92500000484
2417.174999998897
4290.975000000937
3314.225000000614
6519.475000009776
6529.250000006222
2760.674999999566
3733.2250000027498
5672.725000006696
4362.475000002638
3367.924999998225
4898.90000000506
2691.849999998601
9505.075000019937
4713.275000000526
2503.149999998819
5815.700000006976
3018.374999999455
4202.42500000236
4566.924999999227
3217.9999999982133
2495.2249999989226
3513.3249999984428
5717.97500000327
8413.650000014397
6092.925000006377
8053.925000011769
6394.925000008655
2286.4499999991185
5357.725000007621
4356.500000000919
3567.8750000006758
4350.525000001891
8210.925000012614
3009.09999999862
3198.475000000559
4947.3000000040975
5825.800000003663
6415.675000007745
5140.375000002101
8257.050000015885
3620.225000000033
8284.675000013804
3116.949999998261
2313.7249999989913
6028.650000007759
2727.9000000001406
3862.4250000033226
5477.900000006897
4639.725000003084
5220.075000003468
6219.025000009047
4865.775000001471
2721.024999998753
2613.3999999987186
4176.025000001024
4675.6250000004675
4543.925000006088
3158.975000001835
3034.9499999983354
4113.025000000842
4221.125000001441
6842.650000008299
2892.800000000464
4034.9999999985553
5365.9750000044905
4198.525000002561
5824.2750000049045
2827.6999999987484
5956.975000007886
2878.5249999984776
7215.8000000087195
5336.100000006003
6734.450000008965
3337.724999999328
3540.4499999993077
3925.2250000001795
11286.375000023783
5102.550000004938
5876.250000004544
3891.124999999195
6764.575000008546
8669.850000015884
4121.750000003781
6057.775000004507
5878.375000005335
3052.025000001234
8455.150000014788
8923.00000001493
4525.8250000024855
5297.5750000087155
4026.600000000652
4935.2750000031065
2499.3749999987863
4869.475000001664
2771.224999998575
4387.050000001142
2593.8499999989463
2782.924999998709
4034.6999999984087
8073.2750000119995
7144.975000008802
4880.600000002649
5862.825000005712
9425.325000018234
2504.024999998736
5416.825000002174
4926.950000001592
3844.974999999547
3123.8999999994703
3539.824999997876
3898.6750000003426
5402.375000006308
3094.8749999985175
2467.024999999474
2885.1999999984714
5120.500000005054
2765.2249999985806
6376.925000007344
4356.0250000016695
7198.225000008655
6976.850000010171
4511.325000002227
3026.3250000000417
3202.675000000039
6521.175000008339
4670.25000000449
4606.4750000061085
6949.875000007752
6379.400000007758
3360.0749999999753
4920.625000004242
5392.800000007693
3476.7249999986766
4750.800000001451
4030.0499999992453
4023.950000000573
5109.550000003388
3938.1500000008105
6014.775000006245
5382.12500000726
3582.6999999997565
5724.325000004406
4474.925000002825
4639.55000000164
4604.550000003599
5427.400000006441
3892.25000000369
3163.699999998218
3731.45
5597.325000006267
4980.125000005056
3786.4999999987767
8913.175000015875
2089.049999999161
4383.350000000297
5493.65000000619
6457.825000008346
2839.3249999993236
5160.375000004604
2631.1249999986535
2884.24999999903
3850.099999998692
6495.650000009137
4923.175000005031
7240.375000008809
4334.725000002504
5441.400000006202
6799.925000009763
4116.049999999705
9879.450000018409
4881.075000003919
6784.925000007152
4654.475000002398
5391.775000007343
2779.7499999987735
3564.0749999997524
2463.800000000194
3891.9750000024324
3191.574999998772
3721.975000000793
4140.000000004518
6469.80000000685
6211.750000006739
5224.575000003035
4743.0000000028085
6264.275000007709
3248.7500000002588
2409.5999999988053
5322.600000005863
5917.650000007432
4990.02500000373
4558.975000004013
3646.199999999843
3418.6499999997236
5065.925000006355
4917.85000000533
4924.80000000242
4759.475000006188
7075.875000009838
6032.7750000079395
5642.175000007204
7649.725000014147
7065.100000010289
2516.250000000904
4878.700000002638
5113.4250000040665
3538.624999998553
2406.3999999988746
7086.050000009516
6997.425000007925
3868.499999999948
6100.375000006106
7270.275000009785
6819.375000009579
4334.250000000864
6168.475000009081
2716.799999999827
5247.325000004444
2554.924999998772
4723.600000000988
5741.57500000527
8034.950000014753
3002.2750000007027
4825.775000001183
4794.600000006065
7871.325000012661
8066.950000014089
8586.000000015927
4308.425000001467
5040.800000006855
9712.075000017801
4598.050000001328
3791.4999999996085
4570.9750000011045
4744.725000002776
7611.92500001016
2383.0249999989283
6840.250000008848
7010.625000008107
5799.100000005462
6242.450000005339
6106.225000007346
2988.224999998378
2772.5249999986377
5144.450000004038
6058.300000004658
8584.12500001465
7143.200000011773
3053.724999999487
3211.6750000003126
2240.8999999989574
3369.724999999233
3970.0499999982267
6451.125000009202
6192.900000005729
6361.125000007647
6646.175000010848
4705.450000002538
5427.525000005135
6161.000000007187
4436.350000004004
5150.500000005088
7351.300000009212
3236.699999999339
3563.2250000023987
5639.075000005805
4402.775000002424
3996.725000001055
1919.7499999992758
4794.075000003511
3867.174999999139
4167.025000001488
3467.6499999989496
8156.025000013338
3342.5500000005077
3689.3000000016204
5108.425000007183
3286.2749999982148
6828.20000000986
2164.049999999127
3815.6499999993666
3708.4499999979903
2930.5249999984303
6102.900000005397
4133.6750000021575
6474.550000007429
6887.62500000993
6201.950000009278
6426.275000007797
3788.6749999994995
3239.8749999981487
2848.9999999989323
5405.40000000719
5749.400000009367
5867.625000005966
3576.274999999782
5359.525000001966
3368.449999999818
8493.500000013368
4822.675000005119
4829.175000002826
3197.549999998423
8141.175000013656
3412.5749999998206
7922.80000001306
3746.825000000214
4577.075000002285
7481.575000010536
3572.174999999469
4548.225000006971
5483.050000007148
2765.999999999616
3188.0500000003785
3870.125000001966
4043.999999999401
3326.249999999848
5902.575000005124
2604.6499999990547
4374.275000002219
4206.725000001406
6513.325000006922
2196.449999999165
5304.950000007053
4052.1000000023396
5643.625000008124
4550.825000000842
8757.200000014638
5347.350000003561
4721.400000006783
3321.4249999983936
4189.175000000619
4734.050000006979
5641.125000007995
4403.225000000519
3226.425000000912
3721.499999998826
3930.9499999989025
6347.475000009196
4147.675000000857
5748.00000000709
4556.475000004493
4361.475000002959
2925.3749999992383
7235.200000009383
8322.25000001434
3905.9000000025326
3029.525000001026
7720.275000010555
5436.375000007247
5716.575000003339
7189.075000011586
5863.225000006108
3665.7499999990196
8397.775000014037
5221.250000005556
5044.025000007244
7438.8500000129825
4650.250000001669
4135.075000000154
7048.625000009373
3863.799999999936
3504.124999999379
6021.475000007682
2711.949999999438
2919.699999998586
4084.6250000020505
4960.000000003363
2384.549999998927
8521.125000014474
5162.875000005916
5115.450000003604
3255.049999999621
4058.3250000018743
5071.125000004251
4151.025000001527
4044.600000001027
4431.300000001102
2875.3749999984802
5511.675000007539
4367.475000001679
6736.4000000069755
2803.6499999990356
5792.250000006698
3632.7999999996723
3145.875000000635
4293.274999998996
7019.000000011612
2988.9999999983547
2389.5499999989224
2883.524999998402
3436.974999998145
6071.550000008049
8608.475000013786
3701.4499999991062
3499.899999997913
3418.200000001156
8413.125000015461
4950.925000002707
4286.450000004605
7369.92500000928
3353.999999998169
3702.375000001871
5054.525000005675
8098.450000011931
4746.450000003096
5148.300000004036
4649.975000002116
4382.649999999322
4872.25000000613
5150.900000006991
3943.2249999990036
2511.7749999990374
3043.699999999817
9369.200000016554
2920.6250000002387
3685.3500000002236
6551.225000006301
5203.050000004589
5496.425000007149
5048.900000004554
4189.975000001266
4969.550000007196
4231.950000000286
3615.8999999994676
5694.600000006585
3188.999999998595
4900.950000003238
3185.7499999987263
2768.5749999997643
3122.049999999781
4595.7750000023425
2941.8749999984198
5322.975000007173
3379.3000000002457
6059.4000000062715
3544.7250000009644
6275.450000007671
3030.775000000959
3535.599999999726
5457.175000004177
2446.0999999992337
5726.650000007101
5130.950000002807
5337.925000003599
6923.575000007995
4984.900000006178
5368.700000002076
7344.075000011771
2994.8749999988745
7496.075000010557
5262.800000003711
7380.575000011115
5795.950000008066
6395.275000008778
4122.0000000007185
7504.47500000977
5637.975000005681
3599.92500000192
3647.1249999977786
4379.3750000008185
5669.075000005196
3533.725000001564
3852.175000000942
5279.350000004333
9131.600000016579
7458.050000013624
2977.524999998501
6817.100000007644
9639.950000017538
5693.000000005948
5880.5250000082415
10881.375000022055
3481.6250000014034
5597.025000006342
3660.600000000575
4689.925000004603
2550.599999998895
6137.450000004796
4692.175000000203
2551.4749999987753
6057.450000006371
3893.7749999994417
3325.649999999848
7686.625000011887
5426.900000002812
6739.725000009781
3875.400000003639
6773.67500000843
5799.250000005981
3532.8750000016516
8845.175000014648
5496.400000004486
2830.9999999985075
4917.675000004549
4277.175000000782
3403.9749999982673
5403.20000000605
4474.725000001986
5363.650000005008
4193.474999999809
3910.3749999994475
5467.200000007239
2218.0249999990638
7718.12500001251
5574.125000005672
2186.0249999991074
4088.3500000030667
3135.250000000563
6190.075000007926
4679.450000002812
6445.175000006753
4641.400000002221
6336.400000007498
3702.1250000005525
2605.424999998726
4745.775000000556
5503.7250000053
3396.424999999418
3947.1500000000487
6296.400000007452
8326.175000014136
4493.625000003265
5180.425000003257
8091.375000014781
6962.025000009506
4126.524999999288
6663.175000006709
3496.499999998764
4229.774999999136
6465.125000005988
8659.075000014014
2906.5999999987343
6711.725000010703
3615.6749999986855
3606.3500000020927
4239.150000002495
7034.375000013069
5429.475000006227
4122.800000000518
2859.224999998394
11098.875000022847
4471.12500000332
7840.050000014133
5111.400000001364
6721.250000009454
8089.925000014041
3104.475000000736
2551.9749999987744
6269.250000006813
3493.4000000004316
3277.424999999564
5125.650000003148
3514.6499999987673
3773.3999999995135
5447.7750000061005
3384.149999998647
5016.600000004892
3465.8000000001903
5797.7500000084165
3826.350000001249
4963.775000002304
7070.250000010653
3790.4500000022135
6301.9500000063945
4280.500000000675
5116.800000007405
4484.8250000070275
8429.550000013214
7330.850000014641
5700.2250000051035
2468.0749999987693
4944.800000002882
7054.3750000108275
3783.5000000014747
6245.100000006405
7147.200000012747
5723.275000006937
3497.4750000018244
9053.175000015402
3698.4749999986593
4896.025000003764
3652.2749999999523
4306.949999999334
5913.100000006181
5196.425000005659
6704.525000009964
5418.425000006062
2844.5999999985083
6857.700000009696
3357.324999998042
6603.200000007713
3225.274999999149
6059.825000006697
6718.9250000078355
4327.749999998916
3467.6249999990378
2731.2499999986053
5665.000000006505
4683.675000006181
3579.924999999758
6359.175000008602
6095.425000009129
5587.625000007924
6679.025000009754
6914.925000009567
5768.100000009145
7091.6750000113725
2991.7499999983747
3710.4500000021476
3451.2000000002695
3555.9250000016214
5038.075000003098
7370.125000010317
3375.4999999990614
7533.500000011778
6793.600000008583
8965.475000017192
2985.2499999996876
8104.475000013218
4479.375000001625
6944.000000007787
4111.125000001815
4902.175000005636
8470.225000013283
5294.350000005795
5270.775000005398
6054.700000005967
5790.275000006835
6215.425000006411
2834.124999998899
9550.600000017213
4887.700000006108
4089.950000000893
8359.700000013756
4671.625000006083
3222.374999999441
6715.625000009059
5515.800000006862
5361.900000004913
7179.1500000095475
4243.625000001049
6064.550000007785
2765.5249999985804
4437.325000004779
3934.9249999993367
6742.675000011923
3830.650000004601
4748.200000001608
6369.875000008635
2855.249999998499
3327.5499999983235
6660.525000009451
9232.725000017084
2869.599999998606
8500.05000001339
7094.675000008279
3014.324999998513
7685.175000012921
11009.925000022522
4781.875000006217
4969.075000006145
3961.9000000001215
4102.3499999998985
5434.0000000044765
5994.2250000068925
6632.4750000086215
5402.000000004244
4975.900000006255
2681.22499999929
4292.22500000036
1970.449999999249
4139.100000000126
2623.04999999871
4144.550000002662
5402.275000003605
5941.050000004083
5083.225000007475
7656.325000010322
2609.0499999990875
5757.975000009119
6853.850000007403
5828.35000000495
3659.2250000010554
5632.750000006157
2915.174999999176
3685.8999999989696
5310.425000005026
2633.2749999987004
3812.1999999995796
4157.3750000025375
6536.950000006249
7291.625000008996
9049.00000001577
3776.824999998539
4222.774999999787
5386.40000000681
8813.15000001453
5223.550000005793
5510.925000004762
4719.1500000041415
8549.150000013571
4181.175000004294
10021.350000021088
3982.0250000004894
5907.000000006104
5215.950000005669
3752.0250000028736
4751.200000001672
4865.875000004309
4237.875000002712
3382.624999998294
3253.6749999985295
4873.950000000692
5454.625000005848
8309.225000014305
4062.1249999990914
7426.47500001013
4123.225000001796
2762.299999999424
7541.650000010675
3290.64999999969
7003.100000010805
5976.150000006473
3359.1500000004103
6356.300000006235
4711.050000002823
4872.650000003444
4482.025000000489
3337.2250000006725
2919.1000000003532
4820.425000001786
4247.900000001911
5324.950000005591
8393.775000013546
3672.299999999017
6927.700000009399
7659.475000011211
3960.9500000004455
4360.475000002325
7994.250000015076
6381.500000005684
5919.175000004136
3848.2000000016105
6663.2250000101485
2884.4749999984724
5624.925000006508
5118.100000006745
5175.4750000046415
8108.675000012807
3761.275000000692
4889.250000007327
6831.950000010118
4738.300000004646
2971.524999998654
6675.800000008667
6290.100000006765
4298.225000000888
6164.800000004949
5948.175000006676
5461.300000003785
6460.525000009144
3230.3749999999536
7045.70000001028
7713.87500001469
4336.000000000821
6348.475000007501
3633.350000000097
5950.075000006682
4587.775000005641
2825.524999998526
6375.050000005661
3249.174999998472
4110.974999998654
4599.575000004081
4155.900000001187
5183.700000003746
6394.400000007276
5281.925000004487
5677.750000005715
4521.900000000883
7269.150000012971
5185.700000004001
5520.875000002648
5994.625000007512
8702.975000014601
7164.875000009357
4083.6750000000693
3760.275000000021
6561.6000000063395
4439.775000004023
4108.825000001067
6501.675000006403
2908.0499999986664
6973.150000007837
4053.999999999678
3525.224999999544
5757.225000004659
5040.025000005509
4607.825000003093
4934.250000002603
4153.525000000555
5383.975000007238
8338.600000012804
7069.3250000106
3635.2250000016465
6743.450000008999
3733.425000003506
6133.800000004783
8061.600000013314
6435.75000000896
7499.900000009753
7551.125000010151
4442.2249999996375
3909.824999998224
5688.7250000067015
6132.850000008478
5658.150000007975
2715.724999998592
6879.2000000076905
4999.625000002414
4921.275000003383
4562.575000000841
6625.225000006571
7376.6000000093045
5516.825000006427
5820.800000007389
