11480.300000024234
10953.100000022316
10932.10000002224
3616.0999999978067
2632.3999999987013
10962.100000022348
2702.199999998638
10560.100000020886
2648.5999999986866
2388.2999999989233
3216.0999999981705
10955.100000022323
7740.0000000106265
8284.000000012606
10999.100000022483
11428.100000024044
10994.100000022465
4143.299999997542
4499.199999998837
5981.200000004228
7470.6000000096465
4644.099999999364
3625.399999997798
10839.100000021901
4595.499999999187
5277.100000001667
10937.100000022258
2083.199999999201
8412.300000013072
6428.100000005854
10948.100000022298
3625.1999999977984
11874.200000025667
8334.400000012789
8712.500000014164
2919.49999999844
11964.500000025995
6603.00000000649
3314.1999999980812
6688.000000006799
10939.100000022265
1766.299999999489
11283.000000023516
11948.200000025936
8157.200000012144
10800.000000021759
9821.000000018197
7021.000000008011
3673.1999999977547
10800.000000021759
8114.000000011987
11318.300000023644
5889.100000003893
3172.59999999821
9716.100000017816
4473.499999998743
11295.10000002356
4069.1999999973946
3228.1999999981595
5880.10000000386
11425.100000024033
11773.3000000253
1963.19999999931
2084.5999999991996
11708.500000025064
5570.1000000027325
7860.1000000110635
7301.0000000090295
2926.5999999984338
10948.100000022298
11300.100000023578
6309.100000005421
11381.400000023874
11619.30000002474
11701.000000025037
9102.300000015583
10943.10000002228
10800.000000021759
10961.100000022345
11877.100000025677
4048.1999999974137
4637.299999999339
4639.199999999346
10955.100000022323
7624.600000010207
6802.1000000072145
8330.300000012774
11356.300000023783
8634.10000001388
4581.799999999137
9976.300000018762
10948.100000022298
3487.099999997924
4793.2999999999065
4255.299999997949
10934.100000022247
11376.300000023855
8149.100000012115
10800.000000021759
7250.500000008846
10956.100000022327
10800.000000021759
2760.199999998585
4440.599999998623
11813.100000025444
11348.300000023753
10948.100000022298
11962.200000025987
11748.400000025209
2124.4999999991633
3584.0999999978358
11293.100000023553
10947.100000022294
2747.3999999985967
10950.100000022305
10800.000000021759
10105.00000001923
11379.200000023866
10932.10000002224
11308.000000023607
10800.000000021759
11546.400000024474
11256.300000023419
10800.000000021759
6649.400000006659
11693.300000025009
10951.100000022308
11355.100000023778
6065.200000004534
4151.09999999757
5462.000000002339
10800.000000021759
5077.40000000094
5764.400000003439
10800.000000021759
3390.499999998012
2943.1999999984187
11339.30000002372
9615.50000001745
10543.200000020825
11064.20000002272
3409.099999997995
10018.100000018914
10970.100000022378
11249.200000023393
11432.200000024059
11773.100000025299
5201.00000000139
3334.499999998063
10800.000000021759
6631.000000006592
9409.200000016699
11136.300000022982
9982.400000018784
5665.000000003078
3819.199999997622
10183.000000019514
11401.100000023946
9638.300000017533
11640.500000024816
5748.10000000338
4124.499999997473
11667.200000024914
11807.000000025422
10800.000000021759
11598.100000024662
10971.100000022381
4501.499999998845
5539.500000002621
5387.400000002068
2774.1999999985724
11012.10000002253
5728.000000003307
6729.200000006949
2472.099999998847
5848.0000000037435
4434.399999998601
11323.100000023662
10800.000000021759
3263.3999999981274
6863.200000007437
10956.100000022327
6639.200000006622
2580.099999998749
10973.100000022388
3694.1999999977356
11264.400000023448
5659.000000003056
2152.099999999138
10948.100000022298
3205.59999999818
5210.200000001423
4754.099999999764
3079.099999998295
2566.4999999987613
2772.0999999985743
6433.100000005872
10800.000000021759
10067.000000019092
10800.000000021759
11275.200000023488
2807.1999999985424
9900.500000018486
3547.1999999978693
4654.699999999402
6698.100000006836
10800.000000021759
2677.1999999986606
4465.299999998713
6467.200000005996
5995.000000004278
10959.100000022338
7396.000000009375
11806.30000002542
4833.400000000052
10937.100000022258
3415.1999999979894
1959.3999999993134
11268.100000023462
3971.5999999974833
6936.100000007702
11324.300000023666
7204.100000008677
8742.100000014272
11779.200000025321
6187.000000004977
2378.3999999989323
2652.1999999986833
3943.299999997509
5607.100000002867
11243.00000002337
5639.600000002985
3263.1999999981276
4155.199999997585
5346.300000001918
11360.100000023796
4331.199999998225
4308.099999998141
10800.000000021759
7058.3000000081465
5946.1000000041
2931.1999999984296
11802.600000025406
2081.0999999992027
10800.000000021759
10423.300000020388
11267.300000023459
4343.299999998269
3085.3999999982893
4379.1999999984
11823.10000002548
10956.100000022327
10800.000000021759
3524.0999999978903
11453.200000024135
11280.200000023506
8144.100000012097
10800.000000021759
8870.100000014738
5078.600000000944
11731.600000025148
11369.20000002383
5288.100000001707
11215.30000002327
6303.100000005399
8546.10000001356
2978.2999999983867
5287.100000001703
2021.0999999992573
5323.300000001835
2721.59999999862
2903.199999998455
4140.09999999753
11315.100000023633
11316.300000023637
6503.000000006126
7386.000000009339
11418.400000024008
2534.3999999987905
5372.000000002012
5180.000000001313
3343.4999999980546
3380.399999998021
3591.0999999978294
4253.499999997943
7373.3000000092925
2374.199999998936
3358.299999998041
2873.0999999984824
10940.100000022268
3382.0999999980195
11377.100000023858
6039.200000004439
8580.400000013684
11741.300000025183
6039.100000004439
4526.099999998934
4187.399999997702
11834.200000025521
6634.100000006603
11256.200000023418
10983.100000022425
10800.000000021759
3995.199999997462
10800.000000021759
11320.00000002365
2920.1999999984396
6734.000000006967
5132.000000001139
4565.599999999078
7138.400000008438
4814.499999999984
8134.400000012061
11833.000000025517
3251.699999998138
10800.000000021759
6885.200000007517
4858.300000000143
9137.10000001571
11459.100000024157
8487.100000013344
2850.0999999985033
4947.000000000466
10800.000000021759
10942.100000022276
4405.099999998494
11960.50000002598
1709.299999999541
5468.000000002361
11273.20000002348
11660.50000002489
4033.299999997427
7033.100000008055
2373.199999998937
2760.399999998585
3446.0999999979613
12018.10000002619
8975.10000001512
10986.100000022436
6395.300000005735
11336.100000023709
10960.100000022341
4304.2999999981275
10943.10000002228
7408.100000009419
10800.000000021759
6348.100000005563
11644.40000002483
3080.199999998294
3676.199999997752
4041.39999999742
7974.100000011478
3006.2999999983613
4520.699999998915
8798.500000014477
11750.500000025217
7799.400000010843
5728.200000003308
5945.200000004097
10957.10000002233
4214.499999997801
2484.199999998836
11281.30000002351
10960.100000022341
7787.300000010799
8644.100000013916
3838.1999999976047
3838.0999999976048
11387.200000023895
10975.100000022396
6177.00000000494
11269.300000023466
11425.100000024033
10022.30000001893
11908.20000002579
11119.30000002292
11366.100000023818
4855.600000000133
5011.200000000699
10800.000000021759
3583.3999999978364
2758.199999998587
10968.10000002237
7826.000000010939
3961.5999999974924
10678.500000021317
10009.100000018881
8210.200000012337
3535.49999999788
11287.200000023531
3637.599999997787
8541.100000013541
2571.299999998757
5784.100000003511
10800.000000021759
11358.40000002379
5559.200000002693
5059.1000000008735
11233.200000023335
11445.400000024107
11695.200000025015
11801.400000025402
5915.100000003988
8190.500000012265
11825.40000002549
7320.000000009099
3253.1999999981367
3795.1999999976438
7251.200000008848
8681.10000001405
1634.299999999609
10965.10000002236
11505.200000024324
8049.100000011751
10800.000000021759
11443.100000024098
2862.0999999984924
3128.1999999982504
10800.000000021759
8956.00000001505
11353.100000023771
11468.000000024189
4083.099999997382
4326.199999998207
2523.2999999988006
2956.6999999984064
4077.0999999973874
11375.300000023852
8723.000000014203
8289.000000012624
11459.000000024156
5915.200000003988
10973.100000022388
10949.100000022301
8359.30000001288
8023.300000011657
10949.100000022301
4082.1999999973827
6268.3000000052725
10800.000000021759
7928.0000000113105
4476.399999998754
1595.2999999996446
8751.300000014306
4914.000000000346
5516.200000002536
4270.1999999980035
11003.100000022498
4697.299999999557
6489.100000006076
11711.200000025074
2959.199999998404
9013.100000015258
1498.099999999733
4696.199999999553
3312.099999998083
2719.2999999986223
6804.100000007222
4959.20000000051
10800.000000021759
11390.100000023906
11629.400000024776
11667.400000024914
3161.1999999982204
3062.0999999983105
3374.1999999980267
11394.10000002392
11676.200000024946
10964.100000022356
3265.4999999981255
7348.0000000092
4977.100000000575
10959.100000022338
7319.200000009096
9316.00000001636
3115.1999999982622
11774.500000025304
3615.1999999978075
11288.200000023535
5493.100000002452
4742.199999999721
10800.000000021759
3341.1999999980567
11473.200000024208
11761.400000025256
3400.5999999980027
4295.599999998096
5608.500000002872
3645.39999999778
3880.499999997566
10154.100000019409
2694.299999998645
6475.400000006026
5409.400000002148
10505.000000020686
2890.3999999984667
11721.00000002511
7528.100000009856
11472.000000024203
3753.199999997682
10925.100000022214
5310.500000001788
11556.000000024509
3003.099999998364
4200.39999999775
11591.500000024638
11409.400000023976
4983.200000000597
5427.300000002213
3274.1999999981176
3583.0999999978367
11261.200000023437
4959.30000000051
11595.200000024652
8517.100000013454
6419.2000000058215
3839.3999999976036
10800.000000021759
11728.400000025136
7428.0000000094915
4803.399999999943
11807.100000025423
11663.4000000249
9786.00000001807
11394.30000002392
10800.000000021759
4395.199999998458
11903.200000025772
10976.1000000224
11740.100000025179
11387.100000023895
3929.199999997522
4360.499999998332
9690.100000017721
4931.200000000408
4404.099999998491
11496.400000024292
3192.499999998192
3007.3999999983603
5811.100000003609
5584.100000002783
2102.2999999991835
11279.200000023502
11356.300000023783
7032.200000008052
4959.10000000051
6050.100000004479
6648.300000006655
7263.100000008892
5372.100000002012
4543.199999998997
3051.1999999983204
10980.100000022414
6000.500000004298
6599.200000006476
4177.199999997665
11498.100000024298
3501.199999997911
4431.39999999859
4121.099999997461
11273.30000002348
3065.1999999983077
2095.3999999991897
2633.1999999987006
3034.199999998336
11036.100000022618
11874.200000025667
3391.399999998011
3393.0999999980095
4389.299999998437
11777.300000025314
8560.00000001361
8756.100000014323
10956.100000022327
3464.199999997945
5542.400000002632
11207.20000002324
11375.100000023851
7340.400000009173
8830.100000014592
5852.000000003758
4912.200000000339
11336.100000023709
7533.200000009874
4124.199999997472
2892.299999998465
3620.099999997803
10962.100000022348
4073.5999999973906
3987.599999997469
6284.20000000533
10800.000000021759
11794.200000025376
7099.200000008295
5549.400000002657
11731.200000025146
3724.499999997708
3959.1999999974946
10961.100000022345
3585.1999999978348
7321.300000009103
2965.0999999983987
3372.2999999980284
3845.599999997598
6751.000000007029
2199.0999999990954
11229.30000002332
3695.099999997735
10800.000000021759
4780.39999999986
11421.000000024018
4848.300000000107
4852.00000000012
7204.100000008677
3024.5999999983446
9614.100000017444
7651.100000010303
7869.000000011096
10594.30000002101
11374.200000023848
6049.000000004475
11259.30000002343
2445.2999999988715
11002.100000022494
5912.100000003977
11661.500000024893
11000.100000022487
8916.100000014905
4485.199999998786
9542.000000017182
10635.100000021159
6003.200000004308
3933.0999999975184
6007.100000004322
9007.400000015237
5597.200000002831
4782.199999999866
10007.000000018874
11091.50000002282
11645.000000024833
3023.299999998346
10800.000000021759
10976.1000000224
10987.10000002244
10979.300000022411
11508.100000024335
6176.300000004938
10964.100000022356
4250.399999997931
6881.300000007503
2566.1999999987615
6390.000000005715
4006.099999997452
1910.1999999993582
11039.100000022629
5534.000000002601
3856.1999999975883
11342.400000023732
8716.000000014177
11837.500000025533
7759.400000010697
11517.500000024369
10800.000000021759
5657.600000003051
10944.100000022283
10800.000000021759
2400.3999999989123
9433.100000016786
4882.20000000023
3577.199999997842
8893.200000014822
5009.400000000693
6781.100000007138
4382.099999998411
3779.1999999976583
11792.400000025369
1986.299999999289
11428.300000024044
10946.10000002229
1561.1999999996756
5918.400000004
4191.099999997716
11942.200000025914
7267.2000000089065
10958.100000022334
5597.100000002831
11063.100000022716
4208.499999997779
2136.3999999991524
3681.699999997747
10951.100000022308
4501.199999998844
4250.799999997933
7783.300000010784
11250.200000023397
6293.000000005362
7476.600000009668
11753.400000025227
11327.200000023677
3522.199999997892
7569.100000010005
4387.099999998429
5086.000000000971
10800.000000021759
10942.100000022276
2628.599999998705
11546.400000024474
4273.099999998014
6201.60000000503
7446.100000009557
11344.000000023738
7037.100000008069
4835.40000000006
3238.1999999981504
11821.500000025475
7437.300000009525
11348.100000023753
7269.000000008913
10968.10000002237
11835.100000025524
4509.499999998874
2136.2999999991525
10800.000000021759
3773.2999999976637
3624.299999997799
6133.200000004781
3434.299999997972
4415.199999998531
10728.600000021499
2626.099999998707
10933.100000022243
3860.4999999975844
11764.300000025267
4938.200000000434
5334.000000001874
11808.600000025428
5721.100000003282
10800.000000021759
4902.500000000304
11756.400000025238
11560.500000024525
11743.600000025192
11755.100000025233
10800.000000021759
2782.299999998565
5809.100000003602
11847.40000002557
5644.100000003002
11004.100000022501
11121.100000022927
8240.500000012447
6641.100000006629
10953.100000022316
4020.099999997439
10360.000000020158
4413.599999998525
3800.0999999976393
6837.100000007342
10814.10000002181
9233.100000016058
10979.10000002241
2300.0999999990036
11512.000000024349
2795.0999999985534
11443.100000024098
2784.0999999985634
10960.100000022341
10800.000000021759
4176.099999997661
3051.59999999832
2312.1999999989926
10938.100000022261
11261.100000023436
3682.4999999977463
11713.600000025082
10974.100000022392
11490.10000002427
11789.200000025357
11353.100000023771
11810.100000025433
11879.200000025685
2900.3999999984576
6366.60000000563
4505.199999998858
6364.200000005621
9888.000000018441
10958.100000022334
2868.199999998487
10800.000000021759
11767.600000025279
11414.400000023994
3432.299999997974
10965.10000002236
6031.10000000441
10957.10000002233
6386.100000005701
6287.600000005343
11964.400000025995
10334.300000020065
9713.300000017805
10800.000000021759
11752.000000025222
9738.000000017895
2451.499999998866
10969.100000022374
11333.000000023698
4148.19999999756
11786.100000025346
11268.200000023462
3379.5999999980218
11194.400000023194
11700.500000025035
9731.10000001787
7268.000000008909
7450.0000000095715
11424.20000002403
2287.1999999990153
8530.200000013501
3411.399999997993
11711.600000025075
8780.10000001441
5347.200000001922
12024.600000026214
2363.199999998946
2305.099999998999
11384.100000023884
11351.100000023764
2274.399999999027
11732.600000025152
10956.100000022327
2392.09999999892
10950.100000022305
11392.100000023913
11273.10000002348
11314.30000002363
4280.29999999804
4174.099999997654
6782.100000007142
8940.100000014992
11416.200000024
7749.20000001066
11242.200000023367
2901.3999999984567
4022.1999999974373
1519.0999999997139
4125.499999997477
2253.199999999046
6706.000000006865
5595.100000002823
7411.00000000943
11814.000000025448
11469.100000024193
3033.5999999983364
11449.500000024122
10967.100000022367
10800.000000021759
5517.10000000254
10294.40000001992
2915.199999998444
3717.1999999977147
9640.000000017539
2362.399999998947
4197.199999997738
8085.100000011882
7689.000000010441
10962.100000022348
11837.300000025532
4824.000000000018
4628.0999999993055
11266.200000023455
10231.000000019689
11290.200000023542
6246.200000005192
6258.100000005235
10800.000000021759
8493.200000013367
11620.500000024744
4817.199999999993
7408.200000009419
10800.000000021759
6819.500000007278
6046.400000004465
10125.100000019303
6933.200000007691
3349.0999999980495
2759.199999998586
4419.1999999985455
8437.100000013163
11379.200000023866
3758.0999999976775
8692.10000001409
4450.499999998659
3062.69999999831
10800.000000021759
4973.100000000561
11231.000000023327
11353.300000023772
4342.199999998265
10944.100000022283
8341.000000012813
6141.10000000481
4283.09999999805
5407.30000000214
4968.300000000543
4394.199999998455
6018.100000004362
8784.100000014425
11306.3000000236
3206.1999999981795
11714.400000025085
12002.500000026133
6693.000000006818
6280.200000005316
11772.500000025297
10800.000000021759
8911.200000014887
5708.300000003235
11415.300000023997
2721.1999999986206
11427.20000002404
11559.500000024522
10800.000000021759
11851.400000025584
5198.100000001379
11762.100000025259
10232.100000019693
8658.200000013967
2241.399999999057
11428.100000024044
11774.400000025304
4505.199999998858
10800.000000021759
11712.100000025077
7992.100000011544
11363.100000023807
3661.2999999977656
11472.100000024204
11583.400000024609
4457.099999998683
10800.000000021759
4411.299999998517
11248.20000002339
10110.20000001925
2418.199999998896
10800.000000021759
2692.199999998647
4972.000000000557
6930.300000007681
5599.300000002839
7558.000000009964
7465.200000009627
9439.000000016807
8229.200000012406
4286.199999998062
10995.100000022469
10800.000000021759
5835.800000003699
11850.20000002558
11891.200000025729
7185.400000008609
4715.199999999622
5016.100000000717
10977.100000022403
7493.300000009729
4472.59999999874
10800.000000021759
2296.099999999007
7973.000000011474
5469.000000002365
4483.4999999987795
7188.000000008618
10966.100000022363
5338.1000000018885
6746.00000000701
4741.299999999717
11722.200000025114
11356.200000023782
11875.400000025671
5860.200000003788
11045.400000022652
7553.500000009948
6340.000000005533
10976.1000000224
11002.100000022494
10800.000000021759
11251.2000000234
5195.000000001368
3095.0999999982805
10957.10000002233
10958.100000022334
11659.400000024885
2962.399999998401
10970.100000022378
8660.100000013974
9034.000000015334
5585.400000002788
6479.100000006039
10436.000000020435
10581.100000020962
10968.10000002237
