5258.875000005028
6764.775000010286
4251.92500000485
2106.17499999918
1351.3749999995612
8080.375000012145
1558.6999999996779
4009.900000004654
1574.9249999996632
1487.4499999997427
1894.6749999993722
8502.375000014155
2945.125000002481
3644.9750000025415
7102.825000011422
6764.6000000098975
6177.600000009276
1457.0499999994668
2322.8999999991465
4028.1250000001673
2950.4250000017523
2549.8749999993997
1704.9499999995192
6472.17500001018
2124.199999999215
3058.6249999994425
5366.40000000542
1713.374999999537
3126.150000002758
4221.475000000227
6348.1500000057285
2816.199999998534
5686.875000007998
3984.900000001815
5866.375000005295
1854.149999999409
9445.65000001683
3222.9250000010143
2156.474999999134
4071.425000000353
3717.900000005258
1222.099999999913
6673.375000010538
7616.600000010747
2852.3250000026524
5213.3750000079035
3563.050000004361
3124.9250000015786
1970.3249999993036
4259.425000004843
3211.575000002743
4143.175000005272
3120.6500000002097
2294.2499999990087
3557.65000000392
3301.6499999984144
5797.350000004701
2335.6749999989634
1909.424999999359
4192.850000000504
5078.675000007131
8661.350000017048
1187.0749999999862
1291.9249999998096
5263.900000008898
2830.699999999836
3203.650000002228
3323.4000000017168
1569.1999999996565
4186.17500000491
3764.6250000055743
2426.625000000892
4996.450000004516
8757.400000014328
8231.900000015452
3429.1500000031597
4359.150000004753
4386.950000004727
5964.900000009156
8756.150000014324
2414.1249999987886
2669.174999998784
2834.6499999992507
4409.6750000045895
3567.2000000011903
3369.175000000944
3331.3750000023683
5366.400000005771
3231.4000000030987
2885.4249999985204
4675.12500000301
6070.1250000108175
2376.249999998934
2500.724999999016
1576.6499999994685
5865.650000009482
4131.45000000523
4199.200000002504
4479.950000004643
2499.3500000019194
4561.6750000045295
4280.675000004824
1925.8999999993066
1728.0499999994508
5704.925000005533
5130.450000004914
4645.625000004448
6462.87500001115
9397.600000016657
1420.9249999997548
2129.199999999159
4708.3750000060645
4843.950000005072
1485.6749999997128
4164.700000004929
4604.950000004529
3788.675000004481
4425.850000005267
4356.875000004754
6965.825000007875
4944.400000006152
4276.600000005241
4413.650000004994
4416.425000004675
3511.425000000888
5280.650000007554
4737.425000004408
4406.150000005018
2533.650000000835
2163.1499999991906
2435.6000000002846
4660.925000004931
2873.424999998952
3246.149999999587
3599.850000005443
1806.3499999993123
2022.6999999992559
4732.125000005164
3270.8500000038957
3700.175000004828
6518.200000007415
2121.9749999991654
5748.650000006592
3556.6250000054824
5204.550000007401
6203.0750000110565
5773.425000007643
3191.1499999994494
2022.4499999992563
4918.15000000506
3452.4000000016376
3771.700000003287
6121.400000010614
4402.675000003261
3276.6499999998987
2782.999999998565
3658.875000004688
6398.925000010887
5087.650000006257
6319.675000008976
4331.425000000621
2113.924999999173
5671.175000006291
5571.175000006264
3814.4250000052452
6709.925000010808
6552.100000010379
2408.2499999990396
2887.6499999996336
2572.9749999995647
1910.0749999993582
6678.675000010264
4367.899999999212
3481.350000001755
1438.9249999997724
2814.70000000045
1993.1999999991785
5400.125000007915
5015.150000004156
1667.4249999995407
2737.9000000012684
4530.1750000045395
2906.625000001086
1769.6499999994858
3843.6500000052215
1725.6499999993662
7806.90000001376
2908.850000000227
1313.5999999998735
4619.675000005448
1960.6999999992788
2790.3749999995202
2632.3749999994493
2060.124999999222
1439.3749999996978
2191.674999999102
3969.350000002473
6883.825000009746
4875.950000003905
5641.375000009124
4838.350000004496
1339.4249999997578
4326.075000004719
2874.4749999984815
2223.424999999308
2836.150000001319
6822.8500000096665
1858.8749999993734
2101.1249999992438
3378.400000000377
4316.950000000194
4564.625000004567
3429.8750000016735
7005.625000011396
2238.3499999995765
7061.400000011184
1905.9499999993448
1211.7749999998796
4915.875000005329
1736.3749999994266
2805.325000001066
4198.625000005199
2983.6500000012516
3925.4250000026123
4779.72500000499
3046.6250000007017
1554.3999999996818
1429.4249999997494
2804.749999998545
3204.6749999996987
3668.5750000055805
2129.075000000453
1840.6499999994212
2592.1499999987377
3009.1500000001033
5118.725000004642
1823.1749999993692
2528.174999999037
3677.400000005348
3150.850000001172
4544.875000000284
1547.3999999996881
4685.150000005173
1479.6499999997498
5342.950000004991
4248.450000004004
5649.400000005624
2313.8499999989235
2140.7249999991486
2972.6749999984013
8486.8250000136
4012.150000005068
4417.400000004699
2564.1999999987634
5114.400000006015
7467.65000001232
3152.875000002221
4801.650000004793
4517.20000000264
2070.8999999998755
7111.375000010732
7335.850000011041
3066.649999999423
4307.27500000609
2899.075000000787
3726.6750000026163
1552.3499999996475
3410.6999999991576
1585.4499999996538
2813.89999999935
1628.8749999994793
1629.9249999995811
2465.949999998903
6561.1750000064985
5613.200000004947
3574.175000000581
4379.975000001652
7542.175000013059
1493.9499999995855
3880.424999999016
3142.4499999994696
2162.7499999991287
1842.4749999993162
2388.699999998923
2563.9499999987634
3918.8500000022027
1730.149999999522
1590.824999999566
1837.1999999994246
3691.5750000053254
1652.849999999479
5007.6750000055945
3164.1999999999434
5548.075000003397
5685.65000000623
3019.9000000001747
2028.6999999994155
2182.1999999990244
5199.125000004628
3667.3250000016865
3689.5500000055317
5367.875000006093
4484.925000004927
2270.6249999990305
3493.575000005488
4280.375000004997
2180.699999999112
3315.675000001079
2465.8250000000303
2471.6249999988477
3669.9500000008875
2638.224999999227
4887.400000002928
4035.9000000057035
2101.499999999184
4366.425000004746
3234.4000000007973
3175.674999998736
3373.9250000035095
4164.67500000535
2862.8500000031127
1912.3749999992974
2582.1749999996077
4283.1750000047205
3919.575000005136
2374.149999999239
7168.150000010969
1186.8249999999816
3206.3250000005078
4256.075000005044
5141.700000004583
1850.9249999993306
3817.9750000017307
1562.8749999995928
1716.749999999534
2592.9749999987375
4860.900000004993
3704.725000003011
5402.87500000548
3102.100000000489
4174.225000005255
5266.725000004641
2535.6999999987893
8104.150000013189
3529.4000000020806
5526.600000004375
3153.225000000576
4405.125000005236
1662.4249999995834
2458.7499999988595
1626.3749999994857
2771.375000002681
1841.1249999994209
2319.149999998986
3119.4250000032243
5049.425000004683
4786.925000002541
3745.199999999182
3074.600000000014
4617.175000004518
2094.5999999991905
1436.8999999996674
4073.6750000053376
4463.150000004702
3562.225000001404
3228.075000003072
2441.1999999988752
2143.9749999991454
3747.30000000561
3725.3500000052572
3733.125000000066
3662.6500000056485
5138.350000005583
4769.175000004305
4370.650000005414
6427.275000009888
5172.80000000657
1672.5999999998005
3677.7249999991404
3866.4500000052003
2435.6249999988804
1362.349999999741
5475.400000006155
5016.125000003478
2743.9499999986
4471.700000003959
5967.92500000704
5276.650000004323
2805.724999998544
4569.350000004627
1547.5999999995129
3710.1750000025813
1476.6749999996173
3054.5999999998444
4254.900000004847
6262.950000010976
2088.850000000345
3580.149999998754
3739.3250000055314
6215.925000007346
6854.625000010506
7056.875000011265
3093.225000000185
3893.125000003708
7975.400000011483
2676.55000000221
2313.449999998991
2872.974999998483
3327.4750000013355
5155.800000003521
1141.8249999999412
5391.100000004037
5223.425000004323
4511.95000000153
4556.92500000466
4348.40000000517
1476.1749999996907
1831.549999999392
3919.150000005117
4746.150000002635
6966.675000010325
5634.075000009564
1944.624999999283
2131.6999999991417
1259.6499999998052
2119.4749999991677
2885.899999998471
4646.400000005728
4669.800000005207
4854.125000005418
5089.625000006672
2735.0250000002507
3722.900000005252
4554.900000004574
3259.1750000025822
4067.850000002353
5631.65000000441
2086.899999999129
2513.075000000865
4285.900000005305
3284.675000002458
2810.8749999985394
996.6000000000689
3438.9000000028723
2242.8999999999264
2712.224999999741
2250.6749999989897
6323.375000008558
2240.8999999993252
2622.15000000125
4004.9500000056987
1877.449999999388
5455.600000004866
1074.1749999999852
2442.874999999336
2405.1999999989075
1879.9249999993858
4711.900000001828
3147.8749999992206
4700.700000004448
5434.60000000929
4984.375000006827
5219.950000004559
1966.8749999993065
1617.874999999564
1683.6749999994238
4179.17500000532
4757.40000000651
4428.45000000469
2360.174999998949
4133.450000001033
2206.3499999999176
6679.100000008355
3640.2250000018985
3319.9000000040105
2004.399999999166
6695.900000010875
2205.9499999990567
6417.675000010851
2335.375000000369
3172.7249999987853
5177.6250000076725
2234.449999999045
3682.5500000057596
4299.125000005378
1700.1249999995018
2145.599999999144
2416.424999999861
2697.424999998612
2220.199999998971
3920.900000004206
1444.324999999782
2850.3500000008517
2955.8999999994035
4514.900000004275
1340.324999999716
4212.700000005493
3000.3250000020944
4106.15000000536
2936.424999998425
7130.125000011691
3966.7249999995975
3764.8000000054826
1950.4249999992812
2605.6499999987254
3657.8500000056174
4445.675000005052
3216.6999999990317
2102.6500000004053
2266.2249999990345
2350.9249999989574
5016.700000005261
2746.7499999992
4813.1750000051725
3199.1250000026685
3167.9250000003826
1844.3249999992654
5520.9250000042975
6475.425000010855
2819.175000002055
1899.6249999996166
6412.900000007661
4274.650000005328
3805.1750000041034
5914.925000007826
4158.1500000049355
2181.174999999246
6510.900000011132
3707.9250000053316
3828.9250000058046
6236.675000008609
3022.449999998347
2711.1999999986297
5767.8750000064165
2642.124999999427
2341.924999999222
4281.97500000524
1662.099999999519
1766.1499999994892
2799.9750000001222
3701.9250000001466
1468.34999999976
7039.175000010246
3937.9000000054266
3566.1750000010047
2207.3749999997854
2875.125000000438
3948.3750000011837
2921.1750000018396
2866.8499999998653
3051.64999999832
1758.9249999994959
4344.87500000532
3083.424999999984
5339.450000001893
1881.6499999992552
4138.90000000543
2297.149999999006
1895.6999999993714
3098.7249999983055
5931.8000000097045
1769.4249999994636
1313.9249999998515
1544.3749999995339
2336.97499999897
4391.400000004647
6814.950000008581
2245.924999999053
1911.8749999993565
2247.1499999989614
7093.325000011961
3853.125000002666
3198.400000002913
5883.15000000802
2154.6499999991356
2578.0999999999644
4103.825000005279
6611.6750000079755
3275.400000001289
4069.700000002542
2952.3500000004155
2790.424999999348
3719.6750000055417
4243.575000004372
2478.699999998841
1531.1749999996491
1904.1749999992571
7300.650000011575
1871.449999999339
2688.8249999986247
4678.375000001932
3800.3500000052127
4227.975000005508
3600.375000000633
2984.699999999583
3776.100000005833
2694.2249999986448
2109.9249999990757
4267.650000004835
2260.9249999989647
3444.6750000010434
2136.124999999121
1788.0999999993849
2115.924999999171
3273.8750000018044
1543.3749999995903
4204.900000005032
2074.674999999158
4627.400000004508
2355.1999999995123
4958.375000004938
2009.1749999997
2331.874999999681
3969.150000000698
1417.324999999565
4424.6750000036845
3362.6750000018747
3689.1750000020297
5319.450000003271
3922.9500000054823
3504.900000000128
6308.6500000109245
1562.924999999674
6246.675000010658
4062.4749999995074
6177.175000006737
4430.625000005308
5174.10000000613
2656.924999998679
5950.850000007264
4140.6750000045895
2383.4000000005794
2112.6749999990925
2913.1500000004517
4255.4500000024655
2403.3750000002
2699.1249999989413
4197.425000003977
7527.175000010741
6383.62500001099
1924.6749999993185
4849.400000004306
7975.900000011485
4273.225000004831
4628.650000005874
9145.675000015997
2573.3750000008577
4276.62500000482
2260.6749999990393
3671.9000000018955
1507.9249999997242
3585.925000001571
3069.9749999983037
1322.149999999893
4491.150000004633
2141.625000000652
2183.8999999990156
6348.350000010899
3387.7000000032667
5350.175000008119
2776.650000002288
5652.900000006279
4493.175000005127
2386.675000000273
7202.650000010197
3956.4000000051187
1571.424999999611
3895.1750000033567
3001.474999999414
2030.174999999249
3957.8750000025298
3340.5999999987544
3826.5750000023886
2792.9999999988804
2517.6999999987424
4164.67500000554
1148.0749999998998
6137.1000000111235
3741.625000005314
1125.8499999999412
3199.8500000004615
1991.6249999991412
4634.450000005173
3359.6500000013993
5243.700000005809
3221.1249999996844
4405.95000000471
2508.174999998814
1462.924999999765
2786.449999998561
4049.9250000050333
2359.6249999991096
2561.4749999987525
4749.400000001824
6704.3750000082355
3230.175000000291
3535.350000001157
6726.8500000111435
5398.175000005089
2704.949999998635
4829.175000002342
2206.6249999994197
2723.6749999997437
4926.650000004258
6894.150000010969
1765.17499999949
5676.075000008519
2280.424999999187
2353.900000000798
3077.3750000017835
5838.400000009815
3962.3250000033886
2781.149999998888
1664.1249999994745
9179.350000015864
3029.075000001592
6275.1750000110005
3368.3750000016275
5342.175000006146
6633.400000010879
1924.6249999993452
1549.4499999996797
4451.075000005161
2412.6999999988816
2139.4499999991476
3595.6249999998126
2084.6249999991232
2451.599999999002
4155.725000004346
1857.1749999994063
3822.87500000524
2394.6999999989175
4523.700000005161
2769.6249999993265
3355.6249999998513
5610.65000000673
2640.400000000158
4858.925000004298
2716.9249999990525
3973.3750000057107
3512.1500000057604
6964.900000010577
6231.150000011545
4347.150000004764
1533.3999999995904
3839.875000000754
5691.375000006721
2612.6250000000673
4594.900000004537
5962.100000010296
4316.625000002572
2482.550000001307
7372.400000011882
2487.674999998798
3349.3750000051054
2702.0999999984683
2577.724999998751
4221.125000000957
4191.325000004601
5270.925000006405
3984.1750000050934
1629.9499999996128
5395.325000005873
1754.4249999994527
4998.47500000456
1816.4999999994434
4655.200000004483
5140.6500000054875
2737.9499999986965
2246.924999999052
1527.7749999996995
4387.875000004727
3741.4000000056294
2233.6749999990316
5056.650000005894
4692.325000006665
4120.62500000539
5276.700000005623
5683.600000006602
4408.925000005373
5693.3750000085965
2033.6999999992458
2655.9000000008346
2116.39999999928
2469.350000001049
3883.875000004148
5390.875000006109
1855.4749999992925
5966.625000009397
5239.375000006503
7242.30000001245
1800.1749999994095
6524.125000008633
3046.450000000012
5228.400000005905
3021.8750000005934
3613.1750000018396
6731.575000006958
4133.400000003942
3913.9750000034273
4143.875000004949
4545.450000005192
5057.325000006376
1541.6999999996078
7378.90000000958
3771.675000005533
2502.4249999988065
6883.675000009486
3652.1250000056034
1978.9749999992955
5018.175000004654
4395.400000005284
3977.1500000037195
5497.650000004362
2925.400000002206
4775.650000004748
1580.1249999996585
3542.6500000026335
2336.1749999989706
5473.400000008609
2781.6000000033614
3386.399999999664
4772.150000005089
1701.8999999994576
1753.1499999995012
5191.475000005015
7871.150000012132
1506.4499999996888
6954.875000008144
5631.650000004416
1697.9749999994845
6162.375000008923
9109.90000001561
3594.4250000057
3802.6250000056198
2666.67499999867
2857.899999998585
4014.325000002027
4300.925000002446
5075.425000007554
3315.325000001698
4031.125000005318
1515.599999999547
2856.7499999984975
969.5500000000603
2927.7249999984324
1467.3749999997056
2781.2000000008575
3922.9499999995514
4060.175000001171
3891.425000005822
5835.60000000674
1600.3499999994124
4900.800000007355
5238.075000004478
3849.425000005216
2343.925000000288
4628.925000003818
1684.6499999995112
2399.949999998913
3986.1250000037558
1321.6999999998256
2368.1249999989413
2958.850000002698
4824.250000003111
6130.125000008996
7581.400000012643
2599.6749999995586
3164.2249999988226
4207.9000000052165
7323.900000010968
3943.1500000053684
3818.6249999994166
3522.175000000743
6763.675000007956
3120.125000002825
8839.400000016789
2681.099999999217
4501.200000000989
3982.9000000049764
2517.400000001397
3343.675000000541
3582.1000000045087
2882.5750000011312
2242.449999999056
1737.699999999515
3227.699999998341
3998.125000001828
6842.400000010479
2220.6749999990757
5693.100000004719
2799.6249999985757
1613.6749999996277
5278.625000006294
2164.3499999999603
6024.650000008112
4381.625000005055
2197.2249999990972
4823.575000005757
3480.425000002756
3256.1500000001033
2946.1999999986288
2102.8250000003327
1954.100000000026
2934.6749999984268
3054.9500000002645
4378.100000002312
6809.3250000105445
2193.224999999101
5275.175000007326
5960.425000006151
2783.375000001516
3204.675000000483
6809.600000011074
4797.875000004354
4092.6250000025825
2581.7000000001526
5144.350000005857
1710.8999999995394
4274.925000005164
4093.4000000054807
3902.675000005118
6639.450000008742
2362.1499999999214
3686.175000005939
5351.650000006345
3659.675000002503
1580.4499999996312
4901.87500000707
4837.350000004888
2896.949999998728
4325.925000004782
4704.450000004909
4015.450000001701
5255.150000004888
2080.1749999992035
5574.875000008091
6430.05000001115
2889.9749999986093
4521.475000004604
2431.4249999988137
4823.125000005277
3420.850000004331
1582.9749999996557
4663.950000004475
1745.8999999995076
2715.4249999996214
3690.3750000014766
3092.6749999997264
3415.9250000019674
5087.1750000025195
3793.3500000037197
4427.700000002818
2823.449999998528
5888.875000010134
3790.4000000052692
3681.699999999753
4692.65000000512
7237.7000000103
5023.850000003571
2786.724999999037
2370.1749999997446
5023.200000004719
3303.3500000017266
2786.9499999985605
4640.200000004443
1643.4499999995119
5140.100000004294
2424.1500000004517
2355.9499999989866
4448.700000002751
4001.6000000050426
3150.899999999309
3518.40000000068
2967.6999999987743
4148.450000005507
6689.925000006806
5373.575000008677
2627.9500000003463
5214.650000004198
2593.9000000021306
4290.475000000162
6133.175000009243
5103.950000004944
5612.125000005715
6108.900000005753
2688.099999999883
2131.9249999991566
4327.875000004781
4835.675000005969
4644.175000005055
1690.3499999994801
4733.200000004412
3814.1750000025413
3273.375000003717
3139.1749999998638
5052.1500000023525
5342.925000003743
4503.600000005134
4609.325000006219
