12361.300000027439
11297.100000023567
11113.200000022898
3616.0999999978067
2946.3999999984158
11278.300000023499
3248.599999998141
10775.200000021669
3348.59999999805
3156.4999999982247
3216.0999999981705
11328.30000002368
7740.0000000106265
8284.000000012606
11420.100000024015
12050.200000026307
11396.300000023928
4764.499999999802
5080.300000000951
6569.600000006369
8236.300000012432
4644.099999999364
4352.699999998304
11526.400000024401
5350.500000001934
5693.300000003181
11169.000000023101
2704.399999998636
9174.100000015844
7432.200000009507
11198.200000023207
4410.199999998513
12758.400000028883
9166.700000015817
9721.200000017834
3615.799999997807
13051.80000002995
6603.00000000649
3547.2999999978692
6688.000000006799
11181.200000023146
2483.5999999988367
11854.300000025594
13104.800000030144
8790.80000001445
10800.000000021759
9821.000000018197
7021.000000008011
3924.2999999975264
10800.000000021759
8114.000000011987
11870.100000025652
6100.200000004661
4016.6999999974423
10176.20000001949
5077.30000000094
11733.100000025153
4420.39999999855
3683.2999999977455
6335.400000005517
12056.200000026329
12781.200000028966
2823.7999999985273
2838.6999999985137
12660.600000028528
5981.200000004228
8209.100000012333
7301.0000000090295
3673.3999999977545
11179.200000023138
11826.400000025493
7112.300000008343
11925.200000025852
12393.800000027557
12652.600000028498
10064.800000019084
11228.200000023317
10800.000000021759
11242.100000023367
13263.600000030721
4277.299999998029
5493.800000002455
4833.300000000052
11149.20000002303
8827.500000014583
7000.200000007935
9161.500000015798
11933.200000025881
8918.200000014913
5570.300000002733
11037.600000022623
11226.20000002331
4200.799999997751
5653.300000003035
4919.600000000366
11199.200000023211
11803.200000025408
9140.700000015722
10800.000000021759
7805.700000010866
11182.20000002315
10800.000000021759
3278.7999999981134
5086.6000000009735
13092.9000000301
11867.200000025641
11272.300000023477
13024.900000029853
12959.000000029613
2877.4999999984784
3584.0999999978358
11871.300000025656
11354.300000023775
3419.4999999979855
11277.100000023494
10800.000000021759
10105.00000001923
11899.000000025757
11266.100000023454
11861.20000002562
10800.000000021759
12251.90000002704
11755.300000025234
10800.000000021759
7221.600000008741
12535.300000028072
11310.300000023615
12098.500000026483
6566.300000006357
4151.09999999757
5462.000000002339
10800.000000021759
6473.400000006019
6814.800000007261
10800.000000021759
3839.4999999976035
3617.2999999978056
11891.200000025729
10379.200000020228
11078.600000022772
11787.40000002535
3409.099999997995
10385.30000002025
11250.100000023396
11748.300000025209
12147.20000002666
12744.700000028834
5212.800000001433
4282.599999998049
10800.000000021759
6631.000000006592
10101.700000019218
12074.400000026395
10872.400000022022
5665.000000003078
4526.499999998936
10183.000000019514
12042.200000026278
10778.30000002168
12511.700000027986
6601.200000006484
5100.700000001025
12554.600000028142
12993.600000029739
10800.000000021759
12275.400000027126
11289.100000023538
5138.400000001162
6559.900000006333
6573.800000006384
2985.2999999983804
11595.100000024651
5842.600000003724
7223.200000008746
3260.8999999981297
5848.0000000037435
5313.8000000018
11874.100000025666
10800.000000021759
4022.1999999974373
7584.500000010061
11231.000000023327
7316.200000009085
3130.4999999982483
11184.200000023156
3927.2999999975236
12332.300000027333
5659.000000003056
2189.899999999104
11179.200000023138
3959.2999999974945
5938.600000004073
4754.099999999764
3079.099999998295
3301.499999998093
3385.5999999980163
6691.00000000681
10800.000000021759
10659.600000021248
10800.000000021759
11851.300000025583
3422.8999999979824
10637.700000021168
4790.799999999897
5505.700000002498
6988.100000007891
10800.000000021759
3271.69999999812
4939.300000000438
7068.2000000081825
5995.000000004278
11183.200000023153
7396.000000009375
12632.600000028426
5356.500000001955
11217.200000023277
3713.399999997718
2738.199999998605
11699.20000002503
4723.299999999652
7757.40000001069
11891.60000002573
8276.500000012578
9390.500000016631
13029.200000029869
6187.000000004977
3242.4999999981464
3199.4999999981856
4978.3000000005795
5857.000000003776
11654.000000024866
6430.600000005863
3485.2999999979256
4852.500000000122
6087.400000004614
12043.400000026282
5009.700000000694
4308.099999998141
10800.000000021759
7772.800000010746
6693.60000000682
3490.199999997921
12744.400000028832
2695.399999998644
10800.000000021759
11284.700000023522
11799.300000025394
4742.299999999721
4068.699999997395
5062.000000000884
13275.500000030765
11199.200000023211
10800.000000021759
4093.899999997372
12154.400000026686
11820.600000025472
8944.600000015009
10800.000000021759
9201.100000015942
5777.700000003488
12768.30000002892
12128.10000002659
5754.0000000034015
11624.300000024758
6528.000000006217
8707.200000014145
3424.299999997981
5529.200000002584
2820.4999999985303
6375.000000005661
3369.499999998031
3526.499999997888
4140.09999999753
11914.200000025812
11852.400000025587
6503.000000006126
7386.000000009339
12241.200000027002
2982.299999998383
5546.400000002646
5180.000000001313
4434.499999998601
4186.599999997699
3591.0999999978294
5279.900000001677
8038.400000011712
3102.499999998274
3964.7999999974895
2873.0999999984824
11231.100000023327
3382.0999999980195
11895.200000025743
6945.6000000077365
9285.500000016249
12893.700000029376
6822.600000007289
5054.500000000857
4893.500000000271
12880.600000029328
7120.200000008372
11697.500000025024
11237.20000002335
10800.000000021759
4828.800000000036
10800.000000021759
11788.300000025354
3597.7999999978233
6734.000000006967
5132.000000001139
5628.800000002946
7803.700000010858
5362.800000001978
8942.900000015003
12705.30000002869
4478.899999998763
10800.000000021759
7805.700000010866
5675.500000003116
9371.20000001656
12040.400000026271
8930.200000014956
3006.1999999983614
4947.000000000466
10800.000000021759
11254.00000002341
4405.099999998494
13166.500000030368
2348.2999999989597
5468.000000002361
11690.200000024997
12700.400000028672
4444.299999998637
7358.100000009237
2847.7999999985054
3574.999999997844
3453.999999997954
13191.300000030458
9527.000000017128
11351.300000023764
6878.400000007492
11831.10000002551
11323.100000023662
4931.60000000041
11397.100000023931
7691.000000010448
10800.000000021759
6730.300000006953
12321.700000027295
3670.699999997757
4589.8999999991665
4624.499999999292
8176.200000012213
3756.599999997679
5667.900000003088
9497.40000001702
12680.100000028599
8892.80000001482
6438.10000000589
6666.400000006721
11259.000000023429
5020.600000000733
2703.299999998637
11814.60000002545
11403.000000023952
9048.300000015386
9310.60000001634
4337.499999998248
4443.799999998635
11904.400000025777
11266.100000023454
6177.00000000494
11791.400000025365
12161.300000026711
10942.400000022277
12762.300000028898
12239.000000026994
11996.500000026112
5371.50000000201
5899.4000000039305
10800.000000021759
4024.599999997435
3211.5999999981746
11336.30000002371
7826.000000010939
4868.50000000018
11889.600000025723
10254.200000019773
9385.900000016614
4793.999999999909
11931.600000025875
4344.499999998274
8850.100000014665
3046.4999999983247
6558.3000000063275
10800.000000021759
12043.200000026281
5874.4000000038395
5380.100000002041
11749.300000025212
12383.50000002752
12615.700000028364
13148.500000030303
6190.100000004988
9059.300000015426
13060.600000029983
7320.000000009099
3970.2999999974845
5027.400000000758
7847.300000011017
8977.100000015127
2379.799999998931
11258.100000023425
12244.200000027013
8627.500000013855
10800.000000021759
12239.500000026996
2862.0999999984924
3380.8999999980206
10800.000000021759
8956.00000001505
11975.500000026035
12107.400000026515
4548.399999999016
5060.400000000878
2975.599999998389
3842.399999997601
4077.0999999973874
12114.50000002654
8723.000000014203
8542.300000013545
12166.40000002673
6922.400000007652
11291.100000023545
11221.00000002329
9182.300000015874
8944.300000015008
11327.000000023676
4305.299999998131
7081.30000000823
10800.000000021759
7928.0000000113105
5513.900000002528
2202.3999999990924
9323.500000016387
4914.000000000346
6511.700000006158
4553.099999999033
11409.300000023975
5430.300000002224
6975.500000007845
12585.300000028254
3274.1999999981176
9344.300000016463
2021.8999999992566
4908.300000000325
3378.299999998023
3204.299999998181
7447.500000009562
5680.000000003132
10800.000000021759
11903.500000025773
12476.700000027859
12514.700000027997
3908.199999997541
3062.0999999983105
3855.499999997589
12014.400000026177
12415.300000027635
11235.200000023342
4195.9999999977335
7348.0000000092
5234.2000000015105
11284.00000002352
8142.600000012091
9316.00000001636
3595.4999999978254
12748.600000028848
4516.799999998901
11771.400000025293
5901.200000003937
5049.500000000839
10800.000000021759
4055.399999997407
12163.100000026718
12669.30000002856
4141.399999997535
5108.700000001054
6694.800000006824
4455.599999998678
4694.499999999547
10477.000000020584
3464.2999999979447
7170.400000008554
6269.600000005277
10505.000000020686
3479.499999997931
12506.600000027967
7842.000000010998
12119.100000026558
4656.69999999941
11197.200000023204
6099.400000004658
12126.400000026584
3614.599999997808
5250.300000001569
12228.200000026955
11994.300000026104
5487.500000002432
5964.400000004167
3678.0999999977503
3894.3999999975536
11830.300000025507
5590.600000002807
12309.40000002725
9446.200000016834
7323.600000009112
4254.599999997947
10800.000000021759
12984.300000029705
7825.500000010938
5502.700000002487
12715.500000028727
12412.500000027625
9786.00000001807
12076.500000026403
10800.000000021759
4626.299999999299
13342.100000031007
11372.30000002384
12575.200000028217
11922.300000025842
5080.600000000952
5294.300000001729
10286.40000001989
5435.400000002242
4404.099999998491
12393.600000027556
3949.4999999975034
3544.199999997872
6334.100000005512
6216.700000005085
2845.6999999985073
11816.600000025457
11876.400000025675
7699.500000010479
5123.100000001106
6259.200000005239
7175.600000008573
7551.100000009939
5571.2000000027365
5556.600000002683
3272.2999999981193
11202.200000023222
6917.600000007635
7452.40000000958
4388.299999998433
12243.30000002701
4547.499999999012
5239.50000000153
4411.899999998519
11700.400000025034
3389.199999998013
2833.5999999985183
2887.2999999984695
3546.29999999787
11346.100000023745
13217.700000030554
4153.399999997579
3393.0999999980095
5002.700000000668
12602.800000028317
8560.00000001361
9612.80000001744
11260.100000023433
3770.1999999976665
6344.300000005549
11598.400000024663
11957.50000002597
8356.300000012869
9327.400000016401
6818.100000007273
5107.300000001049
11839.30000002554
8185.200000012246
4405.199999998495
3576.4999999978427
4182.699999997685
11265.10000002345
4831.600000000046
4706.6999999995915
7014.500000007987
10800.000000021759
12683.40000002861
8215.500000012356
6503.200000006127
12520.100000028016
4593.59999999918
4593.399999999179
11151.200000023036
3884.3999999975626
8510.50000001343
3584.4999999978354
4090.499999997375
4522.899999998923
6751.000000007029
2773.399999998573
11733.600000025155
4629.599999999311
10800.000000021759
5332.700000001869
12023.30000002621
5583.3000000027805
4852.00000000012
7970.100000011464
3604.499999997817
10194.400000019556
7938.200000011348
7869.000000011096
11272.400000023477
11920.000000025833
6049.000000004475
11685.200000024979
3450.999999997957
11345.100000023742
6160.200000004879
12706.400000028694
11356.300000023783
9264.200000016172
5613.8000000028915
9542.000000017182
10901.000000022126
6756.300000007048
3933.0999999975184
6392.100000005723
9749.500000017937
6402.7000000057615
5555.500000002679
10007.000000018874
12220.500000026927
12531.800000028059
3499.5999999979126
10800.000000021759
11314.30000002363
11359.300000023793
11922.500000025842
12224.30000002694
6623.500000006565
11307.200000023604
5284.400000001693
7348.400000009202
3300.7999999980934
6390.000000005715
4638.399999999343
2734.3999999986086
11418.100000024007
5534.000000002601
4374.299999998382
11838.200000025536
8716.000000014177
12776.70000002895
8524.60000001348
12343.500000027374
10800.000000021759
6474.700000006023
11187.200000023167
10800.000000021759
3007.49999999836
9675.200000017667
5190.400000001351
3864.299999997581
9540.200000017176
5777.800000003488
7214.300000008714
4382.099999998411
4118.399999997451
12730.20000002878
2443.2999999988733
12151.200000026674
11164.200000023084
2204.4999999990905
6571.700000006376
5063.300000000889
12915.600000029455
7943.300000011366
11305.100000023596
5972.300000004196
11684.100000024975
5193.500000001362
2719.1999999986224
5092.700000000996
11255.100000023414
4734.299999999692
5143.800000001182
8552.100000013581
12076.400000026402
6851.3000000073935
8707.400000014146
12712.400000028716
11907.500000025788
4488.899999998799
7912.300000011253
4387.099999998429
5086.000000000971
10800.000000021759
11194.200000023193
3399.5999999980036
12300.500000027218
4273.099999998014
6944.600000007733
7947.20000001138
11914.600000025814
8040.400000011719
5714.000000003256
3424.299999997981
13025.800000029856
8500.400000013393
11910.300000025798
7269.000000008913
11207.20000002324
12990.300000029727
5312.600000001796
2845.199999998508
10800.000000021759
4374.799999998384
4350.499999998296
6744.400000007005
4046.2999999974154
4853.400000000125
11626.800000024767
3442.899999997964
11133.200000022971
4705.599999999587
12796.00000002902
5142.300000001176
6013.400000004345
12738.800000028812
6225.300000005116
10800.000000021759
5896.700000003921
12610.600000028346
12216.600000026912
12821.900000029114
12571.300000028203
10800.000000021759
3206.599999998179
6432.700000005871
12895.400000029382
6226.100000005119
11340.100000023724
11969.600000026014
9398.900000016662
7074.400000008205
11259.30000002343
4020.099999997439
10360.000000020158
5188.700000001345
3840.5999999976025
8012.600000011618
11045.20000002265
9463.200000016896
11247.100000023385
2738.7999999986046
12222.100000026932
2795.0999999985534
12221.30000002693
3740.4999999976935
11203.200000023226
10800.000000021759
4176.099999997661
3927.5999999975234
2773.0999999985734
11244.000000023374
11751.60000002522
4308.399999998142
12872.7000000293
11254.200000023411
12124.500000026577
12892.20000002937
11910.200000025798
12787.000000028987
12894.400000029378
3418.2999999979866
7059.4000000081505
5036.400000000791
6819.200000007277
9888.000000018441
11267.300000023459
3571.2999999978474
11172.600000023114
12858.300000029247
12098.500000026483
4266.49999999799
11301.300000023582
6940.700000007719
11232.200000023331
7108.500000008329
7198.400000008656
13038.900000029904
11303.800000023592
10811.600000021801
10800.000000021759
12615.600000028364
9738.000000017895
3334.6999999980626
11312.100000023622
11797.400000025387
4815.699999999988
12859.20000002925
11687.200000024986
4249.799999997929
11764.700000025268
12540.40000002809
10015.000000018903
8324.500000012753
7450.0000000095715
12124.100000026576
2981.6999999983836
8999.000000015207
4191.299999997716
12545.100000028107
9499.300000017027
5845.200000003733
13244.300000030651
2830.599999998521
2975.799999998389
11995.500000026108
11944.400000025922
3141.3999999982384
13015.300000029818
11161.200000023073
3201.399999998184
11304.100000023593
12171.500000026748
11773.6000000253
11837.400000025533
5207.600000001414
5039.700000000803
7013.200000007982
9363.100000016531
12181.200000026784
8524.50000001348
11635.500000024798
3607.6999999978143
4333.799999998235
1991.699999999284
4641.499999999354
2576.1999999987524
7673.500000010385
6399.50000000575
7411.00000000943
12729.400000028778
12299.400000027214
3654.4999999977717
12075.9000000264
11363.100000023807
10800.000000021759
6222.500000005106
11020.900000022562
3717.5999999977143
4297.599999998103
9640.000000017539
3137.9999999982415
4491.399999998808
8327.000000012762
7689.000000010441
11162.200000023076
12894.300000029378
4824.000000000018
4628.0999999993055
11706.500000025057
10231.000000019689
11719.500000025104
7391.200000009358
6889.200000007531
10800.000000021759
9330.700000016413
12514.800000027997
5287.500000001704
8113.700000011986
10800.000000021759
7644.6000000102795
6670.500000006736
10427.300000020403
7781.5000000107775
3596.3999999978246
3398.199999998005
5001.600000000664
9499.500000017028
11984.300000026067
3758.0999999976775
9578.500000017315
5126.000000001117
3860.4999999975844
10800.000000021759
5188.200000001343
11734.100000025157
11979.50000002605
5172.800000001287
11269.300000023466
8341.000000012813
6947.400000007743
4712.399999999612
5846.000000003736
5373.400000002017
5209.30000000142
6659.500000006696
9180.300000015866
12337.300000027351
3893.1999999975546
12927.9000000295
13214.600000030543
6693.000000006818
6769.600000007096
12610.200000028344
10800.000000021759
9335.30000001643
6605.8000000065
12037.20000002626
3214.199999998172
12072.200000026387
12221.800000026931
10800.000000021759
12869.400000029287
5435.200000002242
12552.400000028134
10425.200000020395
9535.400000017158
3188.6999999981954
12106.400000026511
12706.300000028694
4839.2000000000735
10800.000000021759
12492.400000027916
8370.100000012919
11910.500000025799
4263.399999997979
12090.300000026453
12498.600000027938
5106.300000001045
10800.000000021759
5131.700000001138
11683.500000024973
10890.300000022087
3052.599999998319
10800.000000021759
3125.299999998253
4972.000000000557
7255.400000008864
6147.100000004832
7558.000000009964
8541.700000013543
9439.000000016807
9090.100000015538
5001.600000000664
11441.300000024092
10800.000000021759
7033.600000008057
12785.300000028981
13057.600000029972
8350.100000012846
5014.20000000071
5397.300000002104
11352.300000023768
7981.000000011503
5536.700000002611
10800.000000021759
3177.7999999982053
8694.200000014098
5469.000000002365
4946.200000000463
7188.000000008618
11191.200000023182
6050.50000000448
7341.500000009177
5579.500000002767
12715.600000028728
12066.200000026365
12989.300000029723
6629.300000006586
12313.200000027264
8387.500000012982
6340.000000005533
11522.100000024386
11352.300000023768
10800.000000021759
12060.400000026344
5195.000000001368
3141.699999998238
11193.20000002319
11196.0000000232
12487.400000027897
3423.299999997982
11334.100000023702
8927.200000014946
9034.000000015334
6243.200000005181
6795.30000000719
10436.000000020435
11011.400000022528
11250.100000023396
