17663.500000023454
15282.300000038065
12270.70000002711
7240.900000008811
7302.200000009034
18126.20000001672
7020.300000008008
11848.300000025572
7363.800000009258
7681.700000010414
8205.40000001232
16099.100000041037
9077.500000015492
11130.20000002296
15258.600000037979
16552.70000003962
13597.100000031935
7613.600000010167
8445.000000013191
11611.00000002471
12091.600000026458
10027.70000001895
7959.500000011425
16762.600000036564
9228.600000016042
10881.500000022055
12352.700000027407
7536.600000009887
12244.900000027015
12896.800000029387
13905.900000033058
10630.10000002114
19009.20000000387
14171.700000034025
14643.00000003574
7209.2000000086955
21070.499999973876
9040.500000015358
9033.400000015332
12149.700000026669
12316.500000027276
6289.900000005351
14782.000000036245
21888.199999961977
12047.700000026298
11509.40000002434
9821.000000018197
10437.900000020441
7537.4000000098895
12190.400000026817
9807.400000018148
14554.900000035419
10855.700000021961
9283.400000016241
12611.90000002835
9430.900000016778
15221.000000037842
10503.000000020678
8750.700000014303
12199.900000026852
14933.800000036797
20664.09999997979
7240.8000000088105
6988.000000007891
18142.00000001649
9046.70000001538
10124.800000019302
9713.900000017808
7613.400000010166
12269.300000027104
14374.100000034761
10781.500000021691
15008.000000037067
19501.599999996706
18515.000000011063
14504.300000035235
12553.500000028138
12902.600000029408
13419.400000031288
21620.999999965865
8204.000000012315
10202.900000019587
8149.600000012117
12056.40000002633
14252.000000034317
10248.400000019752
13978.300000033321
15084.000000037344
10017.400000018912
10393.40000002028
16895.50000003463
13510.40000003162
10322.00000002002
10254.200000019773
8153.30000001213
19729.999999993383
14830.400000036421
14396.600000034843
11735.500000025162
10488.000000020624
13888.900000032996
12976.800000029678
7315.3000000090815
8135.600000012066
19877.099999991242
14853.100000036504
12848.500000029211
19464.89999999724
22783.899999948942
7860.900000011066
7819.300000010915
15221.300000037843
14283.600000034432
7082.600000008235
12755.600000028873
13357.600000031063
10105.00000001923
14440.800000035004
12647.40000002848
16482.900000040634
11773.6000000253
16428.500000041426
14180.100000034055
13594.800000031926
11240.00000002336
16600.400000038924
13223.600000030576
15718.00000003965
9012.100000015254
8003.500000011585
7846.900000011015
12322.400000027297
12204.500000026868
11871.400000025656
12312.00000002726
7654.600000010316
8163.100000012166
14637.80000003572
14011.300000033441
13557.000000031789
17396.200000027344
7437.300000009525
12251.60000002704
12433.500000027701
14478.40000003514
18608.6000000097
18831.90000000645
11540.700000024453
8460.500000013248
12145.200000026653
10870.900000022017
13579.700000031871
17277.60000002907
16191.900000041374
10058.40000001906
9659.300000017609
12057.800000026335
16382.300000042067
16987.200000033296
18685.200000008586
14240.200000034274
9475.30000001694
18604.000000009768
19164.200000001616
10800.000000021759
16559.200000039524
16067.800000040923
8885.200000014793
11300.60000002358
11463.700000024173
6782.6000000071435
15514.50000003891
12446.300000027748
11443.000000024098
6623.300000006564
9420.50000001674
9210.400000015976
14538.200000035358
11977.600000026043
7613.200000010165
11983.300000026064
12462.400000027807
10673.000000021297
8392.100000012999
12304.600000027232
6824.300000007295
21609.299999966035
10570.000000020922
6458.300000005964
12558.500000028156
8319.100000012733
11173.200000023116
10206.4000000196
7504.200000009769
7554.900000009953
8502.900000013402
11491.500000024274
16006.4000000407
14448.00000003503
15666.500000039463
15559.800000039075
6687.600000006798
14734.200000036071
10902.900000022133
9901.000000018488
10618.300000021098
14326.200000034587
8713.500000014168
9031.000000015323
12856.20000002924
12029.00000002623
13438.000000031356
10424.500000020393
17751.70000002217
8668.400000014004
13136.500000030259
7292.300000008998
6838.000000007345
14206.900000034153
7874.600000011116
12138.500000026628
14848.200000036486
13119.200000030196
12970.200000029654
19372.599999998583
11589.600000024631
7660.900000010339
7465.000000009626
10686.600000021346
9742.400000017911
13657.900000032156
9921.500000018563
7984.000000011514
9728.600000017861
10162.70000001944
16190.90000004137
8276.300000012578
8952.900000015039
10800.000000021759
11835.900000025527
12195.700000026836
7800.100000010845
17522.600000025504
7737.200000010616
14053.400000033595
15326.100000038225
15206.200000037788
8131.000000012049
9163.500000015805
8718.500000014186
23569.699999937508
12547.200000028115
11658.500000024882
10025.500000018941
16481.90000004065
15211.300000037807
12629.800000028416
10800.000000021759
11272.600000023478
9160.600000015795
18514.000000011078
17602.50000002434
11181.300000023146
13324.000000030941
8965.200000015084
10307.100000019966
6819.900000007279
10859.400000021975
7783.300000010784
11087.600000022805
7051.800000008123
7216.100000008721
8817.000000014545
15974.500000040583
16890.200000034707
11154.70000002305
13100.000000030126
19102.900000002508
7173.600000008566
12051.20000002631
11060.800000022708
9697.300000017747
7962.700000011437
7683.900000010422
9845.600000018287
12582.400000028243
8319.900000012736
7635.300000010246
6519.900000006188
13101.600000030132
7081.700000008232
15125.400000037494
11396.60000002393
15508.300000038887
18527.70000001088
10965.700000022362
7868.200000011093
8538.500000013531
18082.90000001735
9942.100000018638
13703.10000003232
13566.200000031822
16838.300000035462
9020.900000015286
10800.000000021759
13992.000000033371
8729.500000014226
10920.700000022198
9265.100000016175
10412.400000020349
11313.300000023626
9687.900000017713
13596.200000031931
17099.400000031663
10035.000000018976
10800.000000021759
12472.600000027844
9804.900000018139
11108.600000022881
15034.000000037162
11269.900000023468
7300.300000009027
8701.400000014124
12811.000000029075
12422.400000027661
8618.100000013821
19167.700000001565
5963.100000004162
8503.500000013404
13951.200000033223
17531.10000002538
7318.000000009091
11964.600000025996
7231.000000008775
8527.00000001349
8556.300000013596
19158.900000001693
12361.000000027438
13477.6000000315
10348.000000020114
14353.100000034685
14100.100000033764
9113.300000015623
19809.19999999223
10457.200000020512
11852.400000025587
10132.60000001933
16098.800000041036
7208.200000008692
9157.500000015783
7244.500000008824
9134.5000000157
7924.000000011296
10128.700000019317
12975.500000029673
17830.70000002102
14489.500000035181
10789.000000021719
11282.300000023513
13432.400000031335
8845.500000014648
6576.200000006393
14633.100000035703
12778.300000028956
14201.900000034135
12082.700000026425
9846.30000001829
8817.400000014546
14386.800000034807
12503.400000027956
11180.300000023142
14132.00000003388
17075.100000032016
15771.300000039844
17300.400000028738
19122.00000000223
17487.90000002601
7938.600000011349
10771.600000021655
10800.000000021759
7523.1000000098375
6830.900000007319
14459.800000035073
13991.400000033369
9290.300000016266
17158.7000000308
13027.200000029861
16972.000000033517
10809.500000021793
15974.200000040582
7785.700000010793
11530.200000024415
6608.200000006509
10589.700000020994
11089.500000022812
16122.300000041121
8109.000000011969
10348.700000020117
13820.100000032746
17209.200000030065
18756.800000007544
19686.09999999402
10104.80000001923
15281.800000038063
21949.69999996108
10158.000000019423
9462.000000016891
11591.200000024637
11405.00000002396
15714.000000039636
6499.800000006115
13173.800000030395
16690.500000037613
12054.00000002632
11646.100000024837
16205.200000041423
7251.70000000885
6935.100000007698
10800.000000021759
10650.100000021213
16821.20000003571
16236.100000041535
7209.000000008695
8914.7000000149
6634.100000006603
8617.100000013817
8276.000000012576
15548.300000039033
11155.600000023052
13433.70000003134
15379.70000003842
11089.300000022811
13054.30000002996
12957.500000029608
13090.500000030092
13913.800000033087
15544.100000039018
8369.700000012917
10911.400000022164
10800.000000021759
8738.500000014259
10520.10000002074
5966.2000000041735
12217.500000026916
9312.300000016347
11361.400000023801
8269.200000012552
14817.100000036373
9024.200000015298
9272.300000016201
16570.50000003936
8388.500000012986
15330.800000038242
5991.000000004264
8738.000000014257
8683.500000014059
6780.800000007137
14101.900000033771
10499.800000020667
12331.40000002733
15247.100000037937
17831.000000021017
17356.200000027926
9731.00000001787
8026.000000011667
7315.200000009081
14762.100000036173
16830.80000003557
13557.700000031791
9168.400000015823
9966.200000018725
7412.100000009434
15285.100000038075
12658.800000028521
9489.700000016992
8337.900000012802
18712.200000008193
8810.600000014521
15483.900000038799
8681.300000014051
11163.20000002308
17357.600000027905
9837.300000018256
15179.700000037692
16818.60000003575
7496.700000009741
8620.100000013828
11608.5000000247
9008.800000015242
8837.90000001462
13150.60000003031
7501.90000000976
10611.000000021071
10594.20000002101
12609.300000028341
6455.900000005955
16491.700000040506
9601.8000000174
15116.800000037463
11032.500000022605
18616.80000000958
11371.200000023837
15526.900000038955
7673.300000010384
10289.400000019901
15770.00000003984
14805.900000036332
8990.000000015174
8093.900000011914
9560.000000017248
9967.60000001873
15385.40000003844
9434.40000001679
16550.100000039656
14307.400000034519
12323.600000027302
7459.800000009607
14117.500000033828
19645.199999994617
10040.900000018997
9293.400000016278
19032.10000000354
17014.800000032894
11024.500000022575
15481.60000003879
14145.000000033928
8940.200000014993
21007.69999997479
13550.300000031764
16454.40000004105
14730.000000036056
10976.600000022401
10189.300000019537
14144.200000033925
8580.200000013683
8384.00000001297
16068.000000040924
7274.700000008934
7700.500000010483
10121.40000001929
11558.100000024517
6593.900000006457
16002.300000040685
14621.10000003566
12070.000000026379
8498.600000013386
10020.100000018921
10544.100000020828
8870.90000001474
8749.300000014298
10614.200000021083
6952.600000007762
12244.500000027014
11370.500000023834
13722.20000003239
6669.400000006732
15859.600000040165
9134.7000000157
9081.300000015506
9306.500000016325
14285.100000034437
8069.3000000118245
6848.800000007384
7928.800000011313
7897.400000011199
13904.800000033054
21408.29999996896
8733.40000001424
8082.900000011874
8980.90000001514
19679.99999999411
9487.600000016984
13606.200000031968
13294.800000030835
7718.300000010548
10528.700000020772
13963.800000033269
16217.400000041467
13130.500000030237
12524.600000028033
11951.400000025948
9585.50000001734
14087.90000003372
11776.20000002531
9417.000000016727
6912.500000007616
8600.200000013756
17883.80000002025
8046.00000001174
8728.700000014223
12768.60000002892
10800.000000021759
16989.60000003326
14557.500000035428
10801.800000021765
16123.700000041126
9374.300000016572
8778.200000014403
12380.600000027509
7091.600000008268
13565.200000031818
7880.100000011136
8037.500000011709
8223.300000012385
9293.500000016278
7694.9000000104625
14584.900000035528
9787.400000018075
11526.800000024403
9884.100000018427
15366.900000038373
8865.600000014721
8458.800000013242
11536.100000024437
6885.700000007519
12988.100000029719
11756.70000002524
11556.40000002451
15740.300000039731
14565.800000035459
12217.400000026915
14394.300000034835
8264.800000012536
12990.600000029728
10747.500000021568
18167.60000001612
14256.800000034335
13881.80000003297
10916.600000022183
13646.900000032116
12498.500000027938
10424.800000020394
7868.500000011094
9653.800000017589
13488.000000031538
10104.400000019228
9696.900000017746
10007.000000018874
18642.30000000921
18496.200000011337
7896.300000011195
14144.200000033925
17143.700000031018
13280.500000030783
16468.70000004084
18265.500000014694
8707.300000014146
12619.300000028377
10152.400000019403
9917.000000018546
7085.900000008247
12867.50000002928
10229.300000019683
7563.8000000099855
13680.100000032236
8954.400000015044
8300.900000012667
15258.100000037977
11153.800000023046
18178.60000001596
12050.300000026307
17720.500000022625
10800.000000021759
10095.800000019197
16346.700000041938
11127.000000022948
8222.10000001238
10722.400000021476
8799.600000014481
8290.70000001263
12778.700000028957
10635.20000002116
10684.80000002134
9840.300000018267
8628.60000001386
16957.200000033732
6575.000000006388
16193.40000004138
13048.100000029937
6337.800000005525
9962.800000018713
9201.900000015945
17934.100000019516
11472.900000024207
13444.60000003138
10691.800000021365
14599.30000003558
10032.300000018966
7214.200000008714
11264.80000002345
12975.500000029673
8121.400000012014
9563.800000017261
12654.100000028504
16527.20000003999
9680.100000017685
13942.900000033193
17833.50000002098
16473.60000004077
10273.800000019844
14501.000000035223
8382.200000012963
9199.800000015937
11737.400000025169
15883.200000040251
7455.300000009591
16451.50000004109
8330.600000012775
10445.300000020468
10809.000000021791
14880.500000036604
14601.80000003559
10019.90000001892
7986.100000011522
22031.399999959893
12958.20000002961
16319.80000004184
10363.10000002017
13971.200000033296
18868.100000005925
9098.60000001557
6793.3000000071825
11449.800000024123
9402.900000016676
8367.000000012908
11731.700000025148
8357.300000012872
8893.400000014823
16152.600000041231
9128.400000015678
12391.600000027549
8458.900000013242
17914.00000001981
9497.50000001702
11771.800000025294
17975.500000018914
9642.300000017547
11512.10000002435
10581.600000020964
17349.500000028023
15306.600000038154
19697.399999993857
16602.500000038894
11035.200000022614
7183.0000000086
10861.300000021982
18677.4000000087
8924.900000014937
14130.300000033874
17431.40000002683
16684.400000037702
9065.80000001545
15431.500000038608
8133.300000012057
10360.000000020158
9430.700000016777
10052.80000001904
15220.900000037842
11907.500000025788
13509.200000031615
12609.400000028341
7657.000000010325
15752.800000039777
7838.900000010986
17243.90000002956
9337.700000016439
12950.600000029583
14352.900000034684
9780.100000018048
8135.200000012064
7499.700000009752
12624.500000028396
13955.100000033237
8316.300000012723
18013.300000018364
12966.000000029639
15002.800000037048
18633.200000009343
15485.200000038803
18903.50000000541
18194.600000015726
7037.900000008072
10647.800000021205
9240.100000016084
9061.900000015436
9888.000000018441
14403.600000034869
9366.700000016544
17983.700000018795
18710.900000008212
20426.799999983243
8297.600000012655
14601.80000003559
11534.900000024432
12863.700000029266
10981.000000022417
12275.200000027125
20883.099999976603
15534.100000038981
15678.500000039507
14077.00000003368
17332.60000002827
11021.500000022565
8330.000000012773
20856.299999976993
14338.900000034633
9886.600000018436
20591.79999998084
13887.00000003299
8757.100000014327
15971.300000040572
16815.1000000358
12716.40000002873
16182.50000004134
8207.200000012326
15777.900000039868
7359.200000009241
11184.100000023156
9151.30000001576
17254.600000029404
12733.400000028792
10843.000000021915
18828.300000006504
6953.200000007764
8622.400000013837
15508.200000038887
17267.500000029217
8408.80000001306
21395.699999969143
12809.90000002907
7467.400000009635
14419.100000034925
18583.100000010072
14150.100000033946
14514.700000035273
9733.500000017879
9594.300000017372
10819.100000021828
12221.30000002693
16058.200000040888
13124.300000030215
13727.60000003241
8060.800000011794
10177.000000019492
5905.100000003951
9752.800000017949
6937.300000007706
12102.100000026496
11181.100000023145
12509.600000027978
16984.500000033335
16847.100000035334
7627.000000010215
15539.900000039002
13161.50000003035
11141.600000023001
9106.600000015598
15320.300000038204
8758.500000014332
8599.200000013752
10202.900000019587
7314.90000000908
9640.100000017539
9575.400000017304
11770.200000025288
12619.500000028378
20538.099999981623
8138.700000012077
8370.000000012918
13993.200000033376
14730.200000036057
14144.200000033925
13295.500000030837
10864.400000021993
19113.70000000235
13000.400000029764
18873.600000005845
9911.800000018527
11833.500000025519
10800.000000021759
11757.400000025242
10295.300000019923
12108.200000026518
11844.600000025559
7654.300000010315
8603.90000001377
9684.4000000177
14823.300000036395
15988.200000040633
9518.500000017097
15525.200000038949
10031.200000018962
7551.800000009942
15984.60000004062
7426.300000009485
14163.400000033995
15729.400000039692
9157.200000015782
13216.60000003055
9589.900000017356
11587.400000024623
10509.500000020702
8392.900000013002
7355.200000009227
11024.100000022574
9595.700000017378
11372.10000002384
18283.00000001444
9188.400000015896
18935.90000000494
20357.59999998425
8305.500000012684
11164.700000023086
17605.800000024294
12053.500000026319
11899.400000025758
10630.200000021141
16785.100000036236
7138.200000008437
15252.000000037955
15746.800000039755
10800.000000021759
19568.79999999573
9221.200000016015
16261.500000041628
14210.700000034167
13958.400000033249
7872.000000011107
16596.400000038982
17802.400000021433
9975.100000018758
12412.400000027625
16917.800000034305
10796.900000021747
14636.100000035714
8438.100000013166
15785.000000039894
18429.600000012306
9668.700000017643
14436.500000034988
9039.700000015355
14263.60000003436
14572.400000035483
7710.900000010521
12350.6000000274
8392.200000013
8801.000000014486
10580.100000020959
8898.10000001484
11633.40000002479
15218.000000037831
11043.000000022643
14231.400000034242
10693.30000002137
17277.00000002908
10800.000000021759
13044.000000029922
17619.1000000241
19819.699999992077
14458.700000035069
8954.600000015045
8205.900000012321
13558.300000031793
10696.00000002138
10234.800000019703
12437.600000027716
7714.200000010533
14018.100000033466
9593.60000001737
7901.200000011213
10825.10000002185
12176.500000026766
10567.800000020914
11623.900000024756
9986.300000018799
17004.600000033042
17706.50000002283
19021.60000000369
10126.600000019309
18794.400000006997
11931.400000025875
12921.100000029475
18833.200000006433
13480.30000003151
15876.600000040227
16323.500000041853
10383.100000020242
9387.40000001662
13259.300000030706
12266.500000027094
16479.80000004068
7430.3000000095
13972.6000000333
10402.600000020313
11894.30000002574
9842.000000018274
12409.000000027612
15224.300000037854
13502.100000031589
12300.400000027217
