668.6843400001654
514.3896900000174
441.75305999999705
344.7897200000253
322.4452500000048
533.7114200000949
344.64362000000506
428.96241000000737
354.8007800000068
398.2071699999997
398.2300100000021
538.1301400001545
407.54957000000815
498.0823600000986
429.56037000002135
527.0494800002389
509.5685400001678
389.48211000001146
459.059960000006
492.5418500000438
456.68567000004464
434.1826099999606
420.9500900000087
489.56844000004725
405.5031299999998
515.3035199999473
418.27978000000616
367.1882200000065
523.7054000001053
498.7218900000538
521.1440300000529
479.4172999999557
448.1335399999786
389.2961799999881
469.6640299999862
349.65867000000827
666.5750400004922
371.5073300000007
452.0077599999759
516.986949999927
446.23803000011424
371.64281000003905
565.7447200001939
607.0569100002217
346.7665800000306
438.04213000009935
410.0377100000128
512.9282899999789
376.8785700000148
490.05308000012604
427.1010500000073
567.7955000002099
406.78545999999596
464.8439799999776
439.4490400001824
435.2850400000152
533.6370100002495
474.27092999998195
409.5549599999519
521.6345200000201
522.6432700002625
527.745820000264
418.2071000000121
362.5879000000175
435.84866999999
398.10508999999865
431.09837999999104
412.94637000000506
379.6999200000162
370.22232999997186
469.31799000025677
356.50098000001145
517.168870000225
502.7738800002669
645.629310000506
512.1773899999462
455.12893999998994
609.004129999922
530.5447100002089
585.7275100001967
394.5534100000106
436.17068000000023
371.21554000002544
366.10629999997656
545.0117700000698
429.2684799999826
426.62601999997673
517.5545400002575
439.2945000001331
436.0970699999654
537.2331600001442
466.8318299999903
520.7392999999392
473.5054999999892
397.66359000001216
516.4992300001308
516.381380000194
531.5359900001488
494.0469299999757
377.1685700001043
430.7807399999745
491.5668100001042
358.91215000002836
396.69479000001587
504.0073899999586
473.6678700000013
460.7200099999911
499.0646199999581
563.3289700002067
436.29384000000294
372.15655000001817
415.56890000000624
464.96499999997815
387.99161000002016
411.91724000000215
486.56635999993233
365.7394300000214
500.7417000002549
410.29022000002254
447.6727399999707
471.6304999999894
388.58907000004723
482.06065000022375
538.5923200002011
441.9648599999927
403.13301999999277
508.9539099999658
533.4058200002204
418.79895000007156
385.08626000001277
364.0073300000374
462.5687299999556
584.809029999955
497.350900000027
566.3628700002309
393.60853000002413
410.59003999999135
515.2301200002393
443.75036000018866
455.9697200002177
568.9763200000881
338.58521000002787
403.0348500000403
385.38270000003644
395.8563000000018
663.5582200004418
558.6339900002444
547.755959999931
468.84243999999774
468.33370999999556
427.1675400000354
471.83319000017764
541.721120000222
478.0301499999929
463.11089999998643
418.63682999995353
570.3281100000183
508.51822000020866
524.5321999999707
476.7030200002457
550.166629999964
418.14326999999815
581.1086800002713
500.23149000002536
391.1840900000119
379.57604999998443
592.2880100000492
417.62152000000157
488.7794499999974
498.75369000000404
356.91704000003233
441.4306599999881
473.6855999999534
483.42120000007935
336.4872200000163
458.12033000000264
413.15101999997444
480.668150000235
449.924269999941
412.1742200000016
451.14539000007704
402.2964699999957
464.69684999996286
485.94799000000495
385.2387600000197
321.1189000000207
648.1654700003369
556.3417299999741
385.20607000003906
384.8720000000167
392.3801900000046
516.3127399999519
434.95052999995
358.9580500000286
401.87540000000155
436.83744000001303
450.3408499999904
545.1190900000564
403.8492400000052
500.6426600001051
650.4430300004401
330.9048600000351
371.9620200000453
419.8550999999245
468.3780899999656
405.5703500000273
506.2967700001634
417.8490799999894
396.33661000001587
565.8567299999975
484.2075199999755
530.2576499999615
489.3036699999898
530.4568600002781
420.518910000002
423.701270000046
372.04289000002484
380.84185000002304
494.05598000023633
338.9506599999955
437.4289000000611
516.8956200002095
554.7104900000407
405.6254900000172
571.2099900002047
519.6753299999632
387.14623000000375
340.84854000000433
502.99967999995295
422.3512200000099
308.9188100000327
452.153120000042
427.74731000001617
480.5858199999846
380.69565000005144
545.2316099999337
375.24059000001944
431.89422999998266
446.83235999998595
404.98104999999066
463.8827899999992
448.2319099999986
585.6567300002113
412.84826000000714
531.8442799999799
430.65618999998026
482.628420000096
356.7668100000106
454.2532499999716
362.31341000001225
859.7529000002506
356.97556000003425
451.65538999995965
440.45199999996817
491.43073999996295
472.9027200000952
349.7632099999969
348.9781800000203
438.0736200000245
356.64748000001885
518.8557300002934
557.8268400002213
546.4293099999616
463.1340400002614
351.7962699999761
404.3925899999774
319.9520700000053
455.19725999998127
421.01133000001033
478.8871799999829
355.58597000001856
384.19832000002907
469.08067000000403
614.6693100002433
517.6470500002198
381.7095399999573
507.2486100000141
699.3864300005291
356.981850000003
486.54065999994344
568.4795599999559
512.8506299999603
399.8411800000096
320.18163999999405
461.5733599999929
583.5658500000404
442.0038299999999
329.5268000000289
325.62062000003
404.10770000001224
339.1453200000133
405.2633300000223
453.0850200000649
573.5598700001615
409.48748999998577
487.19172000002845
365.1403300000077
342.9504000000094
533.2078000002224
386.92329000009397
416.6380600002447
416.46375999995126
597.3079600002276
430.76585999999656
399.25257000003097
387.9990699999997
466.7377300000008
504.4537300000553
425.8163399999872
518.6449899999833
481.92259000008244
430.1380699999807
428.92774000013435
453.2675000000158
467.2893299999598
407.1733200000113
433.74530999998854
441.5811099999913
377.66354000001184
523.4909800001944
341.2478700000282
361.3787800000353
382.84585000000766
482.5029300002074
396.7478400000184
407.1794799999992
518.6358299999742
341.46252000003426
372.51211000004076
369.73917000002797
432.3590000000097
334.1416900000183
429.100220000011
358.9676999999984
416.2391599999896
391.1432999999997
467.20503999996055
486.01494000013537
528.5570900002032
439.67915999995944
487.86388000002603
530.6564900000055
467.2939300000026
656.3956400002925
398.93992999998676
465.04335000000094
513.1053999999934
461.0748300002732
399.41823000002955
429.1601199999984
340.8807700000075
371.51966000002744
416.4094099999925
461.37106999996513
348.5224100000347
395.3548900000083
541.1952400000622
482.30634000001396
469.95046999995867
442.32842999995887
453.02378000001306
333.99748000002086
437.51685000024537
523.4740400000236
520.3266800000437
518.4456100001332
429.40816999998134
449.0417299999847
383.2068599999941
397.6265200000017
465.52062999996014
454.12528000024037
553.8601900002044
453.7391600000093
551.6500900002648
513.5409600001603
535.2551399999339
336.1075000000078
438.8217300000163
390.4519700000269
354.5333500000307
372.33200000003046
460.08924999999294
584.4909699999085
422.8019300000107
460.48552999998947
468.3121800002219
629.4551700001364
490.61015999993856
597.6612500001589
420.42411999999865
501.193139999947
347.17583000003935
463.20763000004524
474.8115599999786
570.5662400001966
322.352960000007
424.33738999998945
403.65659000002006
540.8929599999491
431.95085000008544
551.4486000001843
440.9311199999682
531.9355800001491
510.82595999998824
491.006720000015
507.6314599999798
558.5807499999244
477.4133800000666
608.8552599998936
389.4041000000372
582.1792700001789
639.9351100001938
454.8633599999737
455.41126999998306
561.8004600000074
393.7976400000253
368.68733000002265
411.905360000029
469.2390700000327
570.3783000001965
531.5272500002285
366.69139999999953
390.3308899999829
301.618280000012
435.10448999999215
386.9553900000162
607.6447500002628
491.01643000001127
542.6528200001189
579.3842500002087
655.7810599999774
460.62532999999735
487.1710999999584
484.4359000001317
464.5959400000972
495.64310999998924
387.90470000000676
370.51851999999997
405.4334200000264
367.970540000035
369.9185199999907
337.48286000003907
465.591710000164
409.9545199999833
453.45250999998575
391.610960000012
541.1592599999506
396.58920000002325
389.5774300000812
538.6074100002836
461.41448000000355
482.0739800000065
340.98672000003717
427.9003799999981
379.7520299999995
323.6462400000157
519.7442200000648
423.7369799999991
505.70749999998117
450.22129000002644
509.25856000026215
410.8075699999939
498.42376999996986
450.80263000000855
380.281250000022
535.8719400002523
513.5904500002849
411.19379999998586
454.2323899999782
422.95168000002644
374.2436600000352
544.8654799999306
415.24013000008466
443.8884200000156
388.3356599999963
556.7608500002273
373.71110999999394
542.867220000256
488.0622200000063
499.8952399999561
591.1729400000663
460.1312199999746
431.2196600002618
432.15829999996043
390.5095100000017
376.3419200000171
456.7400299999734
406.6602000000328
383.6616800000171
524.7093600001098
427.0655300000103
505.64744000004305
425.1693800000329
582.9894499999358
343.2658400000278
399.79022000003465
376.37074999997554
526.5009499999791
524.1923799999574
611.0356400001397
455.2474100000104
447.8731000002609
389.03639000000726
501.528999999973
371.6513899999894
498.7326800002125
420.2948700000027
378.2798800000057
515.6494199999827
483.5230099999619
464.45513000000216
502.8580099999963
478.10038000025867
564.212670000114
460.4299799999968
345.7741900000009
506.62413999994305
560.912559999971
414.3368200000305
464.49293000000034
529.3944500002564
468.5569800002253
479.6003899999871
503.7665000002149
559.5440100002063
390.00829999998643
633.097400000226
464.9663800000107
523.1124300002656
505.61322000022824
507.9138799999349
469.7057499999667
448.1710900001713
404.5570600000216
407.0751599999913
507.32255999995584
349.6444600000348
432.3947399999971
500.7809000000018
397.3859300000084
326.3485900000156
533.8525299999525
401.63709000002797
481.8680100000572
361.16602000000535
394.8275400000007
389.6021100000078
466.9750100000833
414.06956000000326
414.69012999999023
353.1513100000279
495.61280000023345
450.3071900000471
488.76902000007533
349.1348500000389
582.2461300002377
419.5496499999997
438.5890100000036
390.3569899999834
457.282620000163
396.8047700000058
389.35038000003345
420.8538300000098
406.6423200000125
526.7387800000081
610.9674400001692
455.1171500000089
437.5599700000164
426.78088999996146
484.45797999996813
391.4683800000037
396.2503999999856
473.2285700000084
370.23757000003
441.94293000002176
323.8110900000143
519.073450000197
455.7487200000033
436.4404900001552
428.58889999998394
416.540809999987
483.5010400002322
478.66839000017336
465.7019800000086
357.68671000001666
409.7261499999983
576.3137000001378
332.892400000024
419.30076000000344
570.7031700000073
418.63707999998013
455.03118000000273
519.8077600000445
453.5176200000234
422.94741000001136
446.9820499999838
442.37706999998426
442.08043999997653
343.53347000001514
436.197799999989
376.84836000001036
390.6747099999904
396.3178799999753
365.63367000002887
386.0458300000113
481.72016000024666
405.5629799999664
490.4518999999793
416.999869999963
470.6324399999909
392.74048000002045
382.56689999998554
509.27976000000194
347.6322900000349
486.81497000016645
522.9122600000397
473.3445399999671
583.3393700001734
503.3413300002658
545.4889799999232
357.75863000002
438.22764999998765
396.91448000003106
424.0118899999696
484.4024700002385
570.6020300002148
432.1427499999716
468.53744999997855
443.584660000039
488.70969999997345
426.3394300000683
352.3829100000203
442.2824699999925
491.13624999998297
411.101369999998
398.1554800000244
356.43991000003075
589.539660000208
525.0239500002183
397.69872999999274
484.8100700000108
545.5158600000725
541.0427700002277
559.151650000318
596.1688699999828
381.2670600000036
480.6905599999944
416.2721499999596
384.0766700000393
374.5866600000268
556.9552299999401
477.39668999995314
399.31409000001554
485.99219999999036
400.6679899999941
403.6553299999975
415.95315000000636
491.7425499999692
535.7938100002386
348.8600900000036
498.0817300002475
424.4756200000102
436.8874000000571
480.98182999997124
421.0523900000054
420.16439999999784
391.03610000000583
401.4735000000257
404.3130000000084
562.8289899999255
386.30981000003254
544.6805900000431
485.48782999999503
408.82303000002236
563.8289000003108
324.75167000002347
592.4771400004158
510.9997100001394
339.0436100000295
397.65991000003197
369.4211999999755
576.8979800002437
478.99446000009806
395.03053999998525
505.70024999997287
551.0946199999274
443.2338299999943
389.1529400000183
516.1068899999444
451.2374999999878
397.2144200000116
430.4309799999903
526.3565400000829
608.1220300002187
506.02285000003053
446.8696899999936
563.7337000002213
660.5511200005083
498.07711999996866
532.8801599999025
400.90366000000614
436.4004699999945
430.2882999999591
485.1972800000287
365.5617400000126
360.02832000004474
436.37456000001396
402.1984000000294
445.99645000012816
435.5395900000222
539.4939700001408
434.53432000001203
388.0859600000031
600.6229300002263
491.6446400000758
574.8015400001977
454.90642999998767
524.5900200000284
413.7424399999706
399.4996000000174
380.96594000002057
520.7008400000063
437.41355999998837
387.6953999999842
506.117229999999
410.71074999999604
453.16073999997417
423.0216100000026
501.8135399999855
414.030380000017
388.7001499999849
457.2278699999578
389.8564499999882
567.2345399999695
465.700040000023
463.52811000001043
433.2420799999678
531.61353999998
408.1651399999686
375.5409100002544
570.079290000231
612.0678700004784
446.873709999999
337.83227000000215
348.6224800000247
537.2517100002223
429.9735800000437
512.0138999999765
510.097190000225
553.0814500000765
424.55835000008915
553.0086900002601
370.0589599999927
406.9893100000224
348.60180000002305
495.40923999997625
617.566210000028
346.92039000000005
543.0839800001257
481.47831000003646
357.35023000000217
555.3228900002591
385.2073900000125
494.4515799999515
496.54523999996485
455.7337100000542
465.93246999993113
466.10875999997705
366.95412000001454
407.8473600000239
433.727860000031
330.02688000002655
417.4238100000037
541.1444800002454
500.58762000005686
628.5208300002155
444.4659699999912
399.0767400000149
625.9223000002077
540.4279200002344
332.11997000003
414.6430199999938
473.7960999999969
420.1178600000818
390.28381000002736
608.881230000245
410.1265399999705
543.0375100001572
574.547170000318
630.0888200004313
393.7430899999848
602.3068800001224
496.59990000000266
464.63006999995525
416.52521000008835
594.7477200000824
650.6512600002329
383.4063300000227
511.40368000015764
564.5468000001831
414.7109599999856
385.4711699999923
441.4712200000062
612.5667700000889
400.32339000000997
505.88225999996627
607.4174600003533
378.9026600000267
426.202780000012
558.8667400001942
452.74401000024477
496.6569500000613
536.3081799999769
353.8419800000181
455.1469099999836
413.3749800000265
395.54153999999204
479.6866199999783
514.7725600002391
344.98658000001296
457.00992999995754
553.5477699999624
368.78308000002454
441.0045299999939
454.7257399999541
658.0281300004783
467.65049000000124
597.5169100002418
474.89484999995244
362.85618000002233
530.4920099999395
536.7531900002338
355.0639800000288
471.7741100002422
460.7045199999968
389.63759000001534
460.7859500000261
561.7109099999421
437.25168000000843
574.9827600000732
374.88578000000086
387.04707000000906
449.07349999999053
315.90980000003253
442.591379999966
354.62302000002046
495.2280900000558
481.2171500000344
582.4227499999364
396.46161999999816
485.6770399999604
356.2409500000104
390.55434000025554
501.20369000010623
496.2184299999894
473.9327500000418
423.5406700002175
448.4060899999842
404.0450999999805
386.2372300000214
408.38446000002943
415.7368399999698
360.91034000003276
495.23951999999264
372.52955000003044
550.8086500002353
372.86891000002106
370.6999399999862
431.4331399999966
462.3237900001408
487.8227700002469
557.9703899999502
478.3588800000534
657.9215800002632
398.0115200000276
612.6389500006779
406.8350499999691
427.38723999999326
404.6557699999667
493.85427999999075
432.8912999999983
395.1694500000225
411.1469400000847
389.1142200000242
427.38941999997746
412.39149999998864
508.8784400000911
535.8073299999573
477.52309999997664
594.3669700000294
504.0023299999829
417.1389400000121
730.4267100000169
388.5217900000272
421.89956000015803
425.26327999998085
414.9013900000183
433.6657799999955
374.1330700000194
614.0484599999884
453.5184499999619
431.06891000001156
363.5480900000355
542.7974299999368
424.7306499999974
366.9652000000047
465.67652000000874
463.14614999997343
363.16447999996046
632.7426100002175
357.6414400000283
436.52889000008486
447.15264000000354
470.83745999998354
461.17295000009307
438.1025400000106
493.15761999995993
384.1173900000384
465.2474900000028
480.0081400002614
390.6886999999942
587.8532400002333
446.9895799999879
504.572550000242
569.2139000003195
382.82301999997156
387.168380000001
494.35148000021496
516.2565400002492
483.8011399999684
497.98719999995643
415.8838600000026
487.21025999999955
433.34672000001717
444.4741500000039
441.51288000001375
425.6782499999824
429.2850899999654
515.9620700000457
388.0827700000075
397.3919800000135
503.67184000020256
378.80937999999793
439.4880399999555
454.1437299999925
389.5732299999969
385.78015000000966
395.14552000004664
464.2185199999762
437.5743899999725
466.5949900000012
491.6754000001154
477.8726299999395
578.6631700001735
416.85930000002
562.6508200000027
583.6643600002577
595.9164299999659
564.5949100000294
419.4381900000119
440.0595200000261
506.290480000127
463.57421000004933
444.17224999999803
486.37746999995545
392.4378200000021
478.6232399999741
483.678210000005
377.47872000002513
420.9100900000085
467.48679000021696
516.4799199999906
506.9061400000201
408.49669000001285
430.9483099999948
525.3179399999815
582.4456700002494
390.83631000003106
612.4428600001769
382.5378000000065
549.1374099999099
550.6760600001254
510.1196200000131
509.42350999994267
462.9374299999984
502.7995399999598
501.0806399999827
496.74877000021013
468.99201999998945
368.8060100000228
404.4350000000163
538.4870399999871
365.27294000002615
481.21640000012763
438.73375000003244
534.3060800000075
561.351510000156
436.8927200002316
454.564140000238
