11123.200000022935
10800.000000021759
10800.000000021759
3616.0999999978067
2486.1999999988343
10800.000000021759
2452.299999998865
10434.000000020427
2287.399999999015
2000.499999999276
3216.0999999981705
10800.000000021759
7740.0000000106265
8284.000000012606
10800.000000021759
11140.200000022996
10800.000000021759
3824.0999999976175
4240.299999997895
5779.0000000034925
7068.300000008183
4644.099999999364
3246.499999998143
10800.000000021759
4141.399999997535
5089.000000000982
10800.000000021759
1928.099999999342
8059.200000011788
6046.400000004465
10800.000000021759
3527.0999999978876
11411.200000023982
7917.200000011271
8353.300000012858
2654.3999999986813
11453.400000024136
6603.00000000649
3158.099999998223
6688.000000006799
10800.000000021759
1575.099999999663
11074.100000022756
11379.100000023866
7877.000000011125
10800.000000021759
9821.000000018197
7021.000000008011
3523.0999999978912
10800.000000021759
8114.000000011987
11084.200000022793
5728.000000003307
2671.4999999986658
9503.10000001704
4275.099999998021
11083.100000022789
3911.0999999975384
2986.2999999983795
5697.000000003194
11141.200000023
11329.100000023684
1570.0999999996675
1759.3999999994953
11340.400000023725
5342.200000001903
7702.000000010488
7301.0000000090295
2552.399999998774
10800.000000021759
11047.100000022658
5939.300000004076
11102.200000022858
11269.300000023466
11346.400000023747
8655.100000013956
10800.000000021759
10800.000000021759
10800.000000021759
11344.40000002374
3876.09999999757
4222.49999999783
4495.099999998822
10800.000000021759
7033.300000008056
6658.00000000669
7924.300000011297
11150.200000023033
8488.000000013348
4139.199999997527
9418.100000016731
10800.000000021759
3487.099999997924
4267.399999997993
3914.3999999975354
10800.000000021759
11102.200000022858
7659.300000010333
10800.000000021759
6938.20000000771
10800.000000021759
10800.000000021759
2585.0999999987444
4044.1999999974173
11378.300000023863
11124.200000022938
10800.000000021759
11406.200000023964
11318.100000023644
1769.2999999994863
3584.0999999978358
11084.100000022792
10800.000000021759
2435.4999999988804
10800.000000021759
10800.000000021759
10105.00000001923
11112.200000022895
10800.000000021759
11098.200000022844
10800.000000021759
11265.10000002345
11056.10000002269
10800.000000021759
6391.20000000572
11281.30000002351
10800.000000021759
11071.100000022745
5894.100000003911
4151.09999999757
5462.000000002339
10800.000000021759
4509.299999998873
5366.300000001991
10800.000000021759
3090.299999998285
2685.299999998653
11122.20000002293
9198.300000015932
10339.200000020082
10759.20000002161
3409.099999997995
9837.000000018255
10800.000000021759
11062.100000022712
11116.200000022909
11335.300000023706
5201.00000000139
2885.3999999984712
10800.000000021759
6631.000000006592
9041.30000001536
10800.000000021759
9523.200000017114
5665.000000003078
3747.0999999976875
10183.000000019514
11123.200000022935
9092.200000015546
11288.300000023535
5614.000000002892
3649.1999999977766
11327.300000023677
11335.300000023706
10800.000000021759
11303.30000002359
10800.000000021759
4214.2999999978
5120.300000001096
4842.5000000000855
2621.0999999987116
10800.000000021759
5728.000000003307
6425.000000005843
2140.399999999149
5848.0000000037435
4083.4999999973816
11035.100000022614
10800.000000021759
2925.399999998435
6559.300000006331
10800.000000021759
6413.2000000058
2580.099999998749
10800.000000021759
3546.0999999978703
10804.300000021774
5659.000000003056
2152.099999999138
10800.000000021759
2905.299999998453
4962.200000000521
4754.099999999764
3079.099999998295
2218.299999999078
2772.0999999985743
6294.000000005366
10800.000000021759
9868.200000018369
10800.000000021759
11087.100000022803
2516.4999999988067
9533.00000001715
3313.299999998082
4314.399999998164
6566.000000006356
10800.000000021759
2515.099999998808
4293.099999998087
6207.20000000505
5995.000000004278
10800.000000021759
7396.000000009375
11357.400000023787
4656.299999999408
10800.000000021759
3263.0999999981277
1567.9999999996694
11081.200000022782
3688.199999997741
6518.100000006181
11064.20000002272
6620.200000006553
8570.200000013647
11345.400000023743
6187.000000004977
1962.1999999993109
2479.2999999988406
3488.4999999979227
5431.000000002226
11069.200000022738
5277.100000001667
3103.0999999982732
3945.0999999975074
5023.200000000743
11126.200000022945
3949.3999999975035
4308.099999998141
10800.000000021759
6714.100000006894
5785.000000003514
2644.2999999986905
11336.20000002371
2081.0999999992027
10800.000000021759
10053.300000019042
11069.100000022738
4134.199999997509
2689.0999999986498
4104.1999999974
11181.200000023146
10800.000000021759
10800.000000021759
3524.0999999978903
11157.200000023058
11095.200000022833
7698.2000000104745
10800.000000021759
8711.000000014159
4687.399999999521
11293.100000023553
11115.200000022905
5078.000000000942
11064.10000002272
6144.00000000482
8415.000000013082
2797.2999999985514
5120.000000001095
2021.0999999992573
4851.400000000118
2347.099999998961
2656.2999999986796
4140.09999999753
11077.200000022767
11097.20000002284
6503.000000006126
7386.000000009339
11074.200000022756
2360.299999998949
5372.000000002012
5180.000000001313
2765.4999999985803
3016.499999998352
3591.0999999978294
3860.3999999975845
7024.000000008022
2154.0999999991363
3049.0999999983223
2873.0999999984824
10800.000000021759
3382.0999999980195
11099.200000022847
5614.300000002893
8278.000000012584
11308.300000023608
5702.200000003213
4312.299999998157
3814.3999999976263
11363.200000023808
6471.00000000601
11062.100000022712
10800.000000021759
10800.000000021759
3594.1999999978266
10800.000000021759
11082.200000022785
2780.099999998567
6734.000000006967
5132.000000001139
4049.099999997413
6849.200000007386
4563.29999999907
7802.300000010853
11411.400000023983
2741.499999998602
10800.000000021759
6421.300000005829
4561.099999999062
8965.000000015083
11170.200000023106
8298.100000012657
2850.0999999985033
4947.000000000466
10800.000000021759
10800.000000021759
4405.099999998494
11430.200000024051
1448.2999999997783
5468.000000002361
11057.100000022694
11276.300000023492
3885.299999997562
6861.000000007429
2166.2999999991252
2318.499999998987
3446.0999999979613
11413.10000002399
8744.20000001428
10800.000000021759
6220.100000005097
11094.200000022829
10800.000000021759
4016.2999999974427
10800.000000021759
7274.000000008931
10800.000000021759
6162.000000004886
11302.100000023585
2902.199999998456
3357.499999998042
3792.3999999976463
7822.000000010925
2665.2999999986714
4025.1999999974346
8464.300000013262
11291.300000023546
7307.300000009052
5409.200000002147
5611.200000002882
10800.000000021759
3845.1999999975983
2360.099999998949
11086.2000000228
10800.000000021759
7217.400000008725
8417.20000001309
3644.099999997781
3557.29999999786
11163.00000002308
10800.000000021759
6177.00000000494
11073.200000022753
11163.20000002308
9607.30000001742
11391.10000002391
10734.000000021519
11123.000000022934
4521.299999998917
4806.199999999953
10800.000000021759
3387.2999999980148
2543.2999999987824
10800.000000021759
7826.000000010939
3631.3999999977927
10192.400000019548
9846.000000018288
7800.2000000108455
3163.2999999982185
11010.100000022523
3240.0999999981486
8371.000000012922
2437.299999998879
5439.200000002256
10800.000000021759
11093.200000022825
5392.100000002085
4901.000000000298
11053.10000002268
11124.200000022938
11313.300000023626
11357.100000023785
5770.00000000346
7880.300000011137
11364.300000023812
7320.000000009099
2939.299999998422
3652.099999997774
6969.200000007822
8482.000000013326
1629.0999999996138
10800.000000021759
11114.200000022902
7777.200000010762
10800.000000021759
11159.200000023066
2862.0999999984924
2968.099999998396
10800.000000021759
8956.00000001505
11083.200000022789
11118.200000022916
3813.0999999976275
3916.3999999975335
2389.2999999989224
2519.399999998804
4077.0999999973874
11084.200000022793
8723.000000014203
8289.000000012624
11171.20000002311
5541.200000002627
10800.000000021759
10800.000000021759
8011.3000000116135
7607.000000010143
10800.000000021759
3926.0999999975247
5904.000000003947
10800.000000021759
7928.0000000113105
4035.0999999974256
1304.2999999999092
8470.200000013283
4914.000000000346
5074.5000000009295
4123.099999997468
10800.000000021759
4350.1999999982945
6330.100000005497
11349.300000023757
2792.099999998556
8865.00000001472
1498.099999999733
4549.099999999018
3312.099999998083
2529.299999998795
6630.000000006588
4634.199999999328
10800.000000021759
11113.200000022898
11271.300000023473
11318.300000023644
2767.2999999985786
3062.0999999983105
3156.299999998225
11155.200000023051
11325.30000002367
10800.000000021759
2983.299999998382
7348.0000000092
4825.000000000022
10800.000000021759
6892.400000007543
9316.00000001636
2967.099999998397
11351.300000023764
3223.399999998164
11107.200000022876
5325.000000001841
4602.099999999211
10800.000000021759
3144.099999998236
11179.000000023138
11302.000000023585
3047.199999998324
3902.0999999975465
5084.4000000009655
3488.099999997923
3559.3999999978582
9969.000000018736
2349.199999998959
6162.2000000048865
5003.400000000671
10505.000000020686
2609.0999999987225
11334.300000023703
7375.000000009299
11132.200000022967
3432.299999997974
10800.000000021759
5042.300000000812
11178.000000023134
3003.099999998364
3691.1999999977384
11250.100000023396
11133.200000022971
4752.299999999757
5225.200000001478
3077.099999998297
3583.0999999978367
11101.200000022855
4626.299999999299
11288.300000023535
8039.100000011715
6003.3000000043085
3669.1999999977584
10800.000000021759
11157.400000023059
7212.200000008706
4463.199999998706
11321.300000023655
11295.30000002356
9786.00000001807
11117.200000022913
10800.000000021759
4214.099999997799
11429.200000024048
10800.000000021759
11361.3000000238
11103.200000022862
3752.099999997683
3961.2999999974927
9384.000000016607
4742.299999999721
4404.099999998491
11167.200000023095
2867.099999998488
2817.299999998533
5480.200000002405
5303.100000001761
1816.0999999994438
11072.200000022749
11085.200000022796
6777.200000007124
4832.000000000047
5909.000000003965
6484.200000006058
7091.0000000082655
5234.00000000151
4094.099999997372
2899.0999999984588
10793.000000021733
5585.200000002787
6388.000000005708
4026.0999999974338
11220.200000023287
3029.1999999983404
3986.49999999747
4121.099999997461
11073.100000022752
2924.099999998436
1774.3999999994817
2461.099999998857
2874.0999999984815
10800.000000021759
11322.40000002366
3121.1999999982568
3393.0999999980095
4123.199999997469
11401.100000023946
8560.00000001361
8381.30000001296
10800.000000021759
3276.099999998116
5195.100000001368
11059.100000022701
11093.100000022825
6886.300000007521
8624.200000013843
5388.300000002071
4791.0999999998985
11076.200000022764
7391.200000009358
3957.0999999974965
2577.3999999987514
3421.299999997984
10800.000000021759
3792.3999999976463
3663.099999997764
5986.200000004246
10800.000000021759
11360.400000023797
6641.100000006629
5153.4000000012165
11285.100000023524
3458.0999999979504
3718.2999999977137
10800.000000021759
3456.099999997952
6806.200000007229
2965.0999999983987
3075.0999999982987
3520.3999999978937
6751.000000007029
2199.0999999990954
11073.100000022752
3270.299999998121
10800.000000021759
4602.299999999212
11113.200000022898
4519.39999999891
4852.00000000012
6922.200000007651
2712.099999998629
9328.200000016404
7472.000000009652
7869.000000011096
10266.200000019817
11093.200000022825
6049.000000004475
11085.200000022796
2000.2999999992762
10800.000000021759
5765.0000000034415
11265.300000023452
10800.000000021759
8762.000000014345
4079.1999999973855
9542.000000017182
10482.000000020602
5597.300000002831
3933.0999999975184
5860.000000003787
8705.200000014138
5231.100000001499
4377.099999998392
10007.000000018874
10800.000000021759
11297.300000023568
2799.1999999985496
10800.000000021759
10800.000000021759
10800.000000021759
10556.300000020872
11113.200000022898
5995.100000004279
10800.000000021759
3705.1999999977256
6633.1000000066
2206.399999999089
6390.000000005715
4006.099999997452
1439.2999999997865
10800.000000021759
5534.000000002601
3700.0999999977303
11094.200000022829
8716.000000014177
11401.400000023947
7366.400000009267
11212.300000023259
10800.000000021759
5317.400000001813
10800.000000021759
10800.000000021759
2176.299999999116
9258.000000016149
4735.099999999695
3430.099999997976
8524.000000013479
4561.099999999062
6587.000000006432
4382.099999998411
3632.099999997792
11337.300000023713
1788.299999999469
11123.200000022935
10800.000000021759
1560.0999999996766
5596.000000002827
3812.0999999976284
11390.300000023906
7051.200000008121
10800.000000021759
5432.00000000223
10800.000000021759
3784.3999999976536
1935.2999999993353
3615.0999999978076
10800.000000021759
4328.099999998214
3826.4999999976153
7420.200000009463
10960.00000002234
6008.200000004326
6978.200000007855
11387.100000023895
11079.200000022774
3251.0999999981386
7413.000000009437
4387.099999998429
5086.000000000971
10800.000000021759
10800.000000021759
2252.199999999047
11269.100000023465
4273.099999998014
5811.30000000361
7163.200000008528
11117.200000022913
6916.000000007629
4379.1999999984
3088.099999998287
11354.200000023775
6956.100000007775
11124.200000022938
7269.000000008913
10800.000000021759
11304.300000023593
4087.299999997378
1872.0999999993928
10800.000000021759
3582.2999999978374
3265.3999999981256
5844.20000000373
3196.0999999981887
4216.099999997807
10279.400000019865
2626.099999998707
10800.000000021759
3498.3999999979137
11291.300000023546
4766.099999999808
5334.000000001874
11355.300000023779
5451.2000000023
10800.000000021759
4479.299999998764
11395.100000023924
11221.300000023291
11304.300000023593
11308.300000023608
10800.000000021759
2571.199999998757
5636.000000002972
11383.10000002388
5437.200000002249
10800.000000021759
10735.100000021523
7769.100000010732
6385.100000005697
10800.000000021759
4020.099999997439
10360.000000020158
4054.0999999974083
3800.0999999976393
6258.100000005235
10662.000000021257
9108.000000015603
10800.000000021759
2300.0999999990036
11143.200000023007
2795.0999999985534
11142.200000023004
2253.499999999046
10800.000000021759
10800.000000021759
4176.099999997661
2778.099999998569
2172.09999999912
10800.000000021759
11077.200000022767
3370.29999999803
11263.300000023444
10800.000000021759
11170.200000023106
11339.30000002372
11101.100000022854
11403.400000023954
11357.100000023785
2778.2999999985686
5991.300000004265
4213.2999999977965
6104.2000000046755
9888.000000018441
10800.000000021759
2533.2999999987915
10800.000000021759
11344.300000023739
11113.200000022898
2984.399999998381
10800.000000021759
5580.40000000277
10800.000000021759
6093.100000004635
6003.200000004308
11438.10000002408
9907.10000001851
9278.400000016223
10800.000000021759
11336.30000002371
9738.000000017895
2002.3999999992743
10800.000000021759
11124.200000022938
3940.099999997512
11353.400000023772
11083.100000022789
2986.3999999983794
10926.200000022218
11296.100000023564
9586.000000017342
7268.000000008909
7450.0000000095715
11129.200000022956
2119.099999999168
8305.100000012682
3044.2999999983267
11301.300000023582
8457.300000013236
5159.200000001238
11427.10000002404
2160.099999999131
2305.099999998999
11109.200000022884
11093.200000022825
1831.3999999994298
11294.300000023557
10800.000000021759
2392.09999999892
10800.000000021759
11079.200000022774
11078.20000002277
11122.20000002293
3832.19999999761
4174.099999997654
6616.000000006537
8724.000000014206
11115.200000022905
7389.20000000935
11059.200000022702
2584.0999999987453
3836.0999999976066
1346.1999999998711
3846.2999999975973
2104.099999999182
6222.4000000051055
5290.200000001714
7411.00000000943
11369.30000002383
11136.200000022982
2742.0999999986016
11216.100000023273
10800.000000021759
10800.000000021759
5261.200000001609
9928.300000018588
2484.399999998836
3502.29999999791
9640.000000017539
1900.399999999367
4065.0999999973983
7903.0000000112195
7689.000000010441
10800.000000021759
11385.300000023888
4824.000000000018
4628.0999999993055
11087.100000022803
10231.000000019689
11096.200000022836
5668.000000003089
6022.200000004377
10800.000000021759
8113.300000011985
11279.300000023502
4588.19999999916
7226.200000008757
10800.000000021759
6375.300000005662
5778.20000000349
9964.000000018717
6575.000000006388
3349.0999999980495
2424.2999999988906
4279.099999998036
7942.100000011362
11119.20000002292
3758.0999999976775
8374.200000012934
4119.2999999974545
2620.3999999987122
10800.000000021759
4829.000000000036
11060.100000022705
11084.200000022793
3972.4999999974825
10800.000000021759
8341.000000012813
5828.200000003671
4283.09999999805
5161.200000001245
4829.3000000000375
3911.299999997538
5809.200000003602
8605.200000013774
10845.000000021922
2852.2999999985013
11296.300000023564
11470.300000024197
6693.000000006818
6121.100000004737
11326.100000023673
10800.000000021759
8678.000000014039
5332.300000001867
11116.200000022909
2465.2999999988533
11095.200000022833
11267.300000023459
10800.000000021759
11331.400000023692
5012.000000000702
11350.400000023761
10097.000000019201
8360.400000012884
2121.0999999991664
11124.200000022938
11302.100000023585
4331.099999998225
10800.000000021759
11303.40000002359
7841.000000010994
11132.200000022967
3444.199999997963
11158.000000023061
11253.000000023407
4208.299999997778
10800.000000021759
4025.3999999974344
11077.200000022767
9794.000000018099
2179.2999999991134
10800.000000021759
2538.099999998787
4972.000000000557
6768.100000007091
5397.2000000021035
7558.000000009964
7009.300000007968
9439.000000016807
7850.400000011028
3981.2999999974745
10800.000000021759
10800.000000021759
5266.300000001627
11390.300000023906
11379.400000023867
6794.200000007186
4515.099999998894
4870.0000000001855
10800.000000021759
7313.200000009074
4024.3999999974353
10800.000000021759
2296.099999999007
7621.200000010194
5469.000000002365
4231.299999997862
7188.000000008618
10800.000000021759
5045.100000000823
6545.000000006279
4428.399999998579
11295.400000023561
11121.200000022927
11354.100000023775
5539.30000000262
10540.100000020813
7142.300000008452
6340.000000005533
10800.000000021759
10800.000000021759
10800.000000021759
11057.100000022694
5195.000000001368
3095.0999999982805
10800.000000021759
10800.000000021759
11294.300000023557
2720.0999999986216
10800.000000021759
8482.000000013326
9034.000000015334
5294.200000001729
6421.000000005828
10436.000000020435
10396.20000002029
10800.000000021759
