5323.15000000508
6811.600000010387
4303.200000004803
2153.6999999991367
1398.1749999995186
8138.925000012283
1601.0999999996393
4055.4000000046126
1607.1499999996338
1527.924999999706
1946.4249999993253
8549.425000014167
3011.125000002439
3709.9750000024824
7146.350000011506
6815.900000009925
6237.625000009319
1524.1499999994385
2377.449999999179
4059.9500000001954
2983.925000001825
2589.5999999993633
1736.8749999994902
6519.425000010224
2176.4749999992837
3117.9749999993883
5409.15000000538
1754.1499999995
3204.9250000028023
4263.675000000311
6382.9250000057355
2871.8499999984833
5757.125000008113
4027.8750000018795
5907.200000005443
1888.424999999378
9496.350000017017
3271.9000000009696
2202.7499999990923
4121.875000000384
3760.6000000052377
1260.9249999998776
6717.900000010571
7673.350000010891
2886.3500000027298
5248.050000007937
3606.8750000043233
3177.95000000153
2019.424999999259
4301.175000004805
3251.7000000027056
4180.975000005306
3181.1500000003157
2346.4999999989614
3590.4500000039507
3339.7499999984366
5831.975000004826
2378.1749999989247
1947.4999999993242
4232.650000000518
5127.600000007309
8712.675000017236
1244.2749999999342
1328.1499999997768
5305.125000008978
2870.3749999998536
3269.8000000021675
3382.375000001663
1601.8999999996386
4220.425000004879
3805.125000005599
2469.875000000997
5035.950000004524
8786.925000014435
8278.625000015621
3500.5000000032373
4412.850000004704
4497.150000004626
5998.42500000918
8795.400000014466
2452.4249999987537
2714.4249999988597
2871.9249999992167
4441.650000004561
3630.40000000135
3416.9750000009003
3375.9000000024344
5429.450000005917
3269.125000003064
2926.224999998605
4742.700000003171
6121.90000001077
2470.949999998848
2557.999999999138
1618.8749999994475
5913.125000009564
4173.4000000052565
4255.150000002708
4523.450000004603
2549.150000002051
4598.675000004508
4326.700000004782
1961.6499999992884
1783.6499999995385
5746.600000005684
5179.1750000050915
4696.450000004516
6516.675000011275
9440.925000016814
1474.6999999997058
2168.2249999991236
4750.650000006088
4888.475000005032
1526.3749999996758
4206.700000004891
4664.675000004474
3826.200000004447
4471.675000005434
4396.200000004718
7007.125000008025
4986.400000006114
4317.925000005315
4459.625000005068
4460.950000004635
3551.8500000009035
5327.400000007724
4794.625000004356
4463.150000005027
2579.17500000086
2203.399999999154
2495.425000000256
4706.675000004889
2949.899999999039
3287.174999999651
3679.3000000053707
1868.6749999992762
2053.9249999992276
4771.475000005308
3320.100000003999
3735.350000004849
6570.150000007605
2177.2749999991156
5793.875000006617
3596.9000000054457
5245.925000007425
6277.875000011095
5817.200000007749
3248.2499999993975
2071.224999999212
4961.925000005021
3494.425000001735
3813.9750000033873
6167.150000010706
4446.425000003413
3329.199999999851
2841.449999998511
3715.6000000046365
6439.625000010931
5151.87500000649
6355.875000009066
4405.425000000609
2187.174999999106
5707.625000006425
5626.400000006465
3878.7000000051894
6745.625000010876
6601.375000010335
2456.249999999077
2932.1999999997183
2633.674999999679
1947.4249999993244
6741.425000010223
4420.424999999404
3551.3750000019236
1486.9749999997416
2857.125000000429
2049.124999999238
5456.125000008003
5053.475000004121
1706.3749999995052
2775.6750000013476
4567.075000004506
2962.1750000011048
1844.0999999994183
3877.125000005191
1758.6499999993491
7854.6250000139335
2974.3500000001673
1358.1249999998358
4659.675000005484
1994.1999999992481
2841.949999999572
2685.0999999994015
2105.3749999991805
1494.8749999996471
2239.4999999990587
4018.650000002428
6933.925000009928
4909.950000003924
5705.375000009066
4905.400000004656
1379.1749999997219
4372.600000004889
2914.224999998445
2261.199999999408
2869.450000001294
6863.400000009751
1910.7249999993262
2136.6249999992797
3432.6750000003944
4354.675000000227
4611.925000004695
3491.9000000016426
7047.600000011549
2297.2249999995897
7096.625000011267
1948.1999999993236
1264.8499999998312
4960.450000005321
1768.174999999409
2868.625000001177
4239.400000005235
3056.3750000014034
3958.325000002619
4820.225000005095
3104.3500000006493
1596.2249999996436
1480.9249999997485
2845.199999998508
3244.1749999996628
3703.875000005597
2170.3750000005602
1872.1499999993925
2662.1499999986745
3046.2250000001895
5173.975000004681
1854.6749999993508
2572.7249999989963
3727.175000005316
3185.4500000012354
4583.150000000389
1598.3999999996418
4728.100000005267
1521.1249999997121
5404.375000004935
4283.975000004092
5681.17500000574
2355.424999998969
2198.399999999096
3003.4249999984713
8610.400000014048
4047.150000005036
4475.175000004647
2607.9749999987234
5179.125000006087
7504.375000012453
3220.7000000023754
4846.925000004752
4554.55000000273
2109.924999999964
7148.650000010867
7371.625000011063
3127.6249999993674
4361.575000006211
2939.175000000751
3765.450000002581
1586.3499999996168
3452.47499999912
1630.4499999996128
2865.9749999994565
1680.6999999994323
1670.4499999995442
2516.974999998856
6610.175000006677
5656.400000004964
3611.150000000547
4434.87500000185
7607.175000013295
1538.9499999995446
3921.924999998979
3195.974999999421
2221.9249999990743
1888.6749999992953
2421.699999998893
2605.8999999987254
3990.4750000024633
1799.6749999994586
1627.4499999995328
1870.6499999993941
3728.425000005304
1680.8999999994533
5049.925000005607
3214.675000000034
5596.625000003574
5737.375000006417
3074.700000000234
2073.4499999994346
2219.97499999899
5255.425000004733
3705.450000001825
3762.425000005598
5404.900000006059
4544.925000005096
2311.924999998993
3538.6000000054655
4336.900000005013
2232.249999999065
3369.22500000103
2527.5749999999744
2541.374999998883
3725.900000000931
2693.9999999992206
4924.150000003062
4089.125000005789
2151.4999999991387
4420.650000004696
3281.9500000008993
3230.9499999987747
3410.150000003488
4208.375000005385
2900.3750000031628
1947.8749999992822
2614.4499999995783
4327.9250000046795
3959.8750000050995
2414.7249999992227
7241.575000011236
1216.8749999999545
3242.875000000488
4292.150000005088
5175.425000004661
1878.6749999993053
3853.4000000018063
1608.9749999995508
1758.6749999994959
2629.449999998704
4915.400000005126
3749.625000003065
5455.150000005515
3157.650000000537
4224.975000005294
5318.475000004744
2579.12499999875
8165.1250000133105
3565.675000002092
5567.925000004397
3201.6500000005326
4440.400000005326
1705.949999999544
2494.9499999988266
1656.1499999994717
2809.9000000026463
1897.8999999993694
2359.174999998999
3152.6500000033034
5085.450000004779
4828.175000002691
3792.899999999225
3137.4000000000533
4657.425000004481
2144.674999999145
1467.1249999996398
4105.9500000053595
4505.900000004724
3624.200000001573
3275.1000000031045
2481.6749999988388
2191.974999999102
3831.650000005656
3764.1250000052223
3768.475000000034
3696.425000005679
5188.175000005606
4807.5750000044445
4422.175000005545
6451.575000009976
5214.175000006593
1732.8999999999369
3712.9999999992688
3928.1000000051445
2468.9499999988498
1395.1249999997112
5519.925000006245
5073.650000003427
2791.6999999985565
4511.650000004063
6007.900000007061
5334.150000004533
2856.6999999984973
4639.625000004716
1595.4499999994816
3758.725000002537
1518.8749999996185
3107.674999999896
4315.425000004792
6305.200000010983
2164.1750000003785
3610.399999998727
3797.675000005586
6269.625000007366
6892.425000010643
7096.65000001141
3139.475000000143
3937.150000003868
8017.125000011635
2753.900000002168
2369.64999999894
2936.9749999984247
3376.1750000013635
5224.900000003546
1182.8999999999191
5431.175000004116
5280.125000004369
4558.4750000015565
4601.15000000462
4398.125000005205
1518.9999999996935
1868.924999999368
3987.550000005076
4788.4000000026535
7000.200000010333
5683.600000009601
1981.8999999992493
2169.874999999107
1307.1749999997787
2161.9499999991294
2939.9749999984215
4701.850000005766
4716.550000005165
4902.900000005436
5142.450000006856
2807.775000000257
3765.325000005235
4603.6750000045295
3305.4000000026685
4109.8750000024775
5710.650000004553
2132.6499999990874
2552.425000000948
4330.175000005346
3319.2000000024327
2857.9749999985906
1029.6500000000483
3486.9250000029297
2287.6749999998856
2770.899999999865
2283.69999999896
6394.475000008572
2277.2249999994115
2656.2000000012745
4046.9000000057695
1927.1499999993428
5498.700000005023
1132.8499999999572
2500.4249999993112
2445.949999998871
1909.9499999993584
4760.150000001877
3186.19999999936
4758.2250000045715
5473.350000009323
5011.65000000689
5261.7250000046315
2042.0999999992382
1662.8249999995228
1744.4249999993976
4226.225000005354
4793.925000006642
4465.475000004656
2424.3999999988905
4176.950000000994
2240.149999999887
6736.600000008362
3684.4750000020595
3369.900000003965
2054.89999999912
6733.925000010946
2237.724999999028
6463.650000010855
2384.6750000003235
3221.4499999987406
5260.375000007831
2280.9249999990025
3731.650000005864
4337.45000000548
1731.6999999994732
2201.899999999093
2477.9249999999265
2739.3749999985916
2278.4499999989316
3985.2000000041476
1495.1999999997356
2904.1250000008768
2992.9499999994946
4598.950000004199
1382.149999999678
4252.925000005576
3039.9250000020584
4153.425000005427
2992.999999998374
7178.600000011798
4008.249999999745
3834.450000005604
2007.4249999992448
2680.149999998658
3734.200000005748
4499.650000005069
3251.949999999052
2142.6250000004275
2312.649999998992
2388.6749999989233
5052.950000005393
2812.449999999296
4863.450000005216
3255.400000002789
3223.700000000493
1886.8999999992266
5593.20000000449
6530.125000010967
2850.925000002064
1939.6249999997087
6452.650000007765
4306.625000005407
3861.875000004052
5953.950000007968
4212.450000004886
2228.7249999992027
6588.650000011217
3755.900000005301
3880.650000005904
6285.675000008787
3078.9249999982953
2763.1999999985824
5812.950000006467
2686.3999999994335
2375.1999999991917
4341.95000000527
1696.8999999994874
1805.6249999994534
2848.425000000142
3740.3750000002865
1499.199999999732
7076.675000010258
3973.6000000054273
3620.3250000010303
2256.8999999997404
2908.4500000004073
4018.7250000013523
2959.625000001808
2903.4249999998947
3097.124999998431
1803.1999999994555
4381.650000005373
3129.2250000000586
5397.450000002104
1913.1749999992264
4185.175000005476
2336.92499999897
1946.8999999993512
3137.94999999827
5982.125000009732
1804.5499999994317
1354.6999999998143
1579.4499999995019
2380.92499999893
4443.375000004599
6872.925000008747
2285.7249999990167
1981.674999999293
2316.974999999033
7136.075000012117
3898.225000002625
3239.9000000029846
5916.950000007989
2197.9749999990963
2620.900000000052
4144.925000005274
6655.100000008008
3316.125000001388
4123.000000002541
3009.1750000005354
2829.424999999312
3771.6500000055594
4274.850000004486
2526.1499999987977
1571.1749999996127
1954.6749999992282
7352.175000011579
1906.2249999993198
2728.6749999985886
4726.625000001987
3844.575000005172
4274.475000005637
3652.600000000728
3020.974999999658
3809.6750000058937
2756.1999999985883
2161.1499999990333
4319.625000004788
2291.424999998937
3496.425000001157
2171.124999999089
1827.1999999993493
2152.449999999138
3331.6750000018837
1596.6249999995534
4250.950000005046
2129.6499999991083
4668.675000004471
2398.124999999517
5012.1250000049995
2040.5999999997734
2376.6499999996404
4013.22500000073
1467.8499999995192
4481.900000003854
3411.4500000018306
3732.92500000199
5379.950000003323
3960.1000000055187
3556.6500000000806
6343.625000010945
1612.6999999996287
6286.400000010621
4102.424999999542
6218.125000006885
4501.200000005498
5205.625000006197
2703.1999999987574
5987.625000007306
4178.675000004555
2448.450000000683
2146.1749999990725
2955.175000000413
4299.150000002503
2437.7250000002623
2734.3999999990374
4227.4000000039505
7575.175000010916
6425.350000011093
1965.6749999992815
4894.900000004289
8023.125000011656
4342.750000004882
4665.175000005969
9214.82500001605
2606.9000000008873
4334.600000004768
2312.4249999989925
3708.9500000020303
1551.9749999996839
3661.0750000015023
3130.649999998248
1372.649999999847
4541.125000004587
2192.92500000061
2224.3999999990046
6406.175000010933
3444.9000000032147
5387.575000008188
2813.425000002374
5694.650000006364
4531.700000005169
2430.2000000003563
7247.925000010307
3999.875000005079
1617.9499999995687
3929.4250000033253
3034.9249999994227
2066.149999999216
4018.3750000025884
3385.849999998919
3888.5500000024367
2848.2249999988303
2562.7249999987216
4216.2000000056505
1202.6999999998607
6184.175000011162
3789.65000000527
1180.3499999998917
3239.9500000006074
2034.4999999991117
4695.950000005332
3412.9750000014305
5279.425000005776
3285.599999999626
4472.650000004649
2547.7249999987785
1510.949999999721
2849.424999998504
4089.1250000049977
2405.474999999068
2602.724999998728
4808.425000002038
6766.900000008463
3286.175000000317
3584.4500000012463
6782.075000011345
5437.15000000512
2749.424999998595
4873.650000002302
2248.6999999993814
2768.1999999997033
4972.650000004216
6940.100000011058
1803.749999999455
5709.65000000857
2331.89999999914
2392.6500000008896
3122.100000001827
5876.9250000099555
4019.6250000034643
2826.974999998993
1706.649999999436
9233.30000001606
3089.675000001652
6327.125000011005
3436.575000001577
5384.400000006246
6696.9000000110345
1974.449999999409
1582.6499999996558
4505.67500000522
2444.6499999988523
2181.974999999109
3641.149999999852
2124.199999999087
2503.124999998955
4203.450000004461
1904.674999999363
3869.3750000051978
2449.224999998868
4555.950000005246
2813.7249999992864
3414.3499999999353
5653.375000006885
2683.425000000185
4902.375000004258
2790.6499999991374
4004.6500000057804
3549.650000005847
7005.12500001067
6282.375000011731
4392.4750000047225
1577.92499999955
3871.100000000819
5736.125000006883
2646.900000000086
4643.425000004494
6006.150000010385
4352.450000002702
2542.1250000013792
7424.850000011894
2519.4499999987775
3392.400000005066
2753.449999998521
2630.724999998703
4294.4000000011165
4234.875000004615
5312.875000006434
4025.9000000050555
1667.6499999995785
5441.850000006043
1794.3499999994297
5056.200000004615
1871.949999999393
4692.22500000445
5193.900000005572
2797.4249999986423
2286.9249999990157
1567.3749999996635
4437.450000004681
3775.8750000056466
2313.2499999989896
5088.925000005973
4739.300000006762
4169.90000000543
5301.900000005715
5730.875000006649
4453.425000005529
5737.400000008713
2064.6499999992175
2698.400000000912
2170.1249999993724
2515.1000000010995
3920.125000004115
5443.90000000611
1921.1999999992559
6021.150000009522
5300.450000006575
7296.600000012637
1861.6749999993683
6571.37500000869
3101.900000000097
5283.125000005855
3059.3750000006753
3664.900000002028
6783.900000007148
4176.150000004048
3957.925000003541
4196.9500000049
4587.925000005267
5099.400000006338
1588.9249999995648
7446.950000009754
3805.675000005553
2562.1499999987655
6922.3500000096265
3692.4000000056217
2022.499999999256
5060.375000004808
4434.900000005373
4013.4250000036864
5540.650000004518
2962.6750000022016
4826.925000004796
1619.6999999996224
3584.1750000027073
2395.199999998917
5525.075000008757
2828.9000000034594
3431.174999999678
4841.9250000052525
1736.1749999994393
1801.6999999994568
5233.175000005167
7916.625000012297
1552.4249999996714
7007.875000008218
5680.150000004372
1741.6749999994447
6226.850000008978
9168.325000015822
3656.375000005734
3839.4250000056363
2716.199999998625
2892.4749999985534
4070.175000002032
4384.60000000237
5113.425000007584
3372.3000000017573
4073.4500000053295
1572.1499999995153
2909.4999999984493
1031.400000000035
2971.749999998393
1509.6499999996854
2833.200000000942
3972.9749999997334
4113.975000001123
3939.150000005884
5893.075000006751
1665.1749999993817
4932.375000007409
5283.9000000044925
3911.950000005159
2405.6500000003116
4677.975000003955
1759.924999999443
2434.674999998881
4036.2250000037275
1369.8999999998025
2425.874999998889
2996.9250000026677
4889.575000003179
6162.175000008966
7623.125000012729
2639.974999999522
3199.4999999987904
4250.8000000052225
7368.925000011003
3986.1500000054066
3882.224999999648
3562.975000000891
6817.300000008074
3152.3500000028907
8877.625000016928
2730.2249999992605
4553.42500000118
4020.8250000049566
2563.4250000014827
3391.3750000005803
3622.575000004472
2947.6750000012357
2278.699999999023
1788.2249999994692
3277.6249999983693
4039.650000001954
6885.100000010516
2279.1999999990226
5755.575000004947
2853.2249999986248
1654.4749999995906
5360.175000006315
2199.1499999999287
6063.425000008254
4432.875000005088
2243.6499999990547
4870.850000005715
3510.8750000027285
3312.8750000001637
2996.9499999985824
2148.9250000003635
1985.1750000000397
3011.149999998357
3095.2250000002846
4417.925000002359
6864.925000010638
2244.1249999990546
5317.175000007398
6022.15000000622
2821.4250000014817
3239.9500000005078
6852.350000011229
4850.175000004306
4170.400000002512
2632.5000000002365
5190.125000005886
1738.9749999995138
4326.400000005235
4127.350000005563
3937.2000000050975
6698.125000008955
2409.6749999998783
3736.625000006028
5389.675000006363
3693.6500000025712
1642.6249999995748
4959.6250000070895
4885.175000004987
2939.2499999986894
4390.625000004724
4749.6500000049855
4069.650000001652
5309.9500000050875
2132.724999999156
5638.1250000081445
6483.925000011297
2929.399999998612
4566.225000004564
2481.4749999988394
4875.17500000529
3458.1500000044057
1623.9499999996185
4702.17500000444
1793.9499999994637
2762.9499999995787
3744.150000001672
3135.1749999997355
3491.625000002074
5119.175000002636
3858.175000003661
4467.650000002908
2863.174999998492
5933.125000010236
3829.925000005234
3742.699999999872
4736.875000005197
7292.650000010432
5082.950000003786
2835.7499999989927
2422.0999999997266
5063.475000004682
3339.375000001738
2826.2499999985516
4692.70000000441
1695.42499999948
5204.175000004338
2468.9000000004107
2412.124999999008
4491.2000000027965
4038.425000005009
3203.7499999993684
3565.4000000007054
3001.174999998852
4187.925000005605
6734.2000000069675
5432.575000008815
2664.6750000004113
5265.175000004381
2637.17500000223
4349.850000000109
6178.175000009356
5151.725000005044
5674.625000005852
6161.9250000059465
2758.649999999836
2185.8749999991073
4397.200000004833
4886.625000006021
4682.700000005141
1727.9499999994462
4787.650000004363
3854.45000000252
3315.375000003694
3186.899999999899
5111.100000002398
5397.475000003795
4539.175000005145
4645.400000006243
