11271.100000023473
10903.100000022134
10902.10000002213
3616.0999999978067
2551.299999998775
10907.100000022148
2576.2999999987524
10536.100000020799
2431.399999998884
2154.1999999991363
3216.0999999981705
10909.100000022156
7740.0000000106265
8284.000000012606
10913.10000002217
11236.200000023346
10915.100000022177
4022.399999997437
4355.099999998312
5892.000000003904
7241.200000008812
4644.099999999364
3411.199999997993
10800.000000021759
4367.199999998356
5204.100000001401
10909.100000022156
2046.1999999992345
8207.200000012326
6210.400000005062
10912.100000022167
3527.0999999978876
11621.200000024746
8097.400000011927
8524.40000001348
2786.3999999985613
11631.400000024783
6603.00000000649
3269.199999998122
6688.000000006799
10905.100000022141
1595.999999999644
11177.200000023131
11696.100000025019
8024.400000011661
10800.000000021759
9821.000000018197
7021.000000008011
3631.199999997793
10800.000000021759
8114.000000011987
11221.200000023291
5840.100000003715
2896.2999999984613
9600.200000017394
4380.199999998404
11158.200000023062
4021.199999997438
3066.099999998307
5807.100000003595
11267.100000023458
11554.200000024503
1776.19999999948
1910.299999999358
11513.100000024353
5438.200000002253
7805.100000010863
7301.0000000090295
2678.2999999986596
10910.10000002216
11129.200000022956
6112.400000004705
11177.200000023131
11430.100000024051
11520.40000002438
8857.300000014691
10914.100000022174
10800.000000021759
10910.10000002216
11555.400000024507
3985.199999997471
4396.199999998462
4600.199999999204
10919.100000022192
7331.50000000914
6764.100000007076
8092.1000000119075
11236.000000023345
8596.100000013741
4316.499999998172
9719.100000017826
10912.100000022167
3487.099999997924
4535.599999998969
4071.2999999973927
10910.10000002216
11200.200000023215
7896.100000011194
10800.000000021759
7137.300000008434
10908.100000022152
10800.000000021759
2693.199999998646
4260.599999997969
11580.100000024597
11224.200000023302
10905.100000022141
11654.300000024867
11520.40000002438
1920.199999999349
3584.0999999978358
11166.200000023091
10912.100000022167
2594.5999999987357
10911.100000022163
10800.000000021759
10105.00000001923
11233.000000023334
10907.100000022148
11182.20000002315
10800.000000021759
11411.300000023983
11163.20000002308
10800.000000021759
6478.200000006036
11470.200000024197
10914.100000022174
11152.20000002304
5980.200000004224
4151.09999999757
5462.000000002339
10800.000000021759
4749.399999999747
5515.300000002533
10800.000000021759
3201.299999998184
2786.0999999985615
11249.100000023393
9396.400000016652
10420.200000020377
10877.20000002204
3409.099999997995
9944.100000018645
10932.10000002224
11145.300000023015
11284.400000023521
11525.200000024397
5201.00000000139
3091.299999998284
10800.000000021759
6631.000000006592
9219.400000016009
10921.1000000222
9716.100000017816
5665.000000003078
3747.0999999976875
10183.000000019514
11246.200000023382
9358.100000016513
11463.100000024171
5720.100000003278
3907.099999997542
11467.200000024186
11595.300000024652
10800.000000021759
11448.200000024117
10906.100000022145
4329.2999999982185
5294.50000000173
5096.300000001009
2724.199999998618
10917.100000022185
5728.000000003307
6546.300000006284
2312.4999999989923
5848.0000000037435
4241.499999997899
11183.200000023153
10800.000000021759
3079.299999998295
6715.500000006899
10913.10000002217
6511.0000000061555
2580.099999998749
10913.10000002217
3659.1999999977675
11013.100000022534
5659.000000003056
2152.099999999138
10916.100000022181
3059.299999998313
5080.300000000951
4754.099999999764
3079.099999998295
2403.2999999989097
2772.0999999985743
6395.100000005734
10800.000000021759
9948.20000001866
10800.000000021759
11196.3000000232
2658.4999999986776
9742.400000017911
3412.099999997992
4477.299999998757
6670.100000006734
10800.000000021759
2622.1999999987106
4385.299999998422
6297.200000005378
5995.000000004278
10904.100000022137
7396.000000009375
11536.500000024438
4741.299999999717
10904.100000022137
3374.1999999980267
1795.3999999994626
11138.000000022988
3846.2999999975973
6700.200000006844
11200.200000023215
6909.200000007604
8637.30000001389
11562.400000024532
6187.000000004977
2164.0999999991272
2539.399999998786
3707.199999997724
5542.100000002631
11151.200000023036
5480.5000000024065
3206.1999999981795
4063.1999999974
5174.100000001292
11250.200000023397
4129.399999997491
4308.099999998141
10800.000000021759
6863.500000007438
5895.100000003915
2763.0999999985825
11545.20000002447
2081.0999999992027
10800.000000021759
10216.200000019635
11167.200000023095
4242.299999997902
2834.199999998518
4237.4999999978845
11503.200000024317
10908.100000022152
10800.000000021759
3524.0999999978903
11330.200000023688
11158.300000023062
7946.400000011377
10800.000000021759
8823.100000014567
4859.600000000148
11503.100000024317
11268.100000023462
5191.100000001354
11114.200000022902
6252.100000005214
8519.10000001346
2876.2999999984795
5223.10000000147
2021.0999999992573
5057.500000000868
2562.499999998765
2765.2999999985805
4140.09999999753
11179.200000023138
11190.200000023178
6503.000000006126
7386.000000009339
11208.300000023244
2447.3999999988696
5372.000000002012
5180.000000001313
3065.3999999983075
3190.399999998194
3591.0999999978294
4025.2999999974345
7182.300000008598
2257.1999999990426
3216.49999999817
2873.0999999984824
10901.100000022127
3382.0999999980195
11193.20000002319
5811.20000000361
8436.000000013159
11522.200000024386
5876.100000003846
4410.299999998513
3991.3999999974653
11594.100000024648
6535.2000000062435
11187.200000023167
10905.100000022141
10800.000000021759
3762.2999999976737
10800.000000021759
11159.200000023066
2885.1999999984714
6734.000000006967
5132.000000001139
4260.499999997968
6997.0000000079235
4625.299999999295
7974.400000011479
11604.000000024684
2958.199999998405
10800.000000021759
6607.200000006505
4705.299999999586
9084.100000015516
11273.20000002348
8409.200000013061
2850.0999999985033
4947.000000000466
10800.000000021759
10909.100000022156
4405.099999998494
11710.40000002507
1577.199999999661
5468.000000002361
11166.00000002309
11431.100000024055
3952.299999997501
6976.1000000078475
2260.3999999990397
2539.399999998786
3446.0999999979613
11725.500000025126
8858.200000014695
10903.100000022134
6327.200000005487
11198.200000023207
10910.10000002216
4127.299999997484
10910.10000002216
7379.100000009314
10800.000000021759
6281.100000005319
11472.300000024205
2993.399999998373
3514.1999999978993
3917.3999999975326
7932.100000011325
2806.299999998543
4289.699999998074
8619.200000013825
11519.200000024375
7564.300000009987
5581.1000000027725
5732.100000003322
10924.10000002221
4046.2999999974154
2470.199999998849
11152.30000002304
10911.100000022163
7472.300000009653
8512.200000013436
3755.19999999768
3666.299999997761
11289.200000023538
10909.100000022156
6177.00000000494
11161.200000023073
11268.200000023462
9761.40000001798
11670.100000024924
10886.200000022072
11230.200000023324
4740.399999999714
4890.300000000259
10800.000000021759
3465.299999997944
2615.299999998717
10912.100000022167
7826.000000010939
3786.4999999976517
10432.00000002042
9950.100000018667
8015.300000011628
3262.3999999981284
11194.200000023193
3456.499999997952
8494.10000001337
2493.099999998828
5604.100000002856
10800.000000021759
11185.20000002316
5489.200000002438
5014.10000000071
11159.200000023066
11241.200000023364
11472.400000024205
11520.200000024379
5871.1000000038275
8033.100000011693
11535.400000024434
7320.000000009099
3074.2999999982994
3754.199999997681
7067.200000008179
8598.100000013748
1629.0999999996138
10915.100000022177
11317.30000002364
7872.2000000111075
10800.000000021759
11286.100000023527
2862.0999999984924
3079.199999998295
10800.000000021759
8956.00000001505
11161.300000023073
11236.200000023346
3909.29999999754
4123.299999997469
2451.099999998866
2707.299999998633
4077.0999999973874
11210.200000023251
8723.000000014203
8289.000000012624
11305.100000023596
5711.100000003245
10901.100000022127
10911.100000022163
8187.200000012253
7795.400000010828
10913.10000002217
4033.1999999974273
6073.200000004563
10800.000000021759
7928.0000000113105
4238.299999997887
1448.2999999997783
8602.200000013763
4914.000000000346
5278.200000001671
4226.199999997843
10923.100000022207
4489.299999998801
6405.200000005771
11518.200000024372
2903.199999998455
8977.100000015127
1498.099999999733
4660.199999999422
3312.099999998083
2598.2999999987323
6744.1000000070035
4791.4999999999
10800.000000021759
11224.200000023302
11413.20000002399
11464.400000024176
2981.199999998384
3062.0999999983105
3265.3999999981256
11268.200000023462
11485.200000024251
10918.100000022188
3079.4999999982947
7348.0000000092
4927.100000000393
10922.100000022203
7076.100000008211
9316.00000001636
3080.199999998294
11510.200000024342
3415.1999999979894
11174.20000002312
5436.100000002245
4713.199999999615
10800.000000021759
3276.199999998116
11353.300000023772
11517.400000024369
3176.4999999982065
4110.299999997422
5287.100000001703
3600.199999997821
3714.499999997717
10088.100000019169
2508.1999999988143
6267.2000000052685
5165.500000001261
10505.000000020686
2764.499999998581
11493.400000024281
7478.100000009674
11299.100000023574
3601.19999999782
10907.100000022148
5143.30000000118
11389.400000023903
3003.099999998364
3964.29999999749
11458.400000024154
11224.200000023302
4835.300000000059
5314.000000001801
3194.1999999981904
3583.0999999978367
11162.300000023077
4816.19999999999
11435.10000002407
8261.300000012523
6212.200000005068
3750.3999999976845
10800.000000021759
11430.100000024051
7310.200000009063
4632.19999999932
11542.100000024458
11453.300000024135
9786.00000001807
11204.20000002323
10800.000000021759
4344.199999998273
11641.40000002482
10926.100000022218
11534.40000002443
11239.200000023357
3866.199999997579
4147.5999999975575
9508.100000017059
4808.299999999961
4404.099999998491
11336.000000023709
3007.49999999836
2903.299999998455
5612.100000002885
5462.30000000234
1951.4999999993206
11149.20000002303
11156.200000023055
6892.200000007542
4945.100000000459
6018.100000004362
6559.200000006331
7200.100000008662
5341.100000001899
4306.199999998134
3005.1999999983623
10917.100000022185
5744.200000003366
6388.000000005708
4132.199999997501
11350.10000002376
3271.1999999981203
4202.199999997756
4121.099999997461
11182.20000002315
3031.1999999983386
1947.4999999993242
2586.1999999987434
2984.1999999983814
10912.100000022167
11597.200000024659
3203.299999998182
3393.0999999980095
4269.299999998
11581.1000000246
8560.00000001361
8531.100000013505
10907.100000022148
3385.1999999980167
5356.300000001955
11108.00000002288
11203.200000023226
7062.10000000816
8692.00000001409
5615.400000002897
4898.200000000288
11164.200000023084
7449.200000009569
4064.199999997399
2734.4999999986085
3508.2999999979047
10909.100000022156
3934.2999999975173
3817.2999999976237
6114.200000004712
10800.000000021759
11582.200000024604
6857.200000007415
5327.300000001849
11520.60000002438
3516.0999999978976
3802.2999999976373
10908.100000022152
3560.1999999978575
7018.500000008002
2965.0999999983987
3236.299999998152
3677.499999997751
6751.000000007029
2199.0999999990954
11150.200000023033
3492.0999999979194
10800.000000021759
4681.299999999499
11236.200000023346
4655.2999999994045
4852.00000000012
7039.200000008077
2886.4999999984702
9440.000000016811
7574.100000010023
7869.000000011096
10395.200000020286
11234.200000023338
6049.000000004475
11154.200000023047
2222.2999999990743
10923.100000022207
5874.100000003838
11438.10000002408
10916.100000022181
8875.100000014756
4258.29999999796
9542.000000017182
10584.100000020973
5795.400000003552
3933.0999999975184
5972.100000004195
8804.200000014498
5406.400000002137
4541.29999999899
10007.000000018874
10916.100000022181
11460.10000002416
2939.1999999984223
10800.000000021759
10905.100000022141
10907.100000022148
10733.200000021516
11313.300000023626
6084.200000004603
10915.100000022177
3911.1999999975383
6758.200000007055
2365.499999998944
6390.000000005715
4006.099999997452
1697.199999999552
10909.100000022156
5534.000000002601
3806.1999999976338
11185.20000002316
8716.000000014177
11595.000000024651
7535.2000000098815
11376.100000023855
10800.000000021759
5471.600000002374
10912.100000022167
10800.000000021759
2291.1999999990117
9368.10000001655
4840.200000000077
3541.199999997875
8712.100000014163
4749.499999999747
6706.100000006865
4382.099999998411
3740.199999997694
11565.400000024543
1868.2999999993963
11237.20000002335
10901.100000022127
1560.0999999996766
5760.400000003425
3997.19999999746
11645.000000024833
7169.10000000855
10910.10000002216
5552.100000002667
10942.100000022276
3969.2999999974854
2023.2999999992553
3615.0999999978076
10907.100000022148
4447.199999998647
4024.499999997435
7573.100000010019
11078.10000002277
6104.2000000046755
7177.100000008579
11569.300000024557
11187.200000023167
3284.4999999981083
7519.100000009823
4387.099999998429
5086.000000000971
10800.000000021759
10907.100000022148
2418.499999998896
11388.5000000239
4273.099999998014
5966.2000000041735
7276.200000008939
11199.200000023211
7021.100000008011
4623.499999999289
3199.199999998186
11552.200000024495
7182.200000008597
11215.20000002327
7269.000000008913
10909.100000022156
11608.3000000247
4274.299999998018
1996.19999999928
10800.000000021759
3656.0999999977703
3429.0999999979767
5964.200000004166
3295.2999999980984
4343.199999998269
10492.100000020639
2626.099999998707
10906.100000022145
3674.2999999977537
11517.100000024368
4882.20000000023
5334.000000001874
11554.400000024503
5544.200000002638
10800.000000021759
4669.399999999456
11571.400000024565
11351.400000023765
11480.400000024234
11564.30000002454
10800.000000021759
2713.2999999986278
5760.100000003424
11566.200000024546
5517.20000000254
10916.100000022181
10927.300000022222
7947.20000001138
6524.300000006204
10916.100000022181
4020.099999997439
10360.000000020158
4226.299999997844
3800.0999999976393
6531.200000006229
10767.100000021639
9214.10000001599
10908.100000022152
2300.0999999990036
11355.000000023778
2795.0999999985534
11269.100000023465
2553.399999998773
10923.100000022207
10800.000000021759
4176.099999997661
2800.4999999985484
2273.199999999028
10904.100000022137
11143.200000023007
3493.1999999979184
11498.5000000243
10907.100000022148
11343.100000023735
11562.200000024532
11215.20000002327
11599.200000024666
11610.000000024706
2843.2999999985095
6143.400000004818
4365.299999998349
6241.100000005174
9888.000000018441
10914.100000022174
2711.0999999986298
10800.000000021759
11520.30000002438
11271.100000023473
3203.299999998182
10903.100000022134
5789.20000000353
10910.10000002216
6229.400000005131
6098.200000004654
11643.200000024826
10153.200000019406
9471.100000016924
10800.000000021759
11504.20000002432
9738.000000017895
2212.1999999990835
10916.100000022181
11213.200000023262
4046.1999999974155
11541.400000024456
11186.200000023164
3192.299999998192
11017.30000002255
11494.400000024285
9694.100000017736
7268.000000008909
7450.0000000095715
11256.200000023418
2226.1999999990708
8430.200000013137
3234.199999998154
11487.200000024259
8624.200000013843
5228.200000001489
11704.300000025049
2273.199999999028
2305.099999998999
11206.300000023237
11181.200000023146
1986.4999999992888
11492.000000024276
10914.100000022174
2392.09999999892
10908.100000022152
11200.200000023215
11150.200000023033
11204.20000002323
4043.199999997418
4174.099999997654
6719.1000000069125
8840.100000014629
11245.200000023378
7539.100000009896
11134.200000022975
2742.1999999986015
3939.199999997513
1443.2999999997828
3923.2999999975273
2209.1999999990862
6442.100000005905
5406.200000002136
7411.00000000943
11550.200000024488
11254.200000023411
2908.2999999984504
11338.300000023717
10919.100000022192
10800.000000021759
5376.300000002027
10132.30000001933
2716.299999998625
3606.2999999978156
9640.000000017539
2080.4999999992033
4170.19999999764
8007.100000011598
7689.000000010441
10912.100000022167
11565.400000024543
4824.000000000018
4628.0999999993055
11161.200000023073
10231.000000019689
11182.20000002315
5941.100000004082
6141.20000000481
10800.000000021759
8286.100000012613
11447.400000024114
4689.3999999995285
7303.2000000090375
10800.000000021759
6616.400000006539
5872.2000000038315
10066.100000019089
6771.200000007102
3349.0999999980495
2561.299999998766
4386.1999999984255
8135.100000012064
11249.200000023393
3758.0999999976775
8519.200000013461
4266.199999997989
2773.299999998573
10800.000000021759
4936.100000000426
11147.200000023022
11190.200000023178
4138.499999997524
10906.100000022145
8341.000000012813
5960.100000004151
4283.09999999805
5268.200000001634
4892.300000000267
4160.399999997604
5905.300000003952
8669.200000014007
11063.100000022716
3024.199999998345
11535.200000024433
11672.400000024933
6693.000000006818
6197.200000005014
11541.400000024456
10800.000000021759
8782.100000014418
5500.300000002479
11213.200000023262
2555.2999999987715
11284.10000002352
11413.40000002399
10800.000000021759
11593.500000024645
5115.100000001077
11539.400000024449
10199.100000019573
8512.200000013436
2121.0999999991664
11259.20000002343
11507.300000024332
4442.199999998629
10800.000000021759
11475.000000024214
7949.100000011387
11266.100000023454
3518.2999999978956
11312.300000023622
11422.200000024022
4304.2999999981275
10800.000000021759
4191.499999997717
11157.200000023058
9948.40000001866
2248.2999999990507
10800.000000021759
2643.1999999986915
4972.000000000557
6852.200000007397
5474.300000002384
7558.000000009964
7209.2000000086955
9439.000000016807
8037.200000011708
4116.299999997444
10913.10000002217
10800.000000021759
5566.60000000272
11594.400000024649
11646.100000024837
6941.2000000077205
4625.199999999295
4981.10000000059
10921.1000000222
7394.2000000093685
4246.199999997916
10800.000000021759
2296.099999999007
7804.400000010861
5469.000000002365
4321.39999999819
7188.000000008618
10907.100000022148
5148.200000001198
6651.2000000066655
4580.299999999132
11536.100000024437
11228.300000023317
11628.000000024771
5672.200000003104
10777.200000021676
7357.100000009234
6340.000000005533
10925.100000022214
10905.100000022141
10800.000000021759
11153.200000023044
5195.000000001368
3095.0999999982805
10913.10000002217
10912.100000022167
11457.40000002415
2821.2999999985295
10905.100000022141
8615.10000001381
9034.000000015334
5416.200000002173
6437.100000005887
10436.000000020435
10468.200000020552
10907.100000022148
