15335.90000003826
12637.600000028444
11677.10000002495
4849.600000000111
4871.30000000019
12661.50000002853
4723.299999999652
11344.100000023738
5117.900000001087
5149.100000001201
5522.900000002561
12525.500000028036
7740.0000000106265
8284.000000012606
12400.30000002758
13967.00000003328
12210.30000002689
6182.30000000496
6445.700000005918
8378.100000012948
10239.300000019719
6755.400000007045
6167.000000004904
13906.000000033058
7262.000000008888
7280.100000008953
11667.300000024914
5038.300000000798
10699.600000021393
10345.200000020104
12173.700000026756
7093.000000008273
15713.200000039633
11531.200000024419
12317.300000027279
5351.200000001936
16650.500000038195
6603.00000000649
6035.300000004425
8665.700000013994
11813.100000025444
4212.599999997794
13234.800000030617
17643.300000023748
10471.400000020563
10800.000000021759
9821.000000018197
7021.000000008011
5040.500000000806
10800.000000021759
8114.000000011987
13205.40000003051
8053.9000000117685
6282.400000005324
11454.50000002414
6702.700000006853
13096.900000030115
7021.100000008011
5815.400000003625
8577.900000013675
13536.500000031714
15948.400000040489
4832.000000000047
4651.799999999392
15204.200000037781
6967.500000007816
8856.200000014687
7301.0000000090295
5368.800000002
11747.300000025205
13107.100000030152
8997.0000000152
13470.400000031474
15545.700000039024
15180.000000037693
12318.200000027282
11876.300000025674
10800.000000021759
11921.400000025838
17447.4000000266
5823.300000003654
7965.200000011446
5411.5000000021555
11612.300000024714
11604.600000024686
7750.500000010665
11633.20000002479
13384.800000031162
9508.30000001706
7997.0000000115615
14022.10000003348
12078.40000002641
7117.200000008361
7948.000000011383
6548.800000006293
14897.900000036667
13056.600000029968
11693.200000025008
10800.000000021759
9193.900000015916
12345.30000002738
10800.000000021759
5151.100000001208
6623.200000006564
16601.200000038913
13346.700000031024
12005.200000026143
15967.100000040557
17668.70000002338
5286.100000001699
5252.500000001577
13245.900000030657
12699.400000028669
5114.300000001074
11951.300000025947
10800.000000021759
10105.00000001923
13171.300000030385
11993.3000000261
14073.800000033669
10800.000000021759
14457.600000035065
13059.90000002998
10800.000000021759
9323.500000016387
14517.900000035284
12221.30000002693
13885.900000032985
7889.50000001117
5339.2000000018925
5607.100000002867
10800.000000021759
9378.000000016586
9345.100000016466
10800.000000021759
5145.7000000011885
5442.300000002268
13326.40000003095
12198.900000026848
12295.400000027199
13887.40000003299
5346.500000001919
11257.300000023422
11880.300000025689
12995.500000029746
14654.900000035783
15736.100000039716
8421.200000013105
6389.8000000057145
10800.000000021759
8247.300000012472
11798.30000002539
14510.000000035256
13323.400000030939
6741.300000006993
6500.3000000061165
10183.000000019514
14124.400000033853
13875.700000032948
15478.100000038778
9541.100000017179
7373.900000009295
15375.000000038403
15808.000000039978
10800.000000021759
14156.300000033969
12160.400000026708
6822.400000007288
9023.800000015297
9014.000000015261
4526.299999998935
13573.200000031848
9422.600000016748
8605.200000013774
4791.199999999899
6922.400000007652
7297.000000009015
13137.600000030263
10800.000000021759
5854.100000003766
9818.100000018187
11906.200000025783
9069.800000015464
5614.600000002894
11717.300000025096
4551.599999999027
16633.10000003845
7066.600000008177
4340.399999998259
11966.300000026002
6005.900000004318
8099.500000011934
6820.900000007283
5133.6000000011445
5214.90000000144
5691.700000003175
7664.500000010352
11801.200000025401
12514.400000027996
11391.600000023911
13569.200000031833
4968.000000000542
12602.000000028314
7985.400000011519
7528.000000009855
7896.300000011195
10849.400000021938
5776.100000003482
6068.500000004546
9145.50000001574
8018.300000011639
11903.400000025773
7396.000000009375
14962.2000000369
6780.000000007134
12024.400000026213
4871.900000000192
4593.899999999181
12905.600000029419
6299.9000000053875
9816.800000018182
13345.70000003102
10764.000000021628
11250.600000023398
16230.200000041514
7796.400000010832
5167.100000001266
4970.400000000551
7310.200000009063
6837.600000007344
12653.700000028502
8170.100000012191
5362.400000001977
7170.200000008554
8097.200000011926
14151.700000033952
6664.800000006715
6191.400000004993
10800.000000021759
9875.400000018395
9181.000000015869
5237.400000001522
15071.200000037297
5142.700000001178
10800.000000021759
13263.30000003072
13480.40000003151
5868.600000003818
6608.900000006512
6890.200000007535
17123.500000031312
11858.40000002561
10800.000000021759
6721.600000006922
14257.300000034336
13387.800000031173
10743.000000021551
10800.000000021759
10068.400000019097
7522.0000000098335
15581.200000039153
14441.800000035008
8283.000000012602
12470.800000027837
7169.400000008551
9139.300000015717
4593.59999999918
8035.1000000117
5213.500000001435
8796.900000014472
5318.000000001815
4945.900000000462
6274.500000005295
13577.900000031865
13276.700000030769
8140.500000012084
9145.60000001574
14897.200000036664
4775.799999999843
8967.400000015092
7979.500000011498
7118.800000008367
6116.200000004719
5144.6000000011845
7621.100000010194
9747.50000001793
5547.200000002649
5450.200000002296
4377.3999999983935
12211.600000026894
4740.7999999997155
13553.900000031777
9230.000000016047
11585.700000024617
15712.800000039631
8944.70000001501
6174.800000004932
6642.200000006633
15459.800000038711
8343.700000012823
12721.200000028748
12161.300000026711
10984.60000002243
6743.200000007
10800.000000021759
12895.600000029382
5967.000000004176
7361.60000000925
6195.200000005007
8063.700000011804
9599.20000001739
6803.900000007221
11320.00000002365
14909.000000036707
6974.10000000784
10800.000000021759
10148.200000019388
7692.400000010453
10295.400000019923
13444.60000003138
10173.80000001948
4870.0000000001855
6420.000000005824
10800.000000021759
11889.10000002572
6041.000000004446
16160.900000041262
4024.2999999974354
5845.400000003734
12756.800000028878
15135.900000037533
5410.00000000215
9029.100000015316
4877.200000000212
5734.2000000033295
6194.100000005003
16217.100000041466
11010.500000022525
12434.400000027705
8246.80000001247
13070.90000003002
12162.300000026715
6815.000000007261
14188.300000034085
8190.200000012264
10800.000000021759
7761.200000010704
14225.800000034222
4951.700000000483
6833.000000007327
5946.700000004103
8666.300000013996
5346.70000000192
7914.0000000112595
11291.900000023548
15486.000000038806
11782.600000025333
8407.300000013054
8574.700000013663
12004.20000002614
6871.1000000074655
4452.499999998667
13243.90000003065
12103.2000000265
11691.800000025003
10750.600000021579
6589.600000006441
5939.400000004076
13139.50000003027
11880.200000025688
7617.30000001018
13012.500000029808
14750.000000036129
13343.10000003101
15064.700000037274
15434.500000038619
14023.700000033487
6668.000000006727
8408.70000001306
10800.000000021759
5434.80000000224
4545.199999999004
12966.30000002964
9316.900000016363
7123.200000008383
14599.500000035581
11109.600000022885
12869.200000029286
7975.100000011482
14118.700000033832
5945.000000004096
9599.30000001739
4391.999999998447
8653.30000001395
10800.000000021759
13780.600000032602
6630.700000006591
7607.600000010145
12778.500000028956
14794.40000003629
15192.600000037739
16528.400000039972
6866.100000007447
11701.000000025037
17267.800000029212
7320.000000009099
6408.000000005781
8308.100000012693
9779.600000018047
10516.800000020728
4349.199999998291
11854.200000025594
14573.700000035487
10389.700000020266
10800.000000021759
14350.600000034676
4863.10000000016
5041.100000000808
10800.000000021759
8956.00000001505
14356.200000034696
13911.80000003308
5739.7000000033495
7001.100000007938
4420.49999999855
6276.400000005302
5606.300000002864
13743.500000032467
8723.000000014203
10600.900000021034
13845.300000032837
8996.600000015198
12118.300000026555
12052.500000026315
11218.20000002328
11389.300000023903
12233.400000026973
5843.300000003726
9066.10000001545
10800.000000021759
7928.0000000113105
8176.200000012213
3992.5999999974642
10805.70000002178
6207.300000005051
8904.300000014862
5534.400000002603
12887.600000029353
7221.40000000874
8052.8000000117645
14592.800000035557
5598.100000002834
11012.700000022533
4011.399999997447
5837.200000003704
5771.300000003464
4663.499999999434
10807.400000021786
7943.900000011368
10800.000000021759
13467.800000031464
15122.400000037484
15065.500000037277
6488.2000000060725
5379.500000002039
5037.500000000795
13393.500000031194
14318.90000003456
12465.700000027819
6411.300000005793
7348.0000000092
6055.300000004498
12369.600000027469
10184.000000019518
9316.00000001636
5565.300000002715
15632.90000003934
6760.400000007063
13176.800000030405
6712.300000006888
8298.90000001266
13054.000000029959
6801.100000007211
13712.600000032355
14814.000000036362
5824.300000003657
6913.50000000762
9226.100000016033
6829.300000007313
6664.800000006715
11548.600000024482
5242.100000001539
8955.500000015048
8442.10000001318
10505.000000020686
4993.900000000636
14419.700000034927
8495.400000013375
13677.500000032227
7814.300000010897
14523.800000035306
8813.400000014532
13745.900000032476
5236.80000000152
7799.200000010842
13931.20000003315
13448.800000031395
7170.500000008555
7046.300000008103
6385.9000000057
6662.300000006706
13740.600000032457
7159.700000008515
14218.300000034194
11991.700000026094
9603.600000017406
5340.3000000018965
10800.000000021759
16087.000000040993
8997.400000015201
7480.700000009683
15858.700000040162
14824.200000036399
9786.00000001807
13790.80000003264
10800.000000021759
5976.800000004212
16890.00000003471
12596.200000028293
14514.200000035271
13224.60000003058
8099.300000011934
7842.200000010998
12045.70000002629
7021.000000008011
6285.300000005334
14243.700000034287
5617.300000002904
5142.4000000011765
7787.6000000108
8385.100000012973
4446.599999998645
13665.100000032182
13181.500000030423
9724.700000017847
5682.400000003141
7134.200000008423
8399.300000013025
8102.300000011945
6166.800000004903
8133.300000012057
4654.699999999402
11760.000000025251
9231.100000016051
10392.600000020277
4819.500000000002
14173.500000034031
6850.800000007392
7185.100000008608
7092.600000008271
12910.800000029438
5378.000000002034
4617.799999999268
5292.600000001723
5314.000000001801
12035.200000026252
17583.800000024614
6096.900000004649
5410.300000002151
6415.100000005807
15510.100000038894
8560.00000001361
11697.600000025024
11970.300000026016
5147.200000001194
8376.200000012941
12801.900000029042
13709.800000032345
10824.800000021849
10978.000000022406
9531.400000017144
6399.300000005749
12990.600000029728
9910.900000018524
6294.000000005366
5210.3000000014235
5909.000000003965
14460.900000035077
6471.00000000601
6726.100000006938
9603.400000017406
10800.000000021759
14856.900000036518
11469.100000024193
8741.40000001427
14313.600000034541
6651.400000006666
6300.800000005391
11853.400000025591
5040.900000000807
11054.100000022683
5509.200000002511
6152.000000004849
6409.400000005786
6935.900000007701
5171.400000001282
13097.800000030118
7361.800000009251
10800.000000021759
6636.9000000066135
13547.700000031755
7235.700000008792
6005.400000004316
9777.500000018039
5241.200000001536
11631.500000024784
8855.500000014685
7914.900000011263
13551.000000031767
13256.300000030695
8796.30000001447
12962.800000029627
5625.800000002935
12038.200000026263
7577.300000010035
15196.300000037752
12041.200000026274
11508.400000024336
8383.100000012966
9542.000000017182
11734.200000025157
8615.900000013813
5270.2000000016415
7416.300000009449
11801.500000025402
8301.000000012667
7548.200000009929
10007.000000018874
15208.800000037798
15493.300000038833
5260.400000001606
10800.000000021759
12214.400000026904
12428.300000027682
14022.200000033481
14815.800000036368
7695.700000010465
12026.20000002622
7742.700000010636
8610.800000013794
5040.900000000807
8586.900000013708
6889.200000007531
5016.200000000717
12446.300000027748
5965.30000000417
6254.500000005222
13349.700000031035
8716.000000014177
15266.100000038006
10321.300000020017
14929.600000036782
10800.000000021759
8322.600000012746
11770.50000002529
10800.000000021759
5485.300000002424
10191.300000019544
6464.600000005987
5533.500000002599
11124.70000002294
8318.500000012731
8678.700000014042
6730.1000000069525
6332.9000000055075
14929.00000003678
4396.599999998463
14031.900000033516
11693.50000002501
4257.299999997957
8173.000000012202
7255.000000008862
15436.000000038624
9787.600000018076
12226.400000026948
7698.2000000104745
13265.200000030727
7565.400000009991
4852.00000000012
8239.000000012442
12009.500000026159
5574.200000002747
7443.500000009548
10566.80000002091
14329.400000034599
8350.600000012848
11422.400000024023
15289.10000003809
13865.10000003291
6992.400000007907
9688.100000017714
5717.300000003268
6137.400000004796
10800.000000021759
11828.4000000255
5250.300000001569
14349.10000003467
5934.000000004056
8720.100000014192
9485.300000016976
13280.400000030782
11276.600000023493
7941.800000011361
5329.500000001857
17997.70000001859
10725.90000002149
13664.50000003218
7269.000000008913
11914.400000025813
15707.10000003961
7214.100000008713
4542.899999998996
10800.000000021759
6730.1000000069525
6360.000000005606
8661.400000013979
5711.600000003247
5959.6000000041495
14006.300000033423
6116.200000004719
11741.200000025183
6495.8000000061
15267.700000038012
7130.3000000084085
9051.100000015396
15341.30000003828
7414.8000000094435
10800.000000021759
8311.000000012704
15086.000000037351
13790.000000032636
16171.200000041299
14536.800000035353
10800.000000021759
4812.399999999976
8578.300000013676
15553.900000039053
7545.400000009919
12684.500000028615
14557.70000003543
13315.900000030912
8074.700000011844
12225.400000026944
6064.500000004531
10360.000000020158
7225.200000008754
6709.600000006878
11630.800000024781
11471.400000024201
11068.900000022737
11947.300000025933
5124.600000001112
14048.300000033576
5236.300000001518
14953.60000003687
6237.200000005159
12084.500000026432
10800.000000021759
6917.500000007634
6116.40000000472
5032.000000000775
11893.400000025737
12851.800000029223
5836.600000003702
15326.700000038227
11890.000000025724
13578.500000031867
15747.300000039757
13603.700000031959
15827.100000040047
15377.800000038413
4689.999999999531
8918.200000014913
6629.600000006587
7967.6000000114545
9888.000000018441
12363.500000027447
6277.000000005304
14322.200000034572
15929.100000040418
15507.700000038885
6217.200000005087
12386.40000002753
9322.700000016384
12002.600000026134
9021.300000015288
9652.600000017585
17136.80000003112
13526.800000031679
13369.700000031107
10800.000000021759
15133.900000037525
9738.000000017895
5546.300000002646
15879.100000040236
13150.800000030311
7296.400000009013
16289.100000041728
12855.500000029237
6196.20000000501
14020.500000033475
14795.300000036294
10728.400000021498
12293.300000027191
7450.0000000095715
13892.60000003301
5069.20000000091
10131.800000019328
6162.900000004889
14830.20000003642
11115.000000022905
7599.200000010114
15998.700000040672
4673.499999999471
5722.700000003288
13805.300000032692
13758.10000003252
5608.100000002871
17702.400000022888
11789.200000025357
5164.900000001258
11987.300000026078
15259.400000037982
12990.600000029728
13166.200000030367
7560.700000009974
7480.5000000096825
8106.50000001196
10578.400000020953
13954.400000033234
10842.400000021913
12687.800000028627
5681.200000003137
7127.200000008397
3950.999999997502
6513.400000006164
4638.999999999345
9968.400000018733
8730.60000001423
9143.500000015732
14908.200000036704
14279.700000034418
5321.300000001827
13701.000000032313
12214.200000026904
10800.000000021759
7687.600000010436
13157.500000030335
5878.100000003853
5869.00000000382
9640.000000017539
4984.200000000601
6459.500000005968
9046.300000015379
8519.600000013463
11833.400000025518
16197.500000041395
5420.90000000219
5945.3000000040975
12833.000000029155
11298.700000023573
12891.600000029368
10317.000000020002
8358.800000012878
13817.700000032737
11174.20000002312
15007.300000037065
6723.000000006927
9885.400000018431
10800.000000021759
9718.800000017825
8384.900000012973
11239.400000023357
9893.900000018462
5140.400000001169
5734.100000003329
7128.700000008403
12121.200000026565
13894.400000033016
6332.800000005507
12329.300000027322
7373.000000009291
5752.100000003395
10800.000000021759
5740.500000003352
12997.000000029751
13912.400000033082
7188.200000008619
12213.3000000269
8341.000000012813
8917.50000001491
7712.300000010526
6962.600000007798
6343.900000005548
7536.500000009886
8182.600000012237
10158.800000019426
15221.200000037843
6149.50000000484
15985.700000040624
16574.5000000393
6693.000000006818
8149.900000012118
15112.100000037446
10800.000000021759
10392.300000020276
8603.200000013767
14162.00000003399
4752.799999999759
13737.700000032446
14064.400000033635
10800.000000021759
15854.500000040147
6550.8000000063
14412.800000034902
11054.400000022684
11800.200000025397
5347.000000001921
14225.000000034219
15453.90000003869
6660.8000000067
10800.000000021759
14768.300000036195
8962.200000015073
13166.600000030368
5815.900000003627
13777.600000032591
15563.700000039089
6616.000000006537
10800.000000021759
7158.10000000851
12987.500000029717
12665.000000028544
5174.700000001294
10800.000000021759
5613.700000002891
5925.900000004027
8352.800000012856
7444.800000009553
8510.100000013428
11717.700000025097
9439.000000016807
11474.200000024211
7259.100000008877
14157.100000033972
10800.000000021759
10165.30000001945
15221.200000037843
16217.500000041468
11270.900000023472
6272.200000005287
6075.30000000457
12274.400000027123
9318.100000016368
7821.700000010924
10800.000000021759
5330.700000001862
10873.800000022027
6417.100000005814
6274.9000000052965
8693.800000014096
11701.000000025037
7871.200000011104
9031.500000015325
7767.800000010728
14917.90000003674
14517.700000035284
15803.700000039962
8389.100000012988
15278.00000003805
10140.300000019359
9020.600000015285
15135.10000003753
12175.300000026762
11637.200000024804
13990.600000033366
6906.400000007594
6259.000000005239
11908.600000025792
11721.30000002511
14385.0000000348
4969.000000000546
12434.300000027704
9628.400000017496
9034.000000015334
8014.800000011626
8625.500000013848
10436.000000020435
12215.300000026908
11796.200000025383
