12802.600000029044
11504.400000024321
11239.300000023357
3616.0999999978067
3116.8999999982607
11494.400000024285
3497.2999999979147
10905.300000022142
3678.19999999775
3549.4999999978672
3653.5999999977726
11534.20000002443
7740.0000000106265
8284.000000012606
11600.10000002467
12463.60000002781
11582.100000024604
5049.100000000837
5351.500000001937
6813.200000007255
8620.900000013831
4644.099999999364
4731.499999999682
11945.700000025927
5737.600000003342
5955.300000004134
11296.100000023564
3159.9999999982215
9458.300000016878
7990.800000011539
11367.300000023823
4869.500000000184
13301.70000003086
9620.800000017469
10182.400000019512
4007.7999999974504
13670.600000032202
6603.00000000649
3834.399999997608
6688.000000006799
11312.300000023622
2807.0999999985424
12120.300000026562
13883.800000032978
9148.700000015751
10800.000000021759
9821.000000018197
7021.000000008011
4059.3999999974035
10800.000000021759
8114.000000011987
12138.400000026628
6257.3000000052325
4484.099999998782
10444.500000020465
5370.500000002006
12004.30000002614
4551.099999999025
3980.699999997475
6742.500000006998
12364.30000002745
13300.600000030856
3211.3999999981747
3182.7999999982007
13109.30000003016
6145.100000004824
8350.100000012846
7301.0000000090295
4054.599999997408
11324.300000023666
12045.100000026288
7467.700000009636
12216.20000002691
12857.600000029244
13146.600000030296
10483.400000020607
11375.300000023852
10800.000000021759
11366.300000023819
13928.60000003314
4358.199999998324
6017.6000000043605
4940.200000000441
11277.100000023494
9401.700000016672
7138.300000008438
9674.700000017665
12200.600000026854
9031.300000015324
6077.700000004579
11649.000000024847
11401.300000023946
4777.399999999849
6133.300000004781
5248.300000001562
11531.60000002442
12058.300000026336
9661.900000017618
10800.000000021759
8098.500000011931
11336.30000002371
10800.000000021759
3644.8999999977805
5403.600000002127
13750.700000032493
12152.400000026679
11405.20000002396
13648.500000032122
13771.80000003257
3313.6999999980817
3584.0999999978358
12116.300000026547
11639.100000024811
3780.699999997657
11422.000000024022
10800.000000021759
10105.00000001923
12215.400000026908
11460.10000002416
12185.400000026799
10800.000000021759
12622.000000028387
12040.300000026271
10800.000000021759
7547.600000009927
12966.50000002964
11541.400000024456
12545.100000028107
6821.500000007285
4151.09999999757
5462.000000002339
10800.000000021759
7122.9000000083815
7316.500000009086
10800.000000021759
4046.599999997415
3982.3999999974735
12142.400000026642
10756.800000021602
11328.400000023681
12211.400000026893
3685.899999997743
10581.100000020962
11369.10000002383
11971.600000026021
12605.600000028327
13353.90000003105
5822.40000000365
4711.299999999608
10800.000000021759
6631.000000006592
10466.500000020545
12566.600000028186
11381.300000023874
5665.000000003078
4943.300000000452
10183.000000019514
12399.600000027578
11451.300000024128
13009.900000029798
7155.4000000085
5574.5000000027485
13025.300000029854
13665.500000032183
10800.000000021759
12656.500000028513
11461.100000024164
5544.300000002639
7118.800000008367
7081.900000008232
3113.199999998264
11875.10000002567
6499.000000006112
7509.400000009788
3567.599999997851
5848.0000000037435
5722.000000003285
12143.200000026645
10800.000000021759
4410.499999998514
7939.600000011353
11369.30000002383
7675.300000010391
3595.5999999978253
11285.100000023524
4016.199999997443
13000.700000029765
5659.000000003056
2598.0999999987325
11361.3000000238
4334.699999998238
6347.40000000556
4754.099999999764
3447.7999999979597
3728.6999999977043
3880.9999999975657
6806.30000000723
10800.000000021759
11029.700000022594
10800.000000021759
12110.500000026526
3759.899999997676
11029.500000022594
5452.700000002305
5963.900000004165
7122.200000008379
10800.000000021759
3680.599999997748
5203.600000001399
7391.400000009358
5995.000000004278
11362.300000023804
7396.000000009375
13073.50000003003
5601.600000002847
11356.000000023781
3809.399999997631
3073.2999999983003
11942.000000025913
5034.200000000783
8131.40000001205
12158.2000000267
8762.600000014347
9749.300000017936
13680.300000032237
6187.000000004977
3599.399999997822
3436.39999999797
5455.500000002316
5993.100000004271
11876.600000025675
6814.800000007261
3611.199999997811
5344.800000001913
6472.000000006014
12475.600000027855
5367.600000001996
4308.099999998141
10800.000000021759
8210.300000012337
7153.4000000084925
3812.299999997628
13189.500000030452
3128.8999999982498
10800.000000021759
11702.800000025043
12095.500000026472
4974.600000000566
4577.699999999122
5429.800000002222
14018.300000033467
11338.300000023717
10800.000000021759
4662.099999999429
12533.100000028064
12146.300000026657
9262.800000016166
10800.000000021759
9366.000000016542
6107.600000004688
13287.80000003081
12492.300000027915
5963.600000004164
11766.200000025274
6660.100000006698
8754.000000014315
3637.3999999977873
5742.900000003361
3229.699999998158
6875.700000007482
3776.9999999976603
3814.699999997626
4140.09999999753
12225.400000026944
12095.300000026471
6503.000000006126
7386.000000009339
12692.900000028645
3236.8999999981515
6155.800000004863
5283.000000001688
5013.900000000709
4614.799999999257
3591.0999999978294
5842.800000003725
8378.50000001295
3550.5999999978662
4230.299999997858
2873.0999999984824
11385.200000023888
3382.0999999980195
12203.200000026864
7387.100000009343
9675.300000017667
13448.500000031394
7116.400000008358
5297.40000000174
5260.500000001606
13455.60000003142
7353.600000009221
11946.60000002593
11403.300000023954
10800.000000021759
5187.700000001341
10800.000000021759
12009.200000026158
4043.7999999974177
6734.000000006967
5132.000000001139
6082.600000004597
8117.500000012
5677.500000003123
9414.90000001672
13126.400000030222
5060.500000000879
10800.000000021759
8315.60000001272
6050.200000004479
9548.300000017205
12350.6000000274
9211.60000001598
3182.299999998201
4947.000000000466
10800.000000021759
11369.30000002383
4405.099999998494
13809.800000032708
2678.5999999986593
5468.000000002361
11890.400000025726
13267.100000030734
4635.499999999332
7484.100000009696
3258.599999998132
3965.499999997489
4139.99999999753
13811.700000032715
9841.600000018272
11566.400000024547
7142.500000008453
12105.600000026508
11507.00000002433
5307.800000001778
11653.200000024863
7809.100000010878
10800.000000021759
6969.100000007822
12690.600000028637
3927.5999999975234
5107.800000001051
4886.800000000247
8323.300000012749
4107.299999997411
6136.400000004793
9870.500000018377
13129.500000030233
9552.50000001722
6789.300000007168
7042.200000008088
11396.100000023927
5424.500000002203
2936.099999998425
12023.40000002621
11549.100000024484
9559.700000017247
9577.400000017311
4708.799999999599
4719.299999999637
12212.500000026897
11439.200000024084
6177.00000000494
12017.300000026187
12599.200000028304
11423.400000024027
13266.500000030732
12748.700000028848
12384.600000027523
5670.600000003098
6418.80000000582
10800.000000021759
4285.399999998059
3416.2999999979884
11667.500000024915
7826.000000010939
5298.900000001746
12456.600000027785
10410.300000020341
10021.600000018927
5513.500000002527
12367.600000027462
4642.499999999358
9008.20000001524
3241.4999999981474
6919.400000007641
10800.000000021759
12336.300000027348
5989.500000004258
5533.0000000025975
11987.000000026077
12942.400000029553
13125.90000003022
13854.700000032872
6375.200000005661
9434.600000016791
13742.500000032464
7320.000000009099
4274.5999999980195
5730.600000003316
8239.700000012444
9165.300000015812
2744.699999998599
11370.100000023833
12624.400000028396
8978.700000015133
10800.000000021759
12700.600000028673
2914.9999999984443
3733.6999999976997
10800.000000021759
8956.00000001505
12422.600000027662
12388.200000027537
4819.300000000001
5465.1000000023505
3169.499999998213
4393.799999998453
4187.799999997704
12415.500000027636
8723.000000014203
8871.400000014743
12570.6000000282
7371.200000009285
11448.100000024117
11341.100000023727
9571.300000017289
9450.300000016849
11456.100000024146
4376.2999999983895
7449.300000009569
10800.000000021759
7928.0000000113105
6038.5000000044365
2546.1999999987797
9567.400000017275
4914.000000000346
6976.80000000785
4682.199999999502
11657.000000024876
5786.60000000352
7180.30000000859
12943.500000029557
3481.399999997929
9488.000000016986
2397.7999999989147
5050.400000000842
3501.399999997911
3423.6999999979816
8070.500000011829
6103.000000004671
10800.000000021759
12240.500000027
13047.700000029936
12990.500000029728
4358.399999998324
3231.899999998156
4110.4999999974225
12280.200000027144
12787.50000002899
11408.300000023972
4633.799999999326
7348.0000000092
5381.300000002046
11422.200000024022
8532.70000001351
9316.00000001636
3853.299999997591
13447.40000003139
5033.700000000781
12032.400000026242
6076.000000004573
5625.600000002934
10800.000000021759
4664.699999999439
12486.900000027896
13106.200000030149
4518.999999998909
5529.600000002585
7262.8000000088905
4930.000000000404
5094.3000000010015
10610.100000021068
3836.799999997606
7575.200000010027
6666.700000006722
10505.000000020686
3779.9999999976576
12904.500000029415
7959.100000011424
12428.400000027683
5402.800000002124
11542.70000002446
6644.900000006643
12442.800000027735
3905.4999999975435
5775.60000000348
12568.900000028194
12254.30000002705
5820.900000003645
6175.500000004935
4226.799999997846
4478.699999998762
12204.300000026868
5901.500000003938
12627.400000028407
9967.40000001873
7761.400000010704
4495.699999998824
10800.000000021759
13556.600000031787
8099.400000011934
5921.600000004011
13199.600000030488
12928.800000029503
9786.00000001807
12410.200000027617
10800.000000021759
4742.199999999721
14007.800000033429
11782.100000025332
12922.30000002948
12194.300000026831
5660.600000003062
5816.90000000363
10589.600000020993
5663.600000003073
4404.099999998491
12795.500000029018
4305.899999998133
3831.5999999976107
6607.300000006506
6659.700000006696
3179.4999999982037
12096.300000026475
12116.600000026549
8103.70000001195
5223.2000000014705
6387.300000005705
7373.3000000092925
7623.100000010201
5698.300000003199
6026.500000004393
3433.399999997973
11273.00000002348
7351.700000009214
7919.900000011281
4494.099999998818
12715.400000028727
5011.5000000007
5611.800000002884
4875.000000000204
11953.500000025955
3532.299999997883
3208.699999998177
3207.999999998178
3782.3999999976554
11522.100000024386
13950.40000003322
4507.6999999988675
3393.0999999980095
5278.400000001671
13101.700000030132
8560.00000001361
10057.600000019058
11406.300000023964
3947.3999999975053
6707.40000000687
11826.600000025494
12257.500000027061
8841.700000014634
9566.500000017271
7306.60000000905
5233.400000001508
12093.500000026464
8499.900000013391
4573.3999999991065
3912.9999999975366
4394.399999998455
11435.20000002407
5151.400000001209
5087.900000000978
7518.600000009821
10800.000000021759
13124.900000030217
8838.500000014623
6961.300000007794
12858.800000029249
5045.600000000824
4896.500000000282
11297.300000023568
4125.599999997477
9057.900000015421
3971.799999997483
4472.7999999987405
4898.000000000287
6751.000000007029
3163.899999998218
12015.10000002618
5128.700000001127
10800.000000021759
5561.500000002701
12296.400000027203
5889.400000003894
4852.00000000012
8373.10000001293
3971.799999997483
10426.200000020399
8130.200000012046
7869.000000011096
11744.100000025193
12181.200000026784
6111.9000000047035
11925.500000025853
3889.699999997558
11499.100000024302
6312.300000005433
13229.700000030598
11473.100000024207
9721.300000017834
6193.900000005002
9542.000000017182
11016.100000022545
7187.500000008617
3933.0999999975184
6539.200000006258
10150.500000019396
6770.6000000071
5971.100000004191
10007.000000018874
12875.70000002931
13028.900000029867
3789.499999997649
10800.000000021759
11489.200000024266
11576.400000024583
12314.600000027269
12635.000000028434
6864.300000007441
11473.200000024208
5763.600000003436
7645.7000000102835
3650.799999997775
6390.000000005715
5047.800000000832
3087.3999999982875
11596.000000024655
5534.000000002601
4705.699999999588
12117.600000026552
8716.000000014177
13259.800000030707
8852.400000014673
12806.600000029059
10800.000000021759
6917.500000007634
11305.300000023597
10800.000000021759
3299.5999999980945
9772.000000018019
5393.700000002091
4006.3999999974517
9853.300000018315
6222.100000005104
7425.200000009481
4389.699999998438
4532.9999999989595
13200.400000030491
2668.1999999986688
12505.200000027962
11283.100000023516
2586.8999999987427
6910.70000000761
5483.8000000024185
13414.900000031272
8279.50000001259
11471.2000000242
6144.200000004821
12018.20000002619
5651.500000003029
3021.4999999983474
5794.300000003548
11336.30000002371
4889.400000000256
5601.500000002847
9010.200000015247
12594.700000028288
7187.600000008617
9249.000000016116
13227.40000003059
12253.500000027047
5044.900000000822
8119.200000012006
4387.099999998429
5086.000000000971
10800.000000021759
11340.300000023724
3784.7999999976532
12741.800000028823
4273.099999998014
7330.500000009137
8254.200000012497
12218.100000026918
8663.400000013986
6144.200000004821
3547.0999999978694
13797.000000032662
8900.400000014848
12261.300000027075
7269.000000008913
11374.300000023848
13506.400000031605
5731.800000003321
3223.399999998164
10800.000000021759
4838.900000000072
4759.599999999784
7075.200000008208
4374.499999998383
4981.20000000059
12108.400000026519
3979.599999997476
11275.300000023488
5055.40000000086
13196.100000030476
5211.300000001427
6573.600000006383
13298.80000003085
6476.40000000603
10800.000000021759
6371.500000005648
13029.60000002987
12552.400000028134
13431.400000031332
12962.700000029627
10800.000000021759
3377.4999999980237
6819.900000007279
13469.700000031471
6487.200000006069
11540.200000024452
12407.200000027606
10117.900000019277
7251.100000008848
11401.100000023946
4253.9999999979445
10360.000000020158
5500.80000000248
4266.39999999799
8569.400000013644
11116.100000022909
9593.300000017369
11426.200000024037
3172.8999999982098
12597.300000028297
3125.9999999982524
12687.300000028625
4238.89999999789
11341.300000023728
10800.000000021759
4660.699999999424
4390.699999998442
3257.5999999981327
11343.000000023734
11957.300000025969
4645.599999999369
13352.300000031044
11397.100000023931
12429.300000027686
13470.000000031472
12199.200000026849
13463.600000031449
13363.700000031085
3663.199999997764
7436.300000009522
5318.400000001817
7078.100000008219
9888.000000018441
11422.200000024022
3937.5999999975143
11773.4000000253
13578.500000031867
12394.50000002756
4673.29999999947
11538.200000024444
7400.400000009391
11353.300000023772
7524.500000009843
7653.600000010312
13683.90000003225
11756.600000025239
11313.800000023628
10800.000000021759
13077.100000030043
9738.000000017895
3784.899999997653
11870.700000025654
12048.4000000263
5324.000000001837
13450.900000031403
11935.60000002589
4618.899999999272
12152.90000002668
13004.600000029779
10153.100000019405
9055.00000001541
7450.0000000095715
12479.300000027868
3442.099999997965
9215.600000015995
4524.399999998928
12958.600000029612
9827.50000001822
6109.400000004694
13788.50000003263
3266.6999999981244
3493.799999997918
12342.100000027369
12220.200000026925
3573.999999997845
13778.000000032593
11308.300000023608
3593.9999999978268
11405.30000002396
12598.300000028301
12008.300000026155
12116.300000026547
5667.700000003088
5558.900000002692
7188.3000000086195
9598.200000017387
12519.500000028014
8893.400000014823
11866.100000025637
3997.8999999974594
4800.799999999934
2349.999999998958
4942.500000000449
2972.499999998392
8181.800000012234
6737.300000006979
7411.00000000943
13169.500000030379
12632.300000028425
4005.6999999974523
12320.100000027289
11531.200000024419
10800.000000021759
6571.100000006374
11477.900000024225
4146.299999997553
4587.099999999156
9640.000000017539
3504.3999999979083
4641.199999999353
8489.300000013352
7689.000000010441
11301.100000023582
13514.500000031634
4824.000000000018
4709.799999999603
11949.40000002594
10231.000000019689
11961.300000025984
7918.800000011277
7174.60000000857
10800.000000021759
9691.800000017727
13007.300000029789
5562.600000002705
8454.600000013226
10800.000000021759
8066.500000011814
6990.5000000079
10586.200000020981
8228.000000012402
3905.4999999975435
3735.599999997698
5407.30000000214
10108.200000019242
12293.400000027192
4245.899999997915
10071.400000019108
5586.300000002791
4240.899999997897
10800.000000021759
5303.300000001762
11958.300000025973
12335.300000027344
5544.70000000264
11450.200000024124
8341.000000012813
7318.200000009092
5324.600000001839
6104.2000000046755
5559.600000002694
5599.60000000284
6934.500000007696
9353.200000016495
12890.600000029364
4214.499999997801
13506.500000031605
13876.800000032952
6693.000000006818
7040.7000000080825
13030.600000029874
10800.000000021759
9509.000000017062
6995.700000007919
12383.70000002752
3479.399999997931
12411.600000027622
12606.10000002833
10800.000000021759
13453.00000003141
5548.000000002652
12918.600000029466
10550.30000002085
9986.7000000188
3647.399999997778
12532.600000028062
13224.70000003058
5001.1000000006625
10800.000000021759
12898.700000029394
8490.300000013356
12121.400000026566
4547.399999999012
12408.20000002761
13119.400000030197
5496.7000000024655
10800.000000021759
5577.100000002758
11980.700000026054
11231.70000002333
3407.4999999979964
10800.000000021759
3622.399999997801
4972.000000000557
7443.600000009548
6429.1000000058575
7558.000000009964
9137.800000015712
9439.000000016807
9568.600000017279
5485.800000002426
11838.400000025536
10800.000000021759
7691.700000010451
13208.700000030522
13668.400000032194
8892.200000014818
5198.100000001379
5546.2000000026455
11497.100000024295
8238.70000001244
6028.4000000044
10800.000000021759
3616.699999997806
9023.100000015294
5469.000000002365
5204.8000000014035
7240.70000000881
11290.100000023542
6481.400000006048
7645.300000010282
6050.900000004482
13176.500000030404
12492.600000027916
13526.600000031678
6977.300000007852
12815.500000029091
8737.300000014255
6340.000000005533
12261.900000027077
11514.200000024357
10800.000000021759
12428.500000027683
5195.000000001368
3799.6999999976397
11339.30000002372
11326.300000023673
12873.500000029302
3692.699999997737
11551.200000024492
9106.300000015597
9034.000000015334
6542.40000000627
6935.200000007699
10436.000000020435
11264.200000023448
11351.000000023763
