8208.575000012332
9621.42500001747
6288.300000008121
3867.324999998435
2762.9249999994167
10684.425000021338
3257.424999999391
5849.400000007192
2968.074999999558
3205.3249999993773
4178.899999999463
11231.075000023327
5233.850000002703
6287.825000005718
9226.450000016035
9394.725000016646
8268.20000001547
3004.1500000007263
4151.150000001673
6308.575000006293
4542.525000003948
5426.175000002209
3367.600000000387
9419.850000016737
3867.5500000012175
5684.825000004516
7487.350000009707
3435.7249999990418
5316.400000006005
6290.1250000053515
8820.900000014559
5471.22500000302
8223.825000012928
5796.250000006734
7937.100000011651
3356.14999999947
12005.675000024934
5093.800000002689
4083.6750000003026
6755.350000007158
6123.400000008198
2830.1999999986538
8640.62500001738
10355.575000014414
4294.175000004425
7344.625000010927
5611.525000004405
5857.750000003965
3763.6749999993285
6818.600000008522
5379.125000003332
6221.32500000944
5024.225000004296
4083.4000000007113
5062.875000006237
5183.0750000035005
7625.250000010208
4798.500000003146
3761.02500000079
6909.650000007838
6820.050000011899
10728.050000023053
3148.4999999990687
2846.574999999122
7728.875000011627
4441.600000003454
5380.900000005331
5777.875000003488
3177.899999999652
5827.925000007126
5443.650000007367
4142.900000002894
6795.825000009566
10588.35000002099
10092.22500002222
5463.650000005839
6331.100000008326
7965.825000011448
7834.025000014264
11578.275000019756
4005.2000000005623
4511.925000002128
4843.325000000088
6286.77500000892
6134.500000006533
5549.800000004886
5060.000000006325
7298.475000010726
5158.125000004655
4978.675000002775
6978.500000009092
9171.825000015835
4978.350000001533
4450.650000002205
3337.750000000848
8475.70000001669
6324.875000010323
6259.650000008191
6619.750000007976
3820.625000003416
7153.225000008766
7608.97500001015
3730.749999998902
3284.0500000009815
8058.925000013108
6996.550000010264
6825.875000008681
8999.500000015356
11978.075000020202
3416.1249999996294
3997.274999999097
6886.050000010913
7559.775000009971
3036.4999999994916
6432.900000007398
7804.10000001086
5641.150000004214
6072.375000009684
6221.625000008302
9241.57500001609
7786.525000010795
5821.575000007555
6099.150000009697
7019.8750000086175
6072.650000005455
6849.050000012079
7333.50000000972
6596.300000008796
4202.250000002734
4341.124999999187
4233.025000000516
7625.925000010212
5752.4750000042495
5137.100000003824
6945.775000007738
3675.5000000000573
4035.875000000255
6431.775000010119
5006.650000005754
5336.675000006639
9305.900000017557
3775.2499999990837
7821.575000010924
5367.775000005782
7139.4500000104945
9879.750000018572
8021.850000011652
6123.975000004748
3949.60000000017
7594.825000010098
5335.100000003845
5224.450000006584
8075.100000014983
6306.675000008683
5590.375000003003
4986.57500000196
7187.550000008617
8946.050000015792
7281.450000012641
8331.625000012778
7416.100000009448
4065.1000000014187
7544.55000001174
7784.375000012546
5875.000000005199
8204.850000015444
10555.85000002087
4339.400000002121
4759.600000002922
5299.350000002775
3466.7499999984316
9745.325000017921
6870.075000007462
5275.550000006392
2901.6999999992468
5116.850000001905
3968.700000001125
7218.750000012232
7423.900000009477
3310.600000000083
4336.475000004088
6290.775000008736
5097.225000004935
4166.224999999707
5524.850000006148
3245.924999998931
10664.150000023023
5749.400000003385
3145.7249999985124
6520.600000009397
3562.975000000757
4975.675000004761
5483.2500000024165
3799.22499999882
3095.1749999995523
4149.8749999997235
6859.500000007423
9360.80000001689
6787.525000008274
9952.500000018676
7236.900000010619
2826.699999999516
5869.57500000885
5081.675000003251
4242.475000001139
5373.350000004791
9071.07500001547
3661.399999999768
3806.025000002075
5867.875000007216
6696.475000006831
7354.25000001116
6003.125000004307
8927.175000017935
4371.425000001924
9097.650000015565
3685.499999998972
2906.474999999018
6595.27500000982
3258.0250000006376
4418.225000004641
6179.675000008946
5361.050000004609
5908.950000005581
6995.425000011111
6018.325000004363
3281.4499999993286
3175.2999999995295
4790.575000002774
5505.9750000026415
5030.600000006788
3746.2750000023198
3709.949999999245
4891.950000002581
4850.300000002022
7728.175000010954
3397.7750000009255
4836.550000000064
6483.550000006688
4776.5000000033215
6495.425000007346
3543.275000000207
6662.275000009428
3592.199999999212
8546.62500001356
5873.550000007452
7343.950000010746
3907.5500000009483
4223.225000000821
4401.650000001567
12811.82500002316
5656.75000000593
6827.450000007448
4634.800000000944
7717.90000001119
9299.8500000178
4610.500000005047
6822.375000007289
6639.30000000709
3549.1750000017623
9131.725000016839
9990.650000018813
5423.825000005025
5814.4750000099175
4647.050000002737
5663.9750000057575
3054.174999999325
5600.225000004322
3435.524999999241
5125.650000002368
3144.824999999585
3437.324999999711
4860.425000000252
8964.750000015243
8301.175000013007
5800.900000004896
6724.275000007805
10731.47500002151
3058.9499999992204
6322.55000000547
5991.5000000042655
4623.900000001538
3686.2500000000396
4151.324999999121
4517.90000000132
6129.800000008149
3806.1999999996037
2966.199999999914
3466.5749999982627
5898.0000000065575
3517.3999999986295
7163.325000010205
4922.600000002921
8089.175000011897
7601.975000012339
5359.7500000049
3644.5250000011965
3730.3000000007314
7144.200000010237
5132.0750000058015
5087.550000006908
7998.250000011565
8192.650000012674
3860.425000001145
5778.700000004759
5894.575000008953
4121.1499999998305
5771.200000004539
5032.000000001178
4760.325000002182
5751.2000000051985
4582.900000002731
6606.9250000080665
6025.125000008453
4300.40000000136
6516.875000006177
5015.125000004464
5379.250000003522
5222.45000000468
6259.275000008709
4523.750000004613
3817.2749999985035
4415.175000000689
6575.200000007939
5630.850000006316
4550.449999999837
9727.225000018121
2625.049999998708
5225.125000001679
6166.625000008449
7093.700000010253
3420.2750000002766
5880.525000006579
3205.1999999991294
3470.399999999894
4506.050000000048
7310.025000011787
5501.700000006644
8237.225000012437
4930.150000004326
6188.475000008419
7655.650000012876
4892.950000001825
11123.025000022933
5683.875000006652
7558.600000009967
5420.375000004914
5914.850000008686
3373.0749999998043
4097.150000001149
2916.5000000005466
4606.5000000031705
3872.275000000367
4425.300000001871
4605.2000000050875
7255.025000008893
6878.350000008772
5931.750000005253
5584.700000004793
7244.575000011277
3808.6000000007894
2985.549999998754
5944.00000000756
6919.0250000107
5735.750000005666
5293.450000005936
4259.575000001015
4067.4750000014787
5721.1000000080685
5657.80000000646
5669.7500000047485
5462.325000007893
8187.075000012299
6603.550000009589
6219.450000008401
8355.275000016549
8454.300000014104
2981.275000001294
5476.375000004524
5850.525000005102
4142.87499999988
3017.024999999053
7910.250000011829
8204.850000012319
4439.700000001646
6828.325000007941
8065.500000012678
7598.800000012414
5074.950000003115
6959.550000011606
3255.125000000237
6095.050000007528
3127.1999999986647
5545.450000003204
6612.750000007469
9125.925000018722
3541.6750000019406
5457.475000003176
5416.500000007775
8639.575000015457
8787.975000015915
9503.800000017414
4992.925000003383
5758.425000008554
10807.850000017768
5799.275000003996
4581.57500000147
5416.125000004178
5502.600000004825
8914.250000014898
3018.9999999986376
7601.375000011618
7876.925000011259
6459.975000007867
7353.925000009222
7135.150000009898
3752.7499999985544
3297.399999999171
5895.800000005731
6811.500000007249
9499.300000017245
7963.350000014685
3671.9500000002295
3756.6000000009817
2815.9249999988588
3941.8000000003326
4537.499999999962
7532.475000012886
7267.850000008909
7509.9750000106715
7459.700000012925
5674.900000004942
6310.550000007825
6972.975000010141
5023.250000004624
5752.375000006467
8469.27500001328
3891.1000000003137
4065.675000003048
6446.100000007653
5072.525000003048
4707.6500000028045
2494.2999999988206
5585.350000005426
4824.800000000872
4860.700000003146
4172.2500000010805
9102.800000016781
3920.525000001083
4230.500000002792
5648.375000007892
3927.849999999987
7638.925000012809
2718.499999998623
4523.750000000853
4462.824999999595
3490.4249999990243
6862.75000000816
4614.475000003666
7409.350000009561
7959.8750000129385
6885.700000010656
7025.275000009527
4610.375000001705
4104.474999999356
3447.274999999876
6009.100000008616
6263.050000010633
6634.025000008372
4139.2000000013995
6072.700000004561
4004.2250000003914
9669.250000017644
5399.950000006701
5762.07500000425
3865.47500000038
8875.750000015778
4111.600000000428
9084.050000016929
4575.375000002081
5268.850000004802
8839.225000014627
4330.375000001421
4995.15000000745
6084.475000007776
3310.725000000049
3707.675000000926
4585.800000003543
4728.5500000007505
3883.350000000997
7089.800000009442
3220.0999999994697
5132.800000004345
4835.850000002503
7642.775000010273
2715.9749999996393
5825.775000008447
4841.150000003824
6534.325000010566
5294.40000000297
9837.925000018258
6113.825000005614
5222.100000007431
4067.574999999845
4981.350000002879
5262.025000007491
6176.10000000953
5115.17500000311
3884.3500000020736
4435.800000001084
4744.525000000696
6995.52500001108
4843.575000002766
6222.200000008323
5260.825000005979
4925.600000004638
3531.725000000259
8243.850000012459
9311.15000001788
4520.57500000395
3651.5750000016224
8483.925000013332
6147.100000008269
6742.0250000069955
7797.6000000132935
7155.700000009082
4382.575000001627
9589.250000015054
6091.425000007091
5663.225000007789
8077.625000015171
5407.925000004425
4943.725000001608
7710.100000011378
4498.350000001549
4315.550000000009
6853.300000009769
3258.599999999861
3547.199999999962
4694.825000003775
5614.400000004915
2832.5749999989175
9441.700000017405
5882.050000007749
5924.400000006548
3953.650000000842
4886.575000003817
5664.175000005705
4837.075000003184
4707.275000003183
5101.25000000354
3434.1749999986073
6161.5500000085885
5069.425000002681
7541.6750000099055
3336.024999999173
6676.37500000888
4285.3000000007805
3825.0250000011283
5032.8750000007785
7737.475000014147
3743.6999999995437
2940.799999999014
3573.7749999997777
4002.799999999802
7432.4000000126425
9746.525000012469
4445.775000001207
4310.949999999597
4044.6750000025527
9219.200000017454
5556.300000004421
4803.8000000053435
8697.250000014108
3947.5999999995684
4292.775000003198
5665.200000007156
8876.07500001476
5565.050000004259
5726.150000005752
5613.475000003544
5277.000000002337
5561.200000007953
5633.900000008198
4804.200000001349
3073.8249999995664
3678.2250000012
10787.750000021715
3375.4000000007254
4184.125000001599
7582.700000010054
6244.3500000061595
6066.375000007888
5800.650000006841
4826.550000002217
5567.975000007647
5038.450000002098
4441.175000001478
6419.350000009177
3774.3499999997052
5593.700000005138
3782.774999999367
3256.575000000471
3633.9000000004203
5440.875000004127
3632.5249999992743
5834.750000008656
4059.0250000020333
6860.050000008203
4219.8750000029195
7049.250000009536
3567.8750000014197
4244.275000000265
6150.325000006699
2952.799999999712
6454.850000008886
6299.600000007059
6316.42500000594
7761.100000011042
5506.275000007454
6384.650000005695
7914.0250000133465
3718.0749999997893
8310.825000012705
5869.400000005918
7993.800000013345
6665.97500000986
6985.12500001003
4903.825000002578
8612.225000013801
6501.300000008823
4231.125000002386
4444.949999998825
5232.625000003083
6373.300000007095
4092.7500000021537
4457.025000001947
5942.650000005999
9937.350000019509
8180.125000015854
3571.874999999942
8141.500000012087
10789.30000002172
6585.975000009165
6539.300000009367
12154.125000026685
4074.6750000030165
6450.950000009116
4328.625000002276
5158.350000005816
3069.499999999378
7359.725000009243
5474.150000002486
3242.5999999991923
6871.575000008849
4926.2500000011205
3929.175000000756
8484.725000014407
6542.40000000627
7589.225000011011
4432.375000004142
7552.400000009944
6695.300000008288
4087.325000002183
10032.750000018967
6552.550000007056
3513.449999999975
5491.300000005931
4964.025000003185
4075.750000000566
6075.5000000080145
5119.175000003628
6242.025000007933
4992.600000001734
4561.925000000601
6111.250000007968
2833.62499999886
8813.9000000154
6727.000000009797
2762.2499999987667
4492.300000004183
3704.7500000013174
7031.0000000103555
5310.025000004613
7295.175000009009
5310.850000004657
7475.225000011364
4256.925000002288
3194.4249999990498
5684.675000003696
6393.250000007759
3943.450000000561
4583.000000000864
7026.800000010109
9122.050000017032
5114.12500000468
5960.150000005788
8803.400000016452
8010.800000013322
4868.35000000114
7777.450000010764
4288.149999999502
5093.525000000998
7326.450000009123
9724.250000017846
3394.6499999993202
7247.575000011683
4377.474999999729
4186.475000002545
4864.95000000375
7599.6250000144155
6333.975000009103
4757.400000001225
3563.574999999324
12474.800000020514
5153.875000004335
8902.275000017997
6121.850000004741
7437.325000012061
8809.400000016658
3753.8250000012263
3038.1499999988405
7316.650000009416
4002.1000000020535
3868.100000000585
5959.150000005568
4280.650000000691
4560.950000001987
6055.675000007139
4176.9000000000715
5760.2750000062915
3991.2750000014735
6446.425000010167
4433.200000002264
5847.100000004419
7861.150000012453
4430.275000003892
7046.175000008621
5048.200000001858
5777.12500000882
4949.600000007524
9328.675000016407
7879.625000016
6557.725000007511
3011.7499999993283
5584.800000003912
7744.87500001269
4335.32500000302
7038.850000009294
7902.925000014337
6454.575000009223
4134.750000003382
10306.850000019964
4417.649999999316
5814.825000004654
4155.700000001298
5194.125000001884
6851.325000009594
5849.900000007339
7526.375000012953
6408.075000008892
3512.17499999907
7628.000000011502
4126.44999999896
7523.300000011061
3900.225000000422
6948.800000009336
7615.950000010567
5095.000000001004
4070.54999999969
3386.8249999990794
6300.825000007648
5229.225000006938
4200.025000001224
7082.600000010412
6868.700000010807
6402.850000009996
7333.925000011645
7629.1750000115735
6519.675000010877
7806.600000013457
3494.87499999919
4312.150000002655
4219.175000002377
4204.750000003002
5725.500000003782
8512.675000014473
4166.10000000105
8503.97500001425
7724.050000010736
10308.600000020804
3601.800000000231
9007.850000016504
5184.800000002679
7986.250000011522
4690.350000002696
5564.575000007242
9486.200000013556
5896.02500000652
5922.900000006954
7530.850000009866
6422.625000008509
7229.525000008769
3493.7749999997427
10763.675000021627
5536.675000007845
4907.550000002795
9216.850000016295
5246.925000007279
3755.3750000000673
7698.7000000112175
6083.675000007772
6385.000000008169
8137.750000012555
5023.175000001496
6682.400000009931
3392.1999999991167
4863.000000005955
4698.075000001445
7358.675000013433
4400.4250000050515
5559.350000004047
7089.325000010576
3407.7749999986527
4157.324999999704
7368.22500001158
10039.975000020022
3571.9749999995656
9557.575000011242
7930.4500000113185
3623.374999999015
8526.325000015982
12254.27500002705
5373.975000007056
5605.62500000758
4557.250000001284
4810.575000000865
6227.700000007364
6887.750000009989
7583.125000011012
6510.05000000696
5412.300000007583
3311.949999999885
4975.900000002846
2532.774999998789
4773.725000002043
3177.099999998823
4822.275000003663
6117.275000005966
7009.3500000079675
5748.350000008261
8628.47500001386
3135.5499999996364
6196.825000009931
7905.375000011229
6911.7500000076125
4378.625000002661
6196.075000007153
3604.650000000432
4362.450000001045
6086.725000005747
3248.224999999151
4543.175000002238
4858.725000003405
7548.42500000993
8087.175000011889
10013.850000018898
4400.024999999787
4783.950000001441
6165.100000009228
10088.20000001917
5953.0500000079155
6314.650000007571
5344.125000005686
9938.375000018625
4715.400000004854
10668.375000023443
4671.425000002698
6598.325000008618
6087.775000006357
4446.400000003444
5529.675000003814
5601.32500000549
4900.22500000323
4072.7749999996877
3925.10000000039
5720.550000003772
6221.625000007585
9420.125000017788
5007.000000001335
8421.900000013107
4751.300000003319
3383.524999999901
9014.225000015264
3849.5250000002284
7503.050000012222
6866.225000008639
3930.375000001036
7356.25000000923
5464.600000003515
5651.675000005416
5269.750000002581
3986.3750000021114
3444.750000000921
5714.350000005039
4804.575000003382
5822.425000007229
9263.97500001617
4496.450000001409
7878.9250000115835
8540.875000013551
4670.225000001221
5069.100000004578
8652.700000017288
7429.950000009499
6962.100000007931
4430.87500000229
7501.350000012964
3453.77499999919
6387.425000008295
5727.625000007219
5883.07500000534
8908.250000015121
4545.375000002481
5572.025000007757
7876.82500001392
5279.675000006091
3637.2249999993596
7730.475000011237
7039.375000008391
5044.275000003603
7240.400000008809
6611.300000008267
6169.850000006361
7050.875000011292
3785.1750000013485
7860.075000012213
8421.675000016545
5101.075000003604
7795.925000011487
4266.300000000696
6631.50000000916
5126.275000006175
3459.4749999995906
7412.000000009433
3921.7999999997915
4864.225000000477
5084.5750000054995
4708.125000003012
6141.975000005474
7111.8000000098855
6177.425000005966
6292.900000007953
5465.750000003141
8174.225000015096
6021.57500000527
6405.625000005772
6616.875000009337
9480.450000017428
8417.975000013093
4693.850000002289
4407.725000001149
7653.02500001031
5052.3750000058735
4706.475000002796
7542.000000009906
3560.424999999293
7960.0250000114265
5187.950000001942
4220.350000000866
6451.300000006714
5597.875000006617
5327.67500000477
5756.925000005596
4782.400000001648
6012.6000000080685
9308.250000016333
8035.450000012494
4104.950000002243
7508.550000011782
4327.375000004031
7161.1000000085205
9046.900000016898
7181.075000011632
8583.400000013695
8336.850000012797
5427.825000002214
4765.275000000943
6545.700000009663
6903.225000011075
6186.075000009292
3262.9249999996937
8026.525000011865
5756.425000003788
6390.850000006405
5342.300000002977
7551.900000009942
8868.300000014731
6187.525000008411
6595.675000009903
