6218.875000006006
7564.250000012053
4873.850000004641
2653.7499999986817
1790.3749999992933
8898.800000014842
2148.4749999991413
4634.675000005074
2092.5499999991926
2105.99999999918
2650.6749999986846
9268.100000016188
3596.8500000019667
4432.625000001824
7776.575000012905
7515.350000010912
6919.550000010735
1965.6749999999267
3031.1999999994578
4694.325000000942
3530.750000002552
3501.9249999985336
2311.8749999992847
7313.600000010512
2749.275000000021
3915.1249999993506
5957.000000005889
2325.4999999989805
3913.800000003309
4897.750000001188
7008.150000007965
3673.474999998112
6412.350000008889
4629.325000003096
6564.150000007277
2336.099999998971
10273.025000019841
3816.1000000004747
2835.849999998516
4874.32500000221
4380.600000005133
1776.5499999994795
7294.825000012626
8381.07500001296
3345.825000003246
5792.800000008255
4191.275000003792
3932.325000000844
2564.0749999987634
4892.400000004344
3857.400000002155
4845.200000005527
3774.875000001532
2967.149999998397
4075.6000000042145
3967.099999999323
6335.075000006195
3035.099999998696
2514.0499999988087
4965.7500000015025
5711.0250000088845
9324.92500001892
1844.7249999993883
1820.5499999993287
6000.200000009848
3399.2000000007647
3926.3000000022403
3997.375000001103
2148.3249999991417
4722.500000004853
4350.825000005927
3032.300000001692
5631.675000005914
9296.92500001629
8906.275000017904
4166.350000004091
5053.325000005606
5557.825000004244
6553.275000010029
9618.050000017458
2956.774999998501
3300.624999999655
3415.549999999107
5026.350000004615
4500.425000002382
4085.3500000011536
3919.5250000032397
6000.275000007552
3835.2000000030384
3600.3999999994967
5429.600000005223
6815.650000010624
3240.1249999982674
3226.999999999931
2181.475000000031
6562.3000000108805
4741.475000005707
4922.075000004605
5195.350000004624
2976.125000002606
5290.800000004378
5051.700000004123
2542.649999998783
2287.57500000014
6488.4000000083815
5742.55000000662
5394.800000005825
7268.700000012257
10113.925000019262
2083.7499999991524
2758.974999998586
5329.700000006858
5670.650000004951
2048.799999999232
4922.1000000047825
5580.0000000040545
4373.825000003949
5026.975000006936
4949.05000000515
7632.750000010236
5730.05000000605
4777.400000005908
5016.850000006729
5152.02500000513
4215.000000001296
5876.825000009298
5518.125000004279
5167.900000005493
3082.5250000011
2855.099999998561
2996.3249999999234
5504.850000004654
3877.5750000002718
3910.15000000063
4535.025000004593
2408.0749999989057
2727.5999999986147
5347.000000006863
3893.4500000046974
4292.30000000513
7382.850000010561
2687.3499999986516
6371.2250000075355
4140.525000005463
5755.350000007717
7081.975000011429
6480.325000008603
4133.1499999999905
2731.749999998823
5618.175000004855
4028.6000000025188
4311.45000000409
6791.9750000120985
5088.025000005171
4033.299999999211
3526.2999999983776
4634.6750000038
7078.0500000113125
5884.400000008537
6932.55000000981
5278.575000001672
2843.5499999996514
6273.625000007931
6338.350000008519
4434.000000004684
7240.750000011936
7523.0250000101805
3084.324999999475
3560.4250000006587
3593.0000000006444
2409.6499999989037
7657.675000012185
5123.200000001413
4087.275000003459
1960.1999999993127
3603.875000000301
2673.5500000000484
6004.475000008718
5729.325000003652
2235.4249999990243
3248.175000002001
5132.550000005052
3637.4750000014483
2662.499999998674
4406.800000005146
2190.524999998963
8601.025000016649
3794.849999999421
1927.4749999993426
5206.750000006295
2531.624999998793
3527.62500000024
3554.5749999986106
2666.4749999986707
2018.4999999991999
2894.1249999984634
4759.000000002216
7632.075000011986
5454.675000004545
6585.200000008861
5592.600000006655
1850.024999999413
4859.800000006293
3607.399999998607
2896.125000000064
3563.6000000011422
7537.6000000112
2493.0749999987966
2656.3499999994824
4157.500000001224
4990.100000000901
5468.475000006247
4308.800000001358
7677.35000001384
2909.824999999882
7690.075000012514
2528.399999998796
1751.1999999995028
5514.925000005971
2252.1749999996987
3363.0750000020284
4864.625000005533
3877.225000002322
4558.0000000029695
5540.100000007034
3896.8749999999286
2194.7999999990993
2074.2749999992093
3537.0249999991706
3920.474999999532
4144.675000005824
2700.275000001245
2455.9999999988618
3408.7749999995385
3634.375000000843
5951.900000005566
2387.199999999963
3244.3749999983856
4475.500000004647
3706.6000000018703
5193.62500000261
2208.499999999087
5360.60000000666
2226.024999999071
6231.050000006351
4829.150000004876
6205.875000007287
2848.124999999129
2897.94999999846
3470.874999999037
9914.150000018792
4587.300000004999
5160.575000004023
3217.749999998169
5915.2250000064205
8091.00000001413
3703.6250000031373
5365.450000004634
5158.825000004057
2615.30000000062
7779.475000012759
8105.7250000120475
3878.125000000977
4792.225000007527
3412.0250000007572
4316.700000002412
2032.7999999992105
4139.525000000094
2207.9499999990876
3637.450000000378
2122.77499999903
2246.2499999990205
3272.4249999981694
7254.825000009022
6281.550000005716
4171.350000000959
5146.625000003902
8402.275000015605
2003.099999999123
4633.025000000125
4039.099999999245
3080.5999999986784
2530.9749999988967
2915.174999998444
3231.624999999502
4740.525000004503
2476.474999998843
2070.0499999991303
2379.874999998931
4412.700000005194
2133.3499999991477
5666.450000006421
3799.1750000008797
6361.3500000057265
6365.350000008288
3802.9250000007364
2554.074999999862
2720.024999999528
5904.325000006427
4200.400000003175
4179.600000005886
6089.475000005933
5252.67500000624
2867.3749999993206
4202.625000004895
4865.850000006445
2885.899999998471
4044.400000000416
3284.0999999992864
3316.8749999998213
4440.000000001487
3325.9499999995105
5455.700000004583
4763.700000006551
2867.8749999989222
5020.350000004151
3893.9000000017713
3952.5999999995943
4014.1250000034415
4830.600000005734
3371.27500000337
2497.449999998824
3156.4249999993644
4884.85000000539
4496.750000005127
3119.699999998609
8064.275000013531
1675.3999999995374
3738.5250000005026
4832.200000005602
5785.1250000063
2342.624999999279
4529.875000003351
2123.3749999990832
2349.549999998959
3205.02499999818
5749.300000006422
4364.325000003344
6297.225000006364
3728.375000000691
4826.750000005499
6053.550000007048
3361.5999999989876
8950.675000015031
4143.0500000028
6179.275000004949
3950.325000000788
4930.325000006044
2267.724999999033
3030.199999998901
2072.824999999811
3320.275000002585
2568.02499999876
3071.500000000089
3667.8500000039003
5685.125000005684
5495.950000004584
4516.300000001033
3919.6250000007785
5450.550000004771
2718.274999999674
1919.4999999992285
4703.825000005592
5172.500000005723
4335.525000002783
3901.800000003475
3081.349999998636
2816.1999999989293
4453.525000005922
4317.7000000052485
4348.875000000775
4211.825000005965
5980.325000007215
5437.275000006161
5065.325000006341
7034.925000012078
5991.075000007111
2118.3000000004718
4290.875000000905
4504.475000004621
2975.3499999983896
1894.999999999325
6266.550000007805
5967.050000004177
3340.5499999989356
5262.800000005169
6600.100000007893
6070.400000006854
3603.199999998684
5383.400000006597
2156.6749999994163
4465.375000002439
2046.3749999992344
3914.100000000335
5047.525000004305
7104.550000011806
2557.850000000576
4211.6999999998625
4300.250000005884
7084.600000009799
7463.65000001228
7834.575000013574
3709.525000000171
4515.350000005375
8803.825000014498
3552.875000001529
3078.6749999982953
3779.524999998782
4063.8250000016637
6339.725000005532
1779.1499999994776
6130.100000006265
6122.600000005183
5184.925000003228
5323.9750000045215
5182.125000005641
2185.6499999991074
2320.149999998985
4545.000000004583
5400.275000002957
7777.800000012208
6392.650000010515
2513.27499999928
2732.4999999996917
1756.4499999993977
2755.824999998589
3441.3999999979656
5477.700000006656
5417.350000005161
5598.100000005825
5919.000000008953
3786.050000000865
4676.9250000050215
5372.000000004479
3878.4750000033505
4633.450000003795
6428.900000006156
2682.7749999988246
3085.4500000016833
4937.600000005716
3840.0250000019596
3410.124999999765
1469.4749999996482
4086.350000003322
2988.799999999307
3471.3000000006846
2833.3999999989487
7304.000000010237
2818.200000000049
3186.0750000014714
4619.100000006545
2601.5999999987293
6187.375000007529
1632.4499999996108
3158.299999999146
3064.824999998308
2404.6749999989083
5373.550000003338
3655.8750000006785
5557.225000005496
6062.100000009708
5545.800000008057
5827.350000006074
2945.5499999984168
2369.6999999989403
2263.199999999037
4847.875000005713
5305.700000008026
5174.700000004537
3008.7249999984724
4769.850000000454
2803.4499999998397
7511.4250000097945
4293.850000003685
4089.2000000033104
2597.5749999986265
7345.100000012271
2811.9499999990167
7018.650000011059
3068.975000000356
3872.6499999997222
6217.800000008803
2929.474999998413
4159.675000006444
4911.550000006375
2252.999999999098
2676.1499999998127
3104.22500000107
3352.674999998455
2781.1499999992466
4879.575000003912
2076.7249999992064
3644.4000000012757
3623.6750000004586
5515.550000004797
1803.5499999993567
4813.02500000628
3550.5500000021248
4919.075000005949
3782.874999998628
7875.650000013269
4666.575000001625
4288.900000006244
2610.4999999987213
3450.2499999993065
4193.725000006389
5093.275000006477
3818.874999999766
2642.800000000816
3027.574999998342
3149.449999998231
5709.850000007313
3501.09999999961
5335.300000006224
3918.575000003614
3816.67500000139
2383.04999999909
6342.87500000673
7413.875000012731
3370.8250000022695
2480.5500000003235
7059.450000009063
4837.850000006087
4718.9250000032725
6597.3500000098265
4942.100000005264
2950.6499999990147
7449.175000012454
4497.5250000052765
4501.95000000664
6885.1250000109685
3891.299999998908
3435.5249999993334
6417.625000007567
3274.62499999964
2914.2499999987954
5220.850000005781
2188.2999999991052
2366.249999998943
3500.550000000456
4318.850000001872
1939.024999999332
7787.800000012254
4548.300000005771
4299.675000001871
2757.0249999996163
3477.0000000006144
4523.925000002894
3531.325000001812
3439.1000000005506
3765.4249999993312
2317.099999998988
4933.175000006608
3757.3500000008858
6094.050000004639
2350.249999999161
4974.300000005834
2963.0999999989135
2576.9500000000517
3711.4249999981075
6503.500000010297
2389.2999999988997
1892.2999999993744
2184.449999998962
2941.074999998421
5154.475000005055
7662.100000010509
2984.4499999984464
2675.4249999986623
2867.6249999997212
7735.575000013744
4430.225000002141
3751.92500000381
6540.075000007946
2755.5999999985893
3177.000000000733
4605.3500000054355
7327.550000009357
3994.6500000023057
4618.075000002843
3745.8000000014017
3522.8499999990413
4325.400000005965
4731.700000005807
3192.5749999985433
2079.4999999991505
2504.1249999988986
8193.25000001251
2415.8249999997342
3212.09999999892
5581.250000002844
4467.850000004653
4900.775000006401
4313.300000002447
3618.3000000005413
4397.5250000066735
3473.6749999985013
2841.4249999990766
4999.375000004797
2749.5249999985203
4225.375000002271
2656.7499999986794
2289.499999999013
2647.9249999991725
3891.000000002226
2249.2999999990498
4762.2000000055705
2751.499999999149
5372.050000005285
2969.449999999784
5611.77500000595
2550.8000000004663
2906.87499999931
4753.575000001689
1935.599999999234
5074.625000005485
4179.475000001662
4515.475000001885
6123.9000000050855
4502.750000005895
4415.950000000888
6847.525000011117
2336.6249999989705
6875.175000010706
4672.975000001565
6803.750000009016
5140.050000006807
5808.525000007519
3393.899999999734
6622.550000007976
4876.550000004397
2995.050000001396
2848.8499999985047
3653.3250000003827
4995.175000003228
3023.4000000009682
3298.3249999999925
4735.500000003684
8311.825000013596
6922.025000012285
2458.34999999886
5758.400000005447
8752.25000001431
4994.100000004811
5273.300000007226
10020.825000018924
3063.025000001183
4984.800000005253
3033.0249999996877
4214.100000003337
2077.349999999206
4686.9750000011745
3876.224999998187
1962.94999999931
5293.075000004976
2936.7250000000595
2763.4999999988786
6983.000000011168
4371.050000002372
6079.1250000090195
3362.525000003072
6203.525000007212
5111.8500000055465
2991.400000001079
8012.1000000121
4634.650000004502
2222.149999999019
4434.0750000034695
3646.0750000001935
2728.1999999986147
4740.850000004115
3891.125000000451
4623.625000003627
3519.27499999822
3209.5499999982017
4864.000000006487
1697.5749999995373
6903.775000011596
4608.775000004939
1657.549999999588
3667.900000001794
2580.5749999998407
5482.100000006136
4054.350000001782
5854.275000005827
3998.9000000005904
5443.27500000564
3144.599999999483
2088.1999999991963
3817.199999998757
4730.125000004932
2889.19999999909
3245.9249999993344
5575.525000004829
7557.075000011338
3892.5000000017462
4413.750000002324
7431.9500000131
6165.85000000661
3416.3749999984348
5689.400000003839
2832.77499999885
3497.37499999904
5632.600000004277
7712.675000012554
2387.0999999989244
6196.025000009649
2982.0999999985847
2972.87500000163
3669.250000002137
6481.525000011612
4660.550000004858
3433.899999999812
2255.6249999989363
10022.35000001893
3813.3000000026345
7021.900000011701
4198.575000000884
6048.475000007778
7414.550000012461
2551.2500000001583
2051.999999999229
5325.0000000055525
2981.8499999988917
2739.7749999988905
4398.050000000866
2752.374999998592
3166.0999999990768
4828.175000005265
2632.6499999987013
4416.800000005079
3001.5999999990586
5218.1750000067295
3313.5250000000165
4182.750000000879
6343.825000008681
3208.850000000784
5605.050000004763
3530.074999999932
4582.350000006539
3995.0000000065056
7675.675000011655
6842.400000013314
5016.075000004155
2043.1999999991267
4372.125000001939
6388.97500000881
3217.7500000004407
5423.825000004499
6574.050000011534
5003.200000004646
3011.925000001687
8118.5500000127195
3073.8999999983
4079.850000004506
3210.1499999992484
3421.6999999979835
5133.025000003343
4681.450000005233
5978.800000007323
4668.900000004979
2253.9249999990457
6109.225000007917
2550.074999998776
5777.300000005078
2572.1249999987563
5332.225000005203
5959.3250000066855
3499.549999998004
2871.599999998484
2164.474999999121
5046.500000005449
4276.350000005909
2941.7749999986613
5710.125000007487
5405.025000008014
4904.875000005974
5987.800000007743
6305.750000007765
5117.6000000072545
6455.250000010172
2506.1499999988164
3227.7250000015288
2777.9999999996144
3056.250000001412
4470.775000003614
6316.425000007024
2652.499999998683
6775.900000010599
5964.525000007565
7999.375000014684
2417.99999999909
7338.25000001043
3805.3500000008685
6019.825000006287
3560.0000000012824
4309.775000003971
7590.175000010082
4732.425000004985
4632.875000004517
5025.025000004576
5198.8250000060525
5587.20000000627
2222.8249999989885
8417.925000013092
4330.10000000579
3334.099999999518
7612.72500001153
4154.800000005833
2672.3999999988396
5792.450000006841
4997.47500000615
4647.600000003597
6338.775000007006
3550.1250000016794
5468.600000006043
2205.32499999909
4042.550000003578
3212.649999998282
6111.625000010445
3325.9750000040854
4006.87499999988
5627.325000006631
2310.1749999989947
2539.099999998786
5983.850000007395
8520.525000014495
2238.2749999990597
7660.800000010338
6352.075000005578
2377.049999998934
6957.475000010274
9977.925000018768
4216.875000005988
4388.8250000059
3371.7749999992925
3450.4999999991187
4739.750000002752
5239.550000004146
5865.000000008048
4304.175000002215
4532.875000005517
2091.149999999142
3630.0999999983337
1473.0249999997015
3558.449999998479
2048.249999999233
3517.5250000019632
4690.2250000017975
4906.325000001969
4557.575000006762
6733.700000007784
2117.599999999079
5333.150000008313
5953.775000005517
4771.725000004377
3012.950000000773
5142.92500000508
2350.274999998906
3061.6499999985404
4670.200000004399
2033.9249999992458
3081.6499999987423
3576.1000000026233
5644.67500000422
6683.375000008904
8309.250000014199
3198.949999999014
3719.5999999987735
4793.600000005387
8047.375000011875
4562.275000005514
4724.250000001953
4172.775000002584
7597.825000010109
3693.3500000036875
9433.32500001895
3315.849999999434
5219.225000003601
4530.075000005112
3191.500000002227
4048.4500000009143
4208.100000004466
3568.5500000020397
2842.0749999985105
2533.3249999987916
4041.8249999992054
4730.5500000039065
7567.725000011971
3142.3749999982374
6546.550000007302
3515.350000000173
2227.0499999990698
6338.600000007014
2744.099999999841
6544.800000009538
5175.400000005351
2835.0249999997413
5525.800000005653
4070.825000002219
4130.575000001365
3746.0999999986016
2736.8750000005343
2432.2750000002097
3904.3249999991926
3697.9500000006465
4871.300000004008
7595.850000012204
2981.499999998384
6041.950000008483
6841.600000008236
3379.650000000974
3834.850000000658
7443.00000001307
5567.850000004139
5010.875000002495
3291.1500000009555
5899.825000007371
2330.374999998976
4987.8500000056265
4603.025000006147
4540.900000004587
7393.300000010879
3065.9999999997626
4355.7500000067475
6015.475000007147
4206.5000000033415
2300.524999999003
5723.075000007555
5511.050000005872
3604.6499999991647
5240.950000003953
5362.500000005764
4752.950000002385
5874.00000000701
2706.0249999988246
6322.975000008558
7011.150000012861
3611.774999999479
5393.800000005387
3043.174999999505
5401.125000005861
4064.8000000051225
2227.04999999907
5393.600000003947
2508.574999998814
3382.2999999990147
4155.600000002798
3654.475000000366
4319.575000003024
5742.050000004901
4558.85000000366
5091.7250000042795
3603.899999998847
6602.275000011696
4463.000000004658
4592.625000000933
5411.025000006426
8011.850000012087
6054.000000006632
3476.8249999989766
3114.1249999997426
5765.575000004672
3868.0500000022807
3495.1499999995544
5552.2250000051645
2289.0749999990135
6031.900000005256
3166.6249999997763
2946.299999999382
5133.800000003158
4572.875000004968
3916.60000000131
4221.925000000945
3563.499999999541
4787.150000006541
7483.875000009695
6185.27500000984
3159.0000000011023
6025.55000000655
3198.0750000029966
5195.350000001369
7035.500000011232
5782.050000006582
6550.750000007572
6838.200000007992
3607.6249999990637
3043.1749999983276
4982.550000005136
5512.125000006851
5191.475000006609
2238.024999998982
5722.750000004119
4395.57500000259
3955.9250000031116
3853.600000000293
5841.4000000037195
6232.175000005882
5026.100000005868
5202.525000006913
