5173.925000004738
6859.400000009612
4161.300000004932
2205.07499999909
1752.6499999995015
7849.7750000116785
1706.1499999995438
4220.500000004463
1712.7999999995377
1736.3749999995164
2094.8749999991905
8282.775000013997
3127.6500000023934
3504.3250000026696
7082.15000001084
6735.875000009537
6116.650000008944
1897.6499999993696
2315.12499999899
3909.8749999999213
3139.2750000010574
2800.3999999991715
1916.3749999993524
6524.675000009738
2242.6499999990556
3084.549999999419
5341.150000005442
1741.9249999995113
3452.10000000211
3988.824999999788
6164.300000005598
2729.749999998613
5678.40000000733
3961.450000001218
5646.050000004494
1906.2749999993616
9198.00000001593
3129.5000000010996
2248.349999999051
3924.675000000472
4003.8250000050757
1460.674999999767
6805.900000010149
7386.025000010298
3001.7750000020887
5315.100000007569
3762.0750000041826
3207.325000001503
2052.1499999992293
4363.525000004748
3431.375000002542
4392.875000004721
3267.024999999979
2224.949999999072
3618.0250000036394
3093.599999998485
5609.075000004088
2521.599999998802
2096.974999999188
4154.925000000154
5083.250000006106
8633.650000016107
1622.1499999996204
1565.4499999996717
5687.050000008017
2880.6999999995714
3411.2750000020924
3487.250000001567
1804.899999999454
4224.100000004875
3893.4250000051757
2723.2750000001042
4793.325000004357
8569.775000013644
8141.150000014587
3791.175000002179
4437.025000004682
4569.725000004561
5877.175000008875
8539.500000013535
2478.9749999988408
2699.92499999864
2952.7749999991433
4558.700000004571
3542.425000000484
3278.9500000010257
3543.0500000016395
5418.650000004825
3392.0250000030037
2772.249999998574
4745.675000002262
6301.525000010607
2563.8999999987636
2447.5499999988697
1947.1749999993247
5894.050000008792
4423.125000004694
4092.450000001591
4524.675000004601
2713.575000001455
4670.425000004469
4375.800000004737
1966.224999999307
2021.6249999992567
5503.675000004865
5068.450000004107
4777.675000004371
6644.850000010295
9192.27500001591
1799.7249999994585
2156.774999999134
4899.025000005573
4884.825000005035
1679.599999999568
4276.575000004827
4739.300000004407
3837.8250000044363
4558.750000004571
4377.575000004736
6764.275000007142
5073.550000006036
4410.500000004706
4460.50000000466
4444.300000004675
3686.1250000005202
5339.17500000666
4720.250000004424
4502.700000004622
2624.825000000478
2278.274999999086
2611.2750000002734
4857.300000004752
2946.999999998415
3041.0749999991845
4003.600000005076
2031.0249999992482
2061.4749999992205
4650.050000004488
3458.25000000314
3732.725000004483
6294.550000006621
2079.374999999204
5730.925000006213
3799.650000005261
5259.32500000709
6476.275000010449
5694.675000007106
3240.199999999405
2006.97499999927
4860.300000005112
3582.5250000010155
3956.57500000259
6232.500000009868
4251.675000002765
3230.92499999994
2766.4999999985794
4075.5750000043085
6344.450000010568
5105.900000005115
6124.8000000085985
4421.150000000223
2170.849999999121
5454.300000005503
5401.65000000549
3935.550000005137
6595.925000010339
6612.925000010324
2406.9749999989062
2816.1999999990903
2870.8249999986756
1918.2999999993508
6747.700000010202
4155.324999999171
3680.5500000006414
1540.5999999996943
2969.0750000003873
2327.049999998979
5468.00000000762
4802.325000004349
1855.7999999994076
3031.5750000005946
4561.175000004569
3102.300000000532
2019.149999999259
3920.600000005151
1943.6249999993279
7714.900000012766
3077.050000000074
1575.6499999996624
4685.32500000507
2084.8249999991995
2992.7999999990566
2907.8249999991986
2040.7999999992394
1726.749999999525
2114.0749999991726
4143.750000002314
6688.675000008944
4687.325000003757
5903.550000008885
5092.000000004085
1566.349999999671
4331.900000003946
2729.5249999986127
2607.549999998724
3007.525000001168
6718.175000009118
2064.349999999218
2460.049999998858
3721.5749999997397
4166.449999999991
4776.475000004373
3568.225000001602
6970.400000010397
2564.0249999990547
6993.150000010659
1980.0999999992946
1557.8999999996786
4907.425000005017
1938.3749999993327
3252.275000000434
4293.800000004811
3177.5750000003586
3923.2000000022704
4822.225000004331
3222.6250000005416
1731.6249999995207
1752.6499999995015
2679.224999998659
3284.549999999626
3759.800000005297
2497.399999999588
2048.3999999992325
2643.1999999986915
3083.9749999995615
5056.075000004328
2165.174999999126
2589.574999998981
4046.125000005037
3206.700000000593
4341.549999999904
1867.0999999993974
4882.550000004383
1808.8999999994503
5293.9000000050355
4170.950000003531
5457.300000004925
2448.5749999988684
2199.1499999990956
2789.849999998558
8177.775000012474
3898.9500000051708
4413.775000004703
2467.1249999988513
5184.250000005545
7262.275000011572
3413.8250000016715
4795.200000004799
4487.450000002261
2317.64999999914
6922.050000010043
7185.925000010819
3118.999999999375
4705.025000005264
2958.375000000733
3639.4000000026954
1732.3749999995198
3198.224999999351
1810.8499999994488
2986.7249999985893
1783.3749999994734
1759.4249999994954
2441.574999998925
6344.300000005709
5443.200000004763
3557.700000000596
4326.975000001029
7558.925000012119
1682.0499999995657
3727.6999999991554
2971.0999999996257
2134.649999999154
1951.2249999993207
2370.3999999989396
2552.949999998774
3997.0500000010434
1923.0999999993464
1882.3999999993835
1815.4249999994445
3989.000000005089
1864.6999999993996
5037.925000005227
2991.1749999995095
5307.300000002521
5490.050000005518
3133.0249999996395
2242.8999999990556
2265.2249999990354
4974.825000004193
3532.625000000929
3840.250000005224
5305.050000006149
4675.025000004465
2277.574999999024
3841.825000005223
4386.775000004727
2151.0249999991393
3260.5750000011294
2714.3999999998045
2483.299999998837
3442.3250000007474
2631.3749999989263
4699.550000002245
4097.300000004991
2254.649999999045
4352.775000004758
3135.2000000002367
2957.599999998574
3451.025000003492
4251.275000004851
3140.6500000026817
2094.7999999991903
2756.0249999995567
4352.575000004758
3971.050000005105
2477.599999999193
6926.125000010039
1363.5749999998552
3317.0250000004207
4545.100000004583
4950.075000004215
2038.2749999992416
3781.525000001096
1650.774999999594
1914.674999999354
2424.3749999988904
4824.9250000043285
3599.5500000027523
5537.4500000049775
3332.450000000228
4232.550000004868
5116.700000004066
2743.3249999986006
7864.525000012675
3818.800000001591
5292.825000004167
3100.9750000006234
4391.675000004723
1812.3249999994473
2262.849999999037
1833.1999999994282
3123.6250000024907
1904.3499999993633
2515.6499999988073
3095.0250000027017
5058.200000004117
4632.700000001739
3533.0749999990644
3228.274999999443
4565.525000004564
2189.3499999991045
1655.6499999995895
4121.450000004968
4619.525000004515
3556.5250000007827
3429.6250000024847
2607.749999998724
2223.699999999073
4081.8500000050044
3995.325000005083
3694.8500000001004
3937.375000005136
5175.425000005167
4557.050000003534
4272.825000004831
6649.150000009031
5394.5750000060025
2071.974999999318
3481.349999998426
3868.6250000051987
2418.174999998896
1709.8999999995403
5542.600000005487
5035.600000003461
2575.9749999987525
4536.200000003253
5759.800000006879
5189.925000003283
2595.1249999987353
4884.9500000042735
1955.6499999993168
3811.2750000024894
1710.5749999995396
3183.5249999993016
4187.225000004909
6573.55000001036
2492.3500000000595
3362.824999998952
3958.8750000051164
5987.300000007186
6764.150000009682
7110.675000010228
3007.575000000263
4187.800000002551
7748.025000010656
3165.3250000018816
2342.299999998965
2804.0499999985454
3331.550000000956
5288.425000002921
1493.3999999997372
5162.575000004022
5119.67500000406
4322.825000001393
4669.800000004558
4569.525000004562
1801.249999999457
1969.0749999993047
4077.050000005009
4527.325000002504
6769.050000010182
5849.475000009006
2078.5499999992053
2166.824999999125
1610.149999999631
2069.0999999992137
2747.149999998597
4993.275000005088
4786.975000005101
4869.475000005066
5157.0000000054815
3098.499999999454
4125.050000004965
4423.200000004694
3422.0250000018177
4098.175000001907
5400.575000004619
2335.0499999989715
2729.400000000132
4556.800000004824
3358.0500000023976
2794.6499999985535
1347.2249999998703
3651.0250000024043
2619.6499999996427
2711.0749999990558
2521.3499999988335
6207.6500000082415
2375.599999998935
2710.5500000008537
4119.400000004971
2057.9749999992237
5354.7000000040025
1392.4249999998292
2616.7999999992303
2490.97499999883
1875.8999999993894
4518.800000001422
3136.9749999984015
4677.200000004463
5666.5250000088145
5091.775000006192
5017.8250000041535
2269.799999999031
2001.4249999992753
1922.2999999993472
4234.525000004865
4848.525000005485
4358.350000004753
2256.9749999990427
3931.075000001217
2388.7749999997513
6539.650000008141
3629.575000000981
3591.650000003763
2201.024999999094
6682.1500000102615
2386.9999999989245
6436.525000010484
2649.8750000000828
3163.949999998793
5584.525000006585
2412.1749999989015
3879.5250000051883
4330.275000004778
1868.0499999993965
2222.074999999075
2822.249999999012
2736.224999998607
2280.1999999990217
4279.10000000388
1718.0999999995329
2998.1000000003287
3043.199999998737
4658.025000004145
1600.4499999996399
4180.0250000049155
3148.32500000196
4498.875000004626
2805.724999998544
7272.875000010946
3834.224999998778
4050.8750000050327
2130.7999999991575
2658.4499999986774
4138.525000004953
4429.775000004688
3148.4249999987696
2402.099999999869
2346.6499999989614
2476.5249999988428
4819.250000004526
2696.099999998857
4697.700000004722
3470.3500000016807
3112.0749999998247
2070.0999999992127
5283.325000003912
6669.225000009967
2939.200000001639
2422.8749999988922
6207.525000007256
4417.5500000046995
4124.575000003813
5707.300000007071
4499.025000004624
2477.374999998977
6531.025000010399
4016.6000000050635
4034.100000005048
6260.925000007548
2811.4499999985383
2836.9999999985152
5547.050000006255
2698.47499999902
2449.3249999992177
4403.325000004712
1806.2999999994527
1844.8249999994177
2842.299999999688
3839.44999999916
1502.2249999997293
6854.800000010104
4139.300000004952
3633.825000000593
2522.174999999638
3056.525000000377
4051.4750000003564
3040.2500000017353
3078.7749999995895
2855.2499999984984
1837.6499999994244
4549.550000004614
3004.0499999994126
5117.300000001085
2024.699999999254
4408.025000004707
2299.499999999004
2233.574999999064
2937.4749999984524
5979.425000009389
2015.6249999992624
1539.649999999695
1919.5999999993496
2177.724999999115
4506.075000004618
6615.300000008168
2302.974999999001
2122.9249999991644
2550.549999998776
7208.875000010839
3751.675000002758
3407.850000002308
5788.925000008106
2127.6999999991604
2722.799999999265
4045.950000005037
6394.30000000784
3484.5500000004613
3875.325000002389
3284.5499999995814
2971.0999999991836
3980.3500000050967
4280.2500000035525
2674.324999998663
1652.9249999995923
2175.7999999991166
7291.150000011241
1972.4749999993014
2670.974999998666
4680.400000001545
4015.400000005065
4139.775000004952
3706.4249999999356
2951.2249999990627
4075.80000000501
2620.849999998712
2427.974999998887
4301.700000004805
2296.5999999990067
3240.450000000578
2117.9499999991694
1993.1249999992829
2064.5999999992177
3549.825000001423
1810.8749999994486
4329.950000004779
2301.074999999003
4519.050000004607
2638.124999998929
4990.45000000457
2181.649999999111
2616.349999999575
3745.5750000005237
1654.5749999995908
4557.20000000271
3538.575000001715
3678.575000002039
5112.075000003125
3927.9750000051445
3685.9749999999635
6225.925000010676
1861.4499999994023
6188.1750000107095
3861.074999999481
5991.800000006062
4758.775000004389
5171.425000005589
2684.324999998654
5989.650000006907
4189.0750000045455
2545.749999999866
2374.5749999989357
3070.5000000003083
4083.450000002288
2590.8249999994464
2738.5749999986047
4174.200000004019
7313.775000009965
6476.700000010448
1953.7999999993185
4785.475000004364
7763.275000011041
4269.625000004834
4972.300000005016
8909.525000015856
2777.0500000004295
4405.50000000471
2353.599999998955
3577.2250000011095
1615.1749999996264
3957.5750000012326
2972.749999998392
1714.699999999536
4492.700000004631
2626.125000000342
2424.2499999988904
6349.400000010563
3702.1750000029806
5451.475000007344
3008.3500000014924
5561.200000005811
4627.27500000476
2507.374999999619
6992.300000009979
4085.8000000050015
1835.824999999426
3921.1500000033975
3052.8999999990524
2268.3249999990326
4015.8250000020976
3388.9749999980622
3976.2750000018264
2796.2749999988773
2616.474999998716
4212.275000004885
1501.4999999997299
6344.300000010568
4181.700000004914
1469.1499999997593
3208.0249999996795
2185.8749999991073
4541.425000004587
3262.4500000011103
5141.675000005902
3094.1749999998
4616.400000004518
2389.5499999989224
1613.6249999996278
2717.749999998624
4239.725000004861
2405.6999999991713
2631.7249999987016
4503.325000000928
6458.550000007613
3233.9249999999743
3588.475000000435
6886.150000010076
5199.300000004952
2749.7249999985947
4749.675000002415
2402.399999999241
2821.049999999655
4995.700000004194
6932.175000010266
1686.149999999562
5581.700000008072
2383.649999999129
2639.3250000000708
3077.7750000014407
5851.050000008865
4289.300000002504
2749.174999998595
2057.074999999225
8955.250000015047
3146.2750000008396
6478.550000010446
3606.775000001422
5332.050000005541
6497.425000010429
2163.374999999128
1606.9249999996339
4660.800000004562
2461.724999998856
2112.449999999174
3448.4249999995654
2325.5499999989806
2498.2749999989596
4099.575000003786
2155.0999999991354
3971.4000000051046
2312.9749999989917
4667.575000004472
2885.074999999233
3368.549999999439
5606.2000000057105
2876.0499999996723
4623.825000004512
2909.27499999845
4318.07500000479
3796.825000005264
6824.650000010131
6310.500000010599
4366.800000004745
1766.8749999994886
3880.4250000002385
5526.425000005824
2701.174999999787
4530.325000004596
5973.025000009679
4447.175000001516
2743.5750000009157
7357.150000011545
2550.9749999987753
3792.1250000047676
2863.9749999984906
2633.9499999986997
4046.6750000003935
4378.050000004579
5240.675000006133
4220.650000004878
1849.5749999994132
5344.125000004805
2089.8749999991946
4913.950000004248
2081.874999999202
4596.725000004536
5127.700000004786
2771.349999998666
2146.449999999143
1780.1249999994766
4380.400000004734
3819.325000005243
2211.949999999084
5026.175000005394
5040.500000005749
4467.825000004654
5131.725000004813
5533.650000006396
4748.275000004398
5754.025000007907
1965.449999999308
2924.075000000023
2399.599999998913
2647.625000000621
3788.325000004235
5496.175000005678
2133.849999999155
5980.475000008719
5332.4250000058
7349.175000011395
1995.049999999281
6280.050000008467
3118.9999999992647
5278.17500000586
3051.4500000000085
3751.950000000709
6485.000000006061
4067.700000003485
3757.525000002942
4301.125000004805
4435.050000004683
5027.075000006404
1886.1749999993801
7150.775000009125
4020.8750000050604
2721.3249999986206
6665.525000008693
3913.3500000051577
2079.6749999992044
5233.725000004146
4304.575000004802
4009.0750000036905
5286.150000003525
3107.3000000020825
4705.950000004437
1760.1249999994945
3688.325000002251
2334.799999998972
5609.250000007604
3246.100000002539
3299.8749999994243
4646.67500000449
1796.0499999994618
2071.974999999211
4970.07500000421
7658.775000011359
1881.1749999993845
6780.025000007741
5414.575000004614
1804.849999999454
6116.025000008624
8902.275000015426
3855.0500000052107
3990.7750000050873
2508.1999999988143
2810.4499999986283
3991.925000001663
4207.75000000253
5293.525000006999
3791.8000000010006
4034.1500000050482
1834.399999999427
2658.8249999986774
1323.6499999998916
2721.59999999862
1640.9249999996032
3107.80000000005
3720.824999998816
4046.200000001184
4101.350000004986
5944.900000006258
1920.299999999349
5044.575000006924
5217.425000004498
4102.975000004985
2545.1499999997095
4510.700000003499
1972.2249999993016
2428.0749999988875
4097.275000003672
1643.9499999996003
2589.8499999987403
3158.5250000025508
4870.350000002622
6030.425000009086
7483.125000012066
2513.449999999637
2976.0999999989936
4202.950000004894
7138.650000010798
4271.050000004832
3594.1999999988584
3461.924999999777
6540.275000007492
3162.0250000022133
8648.525000016094
2891.34999999874
4304.575000000454
4232.575000004867
3014.825000000309
3423.5750000001167
3779.5000000043287
3173.8000000004486
2232.749999999065
1960.749999999312
3352.1749999982544
4033.700000001185
6742.4250000102065
2473.3499999988458
5442.025000003806
2773.949999998573
1736.8499999995158
5407.5250000057895
2319.3249999998193
5849.550000007475
4657.325000004481
2226.5499999990707
4956.7250000056365
3496.325000002742
3181.2499999996935
2895.7499999986744
2503.8499999996493
2220.1249999996007
3045.4749999983255
2912.6499999999915
4452.450000002023
6840.400000009788
2302.2749999990015
5344.7500000066975
5710.300000005616
2885.050000001424
3121.4500000002768
6866.925000010093
4746.425000004399
4217.800000002469
2590.549999999452
5187.425000005459
1799.7749999994587
4354.300000004757
4319.825000004788
4029.575000005052
6429.050000007976
2665.049999999713
4137.150000004955
5260.950000006102
3762.175000001952
1847.599999999415
5231.800000006517
4918.950000004243
2918.7999999987082
4577.550000004554
4790.17500000436
3830.425000001869
5165.950000004019
2173.549999999119
5623.375000007727
6666.925000010275
2959.824999998418
4614.8000000045195
2529.374999998795
4761.9500000050175
3685.600000003581
1779.0999999994774
4670.875000004469
1988.3249999992872
2758.774999999582
3946.9250000007637
3057.2999999994436
3902.050000001482
4886.050000001985
4006.7750000035257
4254.150000002319
2962.549999998401
6010.0000000093005
3969.300000005107
3568.424999999171
4686.000000004455
7014.800000009844
4966.200000002527
2601.2249999992064
2473.824999999725
4868.47500000486
3423.825000001324
2578.5999999987503
4806.200000004346
1849.899999999413
5259.650000003865
2696.6250000002037
2512.5499999988106
4232.050000002599
4060.775000005024
3124.474999998904
3461.9500000003777
2958.7249999984047
4301.275000004805
6481.300000006047
5644.5000000078435
2496.149999999914
4995.825000003401
2922.075000001337
4072.575000000361
6221.700000008584
5079.950000004357
5614.425000004991
5927.800000005094
2967.9749999996457
2384.099999998927
4336.7250000047725
4979.025000005565
4590.900000004542
1827.0499999994338
4797.725000004353
3899.5250000025353
3580.9500000034523
3229.074999999406
4810.80000000217
5126.8250000036405
4557.800000004824
4879.700000005716
