10800.000000021759
10800.000000021759
10800.000000021759
4853.5000000001255
4865.500000000169
10800.000000021759
4694.399999999547
10434.000000020427
4876.200000000208
5118.100000001088
5513.400000002526
10800.000000021759
7740.0000000106265
8284.000000012606
10800.000000021759
10800.000000021759
10800.000000021759
4533.499999998961
5666.3000000030825
7743.400000010639
7000.600000007937
6649.300000006659
5060.300000000878
10800.000000021759
5626.400000002937
7278.2000000089465
10800.000000021759
5047.500000000831
7750.000000010663
7317.300000009089
10800.000000021759
7061.400000008158
10800.000000021759
7373.000000009291
8998.600000015205
4822.300000000012
10932.900000022242
6603.00000000649
6046.300000004465
8103.400000011949
10800.000000021759
4248.4999999979245
10800.000000021759
11877.70000002568
7371.000000009284
10800.000000021759
9821.000000018197
7021.000000008011
5013.500000000708
10800.000000021759
8114.000000011987
10800.000000021759
6403.500000005764
6215.40000000508
9228.00000001604
6302.300000005396
10800.000000021759
7054.400000008132
5863.5000000038
8197.40000001229
10800.000000021759
10809.600000021794
4833.200000000052
4639.299999999346
10800.000000021759
5646.50000000301
7702.000000010488
7301.0000000090295
5046.400000000827
10800.000000021759
10800.000000021759
5834.600000003695
10800.000000021759
10800.000000021759
10800.000000021759
8674.500000014026
10800.000000021759
10800.000000021759
10800.000000021759
11351.000000023763
5491.300000002446
6507.200000006142
5416.600000002174
10800.000000021759
7372.400000009289
6817.800000007272
7409.000000009422
10800.000000021759
8488.000000013348
6252.400000005215
8816.000000014541
10800.000000021759
6850.2000000073895
6177.3000000049415
4629.39999999931
10800.000000021759
10800.000000021759
7186.1000000086115
10800.000000021759
6583.000000006417
10800.000000021759
10800.000000021759
4883.400000000234
4796.99999999992
10800.000000021759
10800.000000021759
10800.000000021759
10880.00000002205
11825.80000002549
5269.300000001638
5226.300000001482
10800.000000021759
10800.000000021759
4716.299999999626
10800.000000021759
10800.000000021759
10105.00000001923
10800.000000021759
10800.000000021759
10800.000000021759
10800.000000021759
10800.000000021759
10800.000000021759
10800.000000021759
7492.500000009726
10800.000000021759
10800.000000021759
10800.000000021759
5653.000000003034
5342.300000001904
5462.000000002339
10800.000000021759
7542.400000009908
6830.500000007318
10800.000000021759
5123.300000001107
5501.400000002483
10800.000000021759
8661.000000013977
10062.000000019074
11306.2000000236
4963.500000000526
9837.000000018255
10800.000000021759
10800.000000021759
11114.300000022902
10800.000000021759
7752.400000010672
5411.300000002155
10800.000000021759
6631.000000006592
8576.000000013668
10800.000000021759
8966.000000015087
6728.400000006946
6499.400000006113
10183.000000019514
10800.000000021759
8716.400000014179
10800.000000021759
9558.300000017241
5728.100000003307
10800.000000021759
10800.000000021759
10800.000000021759
10800.000000021759
10800.000000021759
5948.200000004108
6735.200000006971
6677.400000006761
4562.3999999990665
10800.000000021759
7932.4000000113265
7433.300000009511
4387.39999999843
5877.500000003851
5855.30000000377
10800.000000021759
10800.000000021759
5073.4000000009255
6628.500000006583
10800.000000021759
7017.400000007998
5657.40000000305
10800.000000021759
4579.399999999128
11581.400000024601
7046.2000000081025
4363.3999999983425
10800.000000021759
5339.400000001893
7498.300000009747
6815.3000000072625
5066.4000000009
5099.30000000102
5704.400000003221
7668.300000010366
10800.000000021759
9587.000000017346
10800.000000021759
10800.000000021759
4491.399999998808
9086.000000015523
7181.500000008595
6604.300000006495
7083.200000008237
10800.000000021759
5835.300000003697
6040.100000004442
8630.400000013866
8018.300000011639
10800.000000021759
7396.000000009375
10800.000000021759
5785.400000003516
10800.000000021759
4814.299999999983
4598.299999999197
10800.000000021759
4770.399999999823
6531.50000000623
10800.000000021759
7248.200000008837
8268.000000012547
10800.000000021759
7780.500000010774
5097.300000001012
5012.200000000703
7119.200000008368
6495.400000006099
10800.000000021759
6073.200000004563
5350.300000001933
6162.300000004887
5527.600000002578
10800.000000021759
5522.300000002559
5957.500000004142
10800.000000021759
7063.500000008165
7463.2000000096195
5170.300000001278
10800.000000021759
5137.400000001158
10800.000000021759
9576.000000017306
10800.000000021759
5459.200000002329
6082.400000004596
5466.500000002356
14890.000000036638
10800.000000021759
10800.000000021759
6662.400000006706
10800.000000021759
10800.000000021759
7334.0000000091495
10800.000000021759
8711.000000014159
5451.000000002299
10800.000000021759
10800.000000021759
7045.200000008099
10800.000000021759
6144.00000000482
8415.000000013082
4594.399999999183
6591.600000006449
5209.30000000142
6986.400000007885
4759.4999999997835
4788.499999999889
5837.400000003705
10800.000000021759
11310.100000023614
7114.600000008351
7517.600000009817
11614.700000024723
4792.399999999903
8037.300000011708
7222.200000008743
6344.300000005549
5098.300000001016
5132.40000000114
6293.3000000053635
7986.300000011523
5538.200000002616
5102.300000001031
4329.199999998218
10800.000000021759
4778.499999999853
10800.000000021759
6155.300000004861
9515.100000017084
10800.000000021759
6892.0000000075415
5210.000000001422
5675.300000003115
10800.000000021759
6166.0000000049
10800.000000021759
10800.000000021759
10800.000000021759
5987.400000004251
10800.000000021759
10800.000000021759
5870.300000003825
7291.500000008995
6219.400000005095
6279.3000000053125
7132.5000000084165
6432.300000005869
7322.000000009106
10800.000000021759
6686.300000006793
10800.000000021759
6855.500000007409
6507.300000006142
8965.000000015083
10800.000000021759
8004.000000011587
4924.400000000383
5815.400000003625
10800.000000021759
10800.000000021759
5748.400000003381
10800.000000021759
4008.29999999745
5720.60000000328
10800.000000021759
10800.000000021759
4886.300000000245
7012.50000000798
4865.300000000168
5702.400000003214
5714.500000003258
10800.000000021759
8433.000000013148
10800.000000021759
6886.300000007521
10800.000000021759
10800.000000021759
6138.4000000048
11296.600000023565
7274.000000008931
10800.000000021759
6817.5000000072705
10800.000000021759
4836.300000000063
5676.400000003119
4579.599999999129
7822.000000010925
5347.300000001922
6657.300000006688
7985.000000011518
10800.000000021759
9388.400000016623
7202.30000000867
7562.20000000998
10800.000000021759
5658.400000003054
4443.399999998634
10800.000000021759
10800.000000021759
7651.400000010304
8062.000000011798
6623.500000006565
5910.4000000039705
10800.000000021759
10800.000000021759
7432.200000009507
10800.000000021759
10800.000000021759
9068.000000015458
10800.000000021759
10257.000000019783
11658.700000024883
4915.700000000352
6573.4000000063825
10800.000000021759
5034.300000000783
4604.399999999219
10800.000000021759
9312.300000016347
6058.500000004509
9623.000000017477
9846.000000018288
10239.100000019718
7043.200000008092
10800.000000021759
5189.300000001347
8371.000000012922
4383.299999998415
6262.900000005253
10800.000000021759
10800.000000021759
5410.700000002153
6177.3000000049415
10800.000000021759
10800.000000021759
10800.000000021759
10800.000000021759
6758.800000007057
7921.500000011287
10800.000000021759
7320.000000009099
6359.400000005604
7713.200000010529
6754.600000007042
10470.100000020559
4385.499999998423
10800.000000021759
10800.000000021759
7506.000000009775
10800.000000021759
10800.000000021759
4867.500000000176
4653.399999999398
10800.000000021759
8956.00000001505
10800.000000021759
10800.000000021759
4838.400000000071
5641.200000002991
4453.39999999867
5731.300000003319
5544.200000002638
10800.000000021759
8723.000000014203
8396.700000013016
10800.000000021759
7448.300000009565
10800.000000021759
10800.000000021759
7469.000000009641
7886.60000001116
10800.000000021759
5577.300000002759
6008.500000004327
10800.000000021759
7928.0000000113105
6284.400000005331
3952.299999997501
8168.000000012184
6219.500000005095
6525.200000006207
5543.400000002635
10800.000000021759
6042.400000004451
6052.000000004486
10800.000000021759
5609.4000000028755
9551.400000017216
4036.3999999974244
5824.000000003656
5785.300000003515
4510.499999998878
8603.200000013767
6025.3000000043885
10800.000000021759
10800.000000021759
10800.000000021759
10800.000000021759
6498.200000006109
5344.400000001911
4866.200000000172
10800.000000021759
10800.000000021759
10800.000000021759
6094.3000000046395
7348.0000000092
4944.500000000457
10800.000000021759
6578.2000000064
9316.00000001636
5545.200000002642
10800.000000021759
5826.200000003664
10800.000000021759
5837.500000003705
7197.400000008653
10800.000000021759
6557.300000006324
10800.000000021759
10800.000000021759
4807.299999999957
5234.600000001512
6877.200000007488
5520.400000002552
5475.300000002388
9969.000000018736
5007.200000000685
6675.4000000067535
6095.200000004643
10505.000000020686
4296.399999998099
10800.000000021759
7375.000000009299
10800.000000021759
7306.300000009049
10800.000000021759
7243.40000000882
10800.000000021759
5119.3000000010925
6425.200000005843
10800.000000021759
10800.000000021759
6047.500000004469
5409.500000002148
6360.300000005607
6697.300000006833
10800.000000021759
6293.3000000053635
10800.000000021759
7535.400000009882
6698.500000006838
5010.500000000697
10800.000000021759
11125.300000022942
6926.000000007665
6152.10000000485
10800.000000021759
10800.000000021759
9786.00000001807
10800.000000021759
10800.000000021759
5978.400000004218
10800.000000021759
10800.000000021759
10800.000000021759
10800.000000021759
7043.500000008093
6800.400000007208
9065.000000015447
5472.300000002377
5467.500000002359
10800.000000021759
4604.199999999219
5139.300000001165
6743.200000007
7730.200000010591
4457.499999998685
10800.000000021759
10800.000000021759
7171.500000008558
5686.600000003156
6720.500000006918
6983.500000007874
7091.0000000082655
5844.40000000373
6311.400000005429
4669.499999999456
10793.000000021733
6042.400000004451
7649.400000010297
4461.5999999987
10800.000000021759
6033.300000004418
5858.200000003781
6010.400000004334
10800.000000021759
5422.300000002195
4598.199999999197
5318.400000001817
5283.300000001689
10800.000000021759
10800.000000021759
5822.40000000365
5403.400000002126
5993.300000004272
10800.000000021759
8560.00000001361
7889.000000011169
10800.000000021759
5142.300000001176
5692.400000003177
10800.000000021759
10800.000000021759
7311.800000009069
8334.000000012787
6711.4000000068845
6356.400000005593
10800.000000021759
7311.800000009069
6245.2000000051885
4646.399999999372
5791.300000003537
10800.000000021759
4844.500000000093
5534.500000002603
8508.200000013421
10800.000000021759
10800.000000021759
7620.200000010191
6165.5000000048985
10800.000000021759
6320.500000005462
5903.400000003945
10800.000000021759
4753.09999999976
6808.500000007238
5239.300000001529
5199.400000001384
5286.4000000017
6751.000000007029
5163.400000001253
10800.000000021759
6297.300000005378
10800.000000021759
6634.400000006604
10800.000000021759
5036.400000000791
5662.500000003069
6835.600000007336
4467.499999998721
9028.000000015312
7829.6000000109525
7869.000000011096
9971.000000018743
10800.000000021759
8186.4000000122505
10800.000000021759
5494.300000002457
10800.000000021759
7207.400000008689
10800.000000021759
10800.000000021759
8862.100000014709
6789.400000007168
9542.000000017182
10482.000000020602
5331.400000001864
5267.600000001632
6481.400000006048
8412.000000013071
6085.400000004607
5467.200000002358
10007.000000018874
10800.000000021759
10800.000000021759
5290.200000001714
10800.000000021759
10800.000000021759
10800.000000021759
10082.90000001915
11638.90000002481
5833.100000003689
10800.000000021759
6499.2000000061125
6342.000000005541
4730.399999999678
8575.300000013665
6875.5000000074815
5032.300000000776
10800.000000021759
5954.400000004131
5276.300000001664
10800.000000021759
8716.000000014177
10800.000000021759
6852.000000007396
10727.000000021493
10800.000000021759
6144.6000000048225
10800.000000021759
10800.000000021759
5489.3000000024385
9258.000000016149
5875.5000000038435
5516.400000002537
8554.40000001359
6115.400000004716
7148.500000008475
6586.300000006429
5752.300000003395
10800.000000021759
4391.299999998444
10800.000000021759
10800.000000021759
4221.299999997826
6249.500000005204
5434.400000002239
10800.000000021759
6719.000000006912
10800.000000021759
6779.3000000071315
10800.000000021759
6134.400000004785
4823.300000000016
7379.300000009314
10800.000000021759
5476.300000002391
5849.400000003749
8038.300000011712
10619.0000000211
6446.40000000592
7027.600000008035
10800.000000021759
10983.000000022425
6900.300000007572
9677.300000017674
5624.40000000293
6152.500000004851
10800.000000021759
10800.000000021759
4998.400000000653
10800.000000021759
5610.100000002878
5803.400000003581
6862.000000007432
10800.000000021759
8474.200000013298
5642.300000002995
5388.300000002071
12302.600000027225
6703.400000006855
10902.10000002213
7269.000000008913
10800.000000021759
10800.000000021759
5407.30000000214
4579.299999999128
10800.000000021759
6332.300000005505
5361.400000001973
7846.300000011013
5607.300000002868
5911.200000003973
9742.00000001791
6123.200000004745
10800.000000021759
5615.400000002897
10800.000000021759
6013.400000004345
7384.200000009332
10800.000000021759
6430.400000005862
10800.000000021759
6910.300000007608
10800.000000021759
10800.000000021759
10800.000000021759
10800.000000021759
10800.000000021759
4814.399999999983
6078.700000004583
10800.000000021759
5677.500000003123
10800.000000021759
10320.000000020013
9526.300000017125
6133.00000000478
10800.000000021759
5383.500000002054
10360.000000020158
5782.3000000035045
6736.4000000069755
8333.200000012785
10662.000000021257
9108.000000015603
10800.000000021759
5105.200000001041
10800.000000021759
5254.400000001584
10800.000000021759
6229.20000000513
10800.000000021759
10800.000000021759
6531.200000006229
5295.400000001733
4999.300000000656
10800.000000021759
10800.000000021759
5547.200000002649
10800.000000021759
10800.000000021759
10800.000000021759
10800.000000021759
10800.000000021759
10800.000000021759
10800.000000021759
4682.399999999503
6496.400000006102
6167.200000004905
5798.500000003563
9888.000000018441
10800.000000021759
6237.30000000516
10800.000000021759
10800.000000021759
12462.200000027806
5577.400000002759
10800.000000021759
6448.300000005927
10800.000000021759
5885.60000000388
7274.100000008932
10800.000000021759
9452.000000016855
8726.000000014214
10800.000000021759
10800.000000021759
9738.000000017895
5567.300000002722
11081.700000022784
10800.000000021759
6612.300000006524
10800.000000021759
10800.000000021759
5843.400000003727
10675.000000021304
10800.000000021759
9586.000000017342
9488.200000016986
7450.0000000095715
10800.000000021759
4896.400000000282
8063.000000011802
6055.300000004498
10800.000000021759
7963.000000011438
7211.300000008703
10800.000000021759
4630.2999999993135
5762.300000003432
10800.000000021759
11514.600000024358
5593.300000002817
10800.000000021759
10800.000000021759
4950.400000000478
10800.000000021759
11386.00000002389
10800.000000021759
10800.000000021759
5709.300000003239
5782.400000003505
7240.70000000881
8724.000000014206
10800.000000021759
8778.100000014403
10800.000000021759
5436.400000002246
6758.300000007055
3920.39999999753
6546.300000006284
4648.399999999379
7298.30000000902
7036.3000000080665
8019.500000011643
10800.000000021759
10800.000000021759
5115.400000001078
10800.000000021759
10800.000000021759
10800.000000021759
5761.400000003428
9553.000000017222
5866.20000000381
5756.30000000341
9640.000000017539
4876.400000000209
6422.300000005833
7903.0000000112195
7897.200000011198
10800.000000021759
10800.000000021759
5464.500000002348
5583.900000002783
10800.000000021759
10231.000000019689
10800.000000021759
7589.200000010078
6650.400000006663
11740.50000002518
7609.00000001015
10800.000000021759
6631.300000006593
7493.50000000973
10800.000000021759
7281.100000008957
6508.500000006146
9964.000000018717
6219.700000005096
5077.30000000094
5770.300000003461
6484.400000006059
7402.000000009397
10800.000000021759
6324.300000005476
9580.200000017321
6457.100000005959
4910.4000000003325
10800.000000021759
4991.600000000628
10800.000000021759
10800.000000021759
5462.30000000234
10800.000000021759
8341.000000012813
7747.200000010653
6904.300000007586
5584.100000002783
4815.599999999988
7400.400000009391
6158.600000004873
8315.000000012718
10800.000000021759
6105.200000004679
10800.000000021759
10800.000000021759
6693.000000006818
7432.100000009506
10800.000000021759
10800.000000021759
8678.000000014039
6046.400000004465
10800.000000021759
4772.29999999983
10800.000000021759
10800.000000021759
10800.000000021759
10800.000000021759
6133.400000004782
10800.000000021759
10097.000000019201
7859.0000000110595
5263.200000001616
10800.000000021759
10800.000000021759
6676.300000006757
10800.000000021759
10800.000000021759
7841.000000010994
10800.000000021759
5661.400000003065
10800.000000021759
10800.000000021759
6454.40000000595
10800.000000021759
5639.400000002985
10800.000000021759
9231.00000001605
5133.400000001144
10800.000000021759
5586.400000002792
5908.800000003965
7104.500000008315
5603.700000002855
7658.100000010329
8066.100000011813
9439.000000016807
7483.200000009692
7104.300000008314
10800.000000021759
10800.000000021759
7892.400000011181
10800.000000021759
11790.500000025362
9061.200000015433
5972.300000004196
5469.5000000023665
10800.000000021759
7049.700000008115
6517.400000006179
10800.000000021759
5150.300000001205
8470.200000013283
6396.500000005739
5299.100000001747
7188.000000008618
10800.000000021759
6914.300000007623
7701.400000010486
5913.300000003981
10800.000000021759
10800.000000021759
10800.000000021759
5410.600000002152
9982.000000018783
6646.000000006647
8657.400000013964
10800.000000021759
10800.000000021759
10800.000000021759
10800.000000021759
6924.200000007659
6279.400000005313
10800.000000021759
10800.000000021759
10800.000000021759
5002.400000000667
10800.000000021759
8482.000000013326
9034.000000015334
6224.300000005112
8100.100000011937
10436.000000020435
10077.000000019128
10800.000000021759
