9424.625000016757
9852.500000018312
8200.500000012302
4810.974999999971
4813.6499999999805
10335.450000020068
4664.799999999439
7278.800000008949
4875.000000000204
5084.350000000965
5440.825000002262
10730.675000021507
6146.1250000048285
7450.400000009573
9060.650000015432
9074.15000001548
9142.300000015728
4459.924999998693
5617.2250000029035
7693.075000010455
6975.225000007845
6596.600000006467
4959.925000000512
9869.675000018375
5618.100000002907
7202.7250000086715
7558.825000009967
4969.325000000546
6931.800000007686
7289.2000000089865
8919.400000014917
7060.600000008155
8598.22500001375
7081.125000008229
8924.075000014935
4690.324999999531
10894.525000022102
5922.075000004013
5982.000000004231
8070.750000011829
8079.675000011863
4182.349999997684
10019.650000018919
11822.525000025478
5675.625000003116
7864.250000011079
6737.5000000069795
6923.750000007658
5002.125000000666
8279.025000012587
6681.200000006775
8499.57500001339
6372.425000005651
6165.550000004899
6616.8500000065405
6225.775000005118
10007.775000018877
6967.600000007817
5821.125000003646
8099.225000011934
7872.100000011107
10804.525000021775
4807.924999999959
4604.749999999221
9156.750000015782
5641.725000002993
6783.800000007148
6511.375000006157
5021.125000000735
7310.175000009062
6722.725000006925
5783.950000003511
7685.425000010428
10594.925000021012
10055.575000019051
8639.7250000139
7742.350000010635
8771.425000014378
8736.650000014253
11300.250000023578
5434.075000002238
6459.90000000597
5377.02500000203
7880.650000011137
7371.700000009287
6768.8500000070935
6904.925000007588
7980.300000011501
6391.40000000572
6250.1500000052065
8322.050000012743
9391.175000016634
6823.725000007293
6048.375000004473
4551.724999999027
9951.12500001867
9759.225000017972
7099.700000008297
8066.850000011815
5216.800000001447
8026.725000011671
8817.575000014547
4856.700000000137
4723.249999999652
9185.325000015884
8765.175000014355
8135.775000012066
10839.750000021904
11724.300000025121
5250.250000001569
5213.575000001436
8177.400000012218
8205.900000012321
4689.499999999529
7320.000000009098
9071.17500001547
6450.950000005936
7922.075000011289
7135.425000008427
9636.325000017525
8136.700000012071
8538.45000001353
7436.850000009523
8632.850000013874
7466.425000009632
8407.100000013053
8620.325000013829
7867.3750000110895
5547.000000002648
5290.325000001714
5055.650000000861
8420.225000013103
7470.025000009645
6805.650000007228
7806.325000010867
5056.950000000866
5428.250000002216
8061.875000011797
6866.5750000074495
6560.2500000063355
11280.600000023507
4952.425000000485
7616.475000010177
6361.25000000561
7849.050000011024
11110.65000002289
9197.450000015928
7678.275000010402
5364.250000001984
8306.375000012687
6255.075000005225
7744.000000010641
9185.375000015885
7615.350000010173
6654.075000006676
6399.475000005749
8224.025000012387
10217.77500001964
8648.45000001393
8698.275000014113
9508.550000017061
5726.950000003303
9201.525000015943
9135.900000015707
6813.1000000072545
8996.225000015196
10687.150000021347
5921.2750000040105
6708.2250000068725
6627.100000006578
4474.824999998747
9634.42500001752
7856.325000011049
7406.650000009414
4361.824999998336
5812.900000003616
5829.750000003677
8098.900000011932
8234.225000012426
4999.000000000655
6578.2250000064
7488.625000009712
6938.800000007712
5608.05000000287
6772.175000007105
4519.999999998912
11476.27500002422
7044.775000008098
4235.57499999793
7338.950000009168
5280.550000001679
7433.550000009513
6789.250000007168
4992.600000000632
5025.700000000752
5630.15000000295
7634.925000010244
9867.150000018366
7226.600000008759
10156.925000019419
10257.975000019787
4393.02499999845
6960.47500000779
7179.525000008587
6579.0250000064025
7021.500000008013
9689.42500001772
5679.600000003131
6036.975000004431
8556.325000013596
7981.700000011506
9088.200000015531
6958.475000007784
9485.95000001698
5741.125000003354
9163.175000015804
4761.5749999997915
4536.724999998973
7891.575000011178
4769.349999999819
6499.175000006113
8052.400000011763
7247.175000008834
6627.175000006579
8871.150000014743
7710.77500001052
5096.775000001011
4912.425000000339
7092.875000008273
6416.425000005811
6159.500000004877
5990.700000004263
5275.775000001662
6088.950000004619
5469.200000002365
9691.075000017725
5496.300000002464
5931.875000004049
7503.575000009767
7012.200000007979
7435.650000009519
5129.70000000113
8919.350000014918
5111.325000001063
9338.750000016444
7478.950000009677
8248.150000012476
5407.775000002142
6082.100000004595
5366.900000001993
14809.575000036344
6617.200000006542
7992.325000011545
6609.050000006513
8895.50000001483
9307.250000016327
6469.175000006003
7192.625000008635
6951.125000007756
5380.4500000020425
10034.025000018972
9983.700000018789
6977.125000007852
7683.850000010423
5958.025000004143
6949.700000007751
4507.324999998866
6491.700000006085
5173.675000001291
6960.675000007791
4671.149999999462
4769.37499999982
5834.700000003695
10532.625000020786
11232.775000023332
7077.2500000082155
7479.97500000968
11554.500000024504
4700.199999999568
8010.35000001161
7195.525000008645
6209.175000005058
4997.500000000649
5106.1000000010445
6217.750000005089
7983.200000011511
5488.350000002434
5036.275000000791
4328.424999998215
6944.325000007732
4662.27499999943
7697.00000001047
6128.7750000047645
9489.700000016992
8622.200000013836
6866.7000000074495
5182.775000001324
5674.075000003111
8417.07500001309
6015.875000004354
6402.900000005762
8887.6500000148
10372.550000020203
5985.100000004242
6529.675000006224
7082.675000008235
5806.250000003592
7254.850000008862
6175.200000004934
6176.95000000494
7014.600000007988
6403.550000005765
6883.12500000751
8197.37500001229
6660.750000006699
7234.350000008788
6756.975000007051
6478.750000006038
6233.825000005148
8480.15000001332
5822.900000003652
4849.07500000011
5788.725000003527
7827.500000010945
6832.525000007325
5726.3750000033015
10019.100000018918
3956.074999997498
5649.675000003022
7467.950000009638
7928.200000011311
4833.500000000053
7000.400000007936
4765.549999999806
5626.275000002937
5666.450000003084
8652.650000013946
6851.200000007393
8806.250000014505
6874.700000007479
7971.650000011468
9097.350000015564
6090.625000004626
11261.100000023436
6947.875000007745
8128.600000012041
6745.175000007008
6946.175000007738
4762.2499999997935
5646.125000003009
4554.274999999037
5860.85000000379
5272.775000001651
6652.50000000667
5669.425000003093
7735.45000001061
9361.850000016526
7180.725000008591
7514.950000009808
9122.900000015657
5582.825000002778
4396.874999998465
7070.125000008189
8430.550000013138
7601.300000010122
6786.025000007156
6550.075000006298
5844.30000000373
7305.750000009047
6951.300000007757
7428.450000009493
7361.400000009249
8932.350000014965
7845.32500001101
8692.850000014092
9486.20000001698
11628.400000024772
4914.875000000349
6547.8500000062895
6607.875000006508
5015.875000000717
4502.299999998848
8827.300000014584
9277.75000001622
5982.350000004233
8371.850000012924
8732.650000014239
10160.700000019431
6990.5000000079
9192.700000015911
5163.225000001252
7746.150000010649
4316.849999998173
6250.525000005207
7655.475000010319
10546.450000020835
5380.475000002043
6144.0500000048205
7666.625000010359
9384.70000001661
8816.750000014545
10567.375000020913
6726.500000006939
7865.575000011084
10345.625000020107
6774.850000007116
6259.27500000524
7686.700000010433
6700.925000006846
10388.975000020262
4311.599999998154
8905.150000014866
9174.775000015847
7446.67500000956
7952.025000011399
8847.275000014655
4792.224999999902
4602.599999999213
6879.9000000074975
7247.475000008835
10475.725000020579
8655.925000013958
4787.299999999885
5614.000000002892
4327.274999998212
5704.825000003223
5493.800000002455
10256.525000019781
7512.475000009798
8324.250000012751
9105.500000015594
7383.425000009329
7463.0750000096195
8186.850000012252
6624.075000006567
7769.025000010732
10054.375000019047
5529.025000002583
5931.400000004047
7088.775000008258
6002.2000000043045
6258.625000005237
3926.574999997524
6682.87500000678
6175.000000004933
6499.475000006114
5441.375000002265
9631.075000017507
5940.300000004079
5477.700000002396
7794.425000010825
5560.025000002695
9526.025000017124
3962.1249999974916
5803.225000003581
5756.600000003411
4484.699999998784
8574.25000001366
5997.600000004288
8092.92500001191
8663.500000013986
9092.625000015549
7651.575000010304
6455.225000005952
5288.550000001708
4832.275000000049
7650.625000010302
8727.375000014217
7862.700000011073
6071.825000004557
6678.975000006766
4912.775000000342
10206.075000019599
6528.65000000622
6625.12500000657
5518.8250000025455
9684.1500000177
5791.750000003539
10408.200000020333
5739.975000003351
7171.400000008558
10018.775000018917
6528.525000006219
6833.400000007328
8224.275000012389
4766.549999999809
5208.700000001418
6876.500000007485
5502.575000002486
5413.000000002161
8785.35000001443
4975.92500000057
6651.700000006667
6011.475000004339
8613.875000013806
4224.074999997836
7640.000000010263
6457.700000005962
9165.675000015814
7280.475000008954
10669.825000021285
7176.075000008575
6855.85000000741
5092.550000000995
6374.600000005659
7605.350000010137
7627.875000010219
5978.600000004219
5377.925000002033
6358.0500000056
6598.375000006474
8142.500000012091
6267.775000005271
7054.800000008134
7534.875000009881
6673.175000006746
4985.125000000604
9424.200000016754
11076.700000022765
6155.175000004861
6125.650000004753
8784.250000014425
7449.725000009571
7571.3750000100135
8635.350000013885
9198.775000015932
5950.400000004116
10152.450000019402
7070.22500000819
7084.675000008242
9102.250000015583
6989.800000007897
6750.000000007025
8107.125000011962
5415.52500000217
5397.050000002103
8445.650000013193
4538.72499999898
5077.775000000942
6697.125000006832
7711.475000010523
4347.349999998284
10529.725000020775
7170.425000008555
7150.00000000848
5663.825000003073
6649.950000006661
6890.225000007535
6023.925000004383
5767.575000003451
6309.875000005424
4618.149999999269
7308.200000009056
6016.125000004355
7573.500000010021
4436.574999998609
7871.800000011106
5960.200000004152
5825.675000003663
5938.075000004072
8774.675000014391
5294.45000000173
4553.224999999033
5241.300000001536
5181.475000001319
9390.700000016632
10264.875000019812
5771.825000003467
5355.325000001951
5969.775000004187
10083.950000019155
6508.150000006145
6924.950000007661
9039.725000015354
5114.525000001075
5666.075000003081
7125.32500000839
9304.400000016318
7251.950000008851
6618.875000006548
6660.5500000067
6320.825000005464
7342.875000009181
7273.375000008929
6244.250000005186
4588.14999999916
5692.200000003177
10601.900000021038
4794.649999999911
5506.375000002501
8507.75000001342
7414.650000009442
7470.100000009645
7565.15000000999
6089.625000004622
7232.650000008781
6243.925000005183
5832.300000003686
7952.9500000114
4717.374999999631
6714.450000006896
5194.700000001367
5124.825000001112
5272.425000001649
6223.675000005111
5114.525000001075
7191.700000008632
6293.9750000053655
7893.425000011184
6583.5500000064185
8101.850000011942
5010.750000000698
5638.325000002981
6757.25000000705
4414.174999998528
8255.700000012503
7797.375000010836
7711.675000010523
8963.425000015079
6735.675000006973
8109.775000011971
8427.475000013128
5466.250000002355
8482.675000013329
7169.600000008551
8680.475000014048
9244.2500000161
8831.350000014596
6715.325000006898
8671.475000014016
8061.650000011798
5305.875000001772
5217.45000000145
6379.850000005677
7678.7000000104035
6009.375000004331
5449.600000002294
6761.525000007066
10668.45000002128
9297.00000001629
5251.475000001574
8748.725000014296
10697.625000021388
8503.975000013404
10015.025000018903
11588.425000024627
5721.475000003284
7485.0500000097
6473.950000006021
5968.900000004183
4683.124999999505
8508.675000013423
6801.925000007213
5006.975000000684
8032.55000001169
5930.950000004045
5269.350000001638
8984.100000015153
7515.875000009812
8386.175000012976
6020.575000004371
8256.575000012506
7395.725000009374
6045.1000000044605
10024.500000018937
7688.325000010438
5390.950000002081
6730.200000006953
5849.70000000375
5490.6500000024425
8469.050000013278
6089.375000004621
7063.125000008164
6562.475000006343
5725.350000003296
7778.150000010765
4348.299999998288
9995.675000018833
8755.975000014323
4195.749999997733
6205.275000005044
5402.625000002123
8649.100000013934
6437.675000005888
8131.600000012051
6711.575000006885
9235.050000016065
6086.850000004613
4772.599999999831
7358.100000009237
7750.600000010665
5428.225000002216
5822.800000003652
7979.8750000115
9462.200000016892
6431.9750000058675
6961.050000007793
9899.800000018484
10937.45000002226
6828.52500000731
9676.025000017671
5572.600000002742
6077.150000004578
8042.800000011728
9479.625000016955
4938.075000000434
7638.825000010259
5559.950000002696
5754.150000003402
5759.6250000034215
8944.725000015009
8470.525000013284
5564.0500000027105
5291.300000001718
12240.050000026999
6627.60000000658
10860.000000021977
6884.700000007515
9425.425000016758
9700.250000017757
5382.050000002048
4529.549999998947
7923.675000011295
6257.525000005233
5310.550000001788
7795.500000010828
5541.525000002628
5809.350000003603
7722.4000000105625
6074.600000004568
7031.400000008049
5581.625000002774
8459.475000013244
5987.375000004251
7382.950000009327
9461.275000016889
6343.450000005546
7764.825000010716
6875.22500000748
8475.675000013303
6216.525000005084
9844.500000018283
9133.125000015694
7669.150000010368
4777.074999999848
6050.37500000448
8874.350000014754
5652.100000003031
8204.850000012317
8722.1500000142
9471.000000016924
5900.350000003934
10393.675000020281
5382.875000002052
6652.350000006669
5730.275000003316
6633.775000006603
8282.5250000126
6772.650000007107
8568.07500001364
8353.57500001286
5077.325000000939
8227.9500000124
5193.625000001362
8702.325000014127
6204.40000000504
8566.025000013631
9676.025000017671
6505.475000006136
5249.175000001565
4957.250000000503
7150.075000008481
6455.875000005955
5502.175000002485
8522.925000013474
8367.35000001291
8689.50000001408
9098.175000015566
8239.050000012441
8747.025000014291
8960.525000015066
4681.1499999994985
6412.6000000057975
6117.125000004722
5746.850000003376
6351.925000005576
9653.575000017589
6210.100000005061
9087.175000015528
9618.85000001746
12426.975000027676
5452.4500000023045
9821.4250000182
6422.525000005833
8675.875000014032
5850.350000003751
7272.125000008924
10230.150000019687
7366.625000009269
7321.100000009103
9101.050000015577
7685.90000001043
7616.3000000101765
5541.275000002628
11030.5000000226
7047.350000008108
6562.000000006341
9852.675000018313
6751.875000007031
5808.075000003599
9253.00000001613
7332.975000009145
8507.475000013419
9359.92500001652
5661.625000003066
7913.375000011257
4894.800000000276
6667.425000006724
6028.5000000044
8911.275000014888
6132.100000004777
7181.325000008594
8652.075000013945
4577.999999999123
5702.225000003213
8879.525000014772
11488.825000024264
5566.225000002718
10027.350000018949
8707.375000014144
4924.850000000385
9690.750000017724
11380.600000023871
6575.725000006391
6905.625000007591
5679.52500000313
5742.5750000033595
7173.975000008567
8152.7250000121285
7893.6500000111855
8744.875000014283
6922.200000007651
5312.0000000017935
6731.225000006956
3894.8249999975533
6495.0500000060965
4590.399999999168
7199.450000008661
6973.125000007837
7966.450000011449
7361.125000009249
9047.625000015385
5088.775000000982
7082.025000008233
8737.025000014253
7729.9750000105905
5735.900000003336
6738.150000006982
5838.2250000037075
5671.425000003101
6891.1500000075375
4798.724999999926
6410.050000005789
5815.925000003627
7844.275000011006
8309.475000012699
9905.775000018504
5391.500000002083
5505.250000002496
8515.600000013448
9875.525000018395
7588.600000010076
7587.925000010074
6623.350000006564
11694.375000025013
5931.900000004049
10612.650000021076
6557.000000006323
7466.250000009632
7227.100000008761
7253.850000008857
6428.600000005856
6602.90000000649
6119.950000004732
5050.475000000843
5695.200000003188
6447.125000005923
7344.950000009189
10674.150000021302
6323.800000005474
9506.925000017054
6454.950000005951
4831.400000000045
10566.075000020908
4916.525000000354
7811.050000010885
7979.675000011498
5368.200000001998
7820.60000001092
6546.925000006286
7696.450000010468
6849.800000007388
5580.200000002769
4742.649999999722
7326.250000009121
6138.725000004801
6836.875000007341
9390.625000016631
6079.425000004586
8588.075000013712
9210.500000015978
5652.175000003031
7344.97500000919
9587.200000017347
8271.100000012557
7839.325000010987
5957.00000000414
8884.175000014788
4746.074999999735
7540.625000009901
7005.600000007955
7005.6750000079555
9705.050000017774
6100.200000004661
7659.050000010332
9548.425000017205
6942.625000007725
5236.77500000152
8303.000000012675
8117.425000012
6626.250000006575
8457.600000013237
7638.850000010259
7216.650000008723
7844.950000011009
5584.850000002786
8391.325000012996
9920.975000018561
6445.375000005917
9523.425000017116
5613.650000002892
7534.400000009879
7028.075000008037
5131.775000001138
8415.425000013085
5585.325000002787
5844.4500000037315
7030.125000008044
5602.900000002852
7616.050000010175
7963.82500001144
7571.250000010013
7454.075000009586
7101.075000008303
9111.625000015618
6930.650000007681
7842.075000010997
7984.850000011517
11693.225000025008
9010.850000015249
5921.950000004012
5443.725000002272
9145.875000015742
7038.725000008076
6490.625000006081
8507.225000013417
5134.800000001149
8419.725000013099
6368.175000005636
5218.200000001452
7013.225000007982
7092.375000008271
6864.750000007443
7675.02500001039
5868.575000003819
7550.850000009938
9780.200000018049
8668.250000014003
5382.750000002051
8988.150000015168
6000.375000004297
8578.575000013678
10130.100000019322
9073.350000015478
9737.875000017895
8962.725000015074
6846.375000007375
6229.07500000513
8545.92500001356
8027.275000011672
7228.825000008767
4932.875000000415
9094.950000015557
6429.475000005858
7898.775000011205
6172.300000004923
8033.700000011695
10078.550000019135
6973.625000007838
7421.600000009468
