886.9888299997738
870.6662700000038
726.093679999979
507.8374200000177
532.8131100000066
838.277390000061
527.0618800000126
654.497509999937
577.788749999989
601.332089999965
588.303689999969
866.8086900000654
575.7604599999873
677.0271700000563
676.5674500001068
716.5459900000999
804.9806600000379
476.9680800000365
606.8817499999572
733.3455299999073
714.8649199999429
687.6037999999102
579.7320999999919
774.7791500001108
631.1286899999544
807.7332399998138
575.7333400000352
586.5529499999826
717.0747799998909
711.6387699999018
642.6144900000212
712.0832299998682
728.1871100000259
675.3185799999063
822.4689999999615
515.8916300000099
826.6803600001579
517.5695500000013
705.7988299999035
810.5645199998227
634.165180000093
484.6554500000358
899.8419700000492
925.4737200001114
518.9954400000155
608.4241700000987
601.0926399999718
704.5949999998891
530.5512500000006
710.9402700000688
656.9918799999333
774.044689999833
668.304589999927
717.2455899998876
589.6309599999803
649.9303299999283
819.6663000000971
720.548989999882
651.7289299999293
740.0661799999003
683.4320099999942
807.3579600000971
561.5928099999917
538.8964000000051
769.4915900000278
538.4354699999892
699.550569999906
624.3004799999534
583.7587699999781
623.2451499999589
560.848870000004
598.6060299999692
629.4289299999459
784.5055200001344
735.8305800001627
903.9512899998067
703.5027799999
862.7396299997832
636.6311400001434
949.0052800000853
572.292169999989
685.429539999896
530.5929400000078
694.3490999999005
774.3694599998415
668.7368399999204
677.1292299999083
634.8686599999755
566.303609999994
681.3743799999135
847.8955599997946
703.8272300001772
847.2386899997916
688.5989199999063
485.8832700000288
750.3060300000719
826.7892700000864
690.728939999936
763.5769099998624
457.8811400000339
618.4385499999422
697.6230600000443
493.25963000001207
508.45435000002516
817.7277399998507
698.3788799998927
743.2439199998806
965.4547699999811
820.3666600000953
632.7440599999525
544.3010899999929
638.1307599999767
722.7662199999121
559.2202500000068
595.0633699999603
886.0526699997457
534.1507600000094
689.4183599999145
596.6994399999719
784.3519399999733
691.1137999999803
637.2126099999838
649.9016199999369
742.1789800001513
743.5087699998912
771.3716699999626
836.5371999997983
738.3123699998857
536.4671699999967
543.1147599999931
481.8627600000261
773.4904199998654
858.1400799997829
702.8884599998828
704.0569200001889
554.6886699999926
589.4417899999621
705.0663099998982
620.0919299999874
549.1512600000012
957.7492099998598
529.4865300000077
564.4906100001132
493.3372400000284
603.71588000007
866.5375100000733
798.9974299999595
828.3495299997835
626.9669199999544
671.1952099999439
598.9239299999718
698.6321799998965
794.0153300000852
726.0544199998841
655.1582799999153
685.2774199998919
773.8999699999335
761.124270000154
868.6857899999147
709.6633600001036
1022.2227399996943
675.9132699999241
764.1489499999268
809.702569999876
600.8716299999863
665.1002500001996
869.1500200000687
672.0500799999282
705.0407999998911
728.0424599998802
477.34573000002797
759.2311400001431
750.8990199998681
714.6010399999126
509.4862900000237
567.5761699999817
640.9566199999354
654.1061100000704
670.6499599999098
569.8828899999901
628.000779999949
635.3211699999462
747.3672199998651
665.5325199999361
568.2400599999935
459.24949000003505
858.1351900001719
769.8343399998442
470.3563800000373
604.3400299999917
577.0713299999836
872.2050999997683
691.8478699999015
541.4198299999999
600.5666699999764
633.4044599999438
735.7867199999607
803.2638299999588
559.8797899999988
764.7530900001339
845.1201300000714
493.419940000027
582.7783300000183
783.709949999831
713.4265199998789
649.5567399999816
851.2907400000316
673.8540899999192
646.8833199999262
929.4106099997039
762.1068999998682
838.8777699997976
698.3335899999063
709.9712800001678
585.3126499999738
681.0883300001974
518.5551800000183
532.718640000014
691.2691299999391
515.8598500000177
652.1744099999315
766.7419399998689
846.1463399998029
605.4467999999648
796.7078799998178
834.6290799998152
635.2850999999617
558.780949999993
837.7332999997915
655.154939999919
453.9995400000407
636.1722299999473
584.6023999999727
665.2511199999213
538.5777900000169
873.474469999747
588.4409099999675
609.5290899999591
653.0642399999308
687.4927699999392
719.380939999905
612.15634999997
829.6246199998005
617.4666999999711
828.8133099998539
658.8496999999268
588.6070999999913
560.5288499999841
719.1583799998834
528.9562600000042
1461.9615399996956
532.5149000000109
719.0071099998745
732.5025999998695
799.4954699998685
652.349870000203
612.4848799999572
574.6207999999979
543.8733299999784
584.174469999982
777.3397500001265
834.0128200000923
795.386419999832
602.1711699999927
539.2234699999876
612.7021899999512
513.4569500000242
615.01981999994
599.4786499999688
779.2555299998363
487.8301400000117
539.528490000006
607.8955699999563
854.3471699999329
856.6930000000629
679.9436399999114
681.7961999999065
865.3420000001623
519.1714600000057
833.3487199997782
790.742469999837
780.7035299998438
557.2324799999949
523.9339500000108
643.7312899999281
842.9821599998072
627.1220899999377
574.3481799999911
445.9637700000411
558.4597899999849
491.5273800000234
625.6387899999994
618.8700799999469
836.5274099998279
699.9340499999527
733.8439199998766
564.4724099999921
599.7352399999643
742.2656699998655
537.5517400000085
498.518840000024
802.4251799999031
829.7294800000993
683.7917899999084
516.5153900000192
610.4518199999757
665.2470399999221
704.2318599999651
666.4981599999224
691.3055299998995
762.1026199998654
705.1855599999058
569.7160200000361
708.905610000169
813.2370999998179
593.4060899999675
680.5769599998976
706.502079999896
543.6198699999999
778.4047200000931
509.4509400000142
525.0853000000094
582.1508999999766
621.5991700002132
569.8681699999905
597.6927499999639
881.236430000047
462.38392000004177
548.2004300000225
561.0249699999677
652.0466299999312
515.3081700000209
696.5140199999084
553.8642399999982
697.3254399999074
564.1707899999734
841.7872599997967
642.5822799999355
736.84516999989
675.6558199999097
655.1421799999312
825.9188199998445
630.3892999999364
999.5249699999722
667.6582999999436
683.4631699999173
705.8489199998908
567.6820099999948
533.3418900000083
571.3929599999681
465.3702100000301
541.8455200000103
604.0082399999676
768.2986299998415
502.3094200000242
603.136679999957
931.057269999772
773.6998699998543
822.3714199997993
799.7609899999574
641.2866599999459
494.0730000000318
582.2841699999874
720.4442099999478
786.3526199998072
640.1617699999304
744.2388199998601
667.0010499999312
656.7411399999345
592.3110599999749
758.4033699998531
595.654569999994
748.1053299999033
743.053469999904
799.3163700001242
792.9942400000314
992.6870200000593
485.37104000001744
666.8734499999232
535.7533000000124
512.675220000014
523.7254800000231
714.7892699999342
1010.3249999997577
641.0511099999371
766.6766499998535
644.2989100000882
1028.1655699997666
757.2830399998363
894.7444699997566
589.3268699999776
760.42465999985
460.6234800000356
634.9111999999332
707.1780199999
930.546630000009
503.5187300000082
576.7952099999699
658.0176700002
881.0627499999183
629.5870000000875
991.3157299999767
702.6727399998982
736.0834099999407
842.3585100001113
639.4262099999678
713.0486699998869
933.4121599997154
685.4156999999132
1110.986479999605
504.8263700000306
739.1501499998516
843.240369999777
705.1697599999
638.1691199999277
784.3824599998673
491.24226000001727
466.91629000002666
568.5979099999935
611.492659999954
813.3426500000933
696.2255200001132
509.53837000002096
598.2623899999626
501.783380000031
667.23291999993
553.8566099999933
902.1280100000873
704.4363300000275
741.2501500000058
791.0233199998722
777.1679899998218
662.3447799999293
701.9549199998895
662.3038699999265
791.6284399998717
857.5544400000654
586.8649199999688
628.7418599999417
548.5596699999978
533.5132300000057
633.891429999935
456.77972000004434
583.2915099999778
640.4224599999353
725.6681999998837
541.8799299999969
904.4884199999512
627.2753899999472
542.1156900000079
682.6596499999254
630.1247799999475
855.8623699998503
457.1544200000447
603.8302799999585
622.1834999999508
469.31507000002733
764.9065999998934
585.6555799999684
703.7923399998992
641.7594400001351
732.3564600001607
595.8009599999629
761.5191399998491
576.2275199999845
542.1897700000114
727.9001099998989
675.3160200001862
719.7257699998902
685.4585699999084
610.0596199999562
503.7657200000235
939.7215699998675
645.1814199999621
598.2545699999829
583.8550899999746
777.3530600001244
686.6871299999262
844.8337700001263
613.1007699999647
776.9859799998429
939.2952799998276
762.6014299998493
542.1725900000008
759.9453099998501
534.0219700000079
524.9764900000026
728.4200199998642
550.9555899999884
573.8634699999781
731.4195300000337
599.1794399999778
729.6227899998811
609.3143799999518
828.1460699998033
473.7571500000395
611.5760700000046
594.5670599999657
915.4205599997689
872.3241799997651
906.9400099999501
742.8349699998874
480.0946200000087
548.0673999999964
695.6437299998908
639.7569599999332
654.6168399999201
587.9835499999717
537.2981800000002
738.5781799998688
753.184769999853
656.1404399999195
689.6342099999052
523.5238900000049
767.0903299998358
687.9465099999013
535.2082800000129
839.6905099997966
975.9409099999654
558.7263499999822
719.8955399998998
702.3343300000066
572.8681399999746
665.2370899999206
742.0396500000114
829.7793200000835
637.4146399999411
881.9367900000575
605.2255699999655
609.3014599999682
773.6120700000193
796.5090399998229
741.8484999998617
712.5272200000664
511.8970299999983
517.6822800000067
832.7583699997991
507.1360300000202
557.1185699999902
712.3678699998762
675.9811299999004
494.93283000002515
872.549560000064
581.2877199999834
677.8366399999082
595.312079999974
652.9301299999213
639.7614299999624
521.8551499999969
583.7946599999807
668.357899999927
510.8801500000227
577.1843799999762
639.899189999947
685.7541699999684
438.1664400000416
688.6357299999069
675.5891299999153
645.220869999934
600.1298099999644
688.3630200001404
585.3294399999688
550.7483300000101
580.306389999977
550.2945699999885
783.9693299998949
950.5264699999174
654.7506399999326
605.3976499999719
663.199669999927
831.4778100000331
563.3719599999845
652.9789999999275
715.5204300000622
556.1182699999983
587.1768599999742
552.0414400000169
810.247160000008
690.7192399998887
584.253429999976
668.9370199999497
634.1824499999453
629.9270799999566
606.065870000067
663.2500699999193
523.452040000019
652.899439999947
870.6822199999905
517.9532700000168
557.1393599999845
842.9444199998455
646.5414599999459
677.2632399999247
734.0195699998592
625.411829999949
642.0506299999523
661.4742199999076
600.6975899999576
719.3186199998813
479.5735300000228
696.8055799999016
562.9812199999869
566.6541599999833
549.3373099999907
504.05795000002496
592.3854299999817
567.9252699999774
733.7751299998705
706.8163199998932
711.1610799998776
704.4072699999124
513.8287200000138
523.3658499999956
649.6029399999276
472.15938000002745
735.0916699998784
737.7463699999487
803.3493199998245
853.3418599997832
539.730950000009
887.5552499997506
607.3905900002414
647.5088299999359
624.6373800002337
643.4467099999101
727.8928299999706
813.6177600000979
816.3913599999628
742.0670499998497
664.5967200000632
749.6853199998686
527.6310200000026
479.2547500000094
689.6997599999117
775.0813799998449
674.2468699999309
535.0266399999897
535.3251899999966
894.0844900000562
690.4581600001817
600.4255699999729
732.4191699999272
875.9060900001232
787.6656700001363
797.7738500000103
912.5887900000176
582.3004799999803
684.459029999925
777.2495699998398
541.2436700000146
547.593540000003
822.033919999849
746.5452799998753
598.5622499999732
725.1409099998771
595.6069599999727
545.5901799999953
693.787960000177
700.1823399998918
742.6479200000175
611.378969999971
626.3878900000201
576.1366099999768
619.510519999958
853.8520600000701
671.267329999978
640.9261999999405
570.1454299999788
567.268769999972
586.3925999999736
907.7276699997358
570.3373299999721
722.4863399999432
751.3559099998714
619.8737299999602
651.4089899999733
481.1060300000266
734.6125300001652
775.032060000048
489.64457000003364
607.069889999969
575.1255299999782
852.339319999803
612.9036399999462
679.3829299999799
730.447709999879
902.8248899997265
634.1595299999315
549.8896299999939
888.4134899997688
688.3052099999138
566.9130499999899
633.4254099999499
775.4954899998432
854.4657199999738
610.30636999995
675.2539599999083
848.0265600000747
886.8708600000712
777.0719799998458
980.0064699997451
596.1159999999705
647.9320299999416
658.159009999913
701.6616300001492
581.9322199999825
550.3948000001483
604.3900399999698
555.4287199999832
547.4763600000033
693.3916200001055
770.6044699999132
588.374949999981
606.0800799999698
961.4584100000932
686.1260299998954
885.1850100000659
661.5175599999151
874.0196799998099
890.5239300000655
596.6144799999742
512.9509200000216
657.6839699999251
686.671749999914
573.4940999999803
813.3887299998016
585.8461299999656
640.444619999934
694.066979999902
705.365869999891
584.3761099999813
576.8833299999718
798.815159999815
623.6337499999505
781.4458699998384
759.576000000027
642.4933699999397
631.0495699999258
751.2963299998625
766.2232299998682
488.53923000003635
841.6133600000844
732.4038700001724
703.7890699999028
543.449090000006
528.4557500000286
759.3051199999244
589.4306599999787
723.1728399998716
682.8612700001798
993.4338199996947
565.8128199999783
853.1409500001354
554.4498100000017
564.1390599999996
573.1515799999728
729.2451399998791
894.4721099998025
525.0269600000022
789.6015999999946
749.5689699999285
603.3513999999782
703.6686699999277
541.6228199999948
797.2800199998311
777.4336099998479
740.3603799999563
925.6425699997519
687.8930799998991
551.256089999991
582.6434799999869
567.5802099999795
503.875840000022
611.1644699999646
728.0414099999213
690.1433699999591
834.4763799997877
783.5606699998618
681.0771400000152
854.4033399998007
822.427899999982
496.42201000002206
657.2273299999234
715.5138999998978
571.1432799999807
504.86186000001754
829.9104799998754
756.971679999861
790.5846400000312
785.8316799999507
929.7845300002067
646.8663799999476
928.6134199999375
702.7495799998968
758.3580099999282
538.3483799999866
762.960639999893
912.0949599998193
645.3655999999381
699.0408699998957
828.9999600000903
649.2770999999209
590.2226100000934
676.8942199999245
948.8222599998721
608.415169999968
728.2331999998737
781.4582600000446
551.5287099999985
684.9472299999204
746.3576899998723
607.144259999957
824.8134199999274
911.8640999998034
476.26199000002737
695.3207799999068
567.9013799999947
606.2054999999567
696.4970699998972
778.8478400000041
573.199239999984
687.979709999926
814.1446799998037
519.8543200000184
659.7351799999302
813.892169999808
842.0459200001523
669.7461299999189
812.1471199999896
755.1785199998817
551.0837699999989
943.5918599999303
829.2075900001194
550.3285200000107
577.6253699999829
620.4983699999559
585.8916199999727
695.5758999999417
889.5364899997612
659.0974700000385
847.3310699999124
578.0566799999889
629.0658699999533
767.2080299998528
440.3642800000453
668.6489499999135
508.4973700000209
768.3714799998409
685.549769999896
785.1086699998332
661.1195699999282
799.5290099998873
570.5704899999864
509.69476000010474
720.7401700000253
649.3140999999384
603.171279999966
535.1428000000084
685.643059999901
642.7575799999432
596.9106399999674
579.5423499999871
725.6005299998864
520.659910000022
722.8985699999175
618.3233300001683
783.9214600001224
557.3312599999986
529.3982799999951
700.7155399999289
778.6558900000277
627.451569999979
807.7638199998127
640.4702699999285
915.5621300001077
538.3316900000027
755.4338500001442
698.6102299998969
698.2385399998963
509.0825799999917
765.7677199998742
630.8451899999526
541.3224600000029
612.5961899999651
548.2300299999973
695.8396799999147
617.8952099999508
716.1026399998871
914.4141300000222
686.264389999914
870.7013199998469
698.0045699998964
556.6721999999941
1028.5059799998046
495.28356000002475
565.4632400001232
705.4627599998997
587.9385799999734
688.8586199999637
569.8438499999829
839.622509999771
765.8092499998498
570.416179999977
499.6835000000317
831.2275999997986
616.402939999947
593.323369999981
783.8845100001143
733.1854299998818
749.4517399999735
822.1105199998747
546.0670700000055
799.4080499999046
825.7313700001157
712.5936599998813
772.9044299998448
662.2818899999359
818.3632199998802
540.005850000008
663.2728699999291
580.1902799999843
590.8633799999851
852.1957399999696
657.3356699999368
694.3484099999143
800.9867000000003
657.7052799999273
639.0701199999558
688.6301400000073
665.5605499999206
747.5652499998644
821.1010099998067
651.5010599999351
676.8451199999113
627.2634799999441
655.9697899999416
733.7099100000363
825.5279100000844
660.0925299999186
899.4956299998885
528.93155999999
607.8379299999715
673.0769299999296
617.7219799999693
735.2197999998675
615.4850199999514
646.8524899999543
705.6906099999119
570.149179999992
786.223739999833
779.175629999947
710.2817799999
726.9429199999277
766.9288899998431
727.2977600001052
581.1619199999915
835.82996999981
735.5589799998775
1072.885069999881
866.6186199998698
612.3449699999472
545.3140199999962
759.3155400000301
669.2511399999094
687.2117099999031
768.1778999998548
595.3836499999773
815.6093099999229
659.5363799999542
563.2644999999948
657.5764599999949
582.9134699999737
763.4292299998671
772.3710799999019
598.668219999969
673.9919999999194
834.2966399999165
750.4859600000221
553.1824999999963
818.4065999998043
591.2780799999754
938.6576499997275
878.6102199999768
794.3674199999041
942.185899999764
755.2923399998901
769.2304299998489
719.8553299998988
709.388040000169
666.844509999962
601.7330099999714
535.5194399999987
784.6408699998854
567.346909999987
661.8181100000922
649.4921199999469
796.0574699999286
787.1479000000442
540.0665100000292
586.0198900000205
