548.3350800000138
538.1399600001812
461.1190100000966
319.78593000002326
347.2451500000269
563.9080600002278
338.87100000004
427.15236000004114
373.39666000004087
410.22321000005303
379.05640000003604
560.4692000002466
366.4858100000254
437.32801000013103
453.4693100001808
486.9607800002039
548.3150000002056
318.9852900000371
402.15525000004493
452.6486200000213
447.33043000005847
424.89384000000996
374.8408900000475
512.1131300002241
400.96799000003847
496.22261000002044
385.38549000006407
350.1883000000294
469.06304000004815
465.3042300000291
419.4932900000573
456.9097700000043
500.17110000013855
438.7024400000208
519.0645400001329
358.19095000003176
559.9459200002989
339.5720500000109
425.69686000003844
498.4685200000055
418.6583600001384
315.41393000003484
579.330410000248
617.1603900003051
343.1818300000375
398.93888000011583
388.8487900000483
473.92237000002575
337.68641000003305
468.71105000016695
419.92862000004783
477.7278600000156
418.2132600000279
454.89518000003454
376.2214700000407
426.3547100000139
531.6798300002215
454.58333000001215
402.2422300000292
460.18714000002547
442.68268000009215
524.6481400002427
392.1350400000538
343.7866300000406
494.6457400001514
361.21200000001585
443.87447000004533
400.09936000002796
355.3087400000359
388.40535000003104
354.50292000003935
402.4410100000412
401.06728000001755
498.7010900002295
505.2284700002615
537.1566200000495
435.1373000000349
484.24358000001155
427.3151000001819
603.5064200002925
375.4950400000339
450.11388000002626
363.81997000002053
442.5372600000248
477.8101400000203
410.23550000001904
427.87165000002796
424.42525000005554
381.5895400000316
416.97546000002336
518.0780300000108
490.6491400002474
519.3046500000239
438.02678000004124
323.9373800000388
511.78439000017687
541.9882700002402
435.15890000003856
474.1690700000356
299.94937000002426
396.89216999999184
464.47870000012966
337.49292000002316
328.8014800000385
522.5845500000346
438.5868899999989
458.20568000002476
636.6353300002266
544.3138900002218
418.48450000005164
362.0515100000346
451.7244300000494
450.4508600000432
358.43437000004405
375.8492100000236
521.9968199999971
339.5086900000291
449.083130000031
381.41929000002443
499.9872000000988
423.6048600000744
429.9036300000397
412.0025400000302
500.9051300002578
450.7384800000154
482.53319000011084
525.0368500000125
444.29834000003245
357.33548000002617
354.48105000002556
334.91125000002955
456.23357000003057
502.9277800000088
428.3181700000184
484.32176000026857
372.0717100000374
377.3458900000312
434.3872400000162
410.19884000004527
354.53644000003175
589.3487400001079
324.96524000002586
393.00771000012855
327.8750000000385
408.83985000011154
568.5580400002474
510.69370000012265
539.1400600000082
395.11369000003765
460.46275000004755
414.45196000003193
438.731280000014
527.0631800002374
446.4050700000151
425.61618000002653
457.55861000002534
500.32113000009014
493.5224800002503
558.8034300001248
448.1302700001794
625.0584100000001
411.4844500000431
466.21399000004357
517.2379800000556
373.5807500000462
453.4988800002455
580.6236900002407
412.98262000004075
432.4794200000179
441.0237800000209
310.83000000002227
523.9795000002459
469.50240000000883
435.2069900000386
325.9963200000326
362.4841800000246
424.9348600000422
465.99801000014645
429.75384000000076
387.63266000004427
404.83551000000676
420.40146000003193
472.6327100000329
420.2870500000457
363.49228000004115
307.94494000003095
595.5579200003172
465.62214000002723
311.1308500000356
395.3695600000363
375.9556000000326
518.3336500000121
443.80272000001344
347.09189000003136
391.8652600000473
393.8945500000341
481.6138600000977
513.291180000113
374.341910000015
521.7298900002429
547.3105900002233
328.8207400000303
376.9837500000405
459.26193999999884
462.82448000002813
408.45722000005514
567.4841500002083
433.2138800000497
424.5187300000403
541.5140199999805
482.2878000000103
498.0373599999974
417.03314000002996
497.3741000002491
373.13208000002174
488.9541500002652
333.0545400000334
348.8963900000424
431.49900000004607
319.4109500000308
426.8125100000319
439.96331000002203
496.1523700000242
392.65259000002095
504.3190700000092
536.1764000000277
394.2876300000441
372.9807400000366
505.89696000001175
418.4522900000159
300.5603600000301
410.8299900000233
381.36651000004093
429.7025800000322
357.6544800000254
540.905549999987
367.71605000002523
394.72962000002997
418.3205600000251
437.28617000003544
463.525210000031
405.8588000000525
511.10253000000637
381.29302000004384
526.8179200000529
415.43226000001965
418.83067000002296
376.5471600000268
440.2901800000376
352.11230000001075
865.6381100001975
344.1790600000353
473.210850000032
454.3559600000168
519.8706800000548
476.2689200002607
397.41786000003356
374.2722200000249
380.53740000000465
372.3159500000459
507.08990000023243
528.0410300002517
513.6358100000227
406.54777000002724
354.96281000001073
375.4971500000058
325.96058000003677
400.8162700000074
405.93915000005074
469.5192500000172
319.43252000002184
349.48673000003987
381.5590100000282
565.6683600001152
555.3013000002252
414.99724000000083
457.32710000000725
573.5359300003199
350.07056000003763
503.5021399999972
466.28731000001585
475.94226000003306
361.4610900000308
335.3996900000253
416.5438900000169
538.0193200000219
427.8628000000519
384.1260800000441
286.187120000025
371.7132000000372
317.43268000001353
429.6817500000493
400.9066400000274
526.0511000000107
466.264350000064
462.6894700000272
362.37978000004085
386.97066000002195
482.2942800000185
379.7950600000324
342.83260000003685
489.79712000008215
564.5723100002493
405.299250000032
336.23895000003716
391.1314100000244
424.12551000004294
453.90507000008154
422.5524300000413
444.029720000033
466.0216700000272
426.6799400000234
373.0197000000577
499.752940000267
491.6068800000251
384.67388000002813
428.800840000024
441.50579000002324
339.065090000032
501.79701000022453
344.5134800000353
345.068860000026
381.5112500000282
447.25440000024685
372.76809000004073
384.6210000000294
575.9845000002515
305.7541400000338
374.9686800000385
389.896510000003
395.0771600000069
339.5830000000335
434.8276300000242
351.34237000003554
419.83759000004335
370.23556000001423
492.1390200000116
394.65710000003367
475.16749000002926
446.3105200000217
451.62400000002737
522.7509700000362
426.6823700000194
647.2186500002301
421.86174000002114
453.37381000002233
439.3123100000334
354.35107000002296
350.8926500000395
389.8881500000182
306.3897800000127
352.57034000004444
388.45401000004205
472.9007000000288
301.7053000000305
408.58307000000457
545.3947800000287
479.8206000000204
532.9758800000076
511.4135300001232
400.18006000004317
325.3383300000334
373.3829600000245
482.66528000008185
519.7318500000135
428.1284200000427
456.8569300000272
401.6327700000326
430.04752000004936
370.3956300000417
470.1350200000117
391.2129000000366
474.73289000003774
472.3389300000461
538.201360000266
508.5354400001636
618.3137800002855
319.6438800000096
421.24328000000895
346.70765000003917
327.37405000001974
348.4478800000423
460.65945000005615
604.788260000063
396.49360000001747
455.96160000000367
446.99806000013467
656.0497900000616
485.0768200000129
513.1089399999983
378.45447000003946
491.33061000002317
307.5421100000248
421.8967600000201
441.51306000004666
611.3229900002357
343.29740000001635
398.41527000001787
474.001990000255
533.5917100001273
432.3822400001463
629.1983200002319
446.14064000002594
460.6049600000606
539.9606700002546
424.26429000004447
452.46586000003333
567.6211499999916
419.5346000000303
665.5236199999714
332.6761900000403
479.2542899999963
549.344409999995
442.5275000000163
436.1998000000195
524.247810000043
322.56643000001634
325.3582700000277
376.45352000003766
392.5438300000102
539.1369700002349
478.18959000020385
342.33420000003355
395.8040100000282
330.29788000003987
405.0654000000366
344.45827000001486
580.0576100002702
461.7672200001257
494.6509300001395
514.2570900000514
500.97281000001357
405.718530000031
446.37756000001735
434.7189200000427
456.0931700000372
551.5669300002354
397.77982000004226
394.79050000004213
373.9001300000232
356.78249000003103
411.9684800000123
300.66325000003377
379.46594000002545
417.2348900000361
443.18705000003393
356.44462000002125
566.4397100001673
416.44908000001897
334.5492100000291
441.4491900000331
395.6429700000411
525.4607200000424
301.87703000003336
399.44698000003467
399.7651200000231
308.774810000021
488.9524300000379
385.6775300000018
429.87855000001946
433.4064500001566
475.4688400002349
388.6238700000085
482.84824000003056
377.2613700000305
343.8388600000362
429.11267000003977
479.45598000023455
427.9329700000272
417.95711000002416
412.69370000001766
334.8455700000324
585.8604900001208
406.37430000003377
387.8112400000416
377.09846000002756
519.6117000002431
413.5208800000372
560.7143700002755
403.4838200000464
463.1409600000138
604.2278400000757
461.1151900000284
358.1861400000249
482.6878400000229
342.9083800000316
333.6508900000237
480.932320000029
356.32528000001827
390.750210000028
488.148660000147
387.35896000004897
463.9234000000397
395.29805000001835
505.8207700000117
315.35635000003566
411.96371000006104
379.5835000000142
561.8481300000213
546.2252100000071
584.6777100001661
445.79819000002533
332.6492800000076
364.0347000000324
459.00274000002923
443.56101000003
429.0961100000292
384.2128400000085
353.85650000002556
458.48009000003464
464.0167900000295
426.66256000000266
419.0245000000291
360.93235000001937
510.2059500000166
437.11506000002817
337.6846100000294
508.3171199999898
614.0493900002102
380.65687000001134
446.4940000000431
453.1742000001005
368.76028000000383
432.83875000002814
456.6097300001118
554.6558800002571
402.0837800000344
560.1700100002445
388.4983000000459
401.19209000005145
520.0918000001622
485.5573900000178
457.99538000002076
478.47337000016154
354.4197300000205
338.36902000001305
479.54609000001784
343.72743000003254
371.6685200000313
448.94712000003403
464.24900000000923
328.3678200000327
551.2691500002335
387.461990000032
448.83857000001655
365.4466600000336
432.725720000023
412.0678700000216
352.94824000001006
384.7552200000188
404.24598000000873
326.8041600000315
383.04530000001796
393.56842000002274
466.99660000005605
300.0275500000296
450.90851000003767
424.73365000003537
412.8888500000407
380.3608000000146
460.02115000020916
399.89218000004496
359.16785000004376
376.52276000003235
367.4047200000283
506.91567000006523
595.3323200001502
403.4457900000283
375.9749100000351
428.896210000039
577.5082400002093
355.1406700000201
413.2824200000237
469.7264500001594
361.84973000003663
391.3452500000325
352.33801000002757
507.6129900001629
441.94404000001595
357.51433000001475
426.1630500000397
392.6947800000105
421.2221300000302
401.53360000010184
440.60115000003
330.93871000003156
405.2858200000369
550.9485100001672
324.17827000002967
374.61206000001664
523.5122800000482
418.70341000002765
431.1266500000458
469.64458000000656
390.0286700000194
411.5488500000501
415.079650000019
401.78108000002845
441.9998700000273
313.28264000001457
426.0985700000261
380.1572700000335
360.37670000003106
352.9835800000165
327.3097200000136
380.78134000003985
378.1648900000224
466.63472000003424
444.5737600000303
454.2189100000285
437.01995000003234
352.01887000003853
347.26057000001316
417.81284000001193
326.80879000003387
469.1600500000181
485.1879100000859
477.6973900000202
510.4558099999974
343.0492700000325
532.903070000003
428.7019200002568
404.6335400000493
445.5768800002609
436.7292900000087
455.0317000000795
566.7990400002627
505.9422600001242
467.40965000002075
452.6775800001196
449.4821600000177
366.86553000003664
333.943680000007
444.12044000004016
451.5153500000168
419.80809000004626
356.4108400000116
365.95931000001406
578.1679100002349
475.64520000024635
388.589010000043
447.2332300000328
579.0140900002934
489.4360100002482
528.3593000001619
617.4774200002362
376.4991400000386
416.61162000003367
488.2104600000327
357.7583100000252
351.6932700000362
511.07317000003195
442.95930000000857
396.44945000005276
463.14572000002977
377.76832000002156
370.8448200000226
472.4194800002606
440.7836900000226
470.16952000013924
384.7244500000445
423.04099000005874
379.97164000001845
379.12016000001694
559.2971100002499
431.284400000067
426.7498000000459
362.46538000002636
385.1748100000131
386.5920700000334
546.5581499999984
378.9157000000035
472.3597900000747
457.71789000003065
396.5498600000317
433.3365500000585
336.4772700000411
493.94113000026687
483.19444000018484
322.6505400000379
397.60947000002193
358.61672000002864
511.91850000000915
399.0893900000249
412.1299900000615
462.21454000003394
544.0714199999892
396.4439800000236
353.3010300000385
490.00497000000667
444.40523000003515
374.2368500000365
396.51898000002274
505.0707300000198
526.5264300001601
415.46610000001994
423.6555700000128
569.2334800002577
569.7700900002515
467.58301000001927
592.0141000000215
378.2169500000432
401.59951000003224
440.6657100000084
498.35031000022224
361.5869700000359
364.2452600001471
389.4804500000464
373.12411000001634
355.17864000003055
451.7314500001837
515.7576900000686
386.82538000002717
395.8345300000502
626.4956400002972
434.41309000003713
558.8381200002535
452.2017100000284
537.8446100000414
556.689410000257
387.05387000004697
334.6047800000352
434.8175700000135
436.0690800000305
379.04440000003194
494.58746000000247
389.0790400000275
425.9685400000428
439.8085200000238
456.96556000003767
386.70429000003656
363.7320400000173
458.5439100000114
382.76515000002166
487.84335000001636
477.5788800001357
401.3163600000199
432.01835000002364
477.43897000002306
485.3370600000339
299.3834900000287
544.2632900002558
502.6309100002685
420.33241000002863
349.06064000003994
360.815140000036
494.4306400000738
378.97288000003437
444.94570000002017
462.18240000024093
570.2303599999931
403.90147000001883
576.5049100002929
339.78333000001857
366.65135000003824
387.57603000002223
447.21226000002366
525.2353400000334
350.2156900000144
501.7413100001377
466.9168400000711
364.3408500000421
464.6651800000524
349.04420000002364
481.98509000000877
503.76132000003463
457.2003300000703
555.1540200000105
453.76218000002604
364.13664000002956
363.09905000003886
379.15475000002823
331.7834500000343
394.7302100000404
450.6556100000438
459.8392500000721
526.5310900000104
478.42495000002106
443.0325900001023
523.1717500000144
504.8719500001551
325.04724000002375
421.9461300000267
444.40184000003717
383.4328600000218
331.90291000002804
532.0955400000497
446.1181900000328
534.8313700001929
501.1006100000979
607.4122000003666
422.5137700000476
602.4646500001704
442.47061000002543
490.63666000007754
368.5146400000144
503.77982000005795
558.1087600000474
403.1371500000151
431.95116000003344
553.3158300002582
422.2541500000225
388.5942500001168
427.1574500000487
584.434120000118
397.6364100000486
462.02510000003065
523.6146200001704
357.9903000000448
423.9490700000449
456.75638999998387
400.68296000002476
523.3215100001146
560.7011100000466
306.04452000001
431.360220000027
375.06332000004653
378.6998500000167
441.28288000003266
469.56689000014046
374.4849000000444
432.3412000000109
500.7508000000143
341.06011000002997
419.9531100000371
511.6318800000066
579.4169600002917
413.9090900000454
528.1324700001358
475.1328600000356
356.3217200000358
590.7797100001775
565.9522700002489
340.1019600000372
367.1652400000396
405.1464400000326
389.7706100000271
451.5314200000561
537.3795600000057
441.5236900001164
531.8420300001047
360.96093000003407
388.9501500000413
478.3066200000285
299.14443000003337
431.4633700000152
334.53312000003183
490.06697000002123
426.08511999999706
480.7871100000042
414.9207200000476
509.7855000000709
389.1677000000394
336.7113900000918
481.75336000011384
414.41317000002346
387.5420900000388
349.3343800000168
446.1730400000426
399.4587700000291
390.932420000025
374.881480000045
438.2047200000335
338.6618500000349
470.83552000005216
437.1854500002031
520.8532500002577
350.9710600000268
361.89295000001187
463.34945000003825
515.400950000158
414.9779700000451
516.2677500000088
425.2694300000125
589.907190000287
351.78633000003623
496.55421000024216
416.8271500000183
438.16092000000157
371.08004000000585
522.6050900000463
414.93270000003116
349.0366300000314
387.9321700000278
359.1030400000274
419.93221000004354
392.4992200000028
449.8583700000137
588.6447300002363
428.9623300000265
559.710660000054
455.6467200000256
358.60065000004033
622.9289900000938
329.341090000034
377.49878000012905
440.64993000002323
367.4489100000348
451.83117000007167
374.55532000002245
536.8821500000043
468.9084100000255
395.17516000004986
330.8175300000376
507.0725300000089
383.7976400000274
386.817000000023
527.4620600002497
460.19444000003864
457.33464000009974
527.588460000068
344.671160000037
481.2684200000692
535.5280500002668
472.23035000001823
475.2209400000163
444.765060000049
495.5286300000544
356.2100800000328
424.80363000003786
385.87696000002995
367.4159900000308
535.5693300001515
407.42685000003496
437.7767100000419
513.1237800001336
414.233650000025
397.8907400000508
444.01690000010086
423.8327700000067
458.0464300000247
484.2173100000224
428.24253000002204
432.90605000002216
419.8433000000166
407.43687000004377
505.674440000161
535.7945300002441
423.89042000001433
574.946440000122
369.65974000001495
431.258110000041
418.1816600000377
383.81944000004364
442.6679200000066
400.05554000003315
394.8199200000326
444.6409700000364
355.82259000001284
508.74860000001803
476.0874300000894
459.1836300000416
464.41307000006447
453.3664900000096
498.9078400002104
361.95113000003835
499.25024000001645
455.3108600000249
679.1452400001882
537.4524800000745
409.28273000003634
350.9523200000282
500.2289400001636
410.10990000001044
437.77122000001435
457.2160100000066
379.5081500000423
505.9534300000929
435.35727000004545
374.83972000002643
440.4267600000753
399.95694000004033
469.15403000002226
481.31546000006085
393.5567800000244
437.9413700000442
512.4403300000764
505.53356000015947
344.9065000000317
513.3273700000015
375.27741000003437
542.2838499999976
544.8515300001617
513.9813200000716
587.3539700000204
485.9322900000316
493.9884200000326
429.3209400000314
486.7680900002458
455.1605500000684
392.77773000002327
340.0237200000341
472.0762200000282
365.85023000001604
423.702080000155
415.25906000002686
508.31556000009675
533.7442700001654
359.19517000004146
393.61659000005807
