711.4360299999145
684.9658300001242
593.777440000068
409.5842000000408
437.68030000004023
686.3868300001734
437.9362200000489
556.8693900000083
476.40919000004084
512.9470800000302
496.10207000002606
710.8448500001812
467.7207100000319
551.9262900001224
560.6836000001729
597.4344200001764
676.149400000135
402.356250000054
501.3312500000249
581.0673399999981
570.0669600000291
526.7997999999956
481.6226400000437
627.8204300002009
514.9821900000218
648.0333899999384
490.58861000007414
448.98643000003625
593.486789999984
583.1089899999896
522.0420600000692
598.8453799999623
584.2826300001084
553.2952799999874
661.6075200000774
405.6095800000393
678.9317900002563
422.966990000027
572.4277499999982
639.194539999942
534.060990000144
393.34422000005253
745.4070000001693
731.3425300002385
430.64959000004876
480.8600000001316
500.90069000003206
580.2316899999779
412.548800000041
558.2937800001448
535.660140000012
619.8529099999481
541.6552400000013
584.2282299999823
499.02808000003677
516.5979999999998
643.3599900001988
561.0820099999755
511.91558000000737
590.3403099999923
585.890160000064
693.7866800001899
487.38889000004195
433.7175600000464
610.0771500001212
447.0759300000261
548.937519999998
515.3553500000165
458.6311300000367
508.80106000002297
460.63714000004734
494.39342000002847
509.7545700000116
614.795170000221
624.4931300002389
732.7612799999433
608.8569999999854
655.8734899999271
532.7083800001893
771.4384700002198
462.3883800000362
565.7201499999815
457.9473500000351
564.9664599999878
638.0976299999502
525.119840000002
548.6146099999931
545.3933000000388
474.30366000003573
537.3979599999969
695.7929399999178
595.1208100002383
675.5423899999217
550.2165399999941
399.60658000005117
624.8832400001521
687.4322100001929
561.1107900000187
612.1023299999687
381.1259800000416
500.62242999999705
572.7729500001179
418.5673800000373
412.4955300000519
676.5362399999658
570.3306399999742
600.1945199999777
788.2441000001263
674.8830500001941
532.826150000023
458.7826500000381
544.3274400000366
587.4933400000016
464.19356000004956
492.25619000002075
721.5808399998876
427.72375000004286
542.8997299999982
490.50434000002684
621.7835500000732
545.3526100000587
535.0592800000414
564.1633700000053
615.9328200002324
586.2537899999886
630.1602500000594
684.4088199999205
576.305769999988
428.18891000003447
444.74140000003507
424.89791000004715
625.6642699999695
685.2958699999177
558.9901499999773
582.5138800002534
475.33503000003844
492.46260000002263
545.2598299999901
520.294500000042
425.2680900000409
769.3584500000097
415.1913600000417
478.1447100001413
421.31381000005405
501.7436300001166
726.4341400001796
665.7516200000632
685.4830199999151
502.76558000002217
565.2154900000164
514.0170000000242
560.3214699999871
657.7954300001802
573.54251999998
552.1681399999908
562.2513699999795
623.6658300000358
605.6463300002343
717.090850000035
572.8331400001764
812.4496799998643
538.1295300000136
599.4032300000216
657.5794899999912
493.95276000004304
558.3656900002514
717.4578000001809
546.4567800000112
574.2334999999804
571.2104499999815
397.34502000004073
643.4338400002248
602.9826099999658
570.8385600000046
420.87386000004915
467.4458800000289
525.8272800000113
546.9530500001332
540.1615199999852
473.7743900000398
518.7582100000059
528.2356300000102
590.424299999973
522.1810800000146
452.8214400000431
404.01881000005005
732.8919300002707
601.6080299999629
391.5695900000524
485.0143700000421
476.34381000003236
681.1864499999151
580.0000499999817
457.25983000004146
487.813980000037
508.80931000001647
606.607720000052
660.2842800000642
461.70428000003017
652.3602500002122
675.1777800001797
399.9900900000459
474.4954900000546
608.3050499999521
595.5746699999728
521.8981900000517
708.8381300001387
572.1954699999999
542.174210000004
712.2406499998738
620.6390899999677
651.8715199999318
550.7168499999959
609.9414400002319
479.4857600000248
573.0362100002566
429.4581600000479
445.324080000051
582.6213900000165
423.8313900000475
534.736880000006
585.0431799999792
649.7901999999385
484.9869600000194
644.3580099999355
679.9024499999374
492.8953000000334
472.2677700000394
663.4447599999215
533.1208999999945
375.2126800000469
520.1846500000084
468.8777700000312
545.5121100000001
439.9016900000413
676.1045299998964
480.4709000000239
513.1422100000199
528.6784100000034
551.0759400000162
585.6927099999948
485.2447300000342
654.5571099999271
492.0658700000338
671.800449999974
535.3526800000027
500.45635000003233
473.45480000002993
578.740219999983
438.16418000002676
1160.7351499999597
436.2852900000469
616.7238099999657
586.979519999972
682.3007499999751
577.151720000255
491.5907100000193
487.1866400000378
466.10130000001396
468.07427000003605
636.0479200002137
691.1498100002024
639.0419999999441
494.3965000000366
437.90786000002277
489.3344000000125
412.2886600000511
509.24400000000315
484.9602900000298
616.2667499999542
398.44194000003756
467.43980000004655
490.97060000001943
719.0201800000438
670.0687800001797
540.2050399999889
597.07815999998
741.0404600002674
450.6964000000454
638.7508999999205
616.2011599999562
619.1086299999583
468.2329400000396
431.55989000004047
523.5020200000024
705.5904399999246
521.4737900000106
474.43547000004116
378.83544000004457
482.2091300000355
401.8366500000321
506.7821400000518
507.38229000001286
688.9183099999494
584.3271600000336
601.4859999999723
451.3394100000415
490.4194000000209
593.3892099999658
469.53476000004173
415.87104000004985
642.0780600000212
707.5191000001957
536.0460199999965
430.16652000004996
492.6254700000285
535.7689900000044
572.1451100000518
530.070520000007
563.9117499999907
608.9999699999694
565.0230999999987
482.2307700000734
597.2446700002414
638.4822499999447
502.3051100000219
547.4139399999867
547.6960099999907
448.3500000000414
636.0906900001827
432.9071100000461
428.13672000003845
489.86848000002936
527.2045300002528
478.10674000004053
486.33085000002677
741.141160000164
395.1359300000518
449.52719000005084
484.9397400000105
527.3284600000015
431.4788300000491
543.2098499999972
443.99274000004283
569.4620499999987
456.89173000002086
679.7031899999222
520.1468600000128
593.4088199999885
550.9913699999934
538.4950500000049
663.3112199999615
524.6979400000049
813.4039400001192
539.589910000012
579.295299999993
554.4557099999889
438.60966000003305
429.3896200000469
478.04312000001954
379.288230000029
448.7951400000495
522.2954200000272
618.8531099999541
390.10733000004745
499.1239600000066
710.3818099999355
622.577679999962
668.2508999999194
650.7823400000666
511.17474000001965
409.79231000004984
467.9308400000333
612.1284400000345
636.29464999993
542.1500000000033
611.3565199999651
537.5839000000094
540.7750200000118
487.52664000003534
613.513459999959
492.2696600000422
596.4705399999993
580.1131100000058
641.0724100002213
649.8543400001283
778.2367600002052
394.4338300000259
520.1532499999975
453.90091000004844
406.0689600000363
414.7549900000524
585.2545100000242
794.1749399999342
516.4633400000089
605.3288599999606
547.5578700001392
831.2526299999337
624.6772199999439
691.2756299999077
461.5739200000353
641.7422899999485
393.56727000004344
522.0428100000012
570.1102399999922
758.8106000001472
406.64487000002975
488.32774000001814
572.0309000002494
711.454650000048
538.6940700001429
792.6147400001283
569.3224399999899
583.4411300000311
671.3752800002126
555.3701100000313
581.0990699999797
735.5900099998719
531.0045400000021
861.1072399998202
412.98649000005406
594.2002099999527
683.4126299999053
567.3567199999906
528.3200799999966
661.5100399999683
394.6244000000318
401.3429000000441
472.3278800000403
502.6539500000088
674.9532600001976
583.7865900001823
425.15905000004744
504.07192000002055
410.8993500000537
540.7473900000103
421.55776000002805
729.1749100002056
563.6726200001008
607.6626800000964
647.2314999999829
626.9492299999368
503.51574000001557
567.7106599999812
576.8723000000006
614.6333299999885
712.4945500001814
498.92957000002616
510.45949000001417
459.8300500000332
444.27389000004024
522.8936300000032
383.6108300000519
484.72675000002755
537.0457900000059
591.8842799999805
445.5404000000331
703.4287000000886
500.2335700000115
433.087910000044
544.1263700000073
517.506250000019
679.2781599999845
374.1616400000497
511.6905100000209
508.52060000001507
386.81382000003794
648.5081099999885
464.80196000000973
562.0220199999843
531.5637400001718
592.6078500002318
486.2645800000137
633.6989699999547
481.4914700000308
440.1279600000482
550.7316599999979
561.7674200002367
571.2560099999896
522.4216900000001
504.5803200000132
408.86533000004675
737.763330000025
515.4763600000276
481.90631000003793
467.0415200000263
642.4345000002118
539.8478100000093
688.343240000228
502.27389000002904
629.764659999952
753.1489999999715
596.8235899999638
438.72333000003505
633.423349999953
440.12101000004435
430.6598800000371
596.1432099999626
479.2345600000281
475.1566300000288
603.1907400001187
485.5262400000375
566.0007499999851
492.0815200000114
669.0449099999255
384.00690000005153
520.2025000000598
476.22546000001716
727.7530299999153
691.279019999906
743.5908800000799
597.0760599999867
410.2940000000241
467.7895900000365
573.5463999999795
541.0370300000025
558.7437099999972
494.95808000001654
444.46976000003474
594.7751499999749
596.8247699999637
524.7942499999948
559.738409999996
447.5464900000328
646.8379199999364
559.0111599999898
444.11586000004485
646.8871899999242
770.9091900001195
451.26209000001984
550.4882199999978
567.4121000000813
472.4482900000154
545.962559999998
590.050990000097
686.2201700001923
516.5051200000142
700.8653600001843
505.4242900000274
492.961590000032
629.7874500001134
623.5043099999443
601.4610699999655
579.3679100001414
437.3834000000315
420.3312200000291
664.6592999999282
425.23161000004654
462.4963300000353
599.2764999999695
564.8544299999824
394.852270000046
721.2863000001823
491.42169000003145
552.9034599999911
480.6054900000324
543.1412599999976
516.0164900000202
446.4085700000256
478.1864500000253
551.8656500000014
409.4200400000472
491.60569000002084
502.7049400000133
587.2316000000355
374.31619000004616
555.6501699999903
565.2831799999989
547.1068100000083
489.6463800000193
564.5501100002037
492.26041000002965
437.6946200000498
488.4870200000299
456.4010000000336
654.1557200000005
757.2360400000646
518.0124600000094
479.6361000000328
560.3463300000024
711.9922500001336
465.53898000002914
525.316630000006
591.3183800001394
463.06883000004234
501.06509000002524
435.7350800000432
646.6061500001169
555.143619999979
469.3279900000236
538.7059600000213
503.0868800000094
524.5534500000194
492.99844000011103
544.8061699999973
419.83482000004665
517.120690000018
705.8753500001109
415.9711700000455
458.9129700000249
653.9913799999733
524.935470000012
564.9836700000078
600.2305299999579
508.58922000001303
529.1409300000229
555.498119999989
495.6725600000171
554.0976399999861
399.6364400000327
560.0873399999932
464.6563900000351
447.9582500000339
448.0690100000292
410.55129000003143
479.88275000003676
482.5449100000249
580.5514499999778
586.9361699999844
573.6985499999738
568.7070099999997
427.71369000004654
455.3734400000279
516.1883100000005
394.89303000004793
609.6792099999735
606.0849800000395
639.7413099999507
660.9470399999227
443.950540000045
707.0017099999021
506.1130800002704
551.9067300000085
522.9807300002691
551.3867599999808
578.5762200000589
682.6481800001973
661.0607300000718
593.90142999996
572.126630000117
579.83040999997
442.59570000004163
398.96035000002223
567.5591899999954
621.4350099999562
539.8685000000113
454.6702900000234
454.42193000002754
733.3898400001746
577.0749100002432
498.5766500000316
571.6548500000182
725.2289800002383
644.5291400002272
649.5822300001137
744.8042200001541
492.63251000003305
552.2483300000044
650.4865599999464
456.76059000004216
436.08393000004435
658.1886399999643
577.0790899999771
500.42227000003186
596.6298799999714
480.85876000002406
450.9614600000317
597.835710000243
568.3389199999854
606.5643600001043
490.52290000003325
518.5986000000672
485.3931900000253
493.7033400000162
693.6527100001863
544.1634700000476
526.7840900000162
454.6069300000292
492.7062500000178
477.66682000002913
723.5680499998894
471.25375000001213
600.1754400000309
582.1253799999788
494.93692000002136
524.4202300000419
416.1547500000523
612.2378100002414
619.4879000001447
411.18398000005465
498.9732900000226
465.85224000003205
653.4060299999363
500.19019000001265
547.3576000000544
582.2415299999793
713.4853499998793
514.782800000003
439.52367000003943
675.8839999999173
551.070239999999
467.9002500000391
505.86215000001545
629.9143599999534
698.8663900000881
514.9994800000098
556.069059999989
727.0019800001799
727.4029100001945
599.8691199999591
778.9487199999098
504.76619000002785
527.1828400000136
546.3255699999844
576.3396800002154
461.19996000003687
452.91082000016496
501.2661200000324
473.58104000002436
443.46196000004085
570.8564400001751
644.9681200000136
476.60155000002874
503.05409000003124
765.5302400002317
572.6155199999853
713.9791000001851
561.2488999999931
717.7661399999466
710.2306200001916
493.30152000003267
416.7770000000491
530.5482899999951
564.0753199999957
493.7160200000318
637.1778599999285
497.2656400000214
542.7943000000059
563.2229099999909
587.4207799999776
485.41776000003387
471.2925200000217
626.1952199999436
496.8334000000162
622.9557199999497
622.1232600001133
528.2478000000071
571.4430699999938
631.9866799999586
605.531489999978
374.1168100000453
688.9698000001974
630.6942000002443
564.3041399999954
451.1708900000472
449.30947000005244
606.8502100000238
474.6036900000344
597.3943599999698
562.4044300002383
765.8376099998727
479.9601800000202
713.1571100002362
442.3000000000347
457.63855000004276
475.6182000000214
572.7875199999794
696.8806899999493
440.13469000002993
631.5729100000949
600.3973100000269
492.5327300000375
580.1473700000147
452.1297300000354
630.1540399999486
628.8774899999531
567.224340000051
745.4807099999015
560.2111299999892
461.1995400000354
465.6857300000402
482.7059100000294
427.75068000005007
507.96486000002403
581.8600000000165
564.6846800000416
695.6658299999087
611.9952299999759
562.116990000087
670.4002699999262
665.079770000095
410.3490300000405
538.6497199999982
573.342779999993
473.6816700000285
410.5535300000418
663.913579999993
605.4295399999726
670.1712500001298
640.6826800000499
762.4457700003215
521.1580900000205
769.3922500000692
535.5366099999895
642.1188400000206
456.906280000024
649.228059999986
720.7720799999671
522.1007400000087
565.9199999999903
687.3185500001943
537.9796899999986
489.6252300001306
543.2974800000069
768.6013000000253
515.2942400000293
591.7587899999745
637.0353000001413
471.7146800000452
559.0213200000046
582.3709399999684
505.57646000001927
674.3233000000416
723.4303999999534
378.431430000026
577.6601899999933
480.580190000043
481.6986600000151
553.1384099999883
605.7247900001059
462.1357900000366
549.0090300000044
680.6347799999226
423.1908000000447
542.0547700000067
656.9743999999314
716.8830200002458
562.0705700000009
661.4501000000937
627.3275399999843
462.9145500000435
749.8043300000794
703.9064800002126
430.82676000004835
463.0867100000368
497.72498000002264
488.35118000002296
569.1680800000235
691.998759999904
533.0872800001046
680.4673600000318
459.82753000004
517.701230000021
640.4346299999554
380.25739000005126
538.1706999999953
419.7340800000469
623.6712599999504
547.3757299999802
604.7616499999497
536.4866100000095
653.3552799999986
475.1950700000358
427.6824600001106
590.175610000097
527.6583400000106
482.76604000002726
454.0618500000348
575.2967999999869
528.9700800000131
491.4839600000211
465.6654300000412
570.7162799999868
422.7909000000496
584.4694900000084
521.7267900002091
665.0007200002143
455.3252200000396
438.9929600000252
569.9885100000134
626.9128400001214
527.0934200000354
639.9331999999345
542.9488199999943
744.929530000232
456.7866800000422
611.5080100002257
556.9237899999847
553.1176299999815
458.05862000001883
655.94613999997
527.4590400000193
437.0405300000417
492.66650000002153
439.7943800000365
545.9312500000049
481.2116700000066
583.9477399999785
756.8421100001531
535.1541199999981
708.096039999973
588.5029199999809
468.12153000004287
819.2187799999696
410.07670000004975
477.57109000014685
563.675119999989
472.98132000002863
556.4327400000423
433.7148000000277
713.2342599998929
610.5420999999633
502.3874200000331
415.43401000005355
675.0355999999225
510.58570000001686
493.8802800000275
631.9270600002045
588.7628899999794
617.0738000000673
664.8730899999952
443.0817900000446
632.6052900000185
667.3753100002207
584.3925799999715
620.7127399999591
549.8406900000105
638.8826999999937
436.00770000004326
544.0995200000071
484.3056100000295
472.66434000003704
677.9801500000883
528.4650700000104
562.0966300000005
654.885820000096
524.7360300000058
513.4046700000257
585.4354000000792
533.4738399999928
589.0413799999711
663.7758899999316
538.8415300000069
543.4705899999942
512.5651300000084
535.0463100000164
613.9953100001189
658.170210000195
535.7728199999945
716.0260000000283
449.2097900000237
513.8820400000299
514.3832400000131
492.30205000003434
584.3102699999703
518.7088400000168
515.7271000000246
565.2143099999995
442.54519000002574
657.2549899999416
604.921570000051
591.0427599999856
596.136510000022
600.4198899999552
609.8287600001808
468.98243000004027
680.7457699999376
578.1750599999742
859.1070400000644
694.6056599999984
516.4595400000137
461.5592400000371
617.6689000001243
530.3203399999944
564.4504899999877
603.5942199999612
478.06051000003674
652.200010000037
521.1184600000238
472.7501800000346
547.3265500000591
479.57981000003
581.3724199999731
612.6356900000103
484.39087000002024
585.7129399999961
646.7338200000331
639.1521200001105
443.6741700000405
656.9433599999285
488.20487000002953
747.2576299998843
702.6488600001056
652.2858100000091
770.0096999999087
621.2526899999904
585.770639999964
566.3167399999954
592.1730900002376
579.8956800000345
478.07757000002385
452.43875000004147
605.6051799999921
462.6295900000265
545.9154500001529
534.4050200000138
654.2523700000336
642.6707700001406
451.3796200000571
499.0522400000647
