2086.5959999994234
2108.018329999367
1513.1689299992777
1099.4186099995711
1147.6807299995207
2190.7423199994296
1076.5271699995847
1474.5395699992546
1160.6707599995007
1167.193239999482
1383.9728499993432
2187.0054699994525
1189.2436099994727
1420.0430199994119
1676.3641999993104
1719.53368999928
1667.973759999293
1004.0039299996656
1316.4257899993872
1914.3491799990502
1540.9673199992196
1667.4703499990762
1201.7636399994924
2087.0198999992162
1429.5970299993032
1885.4709999989425
1386.6772899994137
1182.0060899994842
1567.7114999991795
1651.2684799991143
1658.8601099991931
1758.7033799990065
1649.1852099992318
1524.5586299991858
2008.908199999308
1083.451799999568
1849.4406499995464
1276.9468299994214
1495.6294199992203
2071.114999999118
1526.9603099993808
931.4026099996975
1954.3670499994091
2288.3638700002066
1163.3837199995367
1403.8598499994523
1300.6317799994088
1469.6859699992233
1173.758019999517
1517.2465699993857
1467.7935499992725
1864.4315599989748
1342.012919999329
1492.8841699992056
1371.5202599993647
1418.3685399992598
2101.102749999527
1730.159809999032
1382.8095599992948
2041.2916599992045
1381.0258199993843
1998.7328099993529
1069.5723999995664
1032.2105299996044
1830.0627399991613
1214.3690999994478
1508.3393699992228
1382.6453999993232
1227.4358099994542
1414.4093299993078
1261.082919999463
1338.5384399993716
1589.228379999162
2130.874499999398
1782.5767599993032
1963.3266099992893
1552.3827499991726
2057.4968399989807
1490.2508999994573
2320.986810000171
1299.6214199994054
1569.5836099991448
1099.69770999956
1589.2033299991306
1815.3684799989685
1639.178139999115
1557.8095599991682
1522.4498599992612
1265.5368099994337
1556.1100499991703
1910.4567099991182
1671.0906499993775
1744.6122999990073
1544.1518999991908
1052.3641299996257
1720.8977199993453
2133.3561399993314
1555.7247399991904
1765.7289799990158
1032.401499999643
1652.5194699990932
1703.4927499991993
1117.826759999543
1090.2450299995987
1971.2449399992752
1944.4797499990796
1667.1867599990678
2399.6796500000105
2498.2238900000675
1211.1337799994462
1255.3538399994475
1582.7587999991954
1601.6702499991502
1079.0090199995711
1414.1019299992988
2097.0800999991475
1194.5548099995021
1657.401639999109
1248.4532099994233
2104.6078999993465
1572.671609999236
1775.474669999064
1343.7295199993314
1686.8538399993568
1768.6870399990364
1597.9388299992247
1882.0815499990279
1616.8660899991255
1256.7015999994455
1289.1963499994242
1067.2176099995968
1712.6901999990673
1870.254159999062
1763.7993799990033
1372.3500399996092
1196.1240799994755
1280.7734699993953
1600.6424599991274
1270.9538199994292
1258.784909999455
2803.2563600006733
1235.2311399994762
1321.9678899995502
1071.2739999996109
1406.547289999438
2106.1453799995606
1927.7962199991903
2010.7144899990315
1274.4929599993998
1692.0165099991098
1271.1024299994122
1666.7292999990718
1603.802659999369
1666.8505199990602
1626.967639999124
1516.9889999991813
1575.6993699992122
1809.9981699992763
1845.1736399992342
1549.8684499993801
2504.685840000373
1442.849319999279
2079.1333199992414
1917.9511499992195
1267.141129999442
1523.5969899995002
2225.740359999758
1470.2238799992574
1633.396769999098
1705.4040799990453
1051.2765299996095
1811.2124599992678
1974.9720299991407
1746.7523299990635
1009.900799999632
1329.7812099993791
1468.4359599992565
1432.7155999994222
1749.3505799989987
1177.7077299994935
1418.1902099992703
1361.3206999993213
1721.3229899990422
1361.9997599993317
1275.537519999443
1024.8280199996439
2259.7541900001293
1731.4973299990224
1015.9008199996576
1266.0245199994324
1261.442289999429
2017.7099099989575
1688.3814499990503
1211.524719999482
1160.2221999994968
1369.3231599993273
1720.97043999914
2099.961139999365
1331.532199999373
1754.7125899994064
2176.756679999678
1011.429139999629
1298.1419399994368
1808.2917399989726
1699.6814099990497
1589.9622199992127
1977.1094499992892
1306.3547999993596
1484.6814799992435
2250.9674399994374
1891.9832699992037
2120.4622899991914
1636.7216399991169
1705.1686099993417
1398.8041299993254
1582.5137799994814
1126.2836099995582
1013.1617899996259
1459.0072299992662
1119.497219999566
1474.5822299992387
1787.3720799989853
1876.6559399989358
1314.1556999993754
1974.700809999078
1742.3741099991146
1210.8303199994577
1152.8952599995066
1712.5966799990472
1419.522329999259
1032.9991999996505
1269.887129999398
1292.3978899994136
1509.0001599992104
1097.2857099995713
2368.995059999613
1367.5573699993472
1461.4336299992708
1341.0692199993323
1563.3977099991785
1730.2771799990785
1204.639779999469
1914.4406799991443
1204.3942299994633
2117.173979999301
1611.536369999138
1439.288719999295
1241.590409999438
1446.3611899992375
1280.2175999994186
3860.093730004666
1192.0639999995064
1676.2191699990715
1690.8947199990362
1793.7508299991762
1606.4469699994575
1378.0612099993284
1281.0203099994308
1398.6220899993236
1305.7267399994175
1890.7658299993097
2067.6671699992507
1707.075229999039
1373.9394199993453
1321.5183799993777
1487.0514399992314
1057.7164699996126
1619.93321999912
1194.9529199994706
1779.9926799989798
1070.310019999573
1143.5943999995377
1467.1620199992697
2435.1759099999217
2280.7224599998644
1615.8011999991045
1677.7582499990644
2076.7771599997595
1079.1610399995695
2120.6063999991475
1782.0826899989904
1548.9616499991546
1183.5059299994782
1215.3567399994897
1556.112309999166
1850.5013099991559
1266.2031699994034
1191.9743899994826
1055.97890999964
1317.5094499993936
972.9507199996473
1369.1346199993643
1498.8010799992396
2425.72185999999
1726.6009899991132
1680.6172499990657
1227.9836199994725
1393.6459399993107
1838.1243399989949
1149.1831999995259
1094.9436099995855
1749.6816899991456
1920.180569999376
1450.2176099992535
1157.204939999551
1209.3657099994487
1356.224129999325
1538.0173499992452
1534.7352399992105
1545.653419999176
1699.5760899990494
1647.5533699990951
1417.6119799993812
1510.5848299994939
1673.3150499990534
1301.500509999379
1694.1630899990641
1614.028749999114
1213.1244299994835
1542.6702199994106
1159.5646999995322
1069.5671299995759
1361.1088199993496
1448.063009999577
1302.8796099994192
1381.369649999332
2004.9922499993909
859.5396899997511
1071.0106999995867
1352.6376099993286
1665.0949699990933
1141.9185299995497
1452.8995299992387
1100.9399099995514
1362.3254699993142
1397.4748299993194
1866.0001999990113
1471.289129999256
1949.8736099990392
1660.4113399990827
1511.0719299992045
1938.210589999201
1438.0903499992598
2482.5707300001973
1518.2757499992117
1596.5456899991298
1700.7886899990717
1178.3181099994938
1159.656419999531
1405.7431899992991
951.3713199996762
1197.1621299995124
1270.4963499994144
1685.9030699990524
1103.9388099995908
1501.178709999227
2330.574239999881
1798.0450599989854
1927.9510399990138
1815.0683599991899
1380.3142899993368
1028.991929999635
1342.5044999993686
1711.2787399991169
1882.9035299989782
1494.6258599992448
1671.7289199990655
1477.6778899992414
1400.580869999319
1320.8067799993971
1837.41919999898
1275.1949999994247
1922.3336599991205
1575.5953699991567
1626.5162399993965
1893.868379999274
2454.1121200005286
963.8999199996547
1530.6497799991796
1210.4630399995012
1161.4139899995234
1065.5273399996036
1813.1864999990992
2173.597209999675
1465.8784799992377
1896.1016999990309
1646.5360899992652
2653.0650100004295
1749.4769799990077
2182.15377999919
1201.8577799994703
1727.7770799990312
1014.3705599996438
1314.5984199993434
1591.8963299991688
2396.51437999972
1129.139509999525
1477.909009999257
1306.4731199996575
1921.6279999992755
1603.2334999993188
2253.0497399997907
1638.0622699991034
1819.6417799990584
2226.8195699995745
1336.993629999363
1515.2392999991935
1915.2686099991472
1520.328919999199
2772.46396000081
956.0567099996753
2006.3009099990622
2080.9334699992464
1650.5233499990793
1577.8670799991605
1816.3561599991651
1080.2709299995709
1064.9512199996045
1254.106909999448
1464.9801399992596
2238.317219999373
1586.5861499993814
1092.8693299995764
1391.4782399993148
978.9296799996649
1403.637449999296
1265.686739999426
2109.3832199996746
1454.2793199993744
1808.1355699991336
1952.9568999992064
1883.8056199989994
1510.6458799992315
1759.688779999001
1471.2327699992557
1849.8067199990257
2225.5012999995247
1296.918159999398
1433.4898299993033
1182.500209999499
1177.1539099995034
1495.3547699992102
855.5862899997528
1429.6042499993082
1505.6973399992248
1615.5936799991239
1300.3688099994142
1925.3169599993398
1429.0647299992686
1238.6221099994707
1420.0923299992764
1330.2756299993596
2233.6104099997533
868.5026299997486
1371.8778499993377
1404.4435399992933
1008.8647499996323
2152.7068699993147
1311.6777899993635
1665.4910999990723
1391.716849999499
1831.1167499992544
1498.922459999239
1578.0279399991277
1224.6037299994484
1186.7785399995125
1568.0852799991812
1452.559549999529
1679.5115099990826
1478.889539999215
1406.0332299992901
1078.7056999995905
2350.5703999997845
1374.8088199993344
1305.4685299994046
1337.3695399993637
1822.7983499993043
1408.6140599992907
1812.7168899995181
1369.5789399993569
1850.4413999989674
2255.3701399997617
1602.4016499991167
1159.9550099995022
1778.7817399989924
1127.7905299995366
1255.9183199994557
1747.9625099990171
1268.0661799994218
1282.3988899993974
1744.857609999196
1089.9613799995402
1554.5692599991717
1309.9942299993638
1918.1626099990071
990.4739199996754
1376.9784399993805
1307.6977199993694
1883.1337099992782
1822.7453399990345
2384.193309999829
1866.9718499989885
1146.187309999529
1234.1840299994642
1600.294109999125
1379.5830199993056
1525.378639999197
1321.67860999936
1180.6815099994928
1585.7114199991317
1672.1321599990624
1567.7554499991338
1553.7498599991786
1150.2712299995183
1744.1672999990267
1662.946329999094
1190.5113099995115
2269.910009999376
2383.490200000293
1219.473409999449
1523.477539999216
1769.007319999126
1374.1946299993222
1559.506449999167
1612.46885999922
1817.4739199993203
1459.4909399992662
2021.8480299994233
1361.8497099993704
1340.3008299993835
1834.385229999189
1750.461539999002
1720.7949799990188
1609.5744299993014
1238.1019199994441
1197.5394799994947
1903.0466199989478
1030.088989999608
1170.5444799994866
1656.1812299990986
1872.2008699991336
1011.8888799996323
2311.7976899995106
1351.4482099993631
1633.3226499991008
1351.226719999374
1569.0545299991581
1567.156179999187
1155.1761999995101
1173.2640999994753
1538.122889999171
1106.9139099995843
1283.8282099994046
1269.0809299993912
1545.8512299992283
953.8859199996954
1613.8037999991493
1423.7437399992643
1474.8182499992597
1435.258559999282
1592.0828399994011
1275.3432899994184
1036.3592999996044
1199.8478399994542
1223.9248799994477
2113.063219999264
2195.5010699997433
1363.5153499993085
1354.1975499993691
1482.1135699992444
2052.771889999396
1310.1721299993928
1564.109349999172
1809.1398699991726
1240.0309299994658
1263.8569299994167
1188.5609199995058
1855.6078699992413
1750.7910999990136
1405.0736999993126
1602.3201299991806
1521.4193599991995
1281.7427299993888
1493.6666799993784
1572.8097799991624
1049.9592299995975
1375.587409999324
2386.3058799997625
1128.9473199995562
1314.539189999382
2227.8401199993264
1292.0488199993733
1518.2952699992268
1862.1771099990146
1428.697019999271
1458.5438399992897
1528.8274499991728
1482.5008699992522
1773.9255799990078
1003.327109999633
1585.6779599991432
1250.0396099994377
1228.7417199994527
1292.6137299994052
1220.095809999512
1217.1528899994578
1322.8142999993645
1532.6362999991668
1571.6997399991471
1674.7668999990728
1516.1450199991973
1144.0779399995424
1285.761739999406
1551.8052199991723
998.4250999996489
1911.7499899990335
1637.4876399991754
1858.357209998947
2159.5742799992177
1221.5392199994776
2116.2033199991383
1213.411299999757
1268.2885299994027
1207.0033999997609
1682.5525799990603
1814.4463599990672
1836.412989999308
1973.9430699992067
1694.8828599990334
1510.7731199993434
1619.6699699990934
1189.4084399995
1143.9354999995123
1461.4749399992427
1769.2876899989888
1453.8411399992724
1134.0551199995111
1153.5364099994956
2290.539389999995
1700.6724499993634
1229.634899999447
1852.2191599990492
2155.5025899997777
1595.4038899994075
2040.6012099996067
2490.538109999877
1336.0863199993867
1415.6823499992854
1642.1151599990926
1171.09471999951
1087.4974899995668
2047.202019999428
1760.4321699989857
1159.867889999502
1671.9265899990755
1241.1816999994223
1211.83400999947
1464.4096199995347
1635.7258699990948
1535.0249399993188
1334.9375699993889
1519.8670799992767
1294.1372199993916
1415.3356499992944
2006.468289999333
1420.557219999335
1265.939119999396
1333.8970099993776
1250.1527099994187
1375.8743299993505
2115.956339999158
1437.4853399992917
1471.3481399992743
1598.6323099991287
1408.3170099993122
1407.5450199993297
979.5521399996626
1732.4822199993512
1721.9354599992387
947.1860599996903
1406.6939899993213
1353.7489399993685
1864.7229799990196
1457.7483399992705
1541.9613499992383
1618.0464399991138
2148.5457699992544
1480.1018399992347
1091.2653899995555
1879.0283099990204
1562.6780699991743
1271.4372399994377
1392.9359899993037
1953.9741799990754
1940.6888299992986
1513.5233299992042
1659.5234599990765
1909.2067899993624
2356.379060000068
1660.2971799990585
2357.272020000098
1294.1439299994124
1465.2234299992604
1516.6262299991722
1800.9492999992572
1140.2501999995095
1151.3933599996972
1340.5041899993798
1210.8869999994502
1179.9363099995003
1715.7650199992763
2038.3276499992207
1275.723319999407
1299.890849999409
2726.6687700010616
1616.5226999991376
2112.347369999351
1513.8421499991912
1967.3895999993774
1784.8227999992969
1353.37326999938
1032.2979299996193
1499.9480299991994
1552.47714999917
1278.8227699994043
1965.9452499990857
1282.4085399993878
1451.2988999992726
1691.934029999058
1442.187759999247
1315.8044199993922
1360.939949999341
1851.6280899989556
1366.0411299993277
1886.6061699989868
1890.7707399992055
1475.541839999237
1524.0425499991863
1685.6060899990603
1708.0444599990765
1032.8873999996417
1921.7313899992782
1545.3765099994707
1532.9260799991835
1109.6126899995522
1319.4181099994446
1754.5363799991633
1339.0644499993796
1752.2615799990076
1583.5504699994615
2491.7438400000824
1181.9139099994695
1893.0500799995452
1307.7204299994085
1193.60280999949
1301.1098299993844
1678.5612199990576
2021.4590899993182
1061.8275999995703
1790.5550699991827
1608.1085399991682
1187.3478399994794
1702.1886899990975
1247.473639999441
1984.806989999019
1485.453809999212
1715.263059999112
2289.026759999601
1646.387499999096
1288.0596299994168
1196.8610799994808
1281.4467099994017
1120.6594199995652
1315.0557699993815
1839.312579999019
1757.2679899990949
1900.6229499990297
2056.1953099991647
1530.0487499992992
1863.9240199990627
1709.2472899992065
1090.935259999572
1534.826729999188
1573.470639999172
1199.7830299994616
1113.0329999995554
2159.383209999521
1504.8676799991847
1711.8796299992425
2076.5806399992603
2662.178790000811
1315.92468999937
1972.5063799994532
1420.721269999259
1671.554329999154
1269.7555099994088
1566.8350599991777
2411.6756200001546
1615.182869999136
1687.248789999082
1814.9933599993142
1562.4305299991654
1421.3895599994573
1332.0068099993593
2745.8098700005717
1346.5395299993788
1682.256899999065
1920.134939999406
1191.479919999504
1374.6465399993106
2224.9394699992854
1413.987329999296
1725.2081499991627
2395.244399999769
1045.2283499996267
1675.3549499990834
1135.4389499995245
1360.0569199993247
1388.2792699992765
1791.476659999156
1281.3159299994363
1856.0945299989876
1879.145809999021
1046.5822399995952
1319.0959699993475
2004.803959999108
2540.8697900001644
1332.4244199993516
2108.43389999962
1799.0579899990876
1192.9427599994904
1969.3404199993724
2224.8560899998038
1190.7319299995177
1277.5494299994295
1428.4687699992899
1289.2087099993944
1543.2222499992117
1892.1861399990357
1347.9725299994473
1980.277649999355
1288.6795199994222
1251.0724699994198
1673.1795399990626
843.6440999997596
1676.5699999990693
1084.7618299995856
1792.624009998991
1623.8615799990816
1995.9321799990219
1477.529869999265
1974.3549299990852
1142.8637399995032
1031.009709999721
1621.9014799992403
1590.8575399991587
1349.0667699993664
1227.1996199994824
1371.6243299993037
1376.5085999993173
1272.790409999402
1111.9056399995352
1672.7548899990863
1152.3731299995445
1752.99964999907
1310.1436099996101
1924.065819999255
1292.1765099994234
1190.968209999469
1839.5023399990243
1880.1019199993398
1403.0564599993404
1903.252799999062
1437.9687399992501
2756.890330000642
1220.3721299994793
1918.3655599992478
1654.4816799990915
1806.9168699989914
1306.1763699993887
1587.3801699991493
1384.5656299993152
1262.7281099994505
1400.03700999932
1216.9496399994698
1345.4472299993356
1588.3470599991572
1737.2231699990182
2391.807969999785
1612.3592599991282
2347.979459999851
1570.9739899991418
1157.8167199995146
2524.9826900003854
1079.4674099995966
1262.8061699995792
1562.559739999155
1276.6064499994159
1440.392359999312
1382.1122099993413
1978.1313899990446
1805.9145999989712
1287.0901999994228
1099.5799299996027
1832.3565899990476
1475.0780399992616
1411.1101799993348
1786.6011699992732
1473.6142999992232
1715.1410999991372
1931.7237599992939
1196.9165299995059
1684.1209499991078
1832.7626099992603
1692.9630599990592
1787.019769999005
1448.8230899992823
1831.2274199991343
1089.5293699995605
1488.4019299992328
1218.102499999449
1376.5863199993596
2035.4286099993558
1464.1782199992595
1531.7897599992014
1903.0911799993773
1568.0238299991665
1237.495859999435
1614.0158199992363
1673.5252299990743
1667.8887699990678
1871.1800799989671
1419.0135999992694
1649.0447499990926
1587.1181399991792
1367.308999999338
1503.1970299993604
1943.745479999323
1518.4996299991894
1910.966909999371
1327.9918499993892
1338.6904199993678
1451.0340699992719
1183.1665499994724
1909.2902899989456
1301.3493599993635
1410.1986399993098
1557.006359999178
1143.821009999512
1764.2038299990206
1885.1701599991027
1607.119579999143
1584.8382499991806
1789.8481599990005
1734.8426199992716
1304.4358199994144
1887.1240099991892
1485.696279999202
2705.209900001041
2174.594429999636
1433.1610699992877
1249.9350299994467
1918.7512499991346
1706.6837399990445
1597.6226699991087
1877.6555799989844
1203.7165699994703
2042.236219999083
1364.8699299993452
1130.5185199995176
1389.905799999357
1347.9401299993663
1712.482869999038
1808.8275699990784
1354.9615399993456
1563.7258699991853
2146.3444399995487
1601.1119499992772
1248.353529999461
2052.5498199992558
1336.8444499993745
2245.0730499994766
2156.698589999606
1901.0426599991627
2089.129619999663
2057.803949999065
1724.7620399990371
1568.8841099991569
1639.2729099993862
1458.7518299992892
1257.7408999994145
1157.7949699995133
2002.293179999162
1160.6434999994976
1594.063139999355
1289.537819999375
1935.7560099991042
2228.039049999605
1158.348499999542
1262.5277199994666
