1755.958789999031
1509.7580299994195
1253.8315499995197
858.5913199997568
926.1840799997024
1582.9918399994203
922.9367999997276
1129.7417999995323
973.0619599996666
977.7278499996495
1068.0014799995931
1632.3584799994057
964.9954199996712
1155.785159999648
1262.09920999965
1353.9810399995965
1394.2029799995332
795.5814899998218
1095.800709999582
1389.2813199993386
1218.6170399994992
1276.3172299994048
1028.4802299996552
1477.5416499995163
1130.29917999955
1459.314899999247
1090.4947299996643
1008.4657299996475
1243.9636499994506
1318.8250799993873
1316.5284099995004
1493.9182399992224
1355.6713099995059
1225.157499999453
1652.0221999992616
913.5687499997227
1474.0619299995979
1004.7976399996463
1272.4231299994303
1606.2859499991403
1197.8040399996626
779.745249999825
1619.5021699994097
1785.0791799993938
944.4792099997185
1116.213619999709
1056.2624199996158
1188.8626599994736
951.9627699996998
1256.3427899996286
1194.9314499995078
1463.9190599992442
1092.9778699995504
1232.1417799994379
1062.2004299996097
1142.066249999506
1579.515779999432
1414.9645499993026
1194.9644899994842
1527.8192199992552
1129.7650099996097
1514.439249999505
950.811279999691
867.4807699997486
1356.7093399995128
954.1928399996667
1254.0955899994508
1117.026929999559
1021.9523399996365
1137.837369999543
974.2468699996865
1083.0497099995885
1243.5378399994606
1616.412719999461
1373.9910199996489
1618.8477699991697
1217.395579999453
1624.5940699991222
1146.854609999743
1823.8027599993366
1046.29897999962
1248.674169999421
871.0825299997476
1292.5876799993953
1429.355899999275
1278.9107699994165
1218.272859999453
1195.3139699995427
1004.4717899996546
1238.9888799994437
1571.5131099991727
1201.9490199997551
1449.320819999266
1251.3704799994437
854.1667399997848
1368.2444099995423
1661.2136399993897
1250.357209999464
1393.3518499993295
809.3974299998107
1230.87521999945
1283.378009999556
894.2638199997247
884.1422399997655
1559.376679999201
1431.4472199993027
1316.2753599993719
1992.9931999991757
1782.5932499993114
1047.2562499996025
1038.1612399996375
1154.2455099995477
1321.1780599994122
922.1111399997201
1102.241509999556
1693.4527499990488
909.6673099997192
1298.066069999421
1012.7917399996338
1532.286009999329
1327.0565299994778
1289.5029899994627
1091.303069999557
1391.5370599996313
1443.7818799992863
1269.9466299995092
1433.1420699992616
1230.9396999994397
979.5774199996664
982.8181999996609
863.7585699997613
1415.4919299993198
1640.4622499991124
1353.9955699993425
1132.7994899998232
992.2040699996559
1059.5623599995902
1286.061869999408
1034.2321099996393
988.3182199996721
2088.582349999232
999.6744699996729
1042.7761399997833
850.2844299997824
1163.6180099996618
1567.3034299994586
1575.3502499993078
1618.3929699991104
1055.3115299995934
1264.1994399994626
1009.5798999996346
1396.548979999331
1311.7628899996314
1343.8221599993524
1241.8639299994375
1238.3034699994303
1279.1254599994775
1373.60051999964
1424.6029699993953
1310.9336299996146
1955.0362799991794
1169.8674699995124
1573.8178099992385
1568.0032999992163
1057.0459499996289
1228.0068099997632
1651.0808399993819
1219.066169999482
1279.817239999404
1263.7726399994017
796.3110199997993
1481.861739999538
1532.9239599992195
1363.1179899993879
819.2184299997868
1006.0268499996353
1190.3675499994952
1141.2348899996716
1387.813229999322
983.6202199996646
1129.6680199995278
1158.7416099995232
1390.9062999993291
1162.0869599995208
1033.6185099996471
810.2431699998061
1744.0257099994242
1430.0864399992936
824.5590499998107
1053.4071199996326
1085.9977299996037
1597.6537999991442
1285.3662699993918
955.1236699996869
972.8393699996617
1167.1429499995174
1399.4938099994283
1536.0463199993228
1105.9592299995913
1333.3356399996474
1700.6854399993324
842.1491499997736
1093.852729999634
1498.4244099991906
1341.906969999351
1303.6885299994801
1626.9486699993777
1152.0230099995183
1199.176969999488
1808.9380499989522
1430.2668299992793
1660.8621199990841
1314.5284799993963
1284.4091099996974
1086.0741899995808
1225.5732399997787
910.1602499997347
848.8602299997675
1209.2207099995014
908.0953699997398
1166.015839999504
1375.632189999327
1524.323149999222
1057.6843499996035
1560.0998199991654
1450.0630099992716
1014.8214199996313
982.2296999996659
1490.326409999216
1154.9607399994964
816.2799299998155
1031.2791999996093
1047.1095199996196
1180.9527199994834
917.8283499997358
1828.484489998985
1041.683569999604
1137.1443999995392
1090.095969999555
1288.7650299994352
1340.2617499993733
1057.0929099996197
1505.6301599991996
1034.5531199996249
1610.1956299991894
1253.7817399994365
1107.6161099995877
986.0355399996531
1267.3743399994207
1019.6277299996487
2735.8806900014515
988.901179999686
1325.5900299993657
1352.8098599993289
1445.0677099993077
1211.5645099997796
1099.6907599995668
1033.2915699996486
1031.0906199996168
1052.3735099996316
1431.257139999569
1587.798859999459
1312.2210499993578
1053.8331199996182
1033.606159999618
1187.8508199994974
903.9064899997544
1247.4392099994334
1027.1157099996294
1415.850259999284
885.7442899997302
981.053829999691
1147.9348499995335
1810.5912399991514
1777.5206299992883
1346.4859299993664
1280.2296199993993
1637.6742699994895
921.3312399997153
1609.4486899991086
1389.0393699992962
1296.305249999383
1054.3651199996232
994.4747099996816
1231.8172399994444
1494.6840099992314
1032.639519999599
1018.775609999646
827.7314499998128
1069.2569999996028
811.2047499997941
1096.188469999607
1137.9414199995297
1833.3361799990698
1411.9943599993758
1314.3922999993745
999.4240999996648
1085.038849999565
1414.206449999296
958.0640199997033
906.9859099997467
1448.5698599993377
1475.5549499995357
1236.6508699994552
893.4061899997489
1007.0051399996378
1185.3395299994988
1300.6348799994794
1240.7114399994634
1245.5697799994346
1335.185099999355
1359.781819999354
1104.6826099996442
1210.1170599997522
1367.3067499993185
1056.0582599995964
1307.1106199993797
1218.8742799994384
984.9472799996732
1289.1946899996467
937.7884399997165
850.1048099997547
1085.774099999583
1149.5741299998324
1033.470519999638
1112.66599999956
1614.8939199994234
720.379709999866
898.9659399997473
1080.3367599995704
1297.5807499994137
922.6180399997293
1204.3315899994707
919.7275899997086
1142.9036799995117
1082.6305799995753
1495.7539999992177
1214.987989999485
1465.3745599992806
1275.9487399994064
1183.7891699994864
1500.484639999239
1132.954439999522
1791.6765499993128
1212.440019999485
1308.5817599993986
1312.8815899993883
953.9696799996898
940.3951199997122
1150.713169999525
773.1616199998258
950.9521999997097
1110.609249999577
1404.5709999993082
893.8048599997595
1073.2988099995675
1895.7156799990244
1399.300039999294
1521.7773199992018
1500.7893799993565
1144.1107799995477
833.2956699997922
1072.154969999597
1370.5116099994204
1485.1941899992223
1212.5807599994855
1380.4920599993286
1249.9986799994563
1131.1914999995486
1044.0862899996223
1413.5698199992842
1079.7632899996192
1474.5237399992868
1265.7526699994348
1326.7001099996644
1388.1810599995024
1921.39512999937
829.9991099997865
1251.8074299994387
980.8864099996927
960.0506599997066
906.8484099997509
1513.766619999292
1714.9498499991105
1196.8716799994777
1504.7909699992272
1220.882309999625
1972.1419499991825
1447.8378399992453
1745.3445299990112
1047.3654999996243
1370.3589299993255
838.3087499997928
1095.3416299995497
1262.4840099994442
1792.4549899992642
912.5596299997139
1150.4594499995383
1075.2374599998625
1553.2833199993097
1227.2919199996331
1885.2238199992114
1238.5109499994312
1345.788929999416
1623.8324199994538
1141.0700899995586
1286.963199999407
1672.1793699990656
1244.6807499994447
2139.8219199993514
823.5074099997997
1521.0066899991884
1569.6268299991355
1346.67336999936
1261.4407599994438
1459.1031099992842
872.094219999751
835.6537699997805
1033.2708799996421
1224.715829999494
1637.3384199993923
1283.090249999654
908.5246899997368
1085.6971699995668
863.8949599997836
1192.2307399994954
1044.8457399996284
1583.557829999468
1183.5556099996159
1418.0899399994587
1601.1840199991975
1559.1434299991845
1239.5399599994712
1397.9343899993128
1161.1265499995125
1513.7819699992592
1673.3733699993668
1051.1305999996057
1167.888009999531
936.0469599997031
916.5872199997123
1200.7323299994737
721.2254499998646
1093.2521399995867
1153.4027599995104
1305.1226699993917
1026.6562299996458
1599.30792999933
1120.0136499995338
998.3523599996735
1167.6988299995119
1160.7501399995315
1779.66255999907
726.8872499998652
1077.1431199995782
1081.3300299995606
843.5605299997816
1648.960689999157
1067.8700199995865
1308.8766399993847
1110.6012099997574
1386.1988199996279
1163.466209999528
1290.395839999376
996.9491799996497
963.4678199996983
1265.8055099994415
1133.7025999998116
1309.5837899993935
1251.6761299994278
1154.2999599995246
874.9866599997574
1786.4900799991347
1111.6170699995694
1080.6426299996049
1114.4303099995732
1488.7429599995244
1133.434019999526
1442.0334299995873
1060.1008699996012
1439.0725699992647
1751.2388299991196
1329.3867799993616
964.8364599996825
1324.42861999935
934.3222699997069
980.0253099996778
1374.922879999329
1070.4015499996171
1052.3443199996009
1434.5202499994457
964.3321699996715
1285.200149999413
1086.6852099995713
1465.881699999232
825.8327899998142
1115.4979199996128
1075.0428999995847
1563.7753399991818
1546.4437199991664
1788.1162899991948
1453.9057599993064
946.845809999709
943.7604699996901
1253.3464099994164
1089.2524999995533
1149.5398399995017
1066.4103799995871
912.4956199997088
1315.5218799993752
1385.989559999321
1306.4256299993876
1194.8213599994676
953.9013099996981
1326.195779999346
1299.396399999399
932.6660599997153
1697.5852199990447
1920.5680999993256
960.1584099996668
1201.2975299994825
1368.7965199994674
1056.8880099995947
1249.5479499994335
1386.145579999455
1477.2262899995333
1173.034879999511
1697.9256599993573
1106.3034599995883
1091.4724399995944
1405.0773399994803
1476.646129999243
1335.7694299993443
1297.9946899995803
985.1031599996542
963.824129999698
1502.4912499992229
857.8127899997573
993.8321299996513
1313.8224199993845
1530.8868799992263
847.5748899997732
1723.0622299993265
1068.5136799996058
1367.0481399993598
1090.1596399995947
1236.4190099994457
1210.270709999496
932.4638699997008
1003.7064999996456
1264.811609999425
894.218649999755
1054.246839999617
1059.1680299995874
1197.903719999528
774.6860299998361
1261.1553699994436
1211.6795699994639
1194.0546999994995
1155.8576599995301
1252.1915399996928
1090.773559999592
849.7698399997587
1045.3709199996113
1006.9690099996396
1563.972749999239
1746.678759999191
1126.6961799995213
1069.2716899996017
1140.5426799995187
1579.2008799994053
1013.2252999996314
1224.219059999455
1351.345229999547
1001.5594199996658
1003.7432699996369
980.3867199996956
1607.5908899993526
1417.3792699993157
1102.5290599995708
1259.488639999478
1266.340819999449
1044.8616499996
1145.1633399996647
1226.2736399994515
898.1832199997407
1098.4661099995606
1789.7806099991926
913.2770699997334
1082.1947299995968
1657.3332699991504
1077.397839999576
1287.4278199994435
1424.709849999272
1157.9037499995136
1131.6747099995516
1221.08953999944
1123.9800499995406
1401.434709999324
795.4361299998011
1332.0994099993811
1007.3588499996414
1042.286169999626
1015.2381299996391
952.0481199997307
1014.8179599996369
1052.2894899995947
1280.8792799993923
1252.6669599994248
1352.4352299993518
1251.1490799994453
928.5738099997211
965.7134599996566
1215.1421999994623
833.3082399997876
1446.798939999282
1325.4727899994436
1527.5450699992073
1710.1044899990425
986.5048999996752
1667.0862699990676
1043.057889999925
1066.0383199995829
993.7103199999465
1395.7501399993314
1378.0995399994215
1518.3095199995196
1581.5251499993042
1433.6400299992788
1175.8167099996435
1310.9370699993735
935.8589299997002
889.830019999721
1209.0797499994694
1373.2076799993156
1233.0005699994815
945.4972199996871
954.9523199996785
1698.4028499993376
1327.2767199996865
1049.1705899996168
1509.0863399992697
1716.9114099994144
1351.0783299996463
1621.2698199993274
1859.2783399992177
1080.9032999996018
1154.1108999995192
1366.6446199993416
968.0578999996957
911.9822199997204
1552.4118699992084
1370.396219999314
954.5691199996736
1315.1968499993754
1026.1339899996235
934.0021399996914
1164.4824799997884
1291.6664199993925
1246.7668799995772
1084.5963999996013
1190.9131299995786
1070.6060799996
1130.4753799995474
1656.7949399993968
1128.186159999587
1059.1261399995801
1038.1564799996183
1041.143169999613
1108.650089999577
1711.3490999990402
1090.9999199995798
1229.859559999501
1289.0960999993952
1124.1579899995556
1192.7111399995417
798.8249999998063
1365.1141299996702
1428.7015999995094
795.3111399998182
1129.584919999568
1093.8627799995875
1436.2653499992482
1135.1087499995335
1236.9577099995106
1338.4279099993662
1731.2655899990134
1217.1192099994682
933.4918399997026
1592.8787999991366
1223.3411299994577
1025.9524399996437
1128.1840499995403
1520.4475999992237
1597.055459999335
1188.290249999486
1272.1340299994035
1648.6432799994207
1766.8987799993113
1423.6948299992866
1848.1633999991325
1079.2114399996037
1180.1369999995063
1200.351209999456
1358.3042199996137
1003.0642699996514
974.1008999998651
1117.5084099995772
979.1331699996526
968.4376799996832
1321.6548299996084
1568.4500699992482
1083.1023999995998
1078.2736399996056
2027.399679999458
1301.4155199994084
1618.8402599994326
1199.1019599994615
1666.550009999118
1458.6278499995335
1073.8436899996093
863.4709999997638
1141.8305699994987
1272.9710499994196
1111.4660199995733
1560.5628499991558
1045.732089999597
1147.5385899995238
1313.4022999993776
1142.5066199994935
1031.2943799996244
1075.9855299995836
1425.814449999259
1103.3801699995606
1452.1167099992629
1396.702819999473
1186.9218899994942
1240.3234299994388
1395.0370399993208
1350.57443999935
836.3264099997984
1625.518369999436
1312.4327899997006
1252.2031999994354
929.6087199997108
1039.021919999683
1400.368309999374
1076.2151899996002
1402.6716499993086
1228.0408499997584
1925.8206699990592
960.8111999996645
1472.1281199995863
1040.883319999635
937.9345599996958
1102.2285699995812
1377.5448899993278
1626.8602799991347
890.0496399997287
1457.2199199994116
1333.6345199994255
1040.8621699996306
1332.2398999994161
1045.5493099996281
1489.3413399992198
1249.905589999425
1396.6962299993984
1825.1170399989874
1284.1460499993984
1083.1647899996083
991.6557699996617
1040.1568299996152
907.8355899997383
1082.5386399995873
1463.6108299993152
1339.1785699994493
1536.9831199991886
1654.2361599991332
1294.8955499995293
1548.903539999199
1388.4838499994698
869.3531299997543
1221.9771099994564
1211.345399999464
948.2108899996716
890.2262599997389
1570.4041699992022
1287.1488999993926
1367.2000399995272
1600.0049599992678
1953.4080199994469
1071.0219599995776
1672.6994499992852
1154.3876799994964
1386.802379999388
993.4298099996417
1273.4131499994385
1861.613389999107
1251.7797699994396
1329.742439999381
1504.4665999995218
1181.151029999475
1115.893409999714
1062.700559999579
2002.6693899992038
1095.5544499995913
1356.4739899993472
1472.3169199994495
991.0166599996817
1175.6733199995
1686.9024999990756
1092.419819999562
1408.5375499994036
1884.8793899989987
863.4132099997909
1296.5307499994015
997.7734299996671
1099.6312399995572
1214.383119999453
1502.5278899994096
1014.5597299996521
1363.5867299993615
1513.8619099992065
866.3343699997506
1120.879039999534
1540.295529999175
1743.1745999993964
1062.0310799995711
1638.5523799992793
1507.2057099992558
1018.9647399996542
1601.495129999327
1613.4665399994306
938.146059999717
1032.3448099996358
1112.0365399995512
1040.7566999996145
1249.2099499994738
1488.6446999992113
1099.3526399996683
1653.008259999223
1039.0309499996324
1047.2629299996008
1450.0911699992853
727.9288799998648
1356.8950999993551
877.671499999753
1435.4012799992752
1325.7055199993574
1530.2006399991924
1167.367499999522
1539.124589999275
974.5962699996613
861.8082299998736
1232.5906199995736
1255.6536799994483
1093.902809999583
981.4975099996938
1150.5376099995017
1095.820789999557
1035.198039999613
979.2867499996722
1294.231439999396
956.1151999997145
1369.853519999384
1094.3292799998126
1480.1325799995511
1017.2511299996462
985.8892299996588
1427.5824399993344
1387.4505299994926
1157.7707499995693
1502.6276499992155
1185.258479999485
1967.2178299992936
941.9158599996947
1387.4299199996071
1302.3497899993956
1397.9358399993193
1040.7616199996226
1293.66567999941
1153.253239999532
989.2087199996707
1095.490019999581
922.8620599996975
1150.410399999519
1218.1655499994774
1324.2457799993647
1837.972709999243
1293.4945699994032
1853.4368299990522
1252.3579399994169
988.5498799996735
1823.6061999991994
898.2662999997515
1017.505509999795
1252.0999099994335
1057.4826199996098
1163.434979999559
1073.1593799995921
1563.4682499991625
1456.95701999927
1072.9703099996116
895.5308099997683
1498.3293699992093
1160.5612099995205
1104.0592499995983
1407.3427499995998
1224.5433899994462
1407.4017799994203
1624.7837599991908
946.2981799997052
1363.9043599993893
1477.2324799995663
1352.010069999352
1403.596919999297
1176.549909999515
1531.9558099992528
926.7693999997125
1159.736959999507
963.8926399996647
1080.2151599996018
1609.0600699993136
1143.2988799995264
1233.5838699994583
1498.196509999391
1190.796859999472
1035.3809899996154
1295.9455499995208
1322.576289999389
1332.6586399993612
1543.1654499991942
1200.1813799994861
1285.3531199993981
1235.7303399994823
1144.9725299995368
1249.9164299995982
1524.0363899994827
1247.9169399994416
1621.0650499992587
1037.5073199996323
1107.0795699995833
1142.4703299995258
1040.3451299996198
1458.707049999269
1079.8340699995615
1109.3672699995573
1274.9862299994409
951.3622199996915
1399.9288899992962
1535.0711599993135
1296.1780599994108
1286.235589999449
1418.264189999273
1366.1634899995897
1079.7523099996145
1560.4627299991707
1175.1409699994692
2254.661839999549
1659.5544899991714
1158.0405799995215
1006.4241699996517
1500.8282699994304
1355.9179499993502
1287.163949999388
1430.6516299992725
1029.4226099996338
1523.5655699993097
1107.8493599995743
896.5666699997141
1157.7525999995755
1086.3470099995875
1326.4561199993632
1513.0746199992896
1119.6223699995658
1207.6479199994747
1661.9714099991845
1299.7814399995475
1011.7544799996581
1604.206539999122
1049.3053899996094
1699.0733399990384
1774.9773599991913
1481.3016399993078
1705.2305299990892
1485.9618399992632
1394.6980899993225
1326.3452599993846
1322.5244999996687
1215.5705099995168
1016.9388899996279
1037.1329499996498
1578.892509999192
940.6836399996906
1259.6603299996432
1071.4129299995798
1515.2560899993277
1682.044369999291
964.3858399997192
1050.6914399996622
