632.6773999999625
619.4010200001547
545.5590100000893
367.6803400000341
391.7116800000373
632.9087800002026
402.87896000005276
497.67579000003025
435.8335500000495
474.77387000004484
465.74697000003914
654.4507900002153
431.60116000003734
523.1262300001355
529.7152100001855
554.7476600001952
611.7224000001704
354.8593800000457
462.8176100000396
534.5612200000168
522.4361400000503
481.73968000001014
444.86971000005406
582.1988600002203
447.83214000003613
602.075539999977
442.56372000007576
421.2594700000412
531.6030800000169
536.1895200000129
463.42259000006794
521.031499999991
555.3672500001273
520.9553000000084
602.423820000111
393.29235000004104
631.1432000002807
389.150390000022
521.8124800000246
584.7578999999737
484.4990600001503
373.4549900000472
685.0354500002082
703.5087900002682
407.20183000005056
445.8116300001272
450.49832000004693
533.7140500000027
389.70201000004437
531.70801000016
486.51306000003456
575.7294099999823
486.6060500000203
534.1181900000097
446.93439000004787
496.56104000001454
617.4333200002175
528.2356199999971
476.45433000002544
543.0033700000157
518.4815900000846
611.6841000002238
440.2423100000534
408.4010300000526
576.3732400001419
423.99556000002923
528.8896100000229
461.50994000003067
417.25100000004545
465.06456000003544
411.9392400000506
454.2517900000424
456.6226700000222
579.2833900002361
577.1009100002576
666.0281599999913
532.3477200000156
592.9484199999675
484.1338800001931
681.1533100002605
435.1340300000437
533.5402900000051
415.17066000003234
516.2545200000106
579.8862099999851
479.15857000001813
501.48925000001594
483.9150300000532
427.3406100000403
503.0452800000165
621.9869499999616
565.1230500002509
601.738339999968
515.4173000000183
390.66126000005215
580.4158700001706
619.9106400002242
503.5792700000365
572.9739600000006
343.524000000034
458.39607000000365
537.1880600001335
386.96324000003426
380.9216300000504
605.9504300000027
513.7342099999947
552.5008700000058
739.2338400001701
625.3736300002151
465.0449900000426
408.89171000004427
515.5589000000508
537.8197900000273
427.3224500000553
438.7729200000309
637.1136699999413
391.4811700000409
534.5376700000184
440.86421000003395
572.4822400000941
484.0242900000766
493.129230000049
506.7346800000258
570.3326600002518
524.2086700000106
576.0090100000883
612.7711999999632
540.7218700000141
403.0513900000362
407.55934000003754
384.46853000004097
554.2863400000043
591.4976999999661
519.1732300000025
552.179790000268
439.14511000004643
463.29652000003495
501.2009500000099
470.60730000005185
400.24557000004273
687.4393400000595
389.7168700000397
444.2217800001401
377.7822000000498
464.5936400001221
674.2230500002134
595.476630000097
643.2144999999551
460.60255000003764
507.3193900000382
475.4312600000361
523.0275500000087
620.2470700002076
524.2220000000037
506.2468000000133
528.8366600000039
576.1346900000632
584.8672600002502
632.0698700000795
519.4967000001875
756.7208099999193
491.2832800000347
554.7233500000409
616.3026300000218
428.87914000005236
508.82227000025705
650.542210000213
499.33345000003226
514.7634800000045
520.8982800000063
357.34431000003264
596.6043800002427
543.2270799999915
537.9983800000275
375.7966800000439
429.6973100000356
482.89900000003115
508.0819100001456
490.6286500000021
425.88491000004797
455.9120100000142
485.65459000002795
553.7471200000017
490.8060800000346
424.3841100000508
364.3128200000429
683.0423800002972
547.9684099999955
360.85329000004674
436.4743500000441
436.7524500000407
616.1554099999612
520.9206700000035
410.0055100000446
451.40223000004966
475.5429900000331
545.6310200000781
623.5366600000893
427.2638100000269
579.4749700002353
635.6041600002067
369.8329500000402
420.671010000051
534.0299499999828
532.3338700000021
465.1614700000622
641.0037000001744
527.0520400000256
496.9877800000258
657.1289999999219
557.360079999994
581.3318899999674
502.22031000001846
566.5495100002472
429.8056500000317
532.5469600002673
394.4349300000467
412.25053000005346
511.0585100000397
389.361020000045
493.0340500000242
514.6030000000077
604.7620399999768
457.4329100000282
603.4976299999703
619.3328199999789
450.63894000004643
421.59475000004585
620.6824599999601
488.9578500000113
345.2974100000401
481.89492000002383
441.92259000004407
500.88834000002055
407.1342700000366
631.2489099999359
428.10349000003333
470.49533000003345
497.4263400000211
506.1543000000331
549.5238200000178
469.6909200000485
597.8863099999662
436.4241900000467
599.2590500000155
468.4001000000184
463.5529900000337
413.8098300000352
524.5697800000131
393.7774200000206
1048.486260000057
400.127030000047
538.3818400000011
547.5009599999985
585.2952700000185
537.6760200002652
462.67967000003256
429.09017000003684
432.1200800000163
439.076350000047
571.1068200002333
619.4696000002357
587.3658499999792
470.1806300000394
401.3607700000217
436.23300000001706
367.98487000004684
466.3267700000143
458.0500200000456
570.2794099999871
367.2342600000326
396.2795700000495
459.4674400000334
649.6955400000815
632.6443600002051
493.8655700000036
533.4402900000019
683.2389900002984
404.8965700000486
592.8504499999566
559.7694899999896
550.6445599999957
430.0948800000439
386.34157000003665
481.0622600000181
632.2630599999693
470.000820000033
436.7099400000494
330.37088000003496
431.09080000004434
372.6098300000252
459.11301000005574
465.44041000002767
618.5064899999852
537.2545900000553
538.6799000000007
435.08190000005067
460.84374000003083
544.3140599999936
423.14364000004275
393.65488000004837
612.4295000000512
629.4893400002267
475.5314300000206
387.00512000004863
441.4979800000349
516.0231900000252
538.2658200000722
522.1941400000269
516.7459800000154
544.9352500000005
503.5690700000189
424.3378000000694
567.5652900002589
595.35966999998
460.1956800000343
499.8781400000113
514.3729000000112
411.96400000004616
574.943590000208
387.3223900000454
396.14123000003747
439.6437700000368
502.44933000025793
426.5773100000479
445.6517800000368
680.4237600002058
344.25890000004307
428.0093000000507
436.6311200000134
459.10905000001446
390.481710000045
512.2301500000167
407.12242000004665
516.4427700000256
419.3096600000237
601.1839199999655
475.54181000003155
553.491600000015
505.5616200000147
495.45057000002316
594.56564
481.9495100000186
719.7172700001724
495.8809500000259
520.9297800000153
529.9361200000138
416.62749000003555
394.71238000004996
438.8876300000273
351.2021600000228
422.97629000005605
454.85697000004313
562.3554899999883
357.5186500000423
471.4905800000142
656.1584899999788
557.4544699999952
626.3988199999563
595.4978800000971
467.32922000003816
366.45203000004346
420.0523700000351
564.8127700000616
595.6335699999661
497.41888000002524
541.7488099999991
488.5417000000285
483.4497300000357
437.3959400000473
547.8617399999904
453.36397000004735
549.2471000000224
558.0026700000275
595.7009500002463
597.1658400001538
714.8283000002443
364.70259000001954
488.24499000001094
404.28136000005145
385.3139900000322
392.84404000005327
534.8527400000464
738.9756899999862
462.06556000002115
542.1892599999874
508.0606100001454
739.0750399999944
557.1698299999788
608.0584199999565
426.06738000004407
587.9157499999844
363.3001500000365
491.25751000001634
523.8743100000215
695.9588800001911
394.53463000002773
449.52690000002576
533.9016800002606
635.6251500000888
499.37999000015424
713.6525100001783
508.8580000000144
539.7766800000506
631.2226000002388
500.1928100000471
530.9511600000079
685.0864999999195
498.952730000022
759.1382899998913
372.4941000000501
555.4496999999786
625.0211999999469
530.5174100000116
500.5988900000133
622.1239800000018
372.49989000002756
392.03158000004146
434.43016000004667
451.6727000000183
620.1854100002239
554.5696100001998
383.6610700000437
461.55500000003246
389.8377000000525
478.59096000003126
407.369800000028
671.1466900002388
519.6417500001195
572.1468200001199
594.7103500000164
572.4345699999732
459.52551000003047
508.03900000000453
505.1488500000258
541.006240000021
630.3389500002154
447.8829600000411
477.47604000003355
425.81011000003497
409.516460000043
479.14846000001626
347.3292400000443
447.03641000003483
491.0246800000257
529.7879800000096
410.69933000003306
658.5305500001236
447.6369400000216
408.7428000000439
512.1796700000265
474.0647300000379
616.9153500000192
355.9801400000448
460.68882000003526
477.70424000002765
355.7985200000314
566.662030000021
430.25877000001265
515.621320000007
496.5698800001703
516.5194400002415
447.7457500000185
551.9168999999945
433.7670300000384
395.9952400000478
503.18771000002204
535.9518600002436
505.0253700000162
488.2225600000196
465.1165600000228
386.57672000004413
685.2981900000701
462.1258800000388
430.2042700000466
439.1830900000353
594.1666800002333
483.94943000002996
638.5139000002542
460.6115300000435
574.4058599999834
689.3303100000188
542.5034299999949
403.0902700000357
580.5504499999862
405.07069000004515
396.1996900000362
573.4222599999918
419.73141000003153
437.7695000000356
571.2582500001386
448.00874000005075
530.4669700000126
464.97040000002374
595.1152299999679
354.20118000004504
470.1994900000681
448.83900000002484
662.4253299999618
645.1892499999482
671.388460000123
533.8843800000124
379.8769500000182
420.09392000004226
529.2822500000057
498.28322000002134
511.5441700000192
444.95556000001955
408.3432900000371
555.1402600000049
559.7813399999943
481.65078000000705
498.92766000002024
403.1617900000294
593.5203799999733
522.7884700000131
388.838590000041
604.8227799999554
707.4458000001634
437.4449400000223
517.7604700000217
523.0324700000963
435.4772900000164
502.19641000001883
540.2476800001145
648.8898000002222
460.54796000003046
644.6467900002176
460.01781000004297
453.65124000004596
581.7205900001395
579.2244599999777
561.9526799999953
548.1240100001581
395.6840900000301
397.81874000002585
599.1810699999725
393.90597000004396
416.4354300000391
550.0052700000011
519.5191500000033
371.15362000004296
635.1210400002158
451.3923700000401
518.7739600000102
439.13122000004216
508.26879000001566
475.3836400000293
402.57265000002155
442.1430100000289
480.59613000001593
375.8321800000425
441.5722900000283
463.0812600000263
531.7645200000543
354.7025200000412
511.4881600000144
518.5901400000226
490.13422000003084
450.1283900000263
511.0180700002144
452.13144000004445
414.48776000005455
436.77128000003927
411.3519800000365
600.4604400000334
693.4642800001068
484.9043100000261
449.7054100000433
489.63890000002533
658.6722900001702
408.79771000003166
481.7040000000219
546.5021500001577
416.0181900000466
440.89324000003563
401.8392000000388
596.7189100001432
531.660260000002
421.1665500000272
495.1317100000379
447.95911000001854
484.2498100000324
456.005180000114
512.6696900000178
384.93269000004364
477.526530000035
620.2239800001473
382.98204000004233
422.33894000002726
625.0544800000063
483.30501000002727
492.1245200000321
565.3913499999836
466.14420000002536
484.61375000004205
491.21860000001175
466.51687000003153
500.25057000001283
369.09710000002656
499.6798300000165
416.7614000000413
409.8383900000397
401.202630000028
380.5688900000249
440.2438200000463
433.87710000003216
544.1813200000072
535.3132300000111
522.6713300000026
525.1033500000209
395.31972000004816
409.46521000002605
486.1663200000135
375.68878000004486
558.6625500000007
570.9179600000635
564.7080999999905
614.4957299999596
407.5695600000464
642.1097499999488
481.755810000269
493.29131000003326
489.1157800002714
506.0695700000012
542.4572500000763
660.7801700002257
604.3665000001008
538.8891799999914
532.3389700001271
542.153519999996
400.16469000004327
379.8270800000173
521.0540500000191
547.7325799999912
494.08408000003243
408.8675600000232
409.18011000002457
675.0723800002079
537.0684600002533
447.70696000004494
509.18253000003546
658.5064600002687
580.8432500002486
607.7439100001427
684.4122300001962
450.133350000044
494.6351100000263
565.2673099999901
410.750450000037
378.48677000004403
605.711889999998
523.40653
460.43917000004853
561.6445100000003
444.28383000003174
404.70357000003185
556.0743600002608
534.3413100000075
547.4394500001276
448.53366000004695
470.2943700000687
446.88357000003066
463.9547600000263
635.9977800002196
501.00423000006487
483.5210600000357
418.0377800000362
442.9648900000238
450.2544500000394
629.3184799999422
424.06693000001354
560.6932300000559
519.9194600000078
453.77584000003304
469.14413000005595
385.85012000005156
565.6663700002608
555.8792200001714
382.17764000005087
458.8897200000312
426.1513800000398
579.494119999974
458.649290000028
499.7313500000702
545.5444500000065
645.2083899999303
459.80040000002106
413.8889100000477
596.3629999999621
504.29851000002134
419.7383800000442
463.76432000002626
563.9095499999873
638.8426800001241
484.9604400000228
495.88965000000894
674.1779400002162
667.4734600002289
561.3856399999877
708.7845499999618
451.7061300000425
471.32927000002996
517.1073000000026
560.3500300002264
422.303920000045
440.4396100001625
463.52968000004626
426.41386000002814
409.3199300000428
516.6426500001877
580.8927100000434
437.71582000003576
461.4201300000472
718.6173300002652
523.1529900000131
643.3472100002214
519.2339900000151
635.0573199999944
664.2800900002246
451.7011400000479
384.57447000004663
501.0416700000118
505.98640000001745
430.9860600000396
581.3112399999653
470.1654100000341
485.0463000000282
527.6715300000125
515.9795300000084
446.96222000004326
431.92576000002873
548.4557999999836
455.00890000002755
584.8663499999809
560.9132500001332
473.6784900000223
487.2188300000173
566.8993699999925
568.0436000000049
353.8274300000402
631.9398300002294
572.9908100002647
508.9302700000215
414.71365000005176
414.5880300000481
584.4629800000479
426.5960100000404
546.0927199999975
523.7052600002473
692.353099999928
431.9181700000255
673.4788700002642
415.79316000003416
422.4181000000484
447.64097000002965
537.0424400000039
618.696749999994
398.20378000002546
592.2098300001215
552.5737800000525
429.0648900000478
534.6610300000377
425.07020000003786
576.6396899999801
576.01764999999
518.377360000069
667.7565299999497
514.2635600000117
423.7093100000397
448.60252000004965
435.14771000003583
382.7858600000458
456.4214600000393
529.2279400000388
531.5958900000622
619.4853399999563
569.8304200000042
518.6389400001035
598.9479199999681
605.970950000127
376.6448500000353
505.9071200000171
527.3801600000181
438.4769500000311
390.26295000004075
599.450260000024
546.6477800000062
617.4909000001625
590.4797500000764
710.6867100003481
479.2697500000393
681.6174000001171
515.56958000001
579.5557300000498
421.5480500000264
570.2043900000231
640.7852200000101
467.70582000001997
517.0321600000166
621.8092600002265
505.2895100000172
442.8290900001285
497.6138500000306
699.1007400000717
462.042320000045
526.8955800000065
587.4943800001626
424.6138200000525
511.2800800000274
530.564069999986
441.2032900000294
615.8594700000774
657.0170099999992
350.06278000001976
503.36590000001837
440.69541000005256
452.1348800000253
505.0305800000131
556.0805500001292
434.6409200000471
506.0591600000168
595.0709499999671
391.61877000004125
485.350190000028
614.7650199999658
667.7728500002718
487.3879300000288
607.1087500001216
563.0073200000136
414.1868800000484
672.4789300001264
641.2507500002372
394.46301000004945
436.1070300000467
469.3979000000356
439.00268000003166
522.7996100000452
616.5018399999514
504.3008700001177
654.3239300000646
432.85991000004566
463.23854000003956
559.2986699999934
353.2936700000451
492.10773000001296
376.23542000004204
555.9549499999873
498.29045999999835
565.3866599999772
501.3777200000326
583.9918800000352
438.43894000004445
397.41307000010397
547.7409300001129
472.5404700000239
429.9025500000394
399.252860000028
539.9818500000127
474.09487000003014
452.34649000003066
438.1960500000512
531.6658900000141
390.66503000004684
552.9023200000321
495.7267700002144
616.24206000024
407.103000000039
406.2079300000225
524.3057900000314
577.2624900001452
464.9585600000478
615.0397099999659
500.3730000000118
687.0541300002637
419.75882000004816
577.6946700002413
523.194130000007
506.9203400000005
423.68998000001756
589.978740000007
507.0124600000327
401.6979000000433
452.24651000003223
414.43927000003924
488.4430200000276
453.98077000001337
535.3780700000025
679.0290100001976
503.2930400000172
635.1751300000141
528.2126200000065
429.0820400000507
747.7170000000228
369.76719000004385
444.4269300001429
528.5305600000111
446.8247500000403
524.335880000062
420.38353000003286
649.5718799999398
553.6481699999961
490.1494300000463
381.640890000049
604.1791799999647
456.4326900000304
444.2021400000342
612.7959300002269
540.047680000008
537.0336700000926
610.4729300000312
418.8783300000502
578.6197200000479
629.1753300002457
522.7699399999971
556.2395199999902
492.245000000033
583.2220500000253
410.876930000045
498.42251000002784
445.77425000003774
424.2881200000422
608.0893400001231
485.0727300000293
506.10077000002593
589.9547500001212
504.0883900000236
468.9373900000441
529.5201900000983
467.6411100000052
551.7207099999981
603.7083499999742
495.25338000002307
499.38344000001433
482.7861000000203
478.5963000000349
554.611020000144
602.8395500002265
491.1086700000112
672.0099100000676
414.01387000002586
472.9985700000426
483.56185000003074
461.97091000004644
517.9062499999968
476.2000200000328
461.52507000003675
518.9556800000217
418.9406800000257
574.3562099999829
554.3912300000754
545.0065300000132
548.272070000047
547.9994399999839
566.8029200002005
430.60598000004825
616.9003099999777
556.7942499999987
772.5253900001227
631.7014100000366
473.7129800000328
414.8383600000409
554.2625700001493
493.5366300000119
514.4002800000078
536.4465399999892
438.9981300000475
599.4852600000677
478.11910000004144
428.46169000003727
505.24179000007547
441.9175700000416
521.625609999999
560.6149200000386
468.3047500000303
539.1451200000214
593.1410600000609
578.3939100001393
407.8274600000451
613.0268499999639
460.16600000004036
660.0608499999398
629.6086200001405
612.3535300000382
721.0506099999528
553.8113000000183
549.3359499999955
504.34852000001956
550.1714900002496
534.9012600000561
440.58663000003065
415.12262000004773
552.8076200000165
418.03290000002744
493.8486400001633
480.87487000002716
615.9123000000636
595.1585000001609
427.8267100000553
448.78837000007
