593.5421399999918
588.2554200001741
494.1737600000981
351.3870700000297
371.76450000003234
601.1142000002216
373.7945300000473
460.71192000004055
391.84281000004574
440.09383000005386
408.30319000004164
596.7464600002372
401.67253000003274
476.99331000013785
482.9728200001872
517.9388900002039
571.0010600001931
339.9348000000418
429.71840000004784
495.6614800000249
493.62810000006044
445.3885200000139
402.78321000005315
554.7338000002286
433.5829400000425
538.2955400000055
411.86469000007014
377.38374000003563
503.3381300000362
486.19141000002656
453.4680700000643
491.68611000000254
519.9119300001371
458.69412000001944
545.2665100001277
365.1458700000347
604.3363400002946
362.153650000016
468.9260600000385
538.497979999996
444.32711000014416
338.3074800000402
621.7240900002345
656.9470300002915
368.1794600000432
424.7618700001217
418.17650000005085
495.4685400000184
361.54556000003834
508.8244500001693
455.85061000004566
527.9881600000056
449.98475000002844
479.56191000002764
423.79786000005026
448.06096000001816
566.1094800002254
487.98415000000955
448.06017000003317
503.268030000026
483.7051900000937
569.8773000002396
420.30264000005826
369.1905600000464
537.5367900001528
386.0775600000213
477.77971000003845
428.5537100000329
403.59338000004504
417.869880000037
390.7368100000469
421.01319000004446
441.4989500000254
529.8299900002355
538.2470700002651
595.9163100000264
480.67082000003114
539.4165099999966
462.8931900001892
632.232480000282
393.11458000003864
493.93458000002084
378.00896000002444
476.0366700000223
531.3772800000087
440.9855100000241
461.7481500000264
463.65756000005916
408.0194600000374
450.52353000002535
572.4437099999916
529.6055400002547
563.9871700000006
474.279780000034
354.1707600000451
542.4434900001788
578.1069200002368
466.6579900000432
513.0303700000245
337.3767300000312
425.2037299999983
497.7021000001355
360.2236000000282
362.9720900000456
561.2220800000243
478.23824000000184
502.1346700000199
697.0083500002021
586.3024200002243
439.89455000005074
398.46874000004203
470.38660000005257
483.96946000004107
375.0838800000485
414.67438000003125
595.382789999973
354.3570700000331
471.41243000002964
407.79340000003026
521.917000000101
445.93292000007835
448.6029800000443
454.5598400000339
532.0432500002598
472.46155000001863
530.8870200001058
565.5893599999923
499.9560200000301
373.18397000003046
379.44419000003126
357.9727800000346
506.73486000002305
543.5938299999921
475.9438900000158
515.7229000002734
398.56975000004354
405.8764500000372
453.82483000001645
428.12013000005
370.30125000003585
620.8670200000894
359.50964000003273
417.12466000013393
333.32495000004093
443.7028800001189
614.9977500002366
549.6925300001142
580.8992199999886
425.1863300000421
481.3757000000467
422.40349000003437
471.26492000001724
575.8596100002286
493.50063000001404
467.74078000002663
489.5620400000196
522.8182000000816
523.8714900002557
599.7436100001067
485.1223400001868
663.9985499999698
465.211220000046
506.2863300000474
531.8596900000462
403.99487000005286
478.7002400002513
606.8846800002324
446.89860000004103
475.16343000001757
477.9258500000184
332.168280000027
546.0904400002497
514.7513300000064
487.29736000004095
358.7275600000393
397.88399000003216
446.15833000004045
485.57304000014994
463.5717200000054
394.9925700000473
423.22834000001154
450.0834800000346
497.65564000002286
463.4989700000457
391.2008900000474
321.5123300000347
629.2309500003148
502.63555000001696
343.056160000042
413.30596000004084
394.23605000003727
563.0460699999917
492.599730000013
380.85117000003845
430.0113500000531
426.26037000003817
515.2540900000953
557.0809900001086
397.95196000002016
564.1634900002449
582.0260300002195
334.43797000003275
411.1213500000475
498.1631799999975
489.1095300000207
450.2313400000634
595.4828800001957
488.80261000004174
456.80427000003857
599.4942299999581
528.0214900000074
535.2810099999884
450.30630000003003
528.6068200002538
399.12640000002773
488.05838000026694
366.2274900000402
373.3401200000482
473.5674000000485
342.758060000036
456.6459300000318
477.98999000002215
539.3472700000067
411.98971000002587
555.2955799999959
555.761410000008
404.6009500000479
400.0754800000429
557.688249999994
461.28768000001975
321.0557800000347
449.5931900000274
399.52580000004406
462.543820000031
380.81511000003053
595.5325299999663
404.6798400000329
424.1647400000357
460.37532000002886
469.050260000039
496.83032000002953
424.6180600000532
549.4529399999925
401.9511400000476
578.4846300000379
454.6354500000259
434.8357800000272
393.49881000003137
478.28705000003094
366.74890000001454
956.7407800001347
370.3192500000413
508.67426000002075
502.15285000001444
556.5814100000412
504.8537300002668
427.26125000003776
399.16674000003064
404.59057000001013
403.285390000051
540.3640100002375
564.9528000002484
554.8548100000039
431.1530200000328
370.73480000001496
401.4218900000118
349.7481400000421
430.98221000001365
424.81169000005116
508.7832200000093
350.17337000002817
374.9063500000455
423.1166000000349
604.062990000103
590.0028100002207
445.03563000000713
492.1386800000102
634.4670500003167
385.28918000004495
544.8946899999813
503.15728000000877
504.20902000001917
388.23860000003674
350.2843800000292
445.1169400000224
581.7009600000006
447.3063400000443
402.7868300000485
323.31562000003197
408.3577800000447
364.8355100000221
427.90588000005084
419.74092000003077
573.0993200000049
498.1158500000651
509.2988300000187
389.97862000004693
415.2996600000282
504.422030000011
404.35362000003823
357.6288900000407
563.8755400000736
601.2533500002424
459.49068000003155
369.9939600000441
399.8761100000279
455.39771000003833
486.6269900000822
456.2525300000403
476.75005000003114
513.2205800000191
473.09543000002697
405.8511300000646
531.1298700002674
559.877720000006
423.87747000003566
460.4626800000229
474.5308800000224
382.4744700000405
523.6025800002207
359.65619000003954
359.36371000003
418.5488600000359
472.6019300002525
393.11272000004544
412.35611000003576
618.2298400002337
328.4327100000388
390.5166800000428
405.9216600000075
444.99492000001555
372.5265000000403
476.0575200000262
367.4208100000397
446.23343000004047
387.0342400000187
549.3501999999936
436.6949000000386
511.7375400000272
467.70769000002224
471.5467000000286
574.9665400000209
445.84556000002397
697.5180700002021
451.43714000002643
463.2187100000217
475.3035300000286
379.1878700000286
357.2451200000421
397.96905000002147
327.4005400000174
379.9690600000506
397.96748000004453
514.8371200000131
332.3590200000366
427.2298200000096
614.8779900000093
539.5752700000126
563.0022099999875
537.5198900001157
440.43226000004637
340.5582300000375
380.4918700000278
527.2413800000766
559.9694799999953
460.10696000003946
495.645580000019
446.587130000036
438.02443000004627
428.1236400000509
517.3356700000072
409.76383000004165
509.15518000003516
494.38070000004257
558.4870100002598
555.2828800001645
661.4824800002725
348.9717300000153
441.1554100000135
382.90283000004666
350.23909000002493
364.46086000004686
506.33867000005745
658.9979700000337
426.42747000002373
500.4789800000017
474.8177500001411
678.8015900000352
524.5107299999995
555.437859999985
395.2084400000433
542.2359300000084
337.2426600000308
453.44466000002353
486.0793800000375
644.1054500002188
366.7880400000215
416.9167000000229
491.6814600002594
586.6937400001138
468.32126000015387
690.0972900002074
480.28101000002533
502.14305000006135
587.653270000251
453.74502000005054
475.1712600000279
614.6477899999621
460.97570000003196
692.7311299999396
356.0931200000457
513.8602299999928
575.3499599999791
477.6836000000201
455.66140000001974
550.3938400000286
336.3977900000201
347.30040000003277
403.77784000004414
418.8523800000161
576.647520000235
518.6996800002066
375.4069100000403
425.97651000003424
353.74790000004504
438.95624000003903
377.95419000002187
621.6388200002601
482.38036000012676
530.1820600001345
551.2213200000384
539.4696599999972
414.0398400000333
479.1334800000161
455.34077000003936
505.7150300000361
599.0414300002315
426.2935500000456
438.9461100000436
389.1335100000274
390.8814000000381
442.78691000001817
322.7502100000388
415.5131400000328
451.8539000000352
487.98495000002845
381.1012200000268
596.1920900001503
425.4127100000224
359.0840300000346
461.8880400000336
436.91430000004505
566.4098300000373
323.02296000003804
427.2166700000396
429.82993000002915
330.08339000002576
535.8018400000337
411.4321100000077
463.6498300000178
466.4680600001634
503.4174800002413
415.16747000001453
520.9984400000159
403.1012000000365
377.7808700000432
451.3316800000357
514.8088800002417
451.6499500000264
449.63445000002736
431.2964700000225
349.8608200000365
631.144240000101
436.7761000000402
407.239090000047
395.06039000003227
553.5188100002434
456.70297000003865
595.8037200002708
424.10715000004944
513.2185600000053
636.9882900000538
510.57456000001594
374.7624800000295
522.2203500000089
385.21913000003985
365.98138000003047
530.1657300000153
390.3721900000253
408.1011800000326
531.0920200001484
416.3570100000523
487.46195000003064
443.2541100000259
560.8444599999922
329.28477000003966
439.2635400000673
405.58664000002
622.3720099999946
578.1331699999851
637.0321800001492
480.55809000002364
362.76039000001373
390.0524200000382
491.58873000002086
463.88529000002956
461.6956000000288
411.66132000001454
378.4833100000312
509.62075000002585
514.1326900000166
457.1587700000084
460.96094000003075
384.8899200000248
549.1260500000003
458.7163100000255
361.721980000035
546.5173799999786
644.4920700001919
406.29603000001714
503.0686500000357
496.5687600001045
403.22728000001086
463.96999000002796
489.2998700001174
590.2775000002458
434.11949000003784
599.0318100002362
399.56698000004775
419.7004200000517
553.6070100001566
515.791610000005
505.38207000001546
499.3558300001643
387.48502000002736
370.4452200000197
520.8256100000032
367.2795400000379
377.78921000003425
495.78429000002257
472.9024300000089
334.59344000003534
589.054310000231
396.84251000003576
469.1353300000178
382.5869200000382
445.92119000002356
430.76103000002644
376.3767800000154
401.54408000002337
445.2334600000161
340.9662600000353
419.69556000002575
430.42363000002916
497.1988800000587
321.4476800000343
472.98083000003
467.1498300000352
476.7957500000434
406.5384400000205
488.94702000021573
419.57417000004665
385.66831000004987
394.2309000000371
392.98116000003415
543.5046200000556
628.0802500001348
435.6584200000317
414.75019000004283
450.67674000003586
588.6797400001971
380.67841000002574
433.89619000002705
498.96230000016317
387.3759400000424
429.86636000003915
375.46997000003284
541.5937500001593
489.32594000001393
401.2284800000234
456.96566000004447
423.4973200000172
450.5678600000355
427.19536000010754
462.50198000002814
346.22068000003566
455.3624700000413
588.0470700001622
338.3136800000335
400.86819000002254
563.9847100000319
438.21243000003034
453.58717000004333
513.3155700000007
430.2427500000269
435.03546000004985
461.4210400000218
431.6825800000337
468.32209000002416
343.2944700000208
470.6371300000262
407.3313200000396
377.1149700000356
370.409810000021
355.8274700000192
408.54918000004614
414.13307000002993
501.68093000002625
491.788320000026
479.7926700000212
490.04903000003316
376.8884100000442
381.03260000002
448.92755000001824
331.55039000003615
504.0690000000146
528.979310000082
518.2831400000114
563.7485899999856
387.6114100000412
575.7735199999837
452.8634800002625
481.0396400000464
460.751070000265
468.0035600000101
489.56595000008315
603.51838000025
555.6161000001196
494.3815300000114
499.43674000012834
498.8239000000116
392.5035700000424
354.97724000001176
479.48155000003464
514.2102900000099
443.36157000004283
389.7340300000184
381.09019000001825
628.4938000002269
503.30034000025285
416.35201000004685
480.84367000003886
603.5078500002865
530.7398200002549
564.1837400001579
647.240540000222
405.0258700000449
468.88640000003613
517.8049800000165
381.83201000003066
368.55545000004065
547.6493000000208
468.25068000000937
437.53525000005504
509.3210100000194
422.96037000003054
377.5070400000254
511.85080000026494
483.1061000000207
511.86860000013917
413.5918600000498
448.6496600000646
414.9558300000259
406.79479000002254
587.7314100002403
462.9805300000709
458.25913000004533
407.5631600000352
421.5781400000207
394.5631500000366
577.0563199999772
404.0146500000091
507.84792000006973
491.6433200000241
429.1269400000364
453.8534300000627
359.1334600000464
527.2021700002688
528.3078300001825
336.85786000004197
415.40083000002664
393.712830000036
530.3818099999966
427.0174300000289
441.54315000006767
488.97038000002544
605.0219299999634
435.1864900000276
380.07197000004476
545.3130699999898
466.0819800000329
390.7612700000411
426.92940000002943
519.3258000000081
590.1366600001488
448.28977000002493
446.9340400000148
593.6807400002432
619.2144700002468
504.92553000000936
638.5397499999985
416.471640000048
433.4490300000368
481.39300000001026
537.1286200002302
388.7842600000422
403.30816000015477
428.96985000005157
397.7671600000221
390.3112100000379
491.81493000019043
539.1822600000606
405.29064000003206
415.7294500000517
655.664560000288
480.39778000003207
597.500880000243
495.3195200000264
593.7726200000246
599.4728200002478
417.9876900000511
358.3569500000407
465.30670000001686
468.4467700000282
407.9320000000384
522.0846299999896
437.5948400000351
447.2892000000408
474.8029300000237
502.4149600000275
414.8166200000426
399.27334000002463
510.1232200000033
420.6083400000295
525.7683600000042
521.3536200001403
439.7963600000258
463.640260000025
524.5450500000117
547.5520900000244
336.9370400000357
583.5582300002491
524.4607100002703
455.20215000003145
384.0919400000471
385.21048000004157
516.6116000000683
416.579990000042
489.3201100000177
490.6802400002471
631.114659999967
401.8551800000204
603.5392300002845
365.0152200000242
392.72910000004396
415.3786300000286
494.4743200000199
555.3878300000202
381.734780000021
549.1868000001344
510.8808500000686
404.3319600000491
496.9042100000508
392.482160000032
531.4158500000008
530.866340000018
491.1300200000737
628.6742599999835
475.54837000002425
381.6015900000342
391.03524000004523
406.05140000003416
346.8177500000382
433.97523000004423
486.0231800000469
491.51710000007193
569.0308999999892
537.7466500000174
471.9151300001067
551.3008999999969
557.2708300001472
348.09977000002885
455.11385000002707
476.16097000003407
409.64541000002777
362.82170000003447
556.7656000000421
486.0447700000257
572.9315700001828
536.4781300000925
642.818330000364
454.5058100000475
646.0439400001484
463.963190000023
537.2490800000688
383.7641500000184
541.0764400000437
600.9892700000347
431.9231600000214
476.328800000031
591.2276600002457
442.5141800000249
404.14706000012103
459.433900000046
641.1810800001043
426.5646200000523
497.1697300000233
558.4068600001717
384.09252000005074
470.3505400000403
489.36741999999043
418.68023000002955
578.0897900001019
591.5555000000298
326.5749600000145
464.66414000002806
394.6536400000514
427.4742200000262
475.13320000002926
515.6345700001401
402.05433000004996
460.2638400000171
550.8143999999946
364.50873000003514
461.36213000003795
553.012209999992
614.2797400002869
459.1937800000426
564.5523300001333
509.07179000003134
383.56446000004195
634.6739500001574
600.6991200002482
365.2412900000429
403.80403000004713
435.8476000000384
428.3108100000343
483.2931400000557
580.9500699999824
469.4807000001217
581.4542900000915
388.4756500000403
428.6502900000448
516.4456400000146
328.7609200000394
453.5535900000191
357.6292600000371
514.4655000000088
469.0336200000033
506.97604999999777
449.2384600000449
550.7396300000577
397.00858000004257
372.83565000009844
501.52940000011665
446.2916700000291
417.3449500000443
372.5242400000218
495.6858200000337
428.84491000003334
408.2425000000296
393.79514000004997
476.4984300000278
372.5098800000419
513.5987000000487
454.2629300002077
563.6143500002564
376.89575000003265
386.95680000001744
485.3179000000395
549.3608800001562
443.44869000005
540.6316199999944
465.05595000001733
628.6887400002809
387.5106400000438
538.9497200002476
469.94192000002016
458.3113800000052
404.5933400000127
560.6358000000305
445.47310000003745
383.3759600000384
417.9756700000335
365.7490500000303
463.79462000004037
420.38064000000907
494.7552000000137
630.5926600002223
461.020740000027
588.1487700000384
500.09871000002227
385.8213800000464
687.6990700000644
343.40887000003784
417.14005000013657
474.7045400000218
414.1382800000431
485.5344800000717
390.77000000002687
580.5552999999792
483.81701000001675
411.4396200000529
345.7165100000415
557.6190299999929
421.8981300000346
423.00006000003066
548.6948800002446
496.44225000002814
504.25586000010355
564.2765800000553
389.09853000004557
519.4265500000647
561.0751700002619
507.858670000012
512.2635800000095
455.900940000045
536.1995500000446
381.3435000000387
447.8773500000366
413.40774000003637
393.9652000000369
562.9982200001425
448.85903000003714
481.27751000003815
547.6478200001334
455.0378800000298
429.9182100000522
483.543990000104
443.1311200000114
482.7951600000187
552.1881400000034
471.3257500000281
464.03280000002303
427.31564000001964
439.9095500000435
516.6798100001572
584.3127800002399
454.9741400000182
619.7849800001003
385.27405000001914
430.1144400000426
437.4982400000382
424.6210900000505
476.806160000007
439.7733100000384
425.0336100000391
478.3245800000345
389.11718000001974
544.6562300000055
523.0763500000884
492.1565200000327
507.61115000006305
515.1731100000017
529.5066900002093
398.34939000004584
553.5263400000044
500.89206000001866
728.0016800001619
579.2335300000622
438.62539000003846
386.02613000003544
525.49659000016
442.92287000001625
472.4527000000167
493.19786000000335
407.4232900000477
554.7973200000869
454.9378200000465
400.4342600000323
470.5757000000794
419.02220000004473
492.53935000001695
517.2614900000557
412.30760000002925
472.91749000003824
548.7428300000742
539.1862900001546
379.51373000003883
552.9755199999889
413.7233800000424
602.5100299999743
584.0420600001557
553.0083400000609
634.6238699999955
522.2031400000309
532.2395400000175
463.94457000002984
514.8291300002519
486.20146000006724
410.36520000002815
374.4404200000413
520.2953100000287
399.8685300000231
460.435380000162
445.11535000003204
558.3621300000857
555.7862000001684
400.28926000004924
419.9698500000639
