2941.9223800012787
2706.782050001061
1984.726089999527
1460.3661399992714
1410.776449999276
3103.886200001553
1342.3171199993471
1956.861709999044
1404.1870099992725
1408.033229999256
1663.7117399990761
3160.3227500016205
1641.446269999099
1853.8043499993612
2348.226149999642
2402.9658399999303
2124.2989000000434
1322.7347899994074
1696.8586799990799
2543.214970000245
1977.1239499994178
2184.067969999316
1431.4059199992666
2766.212230000761
1707.6383099990508
2385.242419999796
1775.3815499991792
1445.0272699992377
2069.4360899991575
2282.4792199998733
2607.1268700003643
2169.916299999669
2083.858999999772
2123.354439999379
2655.7739300009193
1363.5533199993185
2885.2373200016546
1765.7220599990192
1792.8527999991004
2666.9186900005175
1929.8920099993675
1161.3334099994959
2568.639520000916
3650.7611200036667
1533.9601799992272
1826.6801499992198
1711.6538499990647
2042.5874499993847
1511.8825699992276
1954.1610999995285
1892.1601199990087
2430.1855899998577
1910.7915199991432
1818.3250699991668
1771.2690899990212
1888.6196999991819
2762.2967500013333
2164.7084899996144
1763.5743899990505
2737.283610000724
1811.6122399993394
2954.6206000011325
1358.423419999319
1277.9655199993854
2405.3421100001897
1684.2804399990634
1989.9199299991205
1905.5373899990527
1491.5622599992066
1893.4866499990073
1589.769249999169
1766.7856999990227
2087.0869499991272
3150.002690001493
2559.2475000000645
2749.010650001007
2100.9481299991935
2656.967810000237
2233.752799999437
3315.0814900031346
1649.8656699990909
1934.4349399993093
1391.0665099992893
2164.409659999309
2411.0176799997075
2171.9611799991612
2068.574719999186
2035.612269999426
1698.031309999069
1929.0325699991558
2682.3402700004535
2195.8422499998737
2078.10782999955
1888.2417599991254
1352.9348999993717
2738.787370000837
2625.1198900008835
2049.6616099994862
2281.754429999445
1337.1451999993876
2287.342299999427
2398.274739999921
1373.1706699993056
1440.5578799993104
2721.3037000008558
2626.910270000201
2231.712929999542
3070.863140002315
3676.4904900031383
1498.6378499991872
1616.871779999134
2022.0090499995868
2171.762759999651
1342.0092999993367
1877.2435899990003
2829.764510000712
1580.4786599991785
2210.684729999363
1730.7098599990486
2767.773620001141
2040.6605499994655
2480.767909999924
1900.766619999075
2163.3708399998395
2419.7666599999498
1984.6121299996212
2555.6034700001123
2100.4550899992646
1634.4794599991185
1673.2024399990917
1414.7998799993077
2395.0997399998782
2310.3913100000245
2182.0731299993804
1779.4507999994212
1462.3366099992272
1559.764129999134
2219.2807799994443
1670.4768299991777
1629.5024999991347
3986.436360004281
1520.2434399992117
1852.5510599992167
1414.058719999326
1779.0429299992777
3130.8479100018035
2438.3327600004877
2549.5678100003265
1587.3769399991204
2380.3561099997273
1616.6211499991693
2350.662609999692
2137.0255799998745
2286.749549999509
2116.737179999249
1915.1263899992755
2015.1974999996964
2644.809640000232
2356.5981500004905
2046.6452399995626
3049.0043600023846
1726.21067999906
2814.8625000009592
2595.4055700007734
1714.166499999072
1913.962799999498
3161.118070002152
1857.8631699990365
2151.069909999441
2058.5759399993244
1259.3166799994076
2347.72815000024
2638.3306300004397
2442.8111099998832
1225.8514199994306
1725.8890299990453
1753.9410399990672
1827.0206699993546
2343.60771999955
1429.8828099992586
2009.5802599992248
1884.675929999116
2265.0268199994166
1643.992129999083
1675.5883099991051
1383.4924899993587
3473.6098000034567
2286.8001799995072
1199.5442099994739
1626.4921599991574
1590.2543099991349
2437.9504200000365
2159.0156699994245
1480.2865599992324
1440.4780499992457
1676.526989999064
2186.2900699998713
2987.3013700013917
1779.173569999173
2622.1603000011146
2902.111170001613
1258.2469999994098
1684.6020299991787
2257.002109999796
1990.4712599993215
2021.4400099994025
2562.6270900007044
1672.1608599991025
1865.427769999076
2843.1710900011585
2673.775500000584
2804.650780000726
2160.1369899991946
2270.242809999961
1831.8903599990101
2156.4514999995663
1449.1801999992813
1253.362909999413
1961.756709999391
1443.2220699992877
1978.8228899991384
2314.4208899994346
2369.4841799996757
1799.1680599990661
2645.387580000356
2479.1866100002294
1503.8519899991945
1439.7111299992516
2139.2401699997554
1982.102019999223
1368.1025299993757
1701.455559999179
1580.347859999146
1908.5621299991187
1438.7364899992667
3098.777510001567
1689.387329999056
1899.6398099990226
1880.0910199991506
2122.849609999515
2342.9819399999687
1465.1672999992252
2672.980080000462
1500.5596399991973
2818.872790001088
2148.359269999192
2173.4843599996743
1659.150369999084
1846.4846999991094
1657.7437899990803
4970.982790008962
1580.723849999179
2168.6220499994147
2024.1595999993845
2425.252120000399
2286.5042499996284
1882.8857999990284
1608.8695699991558
1904.1711499991156
1705.4858799990775
2795.182650000841
2714.5736100007716
2259.3417699996185
1798.491719999283
1801.280729998998
2080.9577099990684
1324.2713099993757
2164.8908799991764
1484.4964499992109
2184.9446399995736
1308.5633599993553
1358.917599999324
1858.9871099990114
3279.7915300025597
3467.34940000274
2261.38391999949
2374.0292699997376
3327.665650002783
1343.3126299993344
2568.85114000047
2331.788409999725
1868.1692199992144
1480.1885199992125
1580.3248599991746
1934.7465399991809
2556.214200000458
1569.2091699991404
1489.080929999216
1295.8144499994187
1742.8923399990358
1331.7247999993506
1770.923229999245
1952.646329999047
3316.883480002331
2222.8423999999195
2230.707329999444
1656.1391899991195
1639.606089999083
2459.3281099998385
1502.625619999217
1442.4042999992985
2310.3722600002266
2902.041900001094
1774.3818899991065
1490.9219899992659
1690.9243599990607
1693.0497499991045
2068.6478099995716
2018.4676899990375
1809.5112699991744
2263.5960799994587
2088.7220099991905
1904.075159999199
1860.3253999995559
1975.6544099993937
1833.6920099990164
2194.0143899993004
2050.933839999278
1644.018399999129
2013.4933499996755
1524.9484199992276
1358.0209499993198
1811.8794599990088
1813.2981499993919
1684.5380999990864
1836.2565499989912
2520.9914500008153
1063.9614099995747
1470.6924199992502
1875.6943699991173
2226.0853999993024
1475.499619999264
2000.8042699994078
1339.812629999329
1689.102019999056
1726.2220999990386
2542.281980000077
1996.4344299990223
2639.6054200003405
2222.7966199993443
2030.4059799994318
2726.9428300007985
1794.2354199991373
3438.538710003047
2005.3588099993538
2252.724639999604
2146.2696399992196
1601.7403699991355
1376.8803399993167
1688.5983499990552
1306.3327099993849
1536.0452799992186
1541.3421299991599
2099.7220699993877
1433.7556599993104
2046.2868099992113
3229.0508400022863
2341.0067699997417
2435.184370000003
2401.0421000003716
1678.710039999072
1252.8347199994262
1832.0307299989854
2171.668769999803
2489.234979999977
2023.6919799990847
2045.5851999993165
1808.8801599990495
1893.1859799990507
1705.7333999990672
2464.009679999857
1634.0685799991595
2561.3231500004254
2211.8770299997245
2070.7161899998546
2631.0533600007866
3490.186880003725
1304.1532899993683
1998.9125999993203
1526.9115399992186
1454.3953899992537
1294.2677999993894
2411.7142700001978
2911.2843000018033
1811.4630499990835
2617.638570000155
2498.197359999895
3229.751470002865
2134.6947099996505
2895.9877000008896
1509.3962499991962
2338.9403799996853
1248.0478299994286
1849.6014799991683
2056.342519999186
2933.4477200018573
1566.3931899991646
2002.8422699990374
1652.1754299994188
2474.5937900006893
2305.79053999968
2906.740230001829
2228.436369999294
2452.600120000104
2821.8854200014744
1803.732769999247
1829.3403099992124
2387.463770000292
2119.3842199991673
3638.80156000356
1155.599009999489
2693.9190800003653
2783.786800000785
2305.442219999685
2124.1791599994617
2545.862140000454
1382.780419999301
1304.2853299993858
1663.9450299991017
2025.975029999203
3150.439200001596
2051.0831499995916
1442.7690199992849
1713.562859999046
1222.9353999994494
1709.0141599990593
1755.8769799990246
2740.71232000162
1856.7542699993742
2437.096820000088
2645.1244300007356
2378.013419999845
2007.5776799990313
2341.185989999545
1901.702509999078
2540.0318800001846
2805.707070001385
1666.1001599990827
1897.2853099990066
1512.2536099991996
1566.867919999176
1929.8573599991712
1053.397899999579
1893.3606699990203
2036.853989999055
1991.1299699992724
1756.9768199990276
2535.30718000078
1821.0215299990787
1633.7883699991369
1950.6387299993232
1619.3573199990979
3214.653960002199
1076.4873999995687
1813.0403999990324
1734.065339999048
1274.8103699993976
2937.825590001201
1745.2090999991592
2240.6696599994775
2082.733459999588
2657.1280900001834
2062.767529999114
1916.5404899992968
1511.668629999182
1417.6296499992857
2025.171899999138
2162.6614899999067
2182.1953899992423
1802.0970099991102
1962.50979999909
1423.559199999304
2997.043480002051
1811.0179499992128
1687.9688199990728
1654.4343099990767
2402.838350000369
1723.3536399990712
2899.0606300014892
1809.362699999005
2244.434739999729
3004.667610002002
1953.0719199993098
1606.3486399991339
2363.030179999654
1412.430529999283
1597.517419999149
2159.1382699995143
1635.7556899990966
1616.1117299991006
2247.438080000074
1426.1975499992611
2100.9943299992233
1797.353479999137
2550.287380000104
1204.6934199994791
1816.1316699992271
1827.86206999905
2719.514430000808
2275.267429999954
3463.5276900026674
2288.5009899997585
1518.3102399992008
1479.8172299992232
1915.6893499992761
1911.3481999991614
2026.7716599991516
1750.9192199991219
1609.9403199991384
1929.3892999992222
2044.3372499993795
2261.7766799995456
1936.4455699991522
1512.1840799992005
2369.709329999772
2157.83164999927
1503.517799999232
2979.589070001134
3168.965720002717
1601.092649999138
1844.161639999142
2442.5799399999396
1892.6961499990616
2129.8455299992384
2182.466489999826
2343.0777500003546
1835.495929999042
2635.21552000104
1761.2753599990351
1719.9327099990658
2331.3971900002016
2097.589529999607
2073.0524099994814
2023.7151799996168
1695.6329899990676
1577.2023299991554
2455.0347899998433
1289.6428999993786
1467.211919999222
2144.8972299993466
2454.1876700002554
1256.7684499994145
3209.258870001933
1855.6206999989947
2296.2016399995573
1751.8787799990314
2104.5512699992123
2085.5034099994077
1520.5729699991848
1660.0015599991038
1916.0450999991847
1324.1396199993728
1683.519529999136
1811.1939999990866
2189.101970000016
1324.5643099994113
2112.965669999277
1785.781889999098
1729.991649999083
1899.4650199990324
1959.2366099995104
1521.115759999177
1249.7077199994048
1584.2401599991313
1499.5553199991916
2763.4544700009774
2855.1122300018765
1713.6445599990684
1621.1843899991081
1823.303939999083
2815.9202800011435
1750.8265399990385
2071.597489999102
2450.8163000000272
1526.2617799991997
1727.6098099990515
1562.4151699991792
2457.2665500004605
2358.848229999646
1885.4679499990061
2039.236089999394
2107.4589599991214
1763.708149999139
2148.6800799992834
1905.3999899991688
1318.585429999358
1687.178019999087
3396.0534900025377
1417.0045899992997
1654.6612199990745
2819.560740001115
1804.704759999114
1963.9638299990675
2502.406520000017
2044.8251499990265
1875.3973899989944
1876.30689999916
1790.7915199990573
2233.5418999993
1336.5326999993497
2155.691389999215
1533.9049299991746
1499.3614199991998
1612.1815599991062
1786.2755699990773
1477.7205299992142
1849.4095999989963
1871.660989999221
2188.257629999281
2055.4561699993037
2132.6252399995437
1508.8976899992379
1767.7728199990138
2111.6666499992543
1244.3294299994309
2567.9611900001637
2102.5291299998503
2470.4401799998172
2893.785280000895
1653.2234899991226
2761.256480000685
1567.7073399994413
1574.1316599991321
1562.715449999449
2346.4905299996426
2381.373069999972
2374.9500700004155
2570.653940000672
2068.08351999944
2272.664660000192
2276.8125999995473
1573.1985599991779
1592.026559999147
2023.6757899990982
2337.1758099996246
1914.5631399990289
1487.9299399991942
1621.1441099991075
3054.4780800023827
2103.78618999973
1496.0686299991985
2460.226940000239
2950.0627000021022
2058.9974999997717
3012.090390002028
3519.660000002767
1734.6431299990466
1932.5605899990894
1994.6271899993046
1543.1559199991793
1320.778839999348
2834.7440000011684
2128.806899999455
1438.3578299992525
2220.6377499994514
1771.5685199990482
1591.8986899991419
1899.9729399995435
2233.0700899994104
2014.9241799995891
1721.9702899990539
2039.194779999615
1755.6048699991404
1919.4775299990447
2533.9229900007604
1820.0597699992713
1570.419849999122
1777.6784699990253
1680.1020999991151
1698.201419999056
2807.682380000718
1858.5858499991257
1966.1569299994633
2067.5673499992868
1750.5292099990513
1855.2271799993125
1181.993809999475
2526.7769399999584
2214.9724099998957
1117.5043099995228
1821.0586699991632
1622.3265399991087
2529.064690000088
1947.9814699990588
1983.1176199994547
2188.025949999313
2891.6694100009104
1828.8070499991218
1355.6691199993188
2303.915709999968
2079.7712299991695
1683.4405899990898
1779.8213699990622
2646.100470000333
2503.2696200006812
1983.584929999099
2262.500499999359
2453.250660000654
3192.8107400026306
2086.62800999952
3343.549790002636
1710.8377899990667
1944.776649999024
2187.440589999553
2362.8576400001534
1416.3156399992627
1513.714059999373
1719.8541099990537
1726.4390999990515
1608.3087999991496
2297.8175399997485
2677.9919100008347
1726.1519999990444
1588.7383099991382
3946.4827900049477
2082.1252399991804
3035.1138000012893
2077.6384799992647
2806.100870001195
2332.2229600003047
1617.4293299991218
1254.496419999412
2055.9770899993773
1866.668759999187
1565.4997199991367
2611.784620000365
1588.5645299991136
1870.0541499990377
2293.335819999363
1752.5488999991662
1742.4688099990374
1686.5390499990565
2489.7098199998504
1879.817569999035
2459.8913399999233
2805.859820000756
2027.9616199991308
2096.099829999214
2104.061559999586
2329.4719399999212
1365.3998899993699
2428.0767500004863
1979.4141799995941
2070.6055099991127
1385.0241999993066
1722.4310099991185
2260.16861000017
1734.6474799990401
2387.0198699995913
1961.403809999465
3312.635250002396
1630.5519899991114
2716.081140001475
1751.5021799990311
1653.59189999912
1688.1727499990957
2066.5739899993764
2743.327540001013
1425.2156199992587
2294.4929900001957
2111.6324099997455
1486.0890299992107
2217.5134499997466
1495.7461699991993
2547.357700000189
1837.3817199992043
2227.0369799998534
3074.3764800016015
2036.6453299992706
1541.945149999169
1455.2471299992385
1761.6550899990375
1476.3993199992703
1655.2840399990882
2435.6214700000346
2209.458059999717
2563.0878800001037
2800.096490000738
1937.79657999948
2559.2777700001634
2176.4631700000136
1342.976629999337
2086.9228899991517
1850.6822199991484
1680.669499999068
1519.2521099992277
3019.574490001656
1823.202509999162
2242.813210000058
2809.6723700010257
3806.282420004778
1605.3774399991062
2577.05348000103
2011.8128499992163
2156.856189999982
1761.4118399990307
2145.3658599998003
3357.2944100026916
2121.870989999135
2186.599669999239
2263.9151900002657
2076.6738499991598
1807.5436699992406
1611.3832699991074
3471.4004100034326
1697.622839999071
2022.8687799993327
2714.9453100013343
1611.3022599991589
1752.5095499990734
2957.5611100011006
1880.2965599990123
2293.875920000109
3243.0124600021954
1414.5211599993108
2291.8899599993383
1411.7795999992763
1914.0042899990244
1823.898179999119
2273.7402099999977
1647.2776799991186
2354.77426999981
2544.2383200000722
1310.9331199993605
1648.7471399991007
2743.775970000532
3650.5670500034303
1601.6937999991073
3033.514670002043
2526.835100000246
1457.4456499992434
2527.538380000912
3428.7170500026095
1529.0835199992266
1687.1972099990828
1718.1332099990507
1736.5897299990743
1986.910369999547
2562.378080000198
1759.2385899993176
2623.019170000964
1718.2464699990567
1560.0544699991433
2097.488669999448
1042.949409999588
2040.6887899992685
1323.5742199993647
2369.313519999712
2253.317269999591
2674.060480000287
1947.4686799990334
2706.829160000619
1428.542749999248
1345.3216199994451
2208.8707999999415
2139.4804999991543
1784.735099999018
1548.480779999179
1702.5995899990985
1656.3932299990918
1766.380949999047
1374.7128399992996
1968.696739999207
1527.5269999992315
2451.167420000037
1718.8282299993296
2751.204850000598
1670.1662799990945
1683.226559999066
2402.5460799999896
2892.811210001116
1758.5201999992505
2427.033320000099
2033.6856599993139
3592.068350003881
1608.7845699991524
2757.5602600005527
2060.0120699993186
2469.380179999784
1731.0472799990866
2169.746509999821
1912.9246499992576
1637.7759099991245
1839.8043499990442
1536.7339399991845
1672.5142599990886
2080.9115199992148
2288.3958999995657
3014.6498900019583
1948.3008699991894
3170.4357800021385
1986.3941399992882
1410.0355299992787
3381.7983500031132
1432.0617099993062
1666.9004099992592
2166.745149999368
1601.9937899991241
1884.625439999353
1814.032949999007
2494.453950000154
2187.856029999523
1650.7182899991105
1415.4770999993314
2246.826119999927
1918.8041299990277
1837.2121799991364
2262.436370000013
1794.8068799991568
2212.380849999854
2628.8994400008933
1541.5603799992086
2171.1851899998805
2273.580790000074
2300.1493299996564
2395.747989999831
1866.3437499990514
2523.479290000454
1366.7163199993129
2013.9381499990707
1681.7400999990707
1785.2604399990105
2649.9124700009575
1936.7655899990498
2026.327479999127
2763.2221200013596
2080.7929299991483
1536.4741499991658
2039.6884399995604
2239.630869999496
2105.535029999382
2478.1961899999264
1991.9118999991897
2198.2540199993264
2144.631379999284
1674.4803299990724
1962.2683499995496
2495.509560000626
1967.3157499992747
2501.83619000086
1691.7067299990754
1754.1004499992223
1930.4345299990478
1472.428539999212
2478.230599999844
1593.7777399991005
1872.1229399989782
2127.077739999482
1507.814589999186
2351.88008999982
2398.850020000268
2137.2984699992953
2083.7095899996875
2199.3737699997014
2203.071089999887
1725.3141999990582
2429.0189200004434
2156.1652899994133
3504.3663300038584
2900.0270200017117
1899.2502899990286
1698.8383399990753
2396.1320300001853
2261.8937099993154
2013.9388499992817
2511.19829999994
1502.122379999203
2626.5866000005976
1739.3073999992519
1563.7959999991615
1818.5701899993246
1776.172299999022
2135.835169999495
2386.862440000134
1759.088349999088
2017.5888999990912
2818.784650001533
2050.7024199997813
1653.0716399991202
2889.460470000902
1720.4301099990473
2984.300730001371
2815.778570001622
2538.2324100005726
3038.4929900017787
2727.850450000553
2235.496689999487
1922.2070799991495
2059.4484499997434
1931.562189999463
1767.0212099990715
1408.9019299992785
2813.467290000797
1558.2465899991585
2132.240649999472
1821.1731899991914
2423.0408700003327
2855.060520001601
1514.3026799992253
1661.4127799991807
