5090.175000004814
6787.900000009677
4087.6250000049995
2119.2499999991683
1653.5999999995915
7849.7750000116785
1591.2999999996482
4123.525000004551
1615.749999999626
1564.8999999996722
1991.3749999992842
8282.775000013997
3016.850000002494
3437.42500000273
7035.900000010882
6693.1000000095755
6072.125000008984
1806.3749999994525
2167.5249999991242
3835.1749999999893
3039.5000000011482
2669.1249999992906
1767.8249999994878
6459.150000009798
2080.274999999204
2973.7749999995194
5298.3750000054815
1683.2499999995646
3286.8000000022603
3988.824999999788
6164.300000005598
2660.224999998676
5631.900000007373
3899.4250000012744
5646.050000004494
1832.9999999994284
9198.00000001593
3072.350000001151
2077.624999999206
3859.1750000005322
3889.02500000518
1337.7999999998788
6743.900000010205
7386.025000010298
2914.200000002168
5214.275000007661
3625.7250000043064
3065.8250000016324
1976.4999999992979
4274.750000004829
3283.625000002677
4172.525000004922
3183.4750000000554
2159.4249999991316
3568.9250000036836
3093.599999998485
5609.075000004088
2383.549999998928
1931.299999999339
4089.175000000214
5023.62500000616
8561.900000016172
1500.1499999997313
1429.5749999997952
5559.000000008133
2829.174999999618
3302.9750000021913
3412.0000000016357
1638.3999999996054
4120.700000004969
3799.775000005261
2646.7750000001743
4793.325000004357
8569.775000013644
8083.1000000146405
3592.42500000236
4319.200000004788
4500.425000004624
5820.650000008926
8539.500000013535
2436.6999999988793
2634.1749999986996
2871.299999999217
4490.675000004633
3462.925000000556
3228.1750000010716
3425.2500000017467
5362.900000004876
3294.5000000030923
2715.974999998625
4683.650000002319
6187.500000010711
2373.774999998937
2364.1999999989453
1829.874999999431
5817.9250000088605
4276.300000004828
4029.2000000016487
4457.425000004663
2641.47500000152
4607.975000004526
4260.2250000048425
1920.9499999993484
1887.5749999993786
5475.3000000048905
5007.450000004163
4732.175000004413
6525.175000010404
9192.27500001591
1603.8499999996366
2060.5749999992213
4800.725000005662
4775.500000005134
1539.5499999996953
4185.50000000491
4607.050000004527
3733.3250000045314
4461.975000004659
4272.000000004832
6764.275000007142
4960.500000006137
4323.700000004785
4372.275000004741
4376.675000004736
3589.2000000006083
5227.275000006762
4601.450000004532
4449.9250000046695
2508.450000000584
2194.0499999991625
2520.450000000356
4729.750000004868
2850.2249999985033
3041.0749999991845
3877.80000000519
1943.9999999993274
2004.1999999992727
4562.975000004567
3375.9750000032145
3593.950000004609
6294.550000006621
1973.7499999993006
5692.625000006248
3698.625000005353
5168.4250000071725
6333.200000010578
5634.675000007161
3160.424999999477
1940.4499999993307
4794.9250000051725
3498.9750000010918
3820.075000002714
6127.7500000099635
4191.92500000282
3165.175
2655.1999999986806
3902.3500000044664
6272.925000010634
5028.625000005184
6124.8000000085985
4331.925000000305
2045.2999999992353
5454.300000005503
5367.050000005522
3809.775000005252
6537.400000010393
6520.400000010408
2320.7999999989847
2760.449999999141
2761.7999999987746
1828.2999999994327
6678.175000010265
4155.324999999171
3554.0250000007563
1474.5999999997543
2857.6250000004884
2218.049999999078
5379.400000007699
4802.325000004349
1752.2499999995018
2919.025000000697
4503.925000004621
2978.750000000644
1865.3499999993992
3810.475000005251
1861.5499999994024
7644.62500001283
2959.700000000181
1490.6249999997399
4598.2500000051505
2006.049999999271
2878.9249999991603
2770.774999999324
1945.549999999326
1545.52499999969
2003.5499999992733
4019.975000002427
6668.525000008963
4687.325000003757
5784.475000008993
5017.625000004153
1455.7999999997714
4292.900000003981
2675.8499999986616
2468.0499999988506
2866.9750000012955
6648.900000009182
1892.2999999993744
2358.77499999895
3548.749999999897
4109.575000000043
4691.65000000445
3504.15000000166
6911.125000010451
2463.774999999146
6960.650000010688
1937.3999999993334
1424.5249999998
4852.425000005066
1865.5499999993988
3164.500000000514
4174.300000004921
3033.27500000049
3872.925000002316
4745.425000004401
3045.6250000007026
1629.899999999613
1641.1499999996029
2610.1999999987215
3200.624999999702
3681.725000005368
2358.124999999715
1925.6249999993443
2596.174999998734
3054.7249999995884
4905.950000004464
2010.449999999267
2513.1999999990503
3900.3000000051697
3140.4250000006527
4341.549999999904
1729.3249999995228
4739.000000004514
1688.1249999995603
5228.875000005094
4114.150000003583
5457.300000004925
2361.099999998948
2066.499999999216
2789.849999998558
8177.775000012474
3846.4500000052185
4304.425000004801
2380.349999998931
5031.500000005684
7262.275000011572
3298.300000001777
4764.150000004827
4436.175000002308
2220.3749999992283
6922.050000010043
7116.775000010882
3012.9999999994716
4598.425000005362
2863.2500000008195
3562.450000002766
1636.3249999996074
3195.574999999353
1697.8499999995515
2936.6999999986347
1681.0999999995665
1653.6249999995916
2357.024999999002
6344.300000005709
5407.800000004795
3491.4250000006564
4263.700000001087
7485.650000012186
1590.7499999996487
3652.6749999992235
2898.0749999996924
2011.1999999992663
1907.4499999993607
2324.699999998981
2491.6999999988293
3864.425000001164
1778.549999999478
1740.5999999995124
1776.6999999994796
3899.2500000051705
1761.899999999493
4993.175000005268
2959.5749999995382
5307.300000002521
5490.050000005518
2994.5249999997654
2107.8999999991784
2204.224999999091
4974.825000004193
3480.175000000977
3763.9750000052936
5201.800000006244
4553.275000004576
2174.299999999118
3707.5000000053446
4336.675000004772
2052.9999999992283
3152.5750000012267
2585.499999999922
2414.4499999988993
3442.3250000007474
2515.249999999032
4699.550000002245
3986.4250000050915
2095.54999999919
4276.450000004828
3073.175000000293
2957.599999998574
3401.675000003537
4137.025000004955
3029.375000002783
2024.0249999992545
2649.274999999653
4274.425000004829
3884.0250000051847
2408.4499999992563
6915.300000010049
1219.6499999999862
3236.525000000494
4438.55000000468
4950.075000004215
1956.749999999316
3654.6750000012116
1558.0499999996784
1756.7999999994977
2399.3499999989135
4766.425000004382
3534.4250000028114
5479.65000000503
3276.1750000002794
4111.775000004977
5045.400000004131
2631.7749999987022
7864.525000012675
3698.7500000017
5292.825000004167
2982.1750000007314
4348.400000004762
1702.0999999995474
2262.849999999037
1743.0999999995101
3018.3250000025864
1812.2999999994472
2351.549999998957
3005.4750000027834
5003.450000004166
4579.550000001787
3533.0749999990644
3088.17499999957
4456.675000004664
2043.8999999992366
1561.824999999675
4064.4250000050206
4523.500000004602
3438.9250000008897
3290.5000000026116
2496.524999998825
2098.9999999991865
3935.5500000051375
3836.5750000052276
3623.1750000001657
3811.62500000525
5101.400000005235
4557.050000003534
4149.925000004942
6588.150000009087
5224.550000006157
2002.599999999381
3481.349999998426
3786.525000005273
2376.8999999989337
1564.5999999996725
5481.900000005542
4949.400000003539
2548.099999998778
4463.425000003319
5759.800000006879
5104.40000000336
2569.349999998759
4810.475000004342
1838.3249999994237
3700.2750000025903
1654.049999999591
3094.2999999993826
4112.150000004977
6420.750000010499
2407.775000000137
3362.824999998952
3851.075000005215
5987.300000007186
6703.900000009737
7037.675000010295
2918.350000000344
4055.5000000026716
7748.025000010656
3028.850000002006
2214.2499999990814
2657.474999998679
3231.7750000010474
5199.950000003001
1389.6499999998316
5162.575000004022
5040.175000004133
4322.825000001393
4547.500000004668
4449.50000000467
1665.8749999995803
1874.274999999391
3995.475000005083
4527.325000002504
6769.050000010182
5744.225000009102
1984.5249999992907
2076.199999999207
1493.2999999997373
1948.5499999993233
2720.5999999986216
4870.5000000052005
4682.975000005195
4772.500000005155
5055.650000005574
2950.2749999995885
4024.4250000050565
4361.4250000047505
3338.7500000018936
4025.925000001973
5400.575000004619
2258.4999999990414
2579.875000000268
4473.3000000049
3274.4500000024736
2731.699999998611
1199.975000000004
3566.0000000024816
2467.0749999997815
2636.449999999124
2418.0749999989266
6129.400000008312
2265.949999999035
2621.300000000935
3943.87500000513
1971.2749999993025
5263.925000004085
1273.0999999999376
2548.5749999992927
2426.3999999988887
1848.9499999994139
4518.800000001422
3084.474999998449
4619.925000004515
5581.525000008892
4971.475000006301
5017.8250000041535
2133.274999999155
1860.1249999994038
1814.9999999994448
4128.775000004962
4735.000000005588
4288.9500000048165
2191.974999999102
3931.075000001217
2295.5249999998364
6464.275000008211
3532.5500000010693
3456.875000003886
2118.7499999991687
6611.400000010326
2292.5499999990107
6310.025000010599
2524.100000000197
3100.94999999885
5425.50000000673
2254.674999999045
3787.725000005272
4260.150000004842
1780.1999999994764
2125.799999999162
2707.299999999116
2686.2249999986525
2231.4499999990658
4111.775000004032
1569.0749999996683
2880.2500000004356
2986.6999999987884
4541.80000000425
1470.3249999997583
4104.450000004984
3039.0750000020594
4308.075000004798
2705.6999999986347
7200.875000011011
3780.649999998827
3957.075000005118
2047.2999999992335
2609.1749999987223
4022.5250000050582
4343.2000000047665
3102.449999998811
2282.124999999978
2172.7249999991195
2359.999999998949
4815.57500000453
2569.0749999989725
4666.4250000047505
3321.8000000018155
2984.92499999994
1984.0249999992911
5283.325000003912
6561.925000010064
2837.7500000017317
2305.3749999989986
6207.525000007256
4317.95000000479
3998.0250000039277
5707.300000007071
4371.025000004742
2323.0249999991165
6383.550000010533
3869.0500000051984
3878.3000000051898
6193.9000000076085
2776.0999999985706
2696.2749999986436
5547.050000006255
2646.224999999067
2365.774999999294
4220.275000004878
1735.499999999517
1747.7249999995058
2723.924999999796
3769.949999999223
1414.474999999809
6854.800000010104
4054.5500000050292
3549.950000000669
2379.4249999997683
2939.0250000004835
3988.4000000004135
2946.025000001821
3007.274999999654
2842.59999999851
1757.349999999497
4469.0000000046875
2914.274999999494
5117.300000001085
1923.474999999346
4294.750000004811
2236.1999999990617
2119.5999999991677
2895.84999999849
5919.150000009444
1894.774999999372
1412.3499999998112
1779.574999999477
2126.349999999162
4428.6750000046895
6615.300000008168
2244.699999999054
1985.5499999992894
2449.224999998868
7141.600000010901
3698.175000002807
3294.2000000024113
5732.650000008156
2076.4499999992067
2629.27499999935
3994.7000000050834
6394.30000000784
3379.275000000557
3875.325000002389
3165.7749999996895
2847.274999999296
3829.575000005234
4202.150000003624
2542.0499999987837
1524.524999999709
2060.024999999222
7221.125000011304
1889.8249999993768
2620.7249999987116
4603.375000001615
3877.3750000051905
4067.925000005017
3635.425
2895.6249999991132
3936.5250000051365
2539.474999998786
2323.5499999989825
4238.925000004861
2230.7999999990666
3224.3250000005924
2069.1999999992136
1883.7499999993822
2009.1749999992683
3451.3500000015124
1690.7499999995578
4280.675000004823
2181.5499999991116
4451.925000004668
2451.799999999099
4925.925000004629
2075.524999999208
2514.999999999667
3745.5750000005237
1569.7749999996677
4500.200000002762
3417.0250000018254
3608.925000002103
5112.075000003125
3836.8000000052275
3609.450000000033
6184.100000010713
1684.8249999995633
6153.425000010741
3861.074999999481
5991.800000006062
4653.775000004484
5101.675000005653
2576.824999998752
5932.125000006959
4067.775000004656
2472.474999999932
2282.5499999990197
2978.2250000003924
4047.0750000023218
2473.7999999995527
2686.699999998652
4122.450000004066
7313.775000009965
6422.175000010498
1876.1749999993892
4717.950000004426
7763.275000011041
4134.575000004957
4835.77500000514
8909.525000015856
2692.0500000005068
4308.0000000047985
2224.3249999990726
3528.4500000011535
1494.5499999997362
3825.7750000013525
2899.2499999984584
1519.1499999997136
4428.4250000046895
2507.57500000045
2333.824999998973
6292.875000010615
3526.7000000031403
5347.200000007438
2882.8500000016065
5515.650000005851
4520.275000004859
2409.474999999708
6992.300000009979
3974.525000005102
1719.7499999995316
3864.675000003449
3020.9749999990813
2164.5749999991267
3886.6500000022147
3332.724999998113
3853.7250000019376
2680.524999998983
2563.449999998764
4107.725000004981
1370.8499999998485
6222.525000010679
4012.1500000050683
1357.0999999998612
3116.4999999997626
2071.099999999212
4473.175000004649
3203.425000001164
5081.6750000059565
3028.924999999859
4445.425000004674
2332.724999998974
1499.5499999997314
2643.2249999986916
4128.250000004962
2361.4499999992113
2572.674999998756
4503.325000000928
6458.550000007613
3195.675000000009
3518.4500000004987
6812.150000010143
5199.300000004952
2688.69999999865
4658.425000002497
2278.0499999993544
2709.724999999756
4936.175000004248
6868.400000010324
1593.7249999996461
5535.950000008113
2246.5249999992534
2529.5250000001706
3030.9250000014836
5801.32500000891
4155.750000002625
2700.449999998639
1919.09999999935
8955.250000015047
3035.4750000009403
6349.775000010564
3495.975000001523
5201.42500000566
6446.550000010475
2046.3999999992343
1512.6999999997197
4545.025000004668
2395.199999998917
2064.224999999218
3375.9249999996314
2238.774999999059
2424.9999999990264
4016.425000003861
1964.5249999993089
3827.0000000052364
2254.9249999990443
4518.775000004607
2770.024999999338
3279.6499999995194
5537.425000005774
2753.024999999784
4623.825000004512
2818.5499999985323
4207.07500000489
3740.550000005315
6768.800000010182
6226.250000010676
4250.050000004851
1635.0499999996084
3830.9250000002835
5473.150000005871
2668.399999999817
4401.200000004714
5879.250000009764
4356.200000001599
2617.5000000010305
7299.375000011597
2500.1999999988216
3664.8500000048834
2810.1999999985396
2571.1999999987565
3987.0500000004477
4276.775000004671
5174.175000006193
4058.250000005026
1727.3749999995243
5289.625000004854
1980.2499999992945
4842.675000004312
1911.624999999357
4527.975000004599
5028.675000004876
2671.6999999987565
2095.42499999919
1661.1249999995846
4346.925000004763
3714.300000005339
2167.699999999124
4970.125000005446
4927.750000005852
4263.575000004839
5069.57500000487
5475.05000000645
4622.500000004513
5639.525000008011
1934.724999999336
2802.000000000134
2266.624999999034
2537.3500000007216
3726.425000004291
5424.900000005742
2008.9749999992682
5854.400000008834
5262.650000005863
7270.150000011467
1886.7749999993794
6280.050000008467
3030.2749999993457
5208.400000005922
3001.9250000000534
3649.975000000802
6485.000000006061
4009.9500000035373
3694.8250000029984
4150.700000004941
4340.575000004769
4940.875000006483
1707.8249999995423
7150.775000009125
3868.7250000051986
2581.749999998747
6665.525000008693
3780.225000005279
1928.5499999993415
5151.22500000422
4230.17500000487
3830.925000003853
5271.2750000035385
3041.3500000021427
4648.950000004489
1629.899999999613
3585.975000002344
2231.4499999990658
5517.425000007688
3112.0500000026614
3202.699999999513
4587.925000004544
1716.949999999534
1948.799999999323
4970.07500000421
7658.775000011359
1724.8749999995266
6780.025000007741
5414.575000004614
1700.8499999995486
5996.825000008734
8902.275000015426
3769.2750000052883
3906.7750000051637
2475.699999998844
2766.699999998668
3928.6500000017204
4089.650000002637
5199.750000007083
3654.525000001125
3990.4500000050875
1716.2999999995345
2610.0999999987216
1208.2249999999967
2721.59999999862
1550.849999999685
2961.2500000001837
3720.824999998816
3978.9250000012453
3960.375000005115
5873.875000006323
1815.774999999444
4959.000000007001
5161.175000004549
3958.300000005117
2400.7749999998405
4479.950000003528
1832.0249999994292
2377.1749999989333
4016.0000000037453
1476.199999999753
2468.79999999885
3078.7500000026234
4828.375000002661
5980.900000009131
7422.125000012122
2457.9499999996874
2976.0999999989936
4131.925000004959
7111.775000010823
4165.225000004929
3559.8249999988902
3400.4249999998333
6540.275000007492
3081.275000002287
8648.525000016094
2764.549999998855
4304.575000000454
4129.75000000496
2834.050000000473
3314.0000000002165
3698.0250000044034
3061.8000000005504
2155.0499999991353
1865.9999999993984
3293.6999999983077
3973.1750000012403
6661.17500001028
2348.5249999989596
5442.025000003806
2725.199999998617
1614.6749999996268
5280.150000005906
2217.7749999999114
5849.550000007475
4530.500000004597
2164.299999999127
4834.700000005747
3437.2000000027956
3085.149999999781
2826.224999998738
2360.2749999997795
2108.9749999997016
2974.94999999839
2852.6750000000457
4397.175000002073
6788.375000009834
2198.7499999990955
5217.525000006814
5710.300000005616
2784.525000001515
3057.425000000335
6803.9000000101505
4689.675000004451
4096.950000002578
2471.4999999995607
5123.925000005516
1727.5499999995243
4259.275000004843
4218.025000004881
3934.9250000051384
6429.050000007976
2555.274999999813
3990.5500000050874
5193.7000000061635
3717.175000001993
1707.849999999542
5122.525000006616
4859.725000004297
2798.5249999988173
4462.450000004658
4753.675000004394
3795.8250000019007
5110.350000004069
2093.8249999991913
5572.6250000077725
6593.925000010341
2876.1999999984946
4491.925000004631
2463.2249999988553
4710.425000005064
3558.375000003697
1635.8999999996076
4535.500000004592
1852.2999999994108
2697.424999999638
3885.40000000082
3016.674999999481
3755.7500000016153
4886.050000001985
3899.725000003623
4204.550000002364
2829.574999998522
5888.20000000941
3878.775000005189
3501.199999999232
4594.025000004539
7014.800000009844
4885.6750000026
2557.599999999246
2401.1999999997915
4814.575000004909
3324.700000001414
2578.5999999987503
4747.200000004399
1741.2999999995118
5197.850000003921
2562.600000000325
2443.749999998873
4232.050000002599
3984.2750000050933
3059.4499999989634
3389.675000000443
2910.949999998448
4184.475000004912
6481.300000006047
5542.225000007937
2439.8249999999653
4995.825000003401
2796.575000001451
4072.575000000361
6137.45000000866
5008.425000004422
5542.6500000050555
5927.800000005094
2834.1999999997674
2268.3249999990326
4251.70000000485
4881.750000005653
4546.875000004582
1754.5249999994996
4725.450000004419
3843.175000002587
3427.150000003592
3114.2749999995103
4810.80000000217
5126.8250000036405
4480.650000004894
4772.5000000058135
