5035.900000004864
6732.125000009728
4067.8250000050175
2037.1249999992426
1576.2749999996618
7849.7750000116785
1487.124999999743
4038.975000004628
1536.5249999996981
1449.2499999997774
1845.0749999994175
8282.775000013997
2925.725000002577
3418.3250000027474
6988.625000010925
6639.875000009624
6012.375000009039
1707.3249999995428
2106.6999999991795
3821.050000000002
2945.025000001234
2556.8249999993927
1688.7749999995594
6425.650000009828
2008.5499999992687
2903.399999999584
5260.575000005516
1632.9749999996102
3167.9750000023682
3988.824999999788
6164.300000005598
2602.849999998728
5581.125000007419
3851.9250000013176
5646.050000004494
1756.0249999994985
9198.00000001593
3047.075000001174
1991.9999999992838
3829.325000000559
3794.750000005265
1268.074999999942
6686.375000010257
7386.025000010298
2857.4750000022195
5131.425000007736
3564.9500000043618
2912.2000000017724
1915.1999999993536
4188.500000004908
3178.9750000027725
4036.2750000050455
3114.675000000118
2116.1749999991707
3519.6500000037286
3093.599999998485
5609.075000004088
2311.524999998993
1826.0499999994347
4031.400000000266
4974.125000006205
8515.075000016215
1327.0999999998885
1318.1249999998968
5468.700000008215
2782.6749999996605
3220.7000000022654
3315.4750000017234
1551.0999999996848
4067.925000005017
3740.250000005315
2552.7500000002597
4793.325000004357
8569.775000013644
8044.900000014675
3445.975000002493
4243.600000004857
4437.175000004681
5785.650000008959
8539.500000013535
2399.924999998913
2604.424999998727
2819.5249999992643
4453.950000004666
3421.175000000594
3178.8250000011167
3355.0250000018104
5334.125000004902
3217.475000003162
2669.5999999986675
4629.400000002368
6085.500000010803
2275.9999999990255
2327.424999998979
1726.749999999525
5764.650000008909
4152.32500000494
3977.100000001696
4404.875000004711
2570.8250000015846
4558.175000004571
4156.525000004936
1876.199999999389
1825.3999999994353
5475.3000000048905
4956.175000004209
4674.150000004466
6447.150000010475
9192.27500001591
1472.7499999997563
2006.9249999992703
4709.450000005744
4672.525000005227
1454.3499999997728
4123.200000004967
4483.6750000046395
3657.9250000046
4381.000000004733
4178.725000004916
6764.275000007142
4883.950000006207
4273.20000000483
4288.975000004816
4324.650000004784
3528.925000000663
5153.650000006828
4507.150000004617
4393.425000004721
2465.425000000623
2109.04999999924
2462.4750000004087
4639.0000000049495
2780.6249999985666
3041.0749999991845
3742.0250000053134
1873.2499999993918
1969.6249999993042
4516.325000004609
3298.9750000032845
3546.4250000046522
6294.550000006621
1939.3499999993317
5645.650000006291
3593.7000000054486
5127.050000007211
6227.725000010674
5569.650000007219
3104.1499999995285
1889.1749999993772
4747.625000005215
3427.9750000011563
3714.025000002811
6035.750000010047
4187.075000002824
3113.675000000047
2600.4249999987305
3761.9500000045937
6222.6750000106795
4966.6250000052405
6124.8000000085985
4280.875000000351
1946.474999999325
5454.300000005503
5367.050000005522
3713.2500000053396
6506.55000001042
6464.900000010459
2229.3749999990678
2702.1749999991935
2652.074999998875
1785.4749999994715
6626.9000000103115
4155.324999999171
3477.350000000826
1400.7999999998215
2812.1750000005295
2126.4999999991614
5327.875000007747
4802.325000004349
1703.7749999995458
2845.700000000764
4467.400000004654
2888.0250000007263
1764.9999999994902
3730.9250000053235
1804.7749999994542
7586.375000012883
2889.675000000244
1388.6249999998327
4522.575000005219
1906.049999999362
2824.9499999992095
2695.274999999392
1886.9249999993795
1481.2499999997483
1979.8499999992948
3950.20000000249
6668.525000008963
4687.325000003757
5698.000000009072
4953.700000004212
1363.6249999998554
4255.125000004016
2675.8499999986616
2385.499999998926
2819.4500000013395
6610.6500000092165
1808.4749999994508
2259.2499999990405
3433.450000000002
4109.575000000043
4640.200000004497
3458.175000001702
6863.400000010494
2370.2749999992307
6909.150000010735
1891.1749999993754
1346.524999999871
4798.6500000051155
1792.1749999994654
3078.7250000005915
4115.875000004973
2962.900000000554
3841.100000002345
4698.175000004444
2919.9750000008166
1514.2999999997182
1520.6249999997126
2580.5999999987484
3154.649999999744
3628.5250000054166
2252.5999999998107
1800.374999999458
2545.1749999987805
3011.199999999628
4888.575000004479
1907.9499999993602
2463.6499999990956
3774.0750000052844
3102.9500000006865
4341.549999999904
1632.5499999996107
4634.775000004609
1574.2499999996635
5169.400000005148
4067.4250000036263
5457.300000004925
2293.899999999009
1978.2749999992961
2789.849999998558
8177.775000012474
3816.4000000052456
4252.150000004849
2380.349999998931
4984.125000005728
7262.275000011572
3238.750000001831
4720.375000004867
4390.150000002349
2092.5999999993446
6922.050000010043
7116.775000010882
2952.3999999995267
4552.475000005403
2800.3750000008768
3558.5750000027692
1530.1499999997038
3195.574999999353
1566.7249999996704
2878.674999998688
1609.6999999996315
1563.4499999996735
2270.349999999081
6344.300000005709
5407.800000004795
3448.925000000695
4224.425000001122
7423.650000012242
1497.4999999997335
3647.0749999992286
2898.0749999996924
1964.6999999993086
1865.6749999993988
2286.399999999016
2440.199999998876
3805.400000001218
1667.5749999995787
1644.3999999996
1737.1999999995155
3823.9500000052385
1676.8749999995703
4945.400000005311
2959.5749999995382
5307.300000002521
5490.050000005518
2889.749999999861
2028.9499999992502
2169.4249999991225
4974.825000004193
3473.8250000009825
3701.5000000053506
5153.0500000062875
4467.675000004654
2109.924999999176
3627.8500000054173
4288.650000004816
1974.4249999992996
3119.5750000012567
2502.2249999999976
2366.624999998943
3442.3250000007474
2447.3499999990936
4699.550000002245
3933.1250000051396
2004.924999999272
4227.425000004872
3024.1750000003376
2957.599999998574
3352.4250000035818
4038.475000005044
2933.07500000287
1954.5499999993178
2566.149999999729
4229.42500000487
3806.650000005255
2356.699999999303
6915.300000010049
1120.025000000077
3171.9750000005524
4368.700000004744
4950.075000004215
1900.274999999367
3615.4250000012476
1494.524999999736
1685.2749999995626
2399.3499999989135
4713.67500000443
3495.3250000028474
5425.40000000508
3230.4250000003203
4015.725000005065
5031.825000004143
2546.2999999987796
7864.525000012675
3614.7500000017767
5292.825000004167
2935.425000000774
4304.125000004802
1635.9499999996076
2262.849999999037
1656.2499999995891
2906.050000002688
1709.0249999995413
2277.4249999990243
2937.175000002845
4964.4000000042015
4579.550000001787
3533.0749999990644
3038.649999999615
4404.425000004711
1944.1999999993272
1454.3999999997727
4021.9250000050592
4431.750000004687
3395.400000000929
3205.500000002689
2387.2999999989242
2017.4749999992607
3822.97500000524
3753.2250000053036
3572.175000000212
3684.550000005366
5059.150000005273
4557.050000003534
4141.32500000495
6539.400000009131
5142.925000006231
1881.6749999994909
3481.349999998426
3717.0250000053366
2342.474999998965
1498.099999999733
5424.950000005594
4895.900000003588
2548.099999998778
4401.425000003375
5759.800000006879
5030.550000003428
2569.349999998759
4746.200000004401
1751.4999999995025
3585.4750000026947
1576.4999999996617
3016.8749999994534
4076.15000000501
6294.000000010614
2326.7750000002106
3362.824999998952
3743.4250000053125
5987.300000007186
6656.625000009779
6968.900000010357
2893.325000000367
3944.975000002772
7748.025000010656
2882.375000002139
2125.2749999991624
2631.0999999987025
3140.9000000011297
5095.900000003096
1315.3499999998992
5162.575000004022
4990.150000004178
4322.825000001393
4469.000000004739
4346.475000004763
1620.3499999996218
1832.7749999994287
3903.2750000051674
4527.325000002504
6769.050000010182
5662.225000009176
1928.7499999993415
2024.624999999254
1418.8499999998048
1907.099999999361
2720.5999999986216
4760.7250000053
4604.725000005266
4683.1500000052365
5014.900000005611
2855.4999999996753
3935.275000005138
4328.57500000478
3245.950000001978
3978.9250000020156
5400.575000004619
2171.9499999991203
2475.7500000003624
4401.000000004966
3220.925000002522
2679.224999998659
1114.4750000000818
3496.7250000025447
2345.774999999892
2581.699999999174
2348.7999999989897
6071.800000008365
2233.4749999990645
2558.925000000992
3831.1000000052327
1866.7999999993976
5245.550000004101
1220.124999999986
2450.4249999993817
2393.424999998919
1806.6749999994522
4518.800000001422
3036.1999999984932
4567.200000004563
5487.750000008978
4872.350000006392
5017.8250000041535
2044.5249999992361
1754.8749999994993
1763.5249999994915
4029.2250000050526
4643.250000005672
4239.100000004862
2148.5999999991413
3931.075000001217
2240.2249999998867
6464.275000008211
3458.175000001137
3319.7500000040104
2034.2249999992455
6554.900000010377
2206.7499999990887
6243.65000001066
2394.7500000003147
3057.9499999988893
5323.475000006823
2194.924999999099
3714.200000005339
4205.650000004892
1708.0249999995422
2070.449999999212
2589.7499999992233
2642.1749999986923
2188.1749999991052
4020.775000004115
1488.324999999742
2780.675000000526
2936.6749999988338
4467.400000004319
1401.424999999821
4028.4000000050532
2975.2750000021174
4135.850000004955
2690.099999998649
7136.35000001107
3760.0999999988458
3873.7750000051938
1976.2249999992982
2553.924999998773
3918.7250000051527
4240.52500000486
3065.199999998845
2168.300000000082
2084.2749999992
2265.2249999990354
4815.57500000453
2517.44999999902
4636.075000004777
3155.400000001967
2959.074999999964
1907.9999999993602
5283.325000003912
6492.825000010127
2763.0000000017994
2140.0749999991494
6207.525000007256
4258.250000004844
3909.000000004009
5707.300000007071
4270.675000004832
2240.499999999192
6299.900000010609
3777.875000005281
3783.500000005276
6132.875000007665
2776.0999999985706
2604.0249999987273
5547.050000006255
2601.424999999108
2305.549999999349
4106.200000004983
1662.4749999995836
1671.4999999995753
2663.149999999851
3709.6749999992776
1372.5999999998471
6854.800000010104
3982.7500000050945
3500.1250000007144
2299.249999999841
2885.6750000005322
3951.2000000004473
2895.4250000018665
2919.499999999734
2842.59999999851
1679.674999999568
4377.150000004771
2858.424999999545
5117.300000001085
1887.3249999993789
4188.475000004907
2180.9249999991116
1959.5749999993131
2895.84999999849
5873.900000009486
1803.4999999994552
1283.549999999928
1689.474999999559
2126.349999999162
4388.675000004726
6615.300000008168
2210.8999999990847
1910.9999999993574
2368.024999998942
7078.575000010957
3669.0750000028333
3238.675000002462
5688.650000008196
2037.1749999992426
2564.7999999994086
3959.900000005115
6394.30000000784
3263.0250000006627
3875.325000002389
3115.2749999997354
2755.4999999993797
3735.10000000532
4158.550000003664
2448.2999999988688
1459.2499999997683
1991.2499999992845
7160.62500001136
1846.1999999994164
2581.6499999987473
4543.62500000167
3782.250000005277
4033.4000000050487
3588.400000000043
2852.7249999991523
3852.0000000052137
2489.949999998831
2223.9499999990726
4191.4000000049045
2164.749999999127
3224.3250000005924
2034.674999999245
1813.1749999994463
1970.4999999993033
3378.0250000015794
1613.2249999996284
4233.925000004866
2072.77499999921
4417.1750000046995
2346.949999999194
4873.900000004676
2026.5249999992525
2443.9499999997324
3745.5750000005237
1508.7499999997233
4449.425000002808
3330.975000001904
3541.925000002164
5112.075000003125
3748.150000005308
3536.675000000099
6152.575000010743
1557.0749999996792
6104.900000010785
3861.074999999481
5991.800000006062
4535.450000004592
5052.400000005698
2509.1999999988134
5889.100000006999
3985.4250000047305
2403.949999999995
2237.5749999990603
2896.4250000004668
4047.0750000023218
2383.2499999996353
2646.199999998689
4078.175000004106
7313.775000009965
6387.15000001053
1832.9249999994283
4659.350000004479
7763.275000011041
4067.4500000050175
4715.200000005249
8909.525000015856
2590.750000000599
4224.700000004875
2104.7249999991814
3505.075000001175
1418.4749999998053
3703.7250000014637
2864.0999999984906
1417.1499999998064
4367.150000004745
2391.100000000555
2245.5499999990534
6262.850000010642
3442.7750000032165
5259.875000007518
2779.200000001701
5474.925000005889
4439.9250000049315
2367.449999999746
6992.300000009979
3884.500000005184
1637.2499999996066
3832.175000003479
2970.1999999991276
2087.549999999197
3835.9250000022607
3305.224999998138
3774.45000000201
2627.6499999990306
2523.6499999988
4027.4250000050542
1271.0499999999395
6151.025000010744
3872.9500000051944
1269.7999999999406
3041.0249999998314
2029.4749999992496
4409.400000004707
3172.1750000011925
5044.050000005991
2989.674999999895
4380.675000004733
2295.7249999990077
1434.249999999791
2585.1999999987443
4032.1750000050497
2324.1999999992454
2539.6999999987856
4503.325000000928
6458.550000007613
3146.6500000000538
3468.9500000005437
6749.625000010199
5199.300000004952
2634.4499999986992
4601.800000002549
2191.7999999994327
2637.549999999822
4883.675000004297
6814.375000010372
1561.849999999675
5515.300000008132
2187.499999999307
2443.950000000248
2992.900000001518
5741.4000000089645
4044.0000000027267
2661.624999998675
1822.3249999994382
8955.250000015047
2965.450000001004
6242.4750000106615
3420.200000001592
5131.425000005724
6446.550000010475
1916.3749999993524
1481.9249999997478
4454.525000004749
2350.6999999989575
2018.6999999992595
3365.324999999641
2164.7499999991264
2330.7499999991123
3971.425000003902
1858.0499999994058
3766.775000005291
2228.4499999990685
4430.5000000046875
2697.4749999994037
3237.3999999995585
5479.875000005826
2649.1999999998784
4623.825000004512
2710.6749999986305
4088.025000004999
3675.775000005374
6768.800000010182
6138.625000010756
4166.450000004928
1563.5249999996734
3801.1500000003107
5461.050000005883
2621.1499999998596
4352.075000004758
5806.90000000983
4282.850000001666
2547.2250000010945
7252.850000011639
2463.9249999988547
3558.07500000498
2762.949999998583
2519.6749999988037
3987.0500000004477
4228.750000004714
5126.900000006236
3957.2500000051177
1605.0999999996357
5244.600000004895
1925.0999999993446
4781.6750000043685
1737.799999999515
4471.45000000465
4960.150000004938
2618.6749999988047
2057.249999999224
1527.8749999997058
4298.175000004808
3618.500000005426
2116.1749999991707
4914.150000005497
4846.6750000059255
4152.75000000494
5069.57500000487
5475.05000000645
4517.975000004608
5565.650000008079
1894.4249999993726
2708.4250000002194
2151.224999999139
2423.1000000008253
3705.9000000043097
5368.900000005793
1909.249999999359
5804.400000008879
5197.900000005922
7207.875000011523
1802.2499999994563
6280.050000008467
2930.6749999994363
5153.150000005973
2968.425000000084
3544.9250000008974
6485.000000006061
3964.925000003578
3694.8250000029984
4042.75000000504
4340.575000004769
4916.450000006504
1592.0749999996474
7150.775000009125
3808.475000005253
2524.1999999987997
6665.525000008693
3705.225000005347
1830.274999999431
5087.850000004279
4200.175000004897
3789.4000000038905
5271.2750000035385
2967.750000002209
4599.425000004534
1531.8499999997023
3502.5000000024197
2192.4499999991012
5464.150000007737
3004.575000002759
3202.0749999995132
4527.825000004599
1672.3999999995744
1843.524999999419
4970.07500000421
7658.775000011359
1585.2499999996535
6780.025000007741
5414.575000004614
1618.0499999996239
5944.050000008781
8902.275000015426
3678.775000005371
3817.0000000052455
2442.3499999988744
2726.1499999987045
3892.900000001753
4026.125000002695
5103.2500000071705
3539.47500000123
3958.4500000051166
1635.4749999996081
2610.0999999987216
1087.875000000106
2721.59999999862
1477.2249999997518
2883.4500000002545
3720.824999998816
3920.675000001298
3850.2000000052153
5830.125000006362
1763.0249999994921
4904.62500000705
5124.625000004582
3874.525000005193
2310.9999999999222
4465.3250000035405
1742.4999999995107
2326.9249999989793
3943.3750000038117
1353.8499999998642
2367.774999998942
3015.275000002681
4772.600000002712
5940.850000009167
7380.10000001216
2417.3999999997245
2976.0999999989936
4076.4250000050097
7111.775000010823
4095.525000004992
3559.8249999988902
3348.9249999998797
6540.275000007492
3010.9250000023508
8648.525000016094
2691.7999999989215
4304.575000000454
4063.975000005021
2709.750000000586
3239.0500000002844
3632.0000000044633
2990.750000000615
2079.7499999992037
1775.2499999994811
3266.949999998332
3932.2000000012777
6620.3000000103175
2256.0499999990434
5442.025000003806
2671.424999998666
1529.949999999704
5202.625000005976
2159.024999999965
5849.550000007475
4458.725000004662
2069.024999999214
4758.200000005818
3389.6750000028387
3032.374999999829
2765.199999998793
2279.274999999853
2017.099999999785
2923.6999999984364
2834.8250000000617
4355.425000002111
6738.87500000988
2110.7499999991755
5144.92500000688
5710.300000005616
2734.2750000015612
3031.825000000358
6756.650000010193
4636.1250000045
4034.925000002635
2410.524999999616
5067.400000005568
1656.9249999995886
4162.500000004931
4153.475000004939
3885.925000005183
6429.050000007976
2455.6999999999034
3843.0500000052216
5151.550000006202
3664.4000000020405
1598.3249999996417
5012.500000006716
4807.425000004345
2715.174999998893
4357.225000004754
4701.375000004441
3795.8250000019007
5072.175000004104
2007.5499999992696
5530.625000007811
6540.675000010389
2838.174999998529
4441.900000004677
2416.9499999988975
4664.350000005106
3451.975000003794
1553.2749999996827
4487.950000004635
1777.0249999994794
2654.649999999677
3849.6500000008523
2975.424999999518
3647.4500000017138
4886.050000001985
3812.975000003702
4204.550000002364
2734.4499999986083
5795.950000009495
3802.975000005258
3444.099999999284
4511.6500000046135
7014.800000009844
4826.675000002653
2557.599999999246
2352.9249999998356
4814.575000004909
3264.7000000014687
2578.5999999987503
4689.175000004452
1622.5499999996198
5148.625000003965
2432.750000000444
2353.9999999989545
4232.050000002599
3915.1750000051566
3008.44999999901
3345.900000000483
2866.4499999984882
4105.950000004983
6481.300000006047
5431.175000008037
2439.8249999999653
4995.825000003401
2695.025000001543
4072.575000000361
6065.175000008726
4958.150000004468
5477.875000005115
5927.800000005094
2754.4749999998394
2162.299999999129
4219.675000004879
4804.400000005724
4507.150000004618
1668.7249999995777
4669.40000000447
3815.425000002612
3297.7750000037104
3051.649999999567
4810.80000000217
5126.8250000036405
4434.9000000049355
4681.450000005896
