10800.000000021759
10800.000000021759
10800.000000021759
3662.2999999977646
3672.999999997755
10800.000000021759
3579.0999999978403
10434.000000020427
3703.9999999977267
3858.799999997586
4134.999999997512
10800.000000021759
7740.0000000106265
8284.000000012606
10800.000000021759
10800.000000021759
10800.000000021759
3413.199999997991
4254.999999997948
5794.90000000355
6574.000000006385
5003.20000000067
3799.9999999976394
10800.000000021759
4261.09999999797
5424.100000002201
10800.000000021759
3829.099999997613
7750.000000010663
5516.200000002536
10800.000000021759
5300.00000000175
10800.000000021759
7373.000000009291
7879.000000011132
3620.099999997803
10800.000000021759
6603.00000000649
4508.899999998872
6688.000000006799
10800.000000021759
3142.999999998237
10800.000000021759
10800.000000021759
7371.000000009284
10800.000000021759
9821.000000018197
7021.000000008011
3772.099999997665
10800.000000021759
8114.000000011987
10800.000000021759
5728.000000003307
4618.999999999272
9228.00000001604
4711.499999999609
10800.000000021759
5286.000000001699
4367.899999998359
6140.100000004806
10800.000000021759
10800.000000021759
3640.899999997784
3481.9999999979286
10800.000000021759
5060.000000000877
7702.000000010488
7301.0000000090295
3817.099999997624
10800.000000021759
10800.000000021759
5403.000000002125
10800.000000021759
10800.000000021759
10800.000000021759
8082.000000011871
10800.000000021759
10800.000000021759
10800.000000021759
10800.000000021759
4105.099999997403
4857.9000000001415
4495.099999998822
10800.000000021759
6392.0000000057225
6658.00000000669
7409.000000009422
10800.000000021759
8488.000000013348
4685.099999999513
8816.000000014541
10800.000000021759
5149.900000001204
4646.899999999374
3531.099999997884
10800.000000021759
10800.000000021759
7086.000000008247
10800.000000021759
6583.000000006417
10800.000000021759
10800.000000021759
3699.299999997731
3623.0999999978003
10800.000000021759
10800.000000021759
10800.000000021759
10800.000000021759
10800.000000021759
3927.999999997523
3977.0999999974783
10800.000000021759
10800.000000021759
3553.999999997863
10800.000000021759
10800.000000021759
10105.00000001923
10800.000000021759
10800.000000021759
10800.000000021759
10800.000000021759
10800.000000021759
10800.000000021759
10800.000000021759
6116.0000000047185
10800.000000021759
10800.000000021759
10800.000000021759
5653.000000003034
4151.09999999757
5462.000000002339
10800.000000021759
5657.000000003049
5154.200000001219
10800.000000021759
3863.999999997581
4145.899999997551
10800.000000021759
8661.000000013977
10062.000000019074
10433.000000020424
3740.199999997694
9837.000000018255
10800.000000021759
10800.000000021759
10800.000000021759
10800.000000021759
5789.500000003531
4117.0999999974465
10800.000000021759
6631.000000006592
8576.000000013668
10800.000000021759
8966.000000015087
5665.000000003078
4817.799999999996
10183.000000019514
10800.000000021759
8457.000000013235
10800.000000021759
7120.900000008374
4331.999999998228
10800.000000021759
10800.000000021759
10800.000000021759
10800.000000021759
10800.000000021759
4456.09999999868
5079.000000000946
5002.700000000668
3386.099999998016
10800.000000021759
5942.100000004086
6120.000000004733
3363.0999999980368
5848.0000000037435
4417.099999998538
10800.000000021759
10800.000000021759
3772.999999997664
6081.000000004591
10800.000000021759
6082.000000004595
4271.99999999801
10800.000000021759
3546.0999999978703
10221.000000019652
5659.000000003056
3250.899999998139
10800.000000021759
4027.999999997432
5637.000000002976
5164.000000001255
3818.6999999976224
3789.9999999976485
4219.8999999978205
6294.000000005366
10800.000000021759
9587.000000017346
10800.000000021759
10800.000000021759
3369.0999999980313
9086.000000015523
5380.100000002041
4978.000000000578
6566.000000006356
10800.000000021759
4357.999999998323
4513.89999999889
6461.200000005974
6037.200000004432
10800.000000021759
7396.000000009375
10800.000000021759
4354.099999998309
10800.000000021759
3654.199999997772
3405.9999999979977
10800.000000021759
3624.0999999977994
6116.0000000047185
10800.000000021759
5990.00000000426
8268.000000012547
10800.000000021759
6187.000000004977
3847.899999997596
3730.8999999977023
5403.000000002125
5431.000000002226
10800.000000021759
4768.099999999815
4014.999999997444
4687.999999999523
4790.099999999895
10800.000000021759
4176.099999997661
4451.099999998662
10800.000000021759
6219.000000005093
5785.000000003514
3869.899999997576
10800.000000021759
3899.9999999975485
10800.000000021759
9576.000000017306
10800.000000021759
4066.9999999973966
4567.199999999084
4104.499999997401
11171.30000002311
10800.000000021759
10800.000000021759
5011.0000000006985
10800.000000021759
10800.000000021759
7334.0000000091495
10800.000000021759
8711.000000014159
4230.099999997858
10800.000000021759
10800.000000021759
5324.000000001837
10800.000000021759
6144.00000000482
8415.000000013082
3448.0999999979595
5120.000000001095
3887.8999999975595
5250.200000001569
3552.099999997865
3644.9999999977804
4409.199999998509
10800.000000021759
10800.000000021759
6503.000000006126
7386.000000009339
10800.000000021759
3638.999999997786
6021.000000004373
5464.100000002347
4740.899999999716
3815.0999999976257
3884.199999997563
4730.8999999996795
6687.000000006796
4181.999999997683
3861.999999997583
3322.299999998074
10800.000000021759
3545.499999997871
10800.000000021759
5094.000000001
7930.000000011318
10800.000000021759
5322.00000000183
4038.099999997423
4283.09999999805
10800.000000021759
6166.0000000049
10800.000000021759
10800.000000021759
10800.000000021759
4569.999999999094
10800.000000021759
10800.000000021759
4398.999999998472
6734.000000006967
5132.000000001139
4695.9999999995525
6544.0000000062755
4848.0000000001055
7322.000000009106
10800.000000021759
5072.00000000092
10800.000000021759
5849.000000003747
4925.100000000386
8965.000000015083
10800.000000021759
8004.000000011587
3674.099999997754
4947.000000000466
10800.000000021759
10800.000000021759
4405.099999998494
10800.000000021759
3069.099999998304
5468.000000002361
10800.000000021759
10800.000000021759
3672.1999999977556
6861.000000007429
3660.999999997766
4301.899999998119
4266.099999997989
10800.000000021759
8433.000000013148
10800.000000021759
5999.000000004293
10800.000000021759
10800.000000021759
4626.799999999301
10800.000000021759
7274.000000008931
10800.000000021759
6162.000000004886
10800.000000021759
3644.9999999977804
4277.099999998029
3425.29999999798
7822.000000010925
3980.0999999974756
5033.900000000782
7985.000000011518
10800.000000021759
7079.300000008223
5454.300000002311
5693.400000003181
10800.000000021759
4220.799999997824
3342.099999998056
10800.000000021759
10800.000000021759
6666.000000006719
8062.000000011798
4991.100000000626
4462.099999998702
10800.000000021759
10800.000000021759
6177.00000000494
10800.000000021759
10800.000000021759
9068.000000015458
10800.000000021759
10257.000000019783
10800.000000021759
4190.099999997712
4960.500000000515
10800.000000021759
3828.6999999976133
3423.9999999979814
10800.000000021759
7826.000000010939
4522.09999999892
9623.000000017477
9846.000000018288
7694.20000001046
5301.0000000017535
10800.000000021759
3917.899999997532
8371.000000012922
3291.0999999981022
5065.000000000895
10800.000000021759
10800.000000021759
5179.00000000131
4901.000000000298
10800.000000021759
10800.000000021759
10800.000000021759
10800.000000021759
5770.00000000346
7363.000000009255
10800.000000021759
7320.000000009099
4759.999999999785
5846.9000000037395
6639.000000006621
8482.000000013326
3240.999999998148
10800.000000021759
10800.000000021759
7506.000000009775
10800.000000021759
10800.000000021759
3627.2999999977965
3524.0999999978903
10800.000000021759
8956.00000001505
10800.000000021759
10800.000000021759
3641.199999997784
4237.099999997883
3281.9999999981105
4286.099999998061
4147.199999997556
10800.000000021759
8723.000000014203
8289.000000012624
10800.000000021759
5563.100000002707
10800.000000021759
10800.000000021759
7469.000000009641
7239.000000008804
10800.000000021759
4206.09999999777
5432.00000000223
10800.000000021759
7928.0000000113105
4761.19999999979
2988.999999998377
8168.000000012184
4914.000000000346
4935.000000000422
4123.099999997468
10800.000000021759
4503.999999998854
6052.000000004486
10800.000000021759
4236.999999997883
8865.00000001472
2973.9999999983906
4549.099999999018
4315.99999999817
3389.199999998013
6630.000000006588
4554.299999999037
10800.000000021759
10800.000000021759
10800.000000021759
10800.000000021759
4878.000000000215
4073.99999999739
3644.9999999977804
10800.000000021759
10800.000000021759
10800.000000021759
4630.099999999313
7348.0000000092
4825.000000000022
10800.000000021759
6374.000000005657
9316.00000001636
4145.999999997552
10800.000000021759
4385.999999998425
10800.000000021759
5325.000000001841
5457.100000002321
10800.000000021759
4924.900000000385
10800.000000021759
10800.000000021759
3637.0999999977876
3916.1999999975337
5225.000000001477
4193.099999997723
4137.099999997519
9969.000000018736
3803.899999997636
5820.000000003642
4556.199999999044
10505.000000020686
3213.099999998173
10800.000000021759
7375.000000009299
10800.000000021759
5529.000000002583
10800.000000021759
5475.200000002387
10800.000000021759
3821.6999999976197
4859.0000000001455
10800.000000021759
10800.000000021759
4512.299999998884
4939.000000000437
4813.999999999982
5025.000000000749
10800.000000021759
4739.499999999711
10800.000000021759
7387.000000009342
5468.000000002361
3762.199999997674
10800.000000021759
10800.000000021759
6926.000000007665
4630.999999999316
10800.000000021759
10800.000000021759
9786.00000001807
10800.000000021759
10800.000000021759
4518.299999998906
10800.000000021759
10800.000000021759
10800.000000021759
10800.000000021759
5318.100000001816
5111.000000001062
9065.000000015447
4429.099999998582
4404.099999998491
10800.000000021759
3480.9999999979295
3845.8999999975977
5132.000000001139
5820.000000003642
3358.0999999980413
10800.000000021759
10800.000000021759
6469.000000006003
4832.000000000047
5909.000000003965
6201.000000005028
7091.0000000082655
5234.00000000151
4755.0999999997675
3529.099999997886
10793.000000021733
5019.000000000728
6388.000000005708
4026.0999999974338
10800.000000021759
4520.8999999989155
4396.899999998464
4479.199999998764
10800.000000021759
4045.9999999974157
3422.8999999979824
4007.099999997451
3995.8999999974612
10800.000000021759
10800.000000021759
4407.0999999985015
4076.9999999973875
4487.999999998796
10800.000000021759
8560.00000001361
7889.000000011169
10800.000000021759
3858.599999997586
4664.0999999994365
10800.000000021759
10800.000000021759
6326.000000005482
8334.000000012787
5043.100000000815
4791.0999999998985
10800.000000021759
7101.000000008302
4754.899999999767
3498.099999997914
4296.899999998101
10800.000000021759
3642.199999997783
4167.199999997629
6407.70000000578
10800.000000021759
10800.000000021759
6041.000000004446
4669.099999999455
10800.000000021759
4735.099999999695
4448.099999998651
10800.000000021759
3557.1999999978602
6233.000000005144
3922.9999999975275
3892.999999997555
4007.099999997451
6751.000000007029
3870.899999997575
10800.000000021759
4762.899999999796
10800.000000021759
4973.00000000056
10800.000000021759
4018.099999997441
4852.00000000012
6590.000000006443
3374.1999999980267
9028.000000015312
7472.000000009652
7869.000000011096
9971.000000018743
10800.000000021759
6152.10000000485
10800.000000021759
4187.999999997704
10800.000000021759
5765.0000000034415
10800.000000021759
10800.000000021759
8762.000000014345
5117.200000001085
9542.000000017182
10482.000000020602
5051.000000000844
3933.1999999975183
5860.000000003787
8412.000000013071
4718.099999999633
4122.299999997465
10007.000000018874
10800.000000021759
10800.000000021759
3992.899999997464
10800.000000021759
10800.000000021759
10800.000000021759
10070.000000019103
10800.000000021759
5732.0000000033215
10800.000000021759
4888.000000000251
6342.000000005541
3591.0999999978294
6428.200000005854
5134.100000001146
3793.899999997645
10800.000000021759
5534.000000002601
3981.1999999974746
10800.000000021759
8716.000000014177
10800.000000021759
6852.000000007396
10727.000000021493
10800.000000021759
4803.099999999942
10800.000000021759
10800.000000021759
4074.9999999973893
9258.000000016149
4735.099999999695
4134.199999997509
8190.000000012264
4601.299999999208
6587.000000006432
4976.000000000571
4374.0999999983815
10800.000000021759
3277.8999999981143
10800.000000021759
10800.000000021759
3189.999999998194
5198.000000001379
4107.09999999741
10800.000000021759
6719.000000006912
10800.000000021759
5432.00000000223
10800.000000021759
4580.099999999131
3617.999999997805
5570.000000002732
10800.000000021759
4328.099999998214
4424.899999998566
7088.000000008255
10619.0000000211
5697.000000003194
6386.000000005701
10800.000000021759
10800.000000021759
5177.000000001302
7413.000000009437
4387.099999998429
5086.000000000971
10800.000000021759
10800.000000021759
3744.9999999976894
10800.000000021759
4273.099999998014
5306.000000001772
6862.000000007432
10800.000000021759
6916.000000007629
4212.099999997792
4047.0999999974147
10800.000000021759
6388.000000005708
10800.000000021759
7269.000000008913
10800.000000021759
10800.000000021759
4093.999999997372
3456.099999997952
10800.000000021759
4700.999999999571
4028.999999997431
5878.000000003853
4179.099999997672
4504.099999998854
9742.00000001791
4574.899999999112
10800.000000021759
4211.0999999977885
10800.000000021759
4766.099999999808
5603.200000002853
10800.000000021759
5145.000000001186
10800.000000021759
5239.000000001528
10800.000000021759
10800.000000021759
10800.000000021759
10800.000000021759
10800.000000021759
3641.999999997783
5636.000000002972
10800.000000021759
5106.000000001044
10800.000000021759
10320.000000020013
7252.000000008851
6133.00000000478
10800.000000021759
4105.299999997404
10360.000000020158
4374.699999998384
5032.100000000775
6262.10000000525
10662.000000021257
9108.000000015603
10800.000000021759
3853.099999997591
10800.000000021759
3932.199999997519
10800.000000021759
4702.999999999578
10800.000000021759
10800.000000021759
4916.000000000353
3939.999999997512
3732.8999999977004
10800.000000021759
10800.000000021759
4171.899999997646
10800.000000021759
10800.000000021759
10800.000000021759
10800.000000021759
10800.000000021759
10800.000000021759
10800.000000021759
3548.899999997868
5492.000000002448
4608.699999999235
5797.000000003558
9888.000000018441
10800.000000021759
4702.999999999578
10800.000000021759
10800.000000021759
10800.000000021759
4156.999999997592
10800.000000021759
4981.000000000589
10800.000000021759
5581.000000002772
5705.000000003223
10800.000000021759
9452.000000016855
8726.000000014214
10800.000000021759
10800.000000021759
9738.000000017895
4186.999999997701
10800.000000021759
10800.000000021759
4916.800000000356
10800.000000021759
10800.000000021759
4427.999999998578
10675.000000021304
10800.000000021759
9586.000000017342
7268.000000008909
7450.0000000095715
10800.000000021759
3692.9999999977367
8063.000000011802
4621.999999999283
10800.000000021759
7963.000000011438
5405.200000002133
10800.000000021759
3499.9999999979123
4352.999999998305
10800.000000021759
10800.000000021759
4199.999999997748
10800.000000021759
10800.000000021759
3751.999999997683
10800.000000021759
10800.000000021759
10800.000000021759
10800.000000021759
4301.899999998119
4380.899999998406
6616.000000006537
8724.000000014206
10800.000000021759
7046.000000008102
10800.000000021759
4080.999999997384
5086.000000000971
2960.9999999984025
4944.000000000455
3499.099999997913
5663.00000000307
5327.300000001849
7411.00000000943
10800.000000021759
10800.000000021759
3856.0999999975884
10800.000000021759
10800.000000021759
10800.000000021759
4913.000000000342
9553.000000017222
4399.999999998476
4305.999999998134
9640.000000017539
3666.9999999977604
4811.099999999971
7903.0000000112195
7689.000000010441
10800.000000021759
10800.000000021759
4824.000000000018
4628.0999999993055
10800.000000021759
10231.000000019689
10800.000000021759
5692.900000003179
5689.000000003165
10800.000000021759
7609.00000001015
10800.000000021759
4985.000000000604
6941.00000000772
10800.000000021759
5816.000000003627
5469.000000002365
9964.000000018717
6066.000000004537
3819.999999997621
4296.999999998101
4899.300000000292
7402.000000009397
10800.000000021759
4791.0999999998985
8013.00000001162
4903.000000000306
3692.0999999977375
10800.000000021759
4829.000000000036
10800.000000021759
10800.000000021759
4120.099999997457
10800.000000021759
8341.000000012813
5783.90000000351
5182.000000001321
4827.000000000029
4557.099999999047
5545.000000002641
5455.000000002314
8315.000000012718
10800.000000021759
4578.8999999991265
10800.000000021759
10800.000000021759
6693.000000006818
5873.000000003834
10800.000000021759
10800.000000021759
8678.000000014039
4723.099999999651
10800.000000021759
3593.9999999978268
10800.000000021759
10800.000000021759
10800.000000021759
10800.000000021759
5012.000000000702
10800.000000021759
10097.000000019201
7859.0000000110595
3963.099999997491
10800.000000021759
10800.000000021759
5022.100000000739
10800.000000021759
10800.000000021759
7841.000000010994
10800.000000021759
4271.099999998007
10800.000000021759
10800.000000021759
4889.200000000255
10800.000000021759
4224.399999997837
10800.000000021759
9231.00000001605
3853.8999999975904
10800.000000021759
4200.999999997752
4972.000000000557
6559.00000000633
5089.000000000982
7558.000000009964
6493.00000000609
9439.000000016807
7273.000000008928
5341.900000001902
10800.000000021759
10800.000000021759
5871.90000000383
10800.000000021759
10800.000000021759
6808.300000007237
4515.099999998894
4870.0000000001855
10800.000000021759
7036.000000008065
4875.100000000204
10800.000000021759
3905.999999997543
7339.000000009168
5469.000000002365
3991.1999999974655
7188.000000008618
10800.000000021759
5178.100000001306
6234.000000005148
4467.19999999872
10800.000000021759
10800.000000021759
10800.000000021759
5054.000000000855
9982.000000018783
6646.000000006647
6472.100000006014
10800.000000021759
10800.000000021759
10800.000000021759
10800.000000021759
5206.100000001408
4692.999999999542
10800.000000021759
10800.000000021759
10800.000000021759
3744.0999999976902
10800.000000021759
8482.000000013326
9034.000000015334
4963.000000000524
6421.000000005828
10436.000000020435
10077.000000019128
10800.000000021759
