1133.0599599995483
1078.7586099998132
934.6784999998096
608.011949999945
688.7364099999016
1081.9747399998562
677.0433799999184
848.3933499997885
729.7560199998753
726.2083999998567
765.6865399998429
1102.108249999858
707.0134999998864
859.9508799999142
896.9994599999555
922.1836999999452
1053.5007699998448
587.0765799999745
802.0466199998228
969.3543699997168
933.5185099997731
900.7846099997398
719.5350099998883
1022.9495199999174
789.0590099998266
1063.2582199996027
738.691139999931
760.9493399998589
938.7262999997216
920.4324199997334
813.1657499998905
984.5356399996517
878.0175899998864
906.0394899997405
1133.1769099997211
650.1520999999235
1047.6200399999736
702.6383199998885
901.2341299997373
1087.5725399995947
825.2724599999584
620.6814899999633
1148.783189999832
1190.8995999998785
672.1300799999219
760.8093099999926
755.4851999998535
867.4291099997514
671.9310099999076
863.5465299999403
870.7404499997814
1067.2106199996072
822.1838199997964
952.7925199997037
767.9171799998519
840.4828899997783
1081.5545099998822
938.0554399997044
829.1639099997843
1011.8292799996988
853.3442599998599
1034.7908999999129
710.1704999998877
671.2804999999155
936.1295399998733
688.2336899998859
887.3986099997522
810.1057499998204
778.8858399998521
802.5128599998211
711.9619399998988
739.3948299998531
816.633049999801
1053.943819999932
954.6444999999966
1196.0420199995624
893.7667299997395
1141.9723699995434
804.1022100000241
1252.960889999823
760.5802199998673
902.5046399997257
662.7663499999236
878.2597699997411
1006.5566599996412
882.9309799997503
898.059339999741
851.9124199998316
732.560709999883
906.9043499997446
1084.398409999589
860.8697800000496
1090.21045999959
880.6019699997504
614.938619999957
938.8477299999118
1096.2059899998612
898.744749999771
994.3897999996748
592.3773399999708
839.7771799997873
896.2542999998924
631.261409999925
649.2677699999446
1070.8553999996361
949.7034799997114
914.9093599997162
1313.723769999694
1150.9358399998437
771.5058499998329
697.4000099998825
810.1296399998438
953.3582699997344
714.8269699999036
807.2008599998189
1136.2002999995188
663.5295699999177
895.352549999756
736.9080399998653
1039.9477799997644
872.5661299998362
878.4738699998187
820.6866799998011
989.0936899999708
943.7677799997092
936.0005499998052
1091.1162899995866
916.5276799997264
669.4437699999005
711.285179999885
603.5818899999518
970.5558999996939
1124.6135899995525
952.8614899996905
849.7073700000678
696.9116199998867
793.3868299998242
893.6264199997389
797.7469699998599
705.8811899998946
1350.2128799995373
664.8349299999124
735.7068800000162
652.8094399999442
785.3425899999497
1124.3994199998629
1084.2051099997373
1110.8679999995445
797.1718699998231
904.4929499997764
747.728109999858
939.5817099997108
972.3450999999311
902.8548399997203
891.5279499997437
876.7150299997371
957.0916499997714
948.8424599999993
1088.8208899997146
915.279699999946
1396.0258599993824
896.9723199997605
964.7279899997457
1092.1468099996414
774.3731099998636
858.0693700000669
1107.2149699998572
838.9117799997853
914.8845799997227
946.1611899997007
584.8927799999624
991.4710999999522
997.6263499996737
936.6160599997424
628.2536199999442
744.9116799998624
840.0216299997833
859.8066499999273
876.859079999742
717.22401999988
809.0314299998118
822.6123499998077
995.9884599996675
823.1943299997987
735.5496799998804
591.6532599999658
1101.3681099999712
1021.8163299996435
618.8512499999673
785.7094399998705
749.160919999868
1105.435459999554
869.870389999748
706.1271599998923
734.7365099998658
816.9556299998025
962.565129999787
1077.8531399997387
745.4361799998826
946.6266099999829
1147.6369699998324
604.3779099999533
724.9650299999136
1099.4788999995671
950.1219299996884
869.1972699998263
1058.6473699998432
864.9673099997697
846.0126199997765
1264.4420999994193
1025.4989999996592
1098.580759999565
904.6609299997378
911.6721500000187
758.7020799998468
865.3572700000669
658.4600799999287
660.1592799999275
899.662549999781
638.6873399999357
866.1520899997778
941.0580899997
1087.4634699995952
786.7066699998425
1097.2110499995774
1060.6735499996194
780.133639999842
710.3221899998822
1060.3721499995888
839.7566999997734
575.7644399999785
759.3123399998377
720.7181799998632
855.397069999769
690.6805499999267
1223.9787299994618
752.8385399998457
799.9466899998218
824.6188699997953
886.8046299997793
909.1105399997435
760.7627099998568
1087.2239999995813
793.4117199998436
1050.6323899996557
817.803149999787
791.952939999862
732.621999999872
896.078479999728
700.0676799999025
1962.377199999312
696.3442299999078
920.7935199997046
989.6584999996613
1011.6455399996803
854.7591300000652
819.5640099998178
728.6086499998929
690.6902099998796
753.1509799998659
1047.4130099999272
1113.2510099998701
979.6661199996637
724.2533799998864
702.5224499998809
836.1612699997947
643.7440499999441
838.3832299997786
771.0966599998454
1041.5980099996261
627.1652499999246
696.705449999907
831.2272199998058
1122.1327999997009
1154.3427799998228
887.392199999748
894.9731099997398
1191.3764099999105
688.7914299999052
1134.066399999533
1014.7602999996385
947.5140899996815
734.9464399998741
684.7933099999148
862.6543799997636
1110.4218099995871
820.4502699998014
743.8431199998718
596.8931999999762
752.4639399998545
584.0808799999609
821.0966999998616
817.042649999802
1134.118039999571
947.2744399997616
946.6127599996995
749.7140699998755
775.4742199998324
1013.4288699996597
698.8395899999114
609.1726999999489
1068.1555299996853
1000.6739099999363
907.8486499997405
634.7990299999374
736.3357599998666
842.0365099997783
923.3653499997984
872.3875399997654
890.5684899997362
941.7277699996935
907.9128899997243
771.9671799999122
903.7965000000207
1045.5577299996166
810.017859999827
919.4206599997117
916.5098699997245
713.8491099998876
974.6412099999335
644.1771399999277
643.7363499999269
804.3499899998324
792.585510000102
731.7494199998764
795.2356499998199
1152.868029999827
574.9772899999858
682.3839199999338
737.4363899998505
901.5761299997553
666.127319999929
870.91115999976
720.0958499998907
862.0483199997594
762.2813599998414
1082.8148099995908
823.310269999795
997.3430199996853
904.2160899997326
841.7156399997824
1067.1095499996359
837.8193799997865
1309.49192999971
834.1190799998054
855.396549999768
937.9666699997092
712.9840699998969
670.0547199999144
797.7378499998141
582.792729999974
713.040999999906
787.5723299998342
1039.0322099996351
650.5566599999398
771.1821399998346
1282.7456499994762
1002.2624999996566
1084.2139399995829
1062.9935799997456
810.9568599998136
621.3171899999568
753.7281699998643
931.5411599997786
1032.8392799996038
832.0122599997866
963.2938999996773
845.8774999997803
830.4013999998002
765.3715099998512
1008.5815599996532
786.2646099998695
962.3924399997192
938.379679999732
1002.6801899999588
997.3599299998565
1252.7821799998167
593.9319799999557
861.2095599997696
679.8987299999138
679.694789999923
652.1600799999402
955.7439299997413
1327.161159999486
842.2907499997834
992.7620699996581
850.9342399999441
1369.087529999476
1034.1084499996111
1227.946379999475
763.7613699998527
1015.473569999651
613.0725299999658
821.828229999797
894.3289599997457
1206.543699999769
660.2322799999174
759.9097699998415
846.7555100000754
1099.9695999997143
818.3748999999531
1285.9623499997197
935.5777199997173
922.1214399997801
1096.73207999991
832.8864899998262
960.1560099997046
1179.0108599994883
875.5718499997602
1520.47694999925
624.9294799999558
1017.4260699996324
1126.7932199995412
925.1214499997207
836.3870099997803
1056.4112499996531
644.5231799999345
600.6610599999545
701.4956599998908
831.9470999998084
1081.8135499998673
905.7429499999652
623.3124399999416
768.4559099998321
637.4329199999553
876.7106499997716
713.0794299998852
1178.4095799998622
885.3882899998853
1006.103809999814
1031.5383599996633
1007.9658099996225
862.6511199997714
921.5979399997108
812.5252199997975
1013.6771099996747
1150.5628099998303
760.3968799998447
842.9082099997971
721.2362099998961
670.9884399999131
872.4756299997683
563.94176999999
774.0399499998499
878.0640799997723
911.9530899997186
705.2042499998947
1150.026209999733
772.0509999998199
715.9736699998972
870.9900499997759
821.638689999806
1186.1738199995718
565.0651399999912
788.1637499998252
803.2275699998114
612.3422299999582
994.5532799996986
711.3307599998657
965.7726499997057
805.3241400000231
967.8564199999877
758.0338899998417
977.5320799996634
748.0306199998666
683.4652499999119
883.1839099997567
840.4163000000663
920.9505299997204
904.5827599997318
783.5050399998249
633.3764299999428
1193.3028499996365
826.7245899998254
739.2540699998686
803.3532999998378
1013.8660599999341
830.7366299997922
1051.525579999945
793.8688099998333
985.4891399996588
1241.1759799995727
982.5674299996675
702.0610699998996
979.2217399996653
675.5896499999102
709.356389999896
983.7776799996649
735.2344299998762
737.2564799998571
1002.7551499998287
745.332779999867
930.925549999714
810.713499999815
1105.4062599995757
605.5414899999738
810.6765899998713
788.4507199998343
1162.9027199995521
1128.6192899995403
1226.2931699996925
985.7869199996977
629.9986299999306
708.4739299998931
887.700679999729
812.5406499997988
857.2203399997675
774.4741599998448
679.4724999999066
951.1583599996869
993.3247999996607
885.7904599997407
889.3748299997449
695.1389499999102
994.2552599996511
908.4286899997325
677.4127599999207
1163.1377099995316
1334.9406299996658
715.1676299998753
867.8862199997632
924.9798599998383
736.751209999862
860.1472099997643
936.8200599998377
1052.4550699998993
828.1718699997916
1119.9821499998418
804.150629999836
780.437809999844
983.5221899998439
1082.0402999995958
1007.7140099996557
909.9802999999092
689.5091799998903
684.2278499999155
1053.0134499996027
618.4834799999414
706.7838499998811
951.1580099996931
986.6184099996832
630.6986199999435
1132.0223499998335
774.7229699998592
908.1613999997321
784.3114399998424
889.8198799997504
821.7492099998256
677.9375499999043
752.2513499998662
859.7196499997682
630.8565299999434
768.338709999857
791.2482799998251
846.9113799998327
565.5667799999832
894.9624599997525
865.0251799997588
821.3832699997946
801.338959999822
870.6598199999997
813.9705099998271
666.1808999999193
746.8577699998532
716.8420899998739
1046.432889999679
1203.129249999674
819.8170999997908
776.1022899998445
837.0812799997852
1080.5302399998293
743.6726199998644
858.5228299997638
939.4947799998935
739.5718599998821
736.4713299998622
670.6594899999284
1050.7823099998104
943.2957099997022
774.6786199998463
866.3269099998034
827.2128499997999
771.2363299998382
791.8417899999417
854.7235199997663
682.7529499999251
843.1925799998046
1129.7421999997623
644.5853299999294
698.1762899998799
1123.0878599996172
769.6993299998328
910.5017599997541
961.6602199996701
851.1291599997904
832.0061699998058
884.7119499997375
809.5828199998122
972.9155999996811
569.6878499999643
888.3380599997388
737.2340999998659
726.9641099998707
729.4141099998769
644.1513299999507
735.291489999866
747.6979099998533
941.4375299996927
949.0061799997129
919.6645199997038
903.2260499997498
662.6143799999213
689.8792899998916
866.205499999765
607.6855599999535
935.7889099997042
949.6245399997761
1056.078349999606
1138.2414699995343
704.916869999901
1221.9019799994765
778.9152100001428
809.7483099998059
766.8533600001396
912.8123999997213
947.6234499997923
1067.6978399998995
1055.6420399997528
986.9867899996545
835.8954999999349
930.922599999704
658.3323099999097
607.7867599999342
866.4751599997627
1032.6143499996388
857.1090299997824
692.446899999894
686.4818899998966
1141.7497899998334
897.7819200000343
759.5905099998525
988.6873199997191
1163.9975999998994
969.0828899999769
1109.613389999779
1273.6019799997305
758.804399999856
821.8170199997988
1002.9573799996554
695.6563699999163
680.608179999908
1111.294549999622
978.2301999996747
723.8750499998704
930.3903199997043
750.4072099998567
693.2649499998963
905.7618100000282
954.0807599996998
930.6520899998646
788.564749999843
824.3410899998868
773.9547399998489
806.3772399998218
1137.270839999841
844.0459699998418
791.4845799998127
767.3735699998526
757.8680399998501
770.3552199998459
1213.2200399994774
713.1225699998674
887.7342899997931
917.2493099997125
813.7183499998245
865.1867499998255
625.3225799999509
961.4195300000034
968.0814799998843
619.9038099999628
793.225369999843
763.2744799998474
1042.0643399996122
817.0193199998
914.4138199998063
949.6430799997007
1194.0022799994745
824.7193599997838
697.7518499998937
1125.0561499995465
900.6647999997504
721.3515799998783
853.8922599997978
1009.8507699996454
1078.1239799997772
800.9232099998064
892.0092899997371
1096.77747999987
1253.3760299997823
994.1717299996567
1264.768319999475
771.7378299998487
833.8169599997964
838.2968799997699
944.9656599999732
723.7528699998752
701.0211100000687
776.9041099998435
725.8417099998701
708.4221899998993
910.6439699999461
1058.0695199996906
762.6453199998629
775.0914199998482
1277.5351199998247
896.0105599997339
1104.8597599998707
868.8416899997526
1165.4222999995575
1065.4603199998844
765.9255199998541
663.4204299999329
823.2016399997867
866.7483899997574
774.9410499998443
1072.3962099995795
782.9880899998305
788.2818999998074
907.1690099997264
865.5857699997467
755.490839999862
748.6316899998486
1074.3056899995936
793.9093799998221
1013.6024899996415
1014.435769999832
848.1964899997861
858.1530199997616
956.5833199996886
1021.4949899996624
586.4807099999723
1102.363929999871
932.1292600000164
910.4471999997343
697.4261299999052
703.5476099999323
982.6106799997417
749.2237899998577
975.1385199996733
866.2043500000495
1341.9011599993858
718.6453199998733
1051.571129999961
722.1838799998923
692.9690699999011
798.7776599998386
982.9165199996783
1167.3725099995554
640.2394999999216
1020.0985399998015
990.6367899997392
760.9787799998619
939.9413699997519
715.2393199998837
1047.6097299996227
972.8976199996832
992.9719299997626
1242.8983799994849
945.1594099997066
765.7375599998649
756.7775699998675
754.1797499998563
655.8563799999329
775.2252199998386
1005.9702799997119
923.8986899997898
1074.214339999581
1058.9108699996316
871.5213999998657
1060.233599999614
1054.9679199997859
646.1696699999393
850.0939799997701
843.308619999767
697.9321599998793
635.313729999936
1047.093909999669
953.2068699996872
1047.3213499998312
1015.9513199997539
1231.3769499999578
857.6558599997958
1190.2628699997083
864.5127599997583
949.3896499997556
708.2567299998767
914.0343699997456
1235.34431999954
830.8244999997845
933.1160099997106
1078.08111999989
869.5960399997547
787.8165099999745
829.4225199997933
1346.7653499995442
784.584709999841
961.0868999996861
1042.8328299998389
690.9499199999018
892.0306299997595
1074.3317399996185
787.028699999822
1032.1428299997401
1193.8430699995472
599.0506899999702
946.8712699997196
731.2062199998858
786.5034799998236
867.3426499997487
1010.1814999998154
742.7884199998693
908.5846499997502
1050.4217899995988
654.0884899999312
804.9922499997981
1121.5336499995606
1086.4324899999501
820.7997599997911
1103.3118399997575
995.0658099996793
718.6521499998863
1215.518029999693
1071.7299499999142
680.8607399999163
732.1033699998701
805.9909599998188
777.5940199998456
920.7181399997702
1084.218229999572
811.4382999999142
1123.716769999686
741.9633599998707
778.60648999983
991.8804699996606
556.2570799999917
904.031639999732
663.70165999993
1018.6141299996347
910.29736999972
1052.4871099996176
897.9126199997663
1039.9338899996892
721.5231799998735
652.229390000038
870.13003999989
889.4947099997682
766.4210199998416
696.5000499999139
866.2091999997518
815.8902299998085
738.4122899998538
722.8441499998786
927.131179999711
658.471899999931
921.1895199997504
806.0234800000529
999.9717099999448
701.111329999891
694.8977199998916
927.9274099997457
998.6783299998472
806.5416499998515
1077.104139999595
821.9949699997867
1223.1285399998428
680.5861799999028
1014.243939999956
906.5604299997291
925.0588399997126
700.3299099998861
957.38526999971
832.0347299998069
722.1591099998927
812.668409999832
675.7784899999018
881.8922199997629
819.1794099998093
930.2837699997124
1242.6293199997608
897.6144399997422
1135.4302199996096
876.2897699997391
737.2846499998815
1302.2684099995533
622.8324399999458
692.5961200000401
902.6485199997405
723.6428399998648
870.6999399998215
757.9125299998569
1132.236539999537
1028.2406699996407
745.5879999998605
639.8941299999543
1079.5271299995832
818.7817099998011
764.2411499998659
991.1391899999478
904.954129999728
982.1701299997866
1133.1880199996276
672.5053799999109
1011.516909999712
1038.4021199999356
942.1399199997024
1029.0022599996382
818.2601899997987
1064.7336999996703
667.6002799999158
862.0388099997776
712.5884299998813
782.2678299998522
1086.2545799997679
833.6889699997976
899.559389999752
1051.112769999796
872.7154799997625
819.1605699998235
872.6976899998616
908.2470499997497
963.0638699996872
1099.0314699995838
847.0974499997853
873.9665199997502
825.1876499998027
832.5291799998002
940.9441699998785
1114.4384299998637
874.9119199997575
1178.2980799996562
712.8459299998812
809.5052299998357
813.7102599998007
797.4667099998392
925.6409199996983
787.434849999817
807.0027399998212
919.5772899997502
716.5763899998949
1014.3195599996376
1036.7351999997454
944.1082599997219
974.8635299997419
1006.5626099996407
895.4508799999636
737.561029999879
1105.0543699995785
907.851239999725
1528.8103999994946
1162.0523399996262
806.647449999804
735.2419799998762
1008.6268799998364
924.417389999715
931.9323099997127
982.8296199996689
789.3781699998472
1006.6165099997389
812.803839999828
665.2206799999065
836.9130099998544
762.6349799998441
970.3607699996878
1004.9841199997086
774.8042499998469
869.7874099997632
1144.5803399996648
970.7988899998475
726.3907999998817
1103.7073499995686
749.1074799998572
1261.074439999453
1226.254179999691
993.6251799997233
1186.8790499995387
998.2808199996856
956.1183299996793
963.1186699997066
915.7567100000081
885.4478599998057
777.5570899998482
698.0559499998935
1085.090949999643
693.0595599998941
858.146719999958
802.5774399998212
994.4065299997503
1079.759879999812
702.3937899999322
762.5100599999026
