5026.075000004872
6625.125000009825
4067.8250000050175
1973.899999999266
1418.2499999997442
7849.7750000116785
1391.1749999998185
3860.950000004789
1403.2999999998192
1290.9749999999212
1678.399999999569
8282.775000013997
2803.8500000026756
3418.3250000027474
6894.60000001101
6545.35000000971
5939.050000009105
1519.4499999995999
2093.5999999991914
3821.050000000002
2815.1250000013524
2378.149999999556
1519.6499999997134
6311.325000009932
1921.0749999993482
2854.824999999628
5184.300000005559
1543.6499999996784
3027.1250000024966
3988.824999999788
6164.300000005598
2602.849999998728
5485.8500000075055
3770.3000000013917
5646.050000004494
1665.0499999995586
9198.00000001593
3047.075000001174
1958.0999999993146
3829.325000000559
3639.225000005388
1083.275000000021
6574.400000010359
7386.025000010298
2757.900000002285
5045.575000007773
3407.1750000045054
2871.325000001809
1841.9249999994029
4051.8750000050313
3053.925000002886
3935.0750000051376
3025.9000000001984
2088.3499999991964
3440.875000003799
3093.599999998485
5609.075000004088
2141.174999999148
1703.8499999995458
3962.0500000003294
4892.875000006279
8449.025000016274
1078.7000000001144
1176.9250000000147
5265.1750000084
2713.3999999997077
3048.6500000024225
3159.375000001866
1461.4249999997664
3991.300000005087
3628.1000000054023
2390.700000000407
4793.325000004357
8569.775000013644
8023.775000014694
3215.4250000027023
4152.37500000494
4315.400000004792
5756.275000008985
8539.500000013535
2313.124999998981
2506.8999999988155
2732.17499999932
4351.650000004759
3324.325000000682
3178.8250000011167
3186.6500000019637
5252.350000004977
3081.95000000327
2669.5999999986675
4511.600000002475
5926.350000010948
2120.0999999991673
2280.3499999990217
1537.1749999996155
5667.350000008998
4025.425000005056
3977.075000001696
4310.350000004797
2455.3500000016065
4471.450000004642
4089.050000004998
1806.399999999424
1668.599999999557
5475.3000000048905
4913.075000004248
4580.375000004551
6316.900000010593
9192.27500001591
1301.2499999999118
1927.824999999338
4535.200000005903
4615.825000005279
1308.0499999999029
4024.1250000050513
4387.8250000047265
3601.5500000046386
4219.125000004879
4141.80000000495
6764.275000007142
4735.025000006343
4180.125000004904
4221.050000004878
4231.400000004869
3430.7000000007524
5095.800000006881
4488.575000004635
4294.400000004811
2388.425000000668
2016.3999999993032
2345.650000000469
4477.650000005097
2655.9249999986796
3041.0749999991845
3521.1750000055144
1735.9249999995131
1871.1749999993935
4516.325000004609
3160.100000003411
3509.8000000046854
6294.550000006621
1939.3499999993317
5578.125000006327
3425.425000005551
5046.625000007268
6006.150000010875
5555.8000000072325
2983.1499999996386
1806.5999999994524
4703.575000005256
3306.5750000012667
3581.325000002931
5894.3000000101765
4187.075000002824
3035.550000000118
2553.599999998773
3555.7000000047815
6182.800000010716
4861.875000005337
6124.8000000085985
4136.600000000482
1899.8499999993676
5454.300000005503
5367.050000005522
3615.050000005426
6506.55000001042
6357.825000010556
2203.5999999990913
2672.599999999221
2499.1999999990135
1726.5499999994895
6528.8750000104
4155.324999999171
3362.90000000093
1312.1499999998668
2731.650000000591
1936.699999999334
5241.875000007825
4802.325000004349
1537.4749999996948
2658.9000000009237
4380.375000004733
2734.350000000866
1597.6999999996424
3648.300000005399
1683.724999999491
7570.025000012898
2785.1500000003393
1224.9999999998893
4431.050000005298
1788.3999999994655
2694.9249999993276
2527.5499999995445
1855.8249999994077
1321.6999999998934
1979.8499999992948
3743.250000002678
6668.525000008963
4687.325000003757
5508.3500000092445
4829.925000004324
1226.7749999999164
4185.0500000040565
2675.8499999986616
2172.924999999119
2721.7000000014277
6605.550000009222
1712.399999999538
2066.249999999216
3269.8750000001505
4109.575000000043
4499.925000004624
3355.875000001795
6778.775000010572
2206.74999999935
6851.275000010786
1821.4249999994124
1179.4250000000116
4723.800000005183
1641.699999999542
2882.6250000007703
4008.4250000050715
2847.375000000659
3756.6500000024075
4577.150000004554
2810.0750000009166
1381.1249999998395
1388.64999999982
2580.5999999987484
3064.3749999998263
3524.6000000054464
2008.0250000000333
1639.899999999604
2455.1499999988628
2941.424999999659
4888.575000004479
1758.6499999994876
2383.674999999169
3582.6250000054583
3008.100000000773
4341.549999999904
1452.2249999997748
4495.325000004736
1373.5999999998462
5101.050000005211
4059.0750000036337
5457.300000004925
2211.4499999990685
1918.5999999993505
2789.849999998558
8177.775000012474
3811.3250000052503
4203.325000004894
2380.349999998931
4869.050000005833
7262.275000011572
3096.87500000196
4641.650000004912
4317.625000002399
1912.0749999995087
6922.050000010043
7116.775000010882
2860.1249999996107
4390.92500000552
2729.025000000942
3558.5750000027692
1389.2249999997705
3195.574999999353
1407.4749999998153
2762.949999998793
1536.9499999996617
1426.8999999997814
2236.5999999991113
6344.300000005709
5407.800000004795
3380.5500000007573
4159.325000001181
7339.025000012319
1416.9249999997942
3647.0749999992286
2898.0749999996924
1886.3499999993799
1785.1249999994518
2209.924999999055
2353.3249999989553
3696.6500000013166
1498.8999999997322
1485.3999999997445
1676.4499999995169
3650.4500000053754
1520.4749999996056
4860.350000005372
2959.5749999995382
5307.300000002521
5490.050000005518
2770.0999999999694
1902.1249999993588
2075.674999999205
4974.825000004193
3473.8250000009825
3565.225000005407
5153.0500000062875
4359.650000004753
2070.849999999212
3421.4500000055523
4219.9000000048745
1956.3499999993162
3119.5750000012567
2311.5500000001707
2261.8999999990383
3442.3250000007474
2447.3499999990936
4699.550000002245
3844.90000000522
1891.9249999993747
4165.050000004929
3011.575000000349
2957.599999998574
3276.400000003636
3924.550000005148
2780.6250000029845
1816.4999999994013
2478.8999999998023
4156.87500000492
3735.375000005319
2272.4249999993735
6915.300000010049
985.5000000001407
3072.6250000006203
4195.450000004868
4950.075000004215
1763.7249999994283
3588.8250000012717
1399.8999999997966
1523.34999999971
2399.3499999989135
4621.825000004514
3495.3250000028474
5319.1500000051765
3118.375000000423
3973.0750000051034
5031.825000004143
2434.399999998881
7864.525000012675
3437.500000001933
5292.825000004167
2905.575000000801
4233.900000004855
1562.6749999996598
2262.849999999037
1541.7499999995894
2701.1750000028487
1607.2999999996337
2170.1999999991217
2922.050000002859
4876.400000004265
4579.550000001787
3533.0749999990644
2922.099999999721
4385.575000004728
1878.3249999993873
1319.87499999983
3939.1500000051115
4276.375000004828
3351.0750000009693
3037.8750000028413
2220.924999999075
1937.824999999333
3660.625000005388
3596.4250000054462
3532.325000000249
3514.8750000055147
4957.125000005366
4557.050000003534
4141.32500000495
6435.350000009226
5001.650000006359
1685.3999999995217
3481.349999998426
3656.5500000053908
2277.949999998994
1288.624999999867
5300.675000005707
4783.55000000369
2548.099999998778
4293.825000003473
5759.800000006879
5030.550000003428
2569.349999998759
4600.175000004533
1593.1999999996456
3476.325000002794
1442.5499999996855
2922.1249999995393
4006.075000005074
6080.625000010808
2176.250000000273
3362.824999998952
3618.875000005425
5987.300000007186
6655.27500000978
6851.100000010464
2893.325000000367
3761.150000002939
7748.025000010656
2653.2250000023473
2057.599999999224
2631.0999999987025
3104.825000001162
4923.125000003253
1118.5500000000138
5162.575000004022
4974.575000004193
4322.825000001393
4327.150000004869
4163.32500000493
1451.7749999996854
1730.924999999496
3759.250000005286
4527.325000002504
6769.050000010182
5521.050000009305
1793.774999999415
1947.4249999993242
1220.049999999902
1907.099999999361
2720.5999999986216
4539.000000005502
4455.250000005403
4633.550000005282
4895.625000005719
2666.8749999998463
3717.475000005336
4328.57500000478
3113.875000002098
3915.050000002074
5400.575000004619
2005.974999999271
2327.9250000004968
4262.475000005059
3148.65000000257
2640.8499999986934
923.300000000132
3334.625000002687
2130.175000000088
2476.924999999269
2196.199999999075
6071.800000008365
2129.1749999991557
2473.100000001038
3789.3250000052703
1755.6749999994986
5245.550000004101
1052.200000000036
2359.4249999994645
2292.674999999005
1742.69999999946
4518.800000001422
2966.4249999985414
4476.175000004646
5333.750000009052
4797.525000006461
5017.8250000041535
1899.424999999368
1524.999999999699
1609.999999999594
3945.8250000051285
4550.275000005757
4214.075000004885
2148.5999999991413
3931.075000001217
2102.749999999948
6464.275000008211
3436.3250000011567
3110.5750000041985
1897.1499999993575
6486.275000010439
2065.6749999992167
6220.550000010681
2201.72500000049
2969.84999999897
5064.950000007058
2087.199999999197
3567.4750000054282
4104.325000004984
1568.0499999996214
1990.5749999992638
2398.9249999993967
2568.9249999987405
2114.1499999991684
3813.725000004303
1311.149999999903
2668.9000000006276
2856.424999998907
4355.87500000442
1230.7749999998864
4002.3250000050766
2808.62500000226
3888.7250000051804
2690.099999998649
7017.850000011178
3760.0999999988458
3742.02500000523
1833.7499999994104
2458.899999998859
3753.7250000053027
4226.575000004873
3021.0749999988852
1975.9500000002115
2032.0999999992473
2151.099999999139
4815.57500000453
2510.599999999026
4636.075000004777
2988.6250000021187
2959.074999999964
1784.9249999994336
5283.325000003912
6353.125000010254
2624.0250000019
1904.2249999993637
6207.525000007256
4107.100000004961
3700.175000004199
5707.300000007071
4069.6500000050155
2101.924999999318
6257.300000010648
3601.575000005442
3679.90000000537
6041.875000007747
2776.0999999985706
2490.0999999988308
5547.050000006255
2528.924999999159
2202.424999999407
4029.075000005052
1527.9499999996387
1592.3999999996447
2563.1249999999422
3595.374999999382
1305.574999999868
6854.800000010104
3821.1000000052336
3398.400000000807
2159.824999999968
2798.9250000006114
3857.900000000532
2830.400000001901
2774.42499999983
2842.59999999851
1609.1749999995968
4225.975000004888
2857.324999999546
5117.300000001085
1772.8749999994016
4023.850000005057
2082.5749999992013
1748.2249999995056
2895.84999999849
5786.625000009564
1643.4999999996007
1140.1250000000477
1522.7499999997026
2126.349999999162
4259.400000004843
6615.300000008168
2113.674999999173
1774.3749999994816
2187.0999999991063
6977.60000001105
3669.0750000028333
3138.375000002553
5669.050000008214
1963.6749999993017
2407.4999999995516
3944.3000000051293
6394.30000000784
3071.6500000008373
3875.325000002389
2923.62499999991
2623.4249999995
3613.150000005431
4080.6250000037157
2299.924999999004
1358.0999999998335
1824.4499999994362
7093.77500001142
1776.94999999945
2499.399999998802
4444.02500000176
3646.3250000054004
4013.5750000050666
3479.1250000001423
2795.5749999992045
3696.4250000053553
2478.8499999988408
2055.699999999226
4073.4250000050115
2089.4249999991475
3224.3250000005924
1959.6499999993036
1665.1499999995692
1927.824999999342
3242.0250000015894
1449.4749999997748
4159.625000004925
1933.8999999993366
4395.325000004719
2223.9249999993062
4777.600000004764
1880.7499999993584
2288.724999999826
3745.5750000005237
1389.2499999997713
4339.900000002908
3186.1500000020355
3470.575000002229
5112.075000003125
3718.550000005335
3406.900000000217
6123.275000010769
1382.649999999838
6036.400000010832
3861.074999999481
5991.800000006062
4330.225000004779
4984.800000005759
2427.349999998888
5807.575000007073
3917.075000004793
2261.450000000101
2095.999999999098
2711.175000000635
4047.0750000023218
2228.174999999776
2573.674999998737
4016.550000004142
7313.775000009965
6286.625000010617
1756.9249999994975
4634.075000004503
7763.275000011041
4065.5750000050193
4536.850000005412
8909.525000015856
2442.375000000734
4060.600000005024
2021.0999999992573
3480.0500000011975
1337.1999999998534
3486.175000001662
2864.0999999984906
1175.2250000000267
4272.400000004831
2129.7500000007685
2104.8749999991396
6178.375000010719
3252.65000000339
5169.8750000076
2610.675000001854
5460.300000005902
4354.400000004992
2276.4499999998097
6992.300000009979
3732.5250000053225
1467.1749999997612
3742.375000003549
2894.1749999991844
1932.8999999993257
3715.5750000023704
3216.6749999982007
3651.875000002121
2572.0999999990813
2447.5999999988694
3951.800000005123
1089.1500000000553
6041.675000010843
3651.225000005396
1085.250000000026
3029.5749999998416
1932.6749999993322
4404.075000004712
3144.0750000012176
5044.050000005991
2987.824999999897
4228.375000004871
2291.849999999011
1297.1499999999003
2529.599999998795
3867.900000005199
2244.6749999993112
2444.6749999988724
4503.325000000928
6458.550000007613
3064.3250000001285
3364.9250000006386
6649.62500001029
5199.300000004952
2527.1499999987973
4601.800000002549
2061.1499999995517
2529.37499999992
4799.150000004373
6731.625000010448
1561.849999999675
5490.275000008155
2103.4249999993835
2295.225000000354
2922.650000001568
5654.800000009043
3842.37500000291
2595.8749999987153
1609.7249999996316
8955.250000015047
2801.1500000011533
6058.550000010828
3229.1500000017654
5126.300000005728
6446.550000010475
1781.6249999994752
1414.5999999997853
4304.375000004887
2253.0999999990463
1937.924999999332
3365.324999999641
2002.4749999992741
2206.799999999225
3947.0750000039243
1624.3499999996181
3648.075000005397
2212.0999999990836
4331.075000004777
2586.149999999504
3117.3499999996675
5385.775000005911
2503.875000000011
4623.825000004512
2604.8999999987263
3869.7500000051973
3531.0250000054057
6768.800000010182
6052.575000010834
4155.325000004938
1442.6499999997704
3724.8500000003514
5461.050000005883
2547.149999999927
4352.075000004758
5757.525000009875
4131.875000001803
2389.1250000012064
7161.775000011722
2389.174999998899
3327.5500000051557
2687.1749999986505
2408.149999998905
3987.0500000004477
4120.9000000047845
5068.800000006288
3797.6250000052632
1451.999999999775
5150.025000004981
1733.7499999994693
4764.575000004384
1580.3499999996582
4460.57500000466
4898.825000004994
2524.1499999988905
2043.0999999992373
1332.6749999998683
4220.6250000048785
3556.5250000054825
2038.1499999992418
4879.800000005528
4628.600000006123
3921.3750000051505
5069.57500000487
5475.05000000645
4299.7000000048065
5470.800000008165
1860.8249999994032
2533.4750000003783
1958.2249999993144
2336.1250000008995
3657.8000000043535
5248.875000005903
1786.4499999994707
5744.800000008933
5097.125000006014
7101.80000001162
1651.1499999995938
6280.050000008467
2804.649999999551
5057.32500000606
2896.6250000001282
3392.300000001036
6485.000000006061
3949.3250000035923
3694.8250000029984
3911.1250000051596
4340.575000004769
4877.775000006539
1403.6499999998189
7150.775000009125
3672.3250000053768
2408.9249999989047
6665.525000008693
3557.3750000054815
1759.849999999495
4965.57500000439
4196.075000004901
3769.075000003909
5271.2750000035385
2842.725000002207
4546.075000004583
1370.124999999847
3377.9000000025217
2090.924999999194
5360.150000007831
2806.9250000029388
3202.0749999995132
4527.825000004599
1615.3999999995885
1664.9749999995813
4970.07500000421
7658.775000011359
1433.174999999792
6780.025000007741
5414.575000004614
1539.099999999682
5944.050000008781
8902.275000015426
3546.375000005452
3659.2250000053878
2442.3499999988744
2653.074999998771
3789.2750000018473
4020.075000002701
4991.625000007272
3289.4250000014576
3867.0750000051903
1461.2249999997666
2610.0999999987216
919.950000000131
2721.59999999862
1361.5749999998193
2736.9000000003875
3720.824999998816
3826.075000001384
3709.900000005343
5712.35000000647
1603.2249999996375
4832.625000007059
5038.100000004661
3721.650000005332
2157.625000000062
4465.3250000035405
1563.924999999673
2243.8749999990546
3851.875000003889
1246.424999999962
2183.6999999991094
2873.1750000027646
4668.825000002806
5936.5500000091715
7355.775000012182
2412.324999999729
2976.0999999989936
4017.3000000050633
7111.775000010823
3938.700000005135
3559.8249999988902
3297.8249999999266
6540.275000007492
2924.775000002429
8648.525000016094
2501.1499999990947
4304.575000000454
3915.4500000050975
2423.425000000847
3135.5500000003785
3482.225000004564
2825.2500000007535
2044.0749999992365
1637.1249999996066
3168.1749999984086
3827.375000001373
6620.3000000103175
2076.8999999992066
5442.025000003806
2577.924999998751
1444.674999999772
5071.625000006095
2070.6500000000165
5849.550000007475
4300.400000004805
1966.9249999993065
4647.6000000059175
3313.400000002891
2984.324999999873
2727.849999998827
2059.925000000053
1881.199999999839
2797.1749999985514
2834.8250000000617
4277.1000000021695
6647.600000009963
1967.4249999993062
5080.050000006939
5710.300000005616
2630.375000001645
3031.825000000358
6652.850000010288
4570.825000004559
3922.8750000027367
2340.3499999996798
4959.125000005666
1585.6499999996304
4057.075000005027
3994.925000005071
3807.425000005238
6429.050000007976
2296.200000000048
3617.2000000054272
5151.550000006202
3571.1500000021256
1395.6499999998262
4827.950000006884
4708.600000004435
2678.5999999989263
4206.900000004891
4615.650000004519
3795.8250000019007
5041.075000004132
1877.8999999993875
5438.125000007895
6427.6500000104925
2738.924999998619
4320.625000004788
2344.6999999989403
4639.075000005129
3337.875000003897
1434.9249999997905
4463.575000004657
1594.1749999996455
2568.3999999997554
3749.6500000009432
2894.8499999995656
3419.1750000019215
4886.050000001985
3616.90000000388
4204.550000002364
2622.94999999871
5647.57500000963
3645.900000005386
3444.099999999284
4460.075000004661
7014.800000009844
4782.800000002693
2557.599999999246
2282.374999999888
4814.575000004909
3145.700000001577
2578.5999999987503
4580.150000004552
1522.6749999997107
5036.350000004068
2220.7500000006366
2244.9249999990398
4232.050000002599
3833.4000000052306
2909.8499999990995
3317.8250000005087
2793.424999998555
3974.4000000051024
6481.300000006047
5242.175000008208
2439.8249999999653
4995.825000003401
2531.400000001692
4072.575000000361
5932.800000008846
4888.325000004532
5373.050000005211
5927.800000005094
2601.374999999979
2006.4499999992706
4119.550000004971
4714.125000005806
4457.050000004663
1534.424999999686
4548.17500000458
3739.4250000026645
3151.6500000038295
2954.899999999655
4810.80000000217
5126.8250000036405
4366.650000004968
4521.950000006007
