10800.000000021759
10800.000000021759
10800.000000021759
3616.0999999978067
2948.8999999984135
10800.000000021759
2825.8999999985253
10434.000000020427
2945.7999999984163
3142.899999998237
3311.8999999980833
10800.000000021759
7740.0000000106265
8284.000000012606
10800.000000021759
10800.000000021759
10800.000000021759
3406.0999999979977
3894.099999997554
5468.000000002361
6574.000000006385
4644.099999999364
2995.799999998371
10800.000000021759
3619.099999997804
5089.000000000982
10800.000000021759
3044.899999998326
7750.000000010663
5474.000000002383
10800.000000021759
4280.799999998042
10800.000000021759
7373.000000009291
7879.000000011132
2914.8999999984444
10800.000000021759
6603.00000000649
3658.8999999977677
6688.000000006799
10800.000000021759
2537.7999999987874
10800.000000021759
10800.000000021759
7371.000000009284
10800.000000021759
9821.000000018197
7021.000000008011
3523.0999999978912
10800.000000021759
8114.000000011987
10800.000000021759
5728.000000003307
3725.699999997707
9228.00000001604
4275.099999998021
10800.000000021759
4259.899999997966
3504.899999997908
5697.000000003194
10800.000000021759
10800.000000021759
2958.6999999984046
2820.79999999853
10800.000000021759
5060.000000000877
7702.000000010488
7301.0000000090295
3044.7999999983263
10800.000000021759
10800.000000021759
5403.000000002125
10800.000000021759
10800.000000021759
10800.000000021759
8082.000000011871
10800.000000021759
10800.000000021759
10800.000000021759
10800.000000021759
3876.09999999757
3884.7999999975623
4495.099999998822
10800.000000021759
6392.0000000057225
6658.00000000669
7409.000000009422
10800.000000021759
8488.000000013348
3776.9999999976603
8816.000000014541
10800.000000021759
4163.799999997616
3742.8999999976913
3365.099999998035
10800.000000021759
10800.000000021759
7086.000000008247
10800.000000021759
6583.000000006417
10800.000000021759
10800.000000021759
2916.8999999984426
3623.0999999978003
10800.000000021759
10800.000000021759
10800.000000021759
10800.000000021759
10800.000000021759
3194.69999999819
3584.0999999978358
10800.000000021759
10800.000000021759
2875.79999999848
10800.000000021759
10800.000000021759
10105.00000001923
10800.000000021759
10800.000000021759
10800.000000021759
10800.000000021759
10800.000000021759
10800.000000021759
10800.000000021759
6116.0000000047185
10800.000000021759
10800.000000021759
10800.000000021759
5653.000000003034
4151.09999999757
5462.000000002339
10800.000000021759
4528.799999998944
4848.0000000001055
10800.000000021759
3128.39999999825
3301.6999999980926
10800.000000021759
8661.000000013977
10062.000000019074
10433.000000020424
3409.099999997995
9837.000000018255
10800.000000021759
10800.000000021759
10800.000000021759
10800.000000021759
5201.00000000139
3276.899999998115
10800.000000021759
6631.000000006592
8576.000000013668
10800.000000021759
8966.000000015087
5665.000000003078
3918.8999999975313
10183.000000019514
10800.000000021759
8457.000000013235
10800.000000021759
5713.900000003256
3497.899999997914
10800.000000021759
10800.000000021759
10800.000000021759
10800.000000021759
10800.000000021759
3925.0999999975256
4585.099999999149
4264.099999997981
2766.999999998579
10800.000000021759
5728.000000003307
6120.000000004733
2662.8999999986736
5848.0000000037435
3556.7999999978606
10800.000000021759
10800.000000021759
3009.799999998358
6081.000000004591
10800.000000021759
6082.000000004595
3382.799999998019
10800.000000021759
3546.0999999978703
10221.000000019652
5659.000000003056
2615.8999999987163
10800.000000021759
3239.899999998149
4697.0999999995565
4754.099999999764
3079.099999998295
3055.6999999983163
3396.5999999980063
6294.000000005366
10800.000000021759
9587.000000017346
10800.000000021759
10800.000000021759
2739.8999999986036
9086.000000015523
4288.8999999980715
3992.899999997464
6566.000000006356
10800.000000021759
3499.7999999979124
3989.0999999974674
5881.0000000038635
5995.000000004278
10800.000000021759
7396.000000009375
10800.000000021759
4352.099999998301
10800.000000021759
3263.0999999981277
2782.6999999985646
10800.000000021759
3207.0999999981786
6116.0000000047185
10800.000000021759
5990.00000000426
8268.000000012547
10800.000000021759
6187.000000004977
3081.7999999982926
3027.7999999983417
4316.699999998173
5431.000000002226
10800.000000021759
4768.099999999815
3240.799999998148
3945.0999999975074
4790.099999999895
10800.000000021759
3481.0999999979294
4308.099999998141
10800.000000021759
6219.000000005093
5785.000000003514
3157.6999999982236
10800.000000021759
3122.7999999982553
10800.000000021759
9576.000000017306
10800.000000021759
3858.0999999975866
3698.8999999977314
3661.0999999977657
10800.000000021759
10800.000000021759
10800.000000021759
4042.7999999974186
10800.000000021759
10800.000000021759
7334.0000000091495
10800.000000021759
8711.000000014159
4230.099999997858
10800.000000021759
10800.000000021759
5078.000000000942
10800.000000021759
6144.00000000482
8415.000000013082
2787.89999999856
5120.000000001095
3158.8999999982225
4281.099999998043
2818.9999999985316
2890.999999998466
4140.09999999753
10800.000000021759
10800.000000021759
6503.000000006126
7386.000000009339
10800.000000021759
2874.699999998481
5372.000000002012
5180.000000001313
3843.7999999975996
3092.8999999982825
3591.0999999978294
3790.799999997648
6687.000000006796
3324.7999999980716
3045.4999999983256
2873.0999999984824
10800.000000021759
3382.0999999980195
10800.000000021759
5094.000000001
7930.000000011318
10800.000000021759
5322.00000000183
4038.099999997423
3454.8999999979533
10800.000000021759
6166.0000000049
10800.000000021759
10800.000000021759
10800.000000021759
3644.7999999977806
10800.000000021759
10800.000000021759
3491.59999999792
6734.000000006967
5132.000000001139
3737.699999997696
6544.0000000062755
4293.099999998087
7322.000000009106
10800.000000021759
4042.7999999974186
10800.000000021759
5849.000000003747
4244.0999999979085
8965.000000015083
10800.000000021759
8004.000000011587
2952.1999999984105
4947.000000000466
10800.000000021759
10800.000000021759
4405.099999998494
10800.000000021759
2434.799999998881
5468.000000002361
10800.000000021759
10800.000000021759
3626.0999999977976
6861.000000007429
2884.8999999984717
3476.7999999979334
3446.0999999979613
10800.000000021759
8433.000000013148
10800.000000021759
5999.000000004293
10800.000000021759
10800.000000021759
3706.099999997725
10800.000000021759
7274.000000008931
10800.000000021759
6162.000000004886
10800.000000021759
2928.7999999984318
3458.8999999979496
3360.0999999980395
7822.000000010925
3216.79999999817
4050.899999997411
7985.000000011518
10800.000000021759
6806.000000007229
5136.000000001153
5225.000000001477
10800.000000021759
3418.899999997986
2687.3999999986513
10800.000000021759
10800.000000021759
6666.000000006719
8062.000000011798
4007.8999999974503
3578.8999999978405
10800.000000021759
10800.000000021759
6177.00000000494
10800.000000021759
10800.000000021759
9068.000000015458
10800.000000021759
10257.000000019783
10800.000000021759
4190.099999997712
4520.099999998913
10800.000000021759
3085.0999999982896
2744.799999998599
10800.000000021759
7826.000000010939
3617.999999997805
9623.000000017477
9846.000000018288
7174.000000008567
4266.699999997991
10800.000000021759
3157.8999999982234
8371.000000012922
2652.699999998683
5065.000000000895
10800.000000021759
10800.000000021759
5179.00000000131
4901.000000000298
10800.000000021759
10800.000000021759
10800.000000021759
10800.000000021759
5770.00000000346
7363.000000009255
10800.000000021759
7320.000000009099
3778.7999999976587
4634.79999999933
6639.000000006621
8482.000000013326
2643.799999998691
10800.000000021759
10800.000000021759
7506.000000009775
10800.000000021759
10800.000000021759
2940.1999999984214
2968.099999998396
10800.000000021759
8956.00000001505
10800.000000021759
10800.000000021759
3502.0999999979103
3392.8999999980097
2676.899999998661
3439.899999997967
4077.0999999973874
10800.000000021759
8723.000000014203
8289.000000012624
10800.000000021759
5131.000000001135
10800.000000021759
10800.000000021759
7469.000000009641
7239.000000008804
10800.000000021759
3926.0999999975247
5432.00000000223
10800.000000021759
7928.0000000113105
3868.0999999975775
2446.89999999887
8168.000000012184
4914.000000000346
4471.099999998734
4123.099999997468
10800.000000021759
3841.099999997602
6052.000000004486
10800.000000021759
3395.799999998007
8865.00000001472
2431.8999999988837
4549.099999999018
3481.8999999979287
2775.499999998571
6630.000000006588
4167.099999997628
10800.000000021759
10800.000000021759
10800.000000021759
10800.000000021759
3897.6999999975505
3272.9999999981187
2957.8999999984053
10800.000000021759
10800.000000021759
10800.000000021759
3685.7999999977433
7348.0000000092
4825.000000000022
10800.000000021759
6374.000000005657
9316.00000001636
3355.5999999980436
10800.000000021759
3533.7999999978815
10800.000000021759
5325.000000001841
4602.099999999211
10800.000000021759
3946.899999997506
10800.000000021759
10800.000000021759
2954.899999998408
3521.099999997893
4521.099999998916
3488.099999997923
3272.2999999981193
9969.000000018736
3045.6999999983254
5820.000000003642
4456.09999999868
10505.000000020686
2597.8999999987327
10800.000000021759
7375.000000009299
10800.000000021759
4409.699999998511
10800.000000021759
4735.099999999695
10800.000000021759
3084.89999999829
3875.6999999975706
10800.000000021759
10800.000000021759
4467.09999999872
4939.000000000437
3870.899999997575
3997.7999999974595
10800.000000021759
4284.099999998054
10800.000000021759
7387.000000009342
5468.000000002361
3398.099999998005
10800.000000021759
10800.000000021759
6926.000000007665
3917.099999997533
10800.000000021759
10800.000000021759
9786.00000001807
10800.000000021759
10800.000000021759
4214.099999997799
10800.000000021759
10800.000000021759
10800.000000021759
10800.000000021759
4275.899999998024
4092.899999997373
9065.000000015447
4429.099999998582
4404.099999998491
10800.000000021759
2829.499999998522
3095.79999999828
5132.000000001139
5003.000000000669
2643.799999998691
10800.000000021759
10800.000000021759
6469.000000006003
4832.000000000047
5909.000000003965
6201.000000005028
7091.0000000082655
5234.00000000151
3806.999999997633
2899.0999999984588
10793.000000021733
5019.000000000728
6388.000000005708
4026.0999999974338
10800.000000021759
3634.7999999977897
3518.899999997895
4121.099999997461
10800.000000021759
3283.899999998109
2795.7999999985527
3228.899999998159
3140.799999998239
10800.000000021759
10800.000000021759
3560.899999997857
3393.0999999980095
3871.0999999975747
10800.000000021759
8560.00000001361
7889.000000011169
10800.000000021759
3276.099999998116
4664.0999999994365
10800.000000021759
10800.000000021759
6326.000000005482
8334.000000012787
4848.0000000001055
4791.0999999998985
10800.000000021759
7101.000000008302
3957.0999999974965
2807.8999999985417
3456.7999999979515
10800.000000021759
3326.0999999980704
3320.999999998075
5648.000000003016
10800.000000021759
10800.000000021759
6041.000000004446
4669.099999999455
10800.000000021759
3798.399999997641
3544.8999999978714
10800.000000021759
3456.099999997952
6233.000000005144
3195.799999998189
3085.899999998289
3209.099999998177
6751.000000007029
3141.899999998238
10800.000000021759
3778.7999999976587
10800.000000021759
4301.099999998116
10800.000000021759
4018.099999997441
4852.00000000012
6590.000000006443
2658.8999999986772
9028.000000015312
7472.000000009652
7869.000000011096
9971.000000018743
10800.000000021759
6049.000000004475
10800.000000021759
3323.6999999980726
10800.000000021759
5765.0000000034415
10800.000000021759
10800.000000021759
8762.000000014345
4082.899999997382
9542.000000017182
10482.000000020602
5051.000000000844
3933.0999999975184
5860.000000003787
8412.000000013071
4718.099999999633
3913.0999999975365
10007.000000018874
10800.000000021759
10800.000000021759
3174.799999998208
10800.000000021759
10800.000000021759
10800.000000021759
10070.000000019103
10800.000000021759
5732.0000000033215
10800.000000021759
3941.6999999975105
6342.000000005541
2836.7999999985154
6390.000000005715
4146.099999997552
3087.799999998287
10800.000000021759
5534.000000002601
3700.0999999977303
10800.000000021759
8716.000000014177
10800.000000021759
6852.000000007396
10727.000000021493
10800.000000021759
4803.099999999942
10800.000000021759
10800.000000021759
3299.7999999980943
9258.000000016149
4735.099999999695
3430.099999997976
8190.000000012264
4139.0999999975265
6587.000000006432
4382.099999998411
3632.099999997792
10800.000000021759
2671.7999999986655
10800.000000021759
10800.000000021759
2566.799999998761
5198.000000001379
3366.099999998034
10800.000000021759
6719.000000006912
10800.000000021759
5432.00000000223
10800.000000021759
3684.899999997744
2936.7999999984245
4426.899999998574
10800.000000021759
4328.099999998214
3551.999999997865
7088.000000008255
10619.0000000211
5697.000000003194
6386.000000005701
10800.000000021759
10800.000000021759
4143.799999997544
7413.000000009437
4387.099999998429
5086.000000000971
10800.000000021759
10800.000000021759
3003.7999999983635
10800.000000021759
4273.099999998014
5306.000000001772
6862.000000007432
10800.000000021759
6916.000000007629
3887.09999999756
3188.199999998196
10800.000000021759
6388.000000005708
10800.000000021759
7269.000000008913
10800.000000021759
10800.000000021759
3518.099999997896
2739.7999999986037
10800.000000021759
3759.699999997676
3228.899999998159
5509.00000000251
3357.399999998042
4216.099999997807
9742.00000001791
3713.799999997718
10800.000000021759
3394.899999998008
10800.000000021759
4766.099999999808
5334.000000001874
10800.000000021759
5145.000000001186
10800.000000021759
4203.499999997761
10800.000000021759
10800.000000021759
10800.000000021759
10800.000000021759
10800.000000021759
2888.799999998468
5636.000000002972
10800.000000021759
5106.000000001044
10800.000000021759
10320.000000020013
7252.000000008851
6133.00000000478
10800.000000021759
4020.099999997439
10360.000000020158
3627.0999999977967
4055.8999999974067
5623.000000002925
10662.000000021257
9108.000000015603
10800.000000021759
3093.8999999982816
10800.000000021759
3184.9999999981987
10800.000000021759
3799.7999999976396
10800.000000021759
10800.000000021759
4176.099999997661
3174.0999999982087
3013.7999999983545
10800.000000021759
10800.000000021759
3370.7999999980298
10800.000000021759
10800.000000021759
10800.000000021759
10800.000000021759
10800.000000021759
10800.000000021759
10800.000000021759
2815.9999999985343
5492.000000002448
3883.099999997564
5797.000000003558
9888.000000018441
10800.000000021759
3794.899999997644
10800.000000021759
10800.000000021759
10800.000000021759
3319.6999999980762
10800.000000021759
4981.000000000589
10800.000000021759
5581.000000002772
5705.000000003223
10800.000000021759
9452.000000016855
8726.000000014214
10800.000000021759
10800.000000021759
9738.000000017895
3354.7999999980443
10800.000000021759
10800.000000021759
3941.6999999975105
10800.000000021759
10800.000000021759
3533.8999999978814
10675.000000021304
10800.000000021759
9586.000000017342
7268.000000008909
7450.0000000095715
10800.000000021759
2992.8999999983735
8063.000000011802
3674.899999997753
10800.000000021759
7963.000000011438
4879.000000000218
10800.000000021759
2841.899999998511
3458.69999999795
10800.000000021759
10800.000000021759
3412.8999999979915
10800.000000021759
10800.000000021759
3002.8999999983644
10800.000000021759
10800.000000021759
10800.000000021759
10800.000000021759
3418.699999997986
4174.099999997654
6616.000000006537
8724.000000014206
10800.000000021759
7046.000000008102
10800.000000021759
3261.799999998129
4096.799999997373
2391.79999999892
3940.999999997511
2812.899999998537
5663.00000000307
5006.00000000068
7411.00000000943
10800.000000021759
10800.000000021759
3055.6999999983163
10800.000000021759
10800.000000021759
10800.000000021759
4913.000000000342
9553.000000017222
3578.7999999978406
3446.8999999979605
9640.000000017539
2962.799999998401
4065.0999999973983
7903.0000000112195
7689.000000010441
10800.000000021759
10800.000000021759
4824.000000000018
4628.0999999993055
10800.000000021759
10231.000000019689
10800.000000021759
5004.000000000673
5689.000000003165
10800.000000021759
7609.00000001015
10800.000000021759
4337.099999998247
6941.00000000772
10800.000000021759
5816.000000003627
5469.000000002365
9964.000000018717
6066.000000004537
3349.0999999980495
3428.699999997977
4279.099999998036
7402.000000009397
10800.000000021759
3859.1999999975856
8013.00000001162
3875.8999999975704
2959.8999999984035
10800.000000021759
4829.000000000036
10800.000000021759
10800.000000021759
3391.0999999980113
10800.000000021759
8341.000000012813
5408.000000002143
4283.09999999805
4827.000000000029
4557.099999999047
4410.799999998515
5455.000000002314
8315.000000012718
10800.000000021759
3691.699999997738
10800.000000021759
10800.000000021759
6693.000000006818
5873.000000003834
10800.000000021759
10800.000000021759
8678.000000014039
4723.099999999651
10800.000000021759
2919.79999999844
10800.000000021759
10800.000000021759
10800.000000021759
10800.000000021759
5012.000000000702
10800.000000021759
10097.000000019201
7859.0000000110595
3222.7999999981644
10800.000000021759
10800.000000021759
4331.099999998225
10800.000000021759
10800.000000021759
7841.000000010994
10800.000000021759
3388.999999998013
10800.000000021759
10800.000000021759
4109.099999997417
10800.000000021759
3510.099999997903
10800.000000021759
9231.00000001605
3128.8999999982498
10800.000000021759
3358.8999999980406
4972.000000000557
6559.00000000633
5089.000000000982
7558.000000009964
6493.00000000609
9439.000000016807
7273.000000008928
4286.999999998065
10800.000000021759
10800.000000021759
4749.999999999749
10800.000000021759
10800.000000021759
6455.000000005952
4515.099999998894
4870.0000000001855
10800.000000021759
7036.000000008065
3936.4999999975153
10800.000000021759
3104.699999998272
7339.000000009168
5469.000000002365
3914.0999999975356
7188.000000008618
10800.000000021759
4668.099999999451
6234.000000005148
3926.0999999975247
10800.000000021759
10800.000000021759
10800.000000021759
5054.000000000855
9982.000000018783
6646.000000006647
6340.000000005533
10800.000000021759
10800.000000021759
10800.000000021759
10800.000000021759
5195.000000001368
3777.8999999976595
10800.000000021759
10800.000000021759
10800.000000021759
3022.5999999983464
10800.000000021759
8482.000000013326
9034.000000015334
4963.000000000524
6421.000000005828
10436.000000020435
10077.000000019128
10800.000000021759
