1427.5570699993168
1241.9382999996599
1029.723569999707
722.5159699998671
821.6978899998068
1269.62649999969
812.1353699998286
954.0987699996871
835.2707399997868
845.0977099997649
907.5477399997335
1294.7995999996876
815.5675699997996
997.5798599997978
1038.4518599998364
1090.1686099998092
1182.4723099997211
685.3828699999098
917.5976299997265
1129.9299599995693
1027.13413999967
1018.8424399996204
842.0932299997969
1233.288359999744
917.4099799997177
1234.8101899994492
874.6623899998297
879.3703999997649
1045.1370299996177
1090.5801999995886
987.8727099997553
1203.7832199994707
998.7175399997711
1027.9687599996269
1346.6270999995336
751.6877099998472
1219.7287299998234
851.2291199997821
1037.2131099996188
1229.3248199994475
956.7620199998502
706.7030599999002
1317.2503699996712
1481.436189999641
788.2269699998391
871.9944199998961
905.6918599997466
976.6832199996499
771.7111799998297
1037.471029999811
973.8405699996822
1190.9921799994784
923.4847299996997
1077.109009999585
904.4898399997473
980.3039799996582
1300.0619199996927
1106.8674199995555
1015.4704099996426
1200.5487799995358
1004.1328199997399
1183.7177399997765
802.9994599998093
764.0251899998432
1093.8649699997359
822.7306299997865
1019.0558199996377
961.4551199997039
894.1343699997583
932.4785099997121
814.4114999998151
896.6640599997404
1006.3209199996588
1274.580519999752
1154.1562599998435
1394.0142299993852
1003.0534599996339
1341.2075099993663
960.8243799999046
1516.9991999995968
879.4276699997665
1073.8621199995862
740.4917899998552
1025.3717799996123
1171.0085499994952
1060.6767299996081
1020.2846299996271
980.5232599997216
845.8760199997901
1084.742299999601
1257.7998099994352
1020.1848499999255
1270.9876499994384
1043.8808499996182
716.5944099998881
1125.6303599997584
1349.6635599996575
1072.65136999963
1181.9064699995195
666.826069999912
997.057669999656
1053.1041399997605
751.7334899998414
719.781979999882
1235.95053999948
1155.4799699995451
1097.973809999566
1617.4180699994417
1400.8201299996238
901.84482999973
843.7111799997823
944.8591699997304
1108.508429999602
794.5963299998286
925.3605499997124
1326.4241299993487
769.5814399998355
1059.8264899996227
853.0902699997711
1263.806919999579
1087.30985999968
1016.6590099996932
920.9205299997064
1170.831369999825
1213.0005099995024
1101.2878099996703
1209.3058999994623
1061.4394899996
801.8695399998052
825.6386999997925
695.1415799998816
1211.1034199995117
1314.8427299993834
1098.3224799995576
966.3852299999688
800.823709999802
896.3103299997296
1095.6207699995862
896.5756499997691
818.9351399998046
1669.8006999992615
810.9329799998129
845.1374899999307
746.2132999998743
954.7687699998297
1319.4097899996902
1307.745069999549
1272.0198599993905
922.5363699997182
1034.2293199996564
879.1630999997569
1132.5674899995552
1117.8599899998035
1117.720619999554
1018.2740899996243
1016.0798899996158
1080.3971499996542
1081.849849999877
1260.4518199995628
1045.223969999828
1585.8482899991898
1002.5658199996587
1197.1126499995535
1292.6635399994632
905.0408099997618
977.7713599999591
1345.5279599996556
1014.7149199996524
1094.4361399995776
1082.6915599995718
691.4985999998934
1170.9743499997946
1236.848279999483
1114.1535799995993
702.5039599998807
840.661029999776
990.7380099996619
966.3745199998252
1076.346679999579
843.5282499997861
951.6869999996928
970.7218199996896
1177.4431799995186
970.9771099996796
864.0198599997836
675.8697199999057
1289.5390299997962
1184.8713699995014
722.4319399999007
887.4749999997775
889.5933599997619
1335.8181999993687
978.3951599996346
813.7693099998058
839.2724099997779
992.3844799996712
1142.4664799996435
1220.5693999995935
880.3657799997741
1101.1765199998524
1394.965659999616
713.7274099998783
889.5943599997981
1279.4874299993974
1106.97580999955
1063.1847499996807
1269.4408299996676
1013.5463799996509
1000.7986299996528
1487.1386999992203
1187.593149999506
1375.07202999934
1109.0784999995785
1036.3750499999044
909.2851099997321
1038.4945699999416
776.9231499998446
749.9186199998576
1015.0890999996716
773.664259999849
1004.9767499996566
1165.8761899995243
1245.399279999453
865.0973699997598
1322.4298099993882
1221.8252499994765
869.7400099997573
798.3127399998018
1235.135379999434
970.8620799996589
716.1290199999027
918.8790899997243
892.3498899997508
970.3338299996598
757.3344899998591
1509.01277999923
851.6294799997563
957.526429999697
922.8934399997011
1046.55297999964
1045.0879799996148
887.6948899997574
1309.8846699993946
885.958059999755
1239.387439999489
1010.9960699996412
978.4457599997262
849.8485399997772
1084.9747499995835
824.465399999804
2277.9465999999315
800.852679999825
1068.3718199995753
1104.0709799995402
1210.284909999516
1004.6948799999495
927.6947599997184
888.3846199997815
809.0582299997852
926.1236899997509
1198.2293399997866
1323.9959599996944
1105.087919999543
869.5641199997768
829.3085099997817
1008.2349799996617
753.9560499998687
1026.3847499996282
881.2199199997548
1158.7317599995033
749.2766499998413
799.4960099998266
965.7048099996936
1319.762819999514
1400.731749999616
1023.6568499996221
1048.9492599996047
1397.6718999997265
809.6798799998182
1366.4115499993372
1190.3498299994835
1057.544579999575
854.4585399997771
813.4280299998236
1073.4392899996035
1256.657259999446
912.1876299997144
871.5750799997736
687.6175899999129
890.003809999749
687.9636899998936
960.0808199997457
975.7664699996789
1350.350439999369
1116.3790199996165
1074.933469999577
876.499849999782
905.3818499997228
1226.3771899994827
828.1465099998205
717.410409999875
1268.4169899995186
1187.2386699997828
1024.7528899996325
745.7469299998604
849.2414099997733
990.1606899996602
1097.5717399996588
1030.739139999639
1057.6064199996006
1068.8544899995716
1062.9872199995878
900.304859999809
1032.8099599999089
1198.9667399994808
891.74279999974
1101.6556999995619
1070.5715999995905
799.79320999981
1118.6290599998079
761.1605499998444
739.1885099998545
889.6055899997431
952.5646899999911
861.134449999778
921.0552499997159
1389.0836999996372
637.771959999937
762.8442299998612
865.6360299997457
1068.7313599996141
767.7754999998484
1010.6385699996405
804.7827599998149
985.5016699996521
920.613929999722
1286.4704399994184
980.441239999671
1154.1650399995372
1086.5455699995844
1011.0065399996481
1228.4798199994832
973.080729999673
1469.2033999995463
954.8727499996915
1006.5349699996358
1087.818509999578
801.4321699998172
786.6045799998305
915.868739999708
653.2953899999189
833.2858399998181
924.8147099997286
1199.9451099994935
746.8299099998694
880.682749999735
1491.767799999279
1155.1828099995114
1291.0347699994097
1246.7432999995835
931.1861499997138
711.7110499998903
868.3789899997614
1127.0156399996274
1228.578199999441
1008.0848799996556
1121.1961699995388
1031.3305199996391
972.8156199996873
919.0786599997418
1140.4903499995169
909.2304299997678
1172.080389999546
1066.359829999611
1123.2814299998436
1167.4208999997097
1513.8665299995832
683.2589499998934
1011.8977799996403
778.1318099998354
785.7799999998417
760.6335799998639
1190.1906299995585
1507.5714599993132
1016.7720899996472
1212.4021399994765
998.4587399998205
1546.4338599992961
1218.0469499994504
1426.5807899992878
852.3810499997713
1177.7484699995082
707.575549999898
925.5091699996988
1051.9337299996193
1385.8721099995983
765.7423799998361
912.7671399997246
921.168659999995
1322.2928299995278
978.8567699998296
1503.1439199995248
1066.1458699995937
1056.9822799996518
1321.7726499997245
939.1943199997255
1090.1761899995813
1425.7419099992883
1067.7963199996118
1824.9902999989872
710.071459999891
1264.4692399994271
1366.1082899993387
1120.7920099995613
976.1039199996625
1180.0509299995235
747.8869099998591
689.5562199998898
831.0230099997951
949.8586599997027
1287.7439399996847
1065.878069999836
755.7499699998549
890.5457099997276
743.4096099998825
1016.9630499996501
872.8813099997742
1357.4473699996927
1022.3819199997685
1133.4854699996918
1298.132229999458
1231.229029999446
1026.2450499996446
1093.7431299995621
964.6409799996757
1238.2651299994966
1337.2622999996563
873.5287399997509
971.5471699996921
810.6769899998164
773.6489999998324
1023.6034599996406
639.7910899999364
893.7798399997504
993.8642399996612
1082.3872199995792
838.4106999997965
1372.6656099995453
931.2229699996968
848.7886399998001
983.9390999996722
945.6598099996995
1465.673159999333
642.838019999938
910.3378099997234
932.0797899997016
708.2312599998892
1261.5081499994837
856.0024399997574
1059.0383699995962
940.4276999999125
1113.2564299998562
915.7790299997224
1099.3866999995464
839.7176699997839
784.1744799998316
1026.124759999632
967.943839999962
1102.2027899995749
1055.1724199996015
916.4146799997137
728.1378999998695
1404.7723099994473
955.4442999997171
875.165569999764
928.9460499997335
1235.1814899997505
932.4736499996937
1225.6335699997915
907.2151299997354
1165.6624699995007
1399.2654699994105
1158.8559799995235
791.132839999819
1139.484139999525
798.6182399998208
824.3265499998073
1169.9644199995105
852.7929199997823
882.6599599997471
1191.183339999663
829.5695799997881
1071.0313099995924
914.3145999997197
1231.174659999443
708.2512699999083
936.4046499997685
898.9689599997357
1348.8954999993857
1277.0610399993975
1453.8756899994896
1150.5273099995547
772.6748399998406
794.7806399998158
1055.6488299995915
938.8727499996934
992.3123999996507
906.7412999997371
787.361369999821
1122.6046599995464
1120.949279999538
1105.038359999574
1010.25633999963
825.0906899998154
1146.8971099995165
1110.8547899995758
787.0663699998357
1336.7760299993563
1563.85149999945
829.285949999785
1025.3845399996367
1088.7023899996955
844.2644099997666
1042.4047199996169
1170.5752399996557
1277.0772399997218
978.1339199996719
1380.4554299996314
925.0412699997363
911.5404999997414
1143.4637399997032
1228.7652799994562
1200.8745899994954
1085.0808099997685
824.5618299997899
811.3232999998247
1249.4634799994392
709.6248399998705
815.5928799997927
1120.3174799995559
1205.9699799995042
722.8389099998744
1374.274349999628
920.3152099997465
1086.8078199995875
925.0171999997364
1059.286269999613
967.5792799997008
786.3354199998216
845.0385199997814
1021.0498699996293
745.2297299998664
908.7101399997507
893.4990999997317
991.6513999997097
662.6163799999232
1037.1304699996303
1000.70411999964
970.0560499996761
937.1300199997096
1029.408339999876
890.7012899997452
737.4465799998537
885.2524499997488
828.6675999997833
1234.3614999995127
1429.2397899994708
950.5698699996781
892.4412399997464
966.6304499996727
1259.0828399996724
844.8098099997736
977.1264499996528
1098.4669299997593
852.0536699997915
849.2885899997696
822.3950799998271
1269.0738899996315
1151.1454999995422
912.6518699997334
1029.5165199996718
1027.1171099996507
886.0070999997389
938.3261199998316
1051.2031099996157
808.4488399998347
926.4009699997127
1403.504049999529
758.6161199998502
882.2534999997572
1334.033379999431
891.4939999997285
1049.0508899996344
1109.6885699995314
965.4310599996836
944.1191299997081
1027.6380399996133
965.2951499996893
1133.9322399995422
693.049499999892
1042.2684199996072
854.617059999771
863.0429099997696
848.9504799997807
772.7628899998651
888.0368599997573
876.4453899997483
1143.795399999535
1053.6606299996026
1119.6273999995478
1076.37306999961
776.1192699998397
810.5502299997963
1037.6944599996286
714.7793799998834
1134.4591599995401
1106.9985899996382
1265.5558699994315
1376.4461299993332
836.5206899998028
1369.4871199993245
890.0409200000536
919.2609599997119
870.5212200000576
1159.4465399995386
1117.635059999643
1282.3215199997308
1282.6524899995627
1177.3709899994979
970.4981199998235
1092.899489999566
756.8518699998316
731.2367399998507
1000.1232199996458
1153.6408199995121
983.8791499996722
799.3655599998099
800.0376199998074
1405.7302299996088
1052.8668899999054
872.7504499997606
1163.5142699995567
1370.8850499997147
1134.3090899998374
1343.108449999585
1502.3641399995247
896.5647899997514
951.6673399996878
1176.033049999513
791.276049999834
779.1676399998308
1318.9127399994388
1109.7428499995376
842.0402199997811
1080.6289199995729
866.2605199997619
803.6204499998084
989.7944899999394
1112.0790299995615
1075.9819099997378
904.3722799997475
971.4743299997672
920.8687899997376
966.4959699996984
1355.879009999657
972.5031799997332
929.1334199997045
869.60878999976
874.1030799997553
891.9189199997458
1419.1202199992927
858.4462399997591
1019.4379899996783
1063.7599699995842
942.175079999716
1002.3978299997095
690.735139999893
1101.737179999883
1202.87529999971
685.4768399999064
920.3960699997386
883.9423199997489
1256.752169999431
929.539609999699
1053.94140999968
1098.6347799995692
1360.5642299993158
1016.7556399996419
779.858349999822
1310.80461999938
1024.8961599996333
872.3710999997744
969.2660099996903
1236.403689999466
1238.8024899996255
990.1126899996613
1079.5263399995838
1297.260379999703
1462.0085999995874
1164.7382799995069
1594.3237699991992
880.760809999758
969.0179399996814
1007.950409999636
1060.953099999856
812.3662399997961
823.5209399999856
911.0385099997379
821.8688999997844
775.5301399998274
1084.0470999998079
1225.2004499995332
906.3175299997528
906.5120199997456
1515.7132199996029
1058.3992199996026
1288.168419999708
1033.173849999619
1361.7314599993824
1230.805149999738
897.6052599997529
739.5493999998656
992.711869999651
1089.1513899995925
919.8217999997313
1322.5062599993785
883.0960699997376
931.8888199996934
1120.0044399995602
998.7724099996307
848.5428399997737
920.9528799997254
1195.5620299994664
947.5068999997042
1211.877099999477
1169.1806299996867
991.0188399996666
1007.929539999633
1166.6940099995245
1156.6409299995337
677.3480899999079
1303.8161899997028
1090.3263699998884
1054.3725399996104
815.0412099998201
834.4832699998366
1189.1523299995724
868.2070799997595
1142.8952599995287
1018.0585399999311
1668.6801099991144
808.3127399997938
1222.84527999981
846.0617699997922
799.995899999814
924.0496499997342
1099.5779599995556
1381.6271899993653
754.7922099998399
1173.5426299996552
1143.8998599996053
913.0715099997523
1115.4779899996088
879.5940499997689
1277.5044299994295
1053.7401899995912
1149.4930099996172
1484.7488599992787
1075.1237699995834
868.758549999773
892.2505599997659
894.2420199997501
752.9970999998566
920.2625999997276
1187.5307099995518
1070.623849999665
1241.6931799994325
1266.9411799994477
1037.4028399997344
1260.5442999994477
1246.610559999627
749.2062099998619
998.1957299996436
998.460009999642
823.3037099997865
732.59807999986
1293.2640499994607
1100.3362799995582
1208.497219999689
1247.0637799995623
1551.8296699996936
961.0873899996951
1376.768059999542
996.9527199996446
1161.1147199995896
827.8067499997809
1104.8394599995986
1490.848809999313
989.3481599996502
1106.1091799995695
1274.547499999727
1018.6618999996284
913.2832799998756
940.2353099996972
1652.0481899992822
917.4691099997368
1114.7116999995515
1229.8080999996766
829.6999399998089
1025.903199999643
1349.489939999387
913.6551699997175
1166.2146399996113
1487.906739999306
708.0935499999025
1107.2751199995794
856.3793099997899
918.5774199997139
1003.8859499996295
1202.8358499996568
868.2987399997774
1080.7663499996027
1250.1102999994318
733.0432099998607
957.0079699996779
1343.9563899993723
1296.2670099997647
935.8789999996919
1320.9228499995647
1221.8576799994996
827.4705099997988
1411.5252499995188
1283.546819999727
801.2186299998306
863.7047399997717
956.8648099996977
874.6465999997563
994.8426699996777
1193.7235099994546
954.4544299998047
1331.607689999502
880.6532099997675
918.1313099997221
1146.2460099995253
630.2790999999404
1095.8863399995762
746.3484699998598
1127.474209999519
1086.4004099995695
1194.0087199994723
1026.947089999655
1262.7247199995124
830.2716799997845
731.8973899999748
1011.9130699997681
1069.4619199996234
908.8201999997327
824.4087999998247
991.5383899996425
922.976809999709
850.1143699997629
823.4393299997962
1076.25570999958
797.429309999838
1095.0562599996076
924.3358999999581
1241.4055199997636
839.0399999997885
827.7952799997926
1099.4248799995958
1142.2826499997113
949.3151699997411
1223.8479099994543
1011.9230499996454
1509.319419999599
804.1354399998127
1167.1861799998137
1061.6219899995972
1098.2355099995636
799.8068299997976
1125.2014299995715
964.2414899996963
813.0950299998102
964.0167399997144
778.5856399998191
961.7387599996744
971.0866999996817
1070.1445799995797
1407.0099299995957
1028.8102599996173
1428.866849999369
1073.8975999995866
865.5458399997877
1493.5964599993706
730.0278299998718
826.4700199999447
1100.788479999588
857.0082399997634
979.3691799997205
892.6589999997464
1331.2089399993704
1201.7459999994887
872.9183199997645
729.7436799998865
1226.7972099994429
977.9245499996781
905.9165699997595
1137.0629399998197
993.4266699996307
1196.4357199996189
1340.6949999994445
809.9898999998187
1173.2881199995693
1250.6114899997692
1101.4326499995632
1198.0182999994897
983.6533299996751
1261.704119999495
792.3682399998248
1023.2458799996476
840.5986299997825
890.2791599997552
1283.6537999995946
963.111089999686
966.9024799996635
1188.6339299996566
1069.3858199996105
912.7454799997336
1062.6817699997173
1076.494069999607
1095.9880799995617
1216.8004399994575
1005.8450799996573
1033.336789999611
960.2725299996914
932.6612199997038
1057.1202899997681
1348.60439999967
1068.7279099996094
1360.4189999994935
846.3649799997839
933.5400399997333
940.0657099996932
891.61039999975
1153.6013399995202
888.7171099997204
914.2451099997188
1092.2671499996122
804.0378999998171
1174.5927699994966
1225.4953999995796
1093.6274599995909
1130.3040399996075
1213.4097399994682
1093.6817499998112
874.2991899997744
1329.2155099993897
1020.765959999617
1782.216849999256
1371.72707999944
933.7479099996974
830.0954299997906
1203.2772199996753
1121.3308499995574
1098.935909999566
1194.5636899994927
904.8095199997518
1208.4861299995705
936.9614299997244
762.4736499998286
949.1320599997496
879.1874299997477
1106.591759999559
1231.8372799995293
943.249419999722
975.4640899996605
1360.4545099994646
1124.4857299997127
836.2069399997943
1337.2263799993716
865.6514399997604
1449.1488599992736
1443.8214999994875
1139.5770599995833
1399.9061699993474
1184.850539999522
1157.6764099995228
1093.3096399995823
1128.5443699998475
1025.818669999684
897.0257199997504
823.8470099998017
1284.535109999456
796.8870099998113
1014.7544699998384
929.0430099997152
1216.3368099995748
1376.0076999995747
814.3988099998446
883.3084099998044
