5527.1250000044165
7073.200000009418
4615.22500000452
2426.424999998889
2110.0249999991765
7849.7750000116785
2064.9749999992173
4514.850000004195
2114.824999999172
2226.2749999990706
2521.7499999988017
8351.200000013934
3528.000000002029
3883.225000002325
7241.175000010695
6901.4000000093865
6397.000000008688
2214.4749999990813
2739.499999998604
4096.1999999997515
3539.000000000694
3170.9249999988347
2274.474999999027
6746.725000009536
2663.0249999986736
3478.7249999990604
5475.950000005319
2165.849999999126
3863.175000001736
4004.224999999774
6164.300000005598
3112.1999999982654
5867.600000007158
4150.625000001046
5655.250000004486
2147.5999999991423
9198.00000001593
3384.2000000008675
2701.224999998639
4172.675000000248
4450.3000000046695
1814.5999999994451
7035.95000000994
7405.92500001028
3349.975000001772
5611.175000007301
4115.150000003861
3684.1750000010697
2431.5499999988842
4679.825000004461
3846.725000002165
4951.500000004214
3565.574999999708
2672.524999998665
3996.725000003295
3285.8999999983107
5609.075000004088
3096.799999998279
2547.774999998778
4372.974999999956
5377.550000005838
8831.925000015926
2100.2999999991853
1991.8249999992838
6057.15000000768
3116.624999999357
3830.475000001711
3808.625000001275
2173.399999999119
4506.8750000046175
4282.500000004822
3073.449999999786
4921.000000004241
8569.775000013644
8322.925000014422
4426.9000000016
4756.150000004391
5056.675000004118
6085.000000008686
8539.500000013535
2650.1499999986854
3045.099999998326
3193.874999998924
4831.100000004323
3815.8000000002353
3627.725000000709
3871.6250000013406
5573.200000004685
3733.0250000026936
2952.44999999841
4938.450000002087
6629.150000010309
3057.224999998315
2841.2249999985115
2256.9749999990427
6281.625000008439
4966.300000004199
4269.42500000143
4766.125000004382
3022.7500000011737
4880.175000004278
4716.150000004428
2195.3749999990987
2357.4749999989517
5712.950000004675
5276.000000003919
4973.4500000041935
7163.400000009823
9192.27500001591
2275.299999999026
2503.9999999988177
5252.125000005251
5237.125000004714
2051.749999999229
4586.0750000045455
5189.650000003997
4075.62500000422
4914.125000004247
4635.625000004501
6764.275000007142
5407.400000005731
4810.525000004342
4756.075000004392
4788.100000004362
4084.9500000001576
5658.10000000637
5110.07500000407
4808.325000004344
3011.475000000127
2624.749999998771
2839.8750000000655
5221.375000004421
3367.4999999980328
3310.4999999989395
4429.700000004688
2321.2249999989845
2367.2999999989424
5003.375000004166
3855.9500000027783
4092.7500000041555
6475.225000006457
2379.999999998931
5875.975000006081
4138.2250000049535
5557.40000000682
6920.600000010045
5971.350000006854
3690.1249999989955
2324.2249999989817
5198.375000004806
3878.5750000007465
4298.425000002279
6570.82500000956
4533.850000002509
3432.624999999757
3086.3499999982882
4555.7000000038715
6720.400000010226
5451.5250000048
6218.450000008514
4716.474999999955
2624.999999998708
5667.500000005309
5661.900000005253
4301.425000004805
6756.475000010194
6975.650000009994
2817.724999998533
3172.1249999987667
3224.1749999983545
2132.399999999156
6951.475000010016
4155.324999999171
4030.3750000003233
1916.774999999352
3245.1250000001355
2743.9749999985997
5761.075000007352
4941.500000004223
2194.1749999991
3402.4250000002576
4773.100000004376
3592.175000000086
2445.2249999988717
4278.200000004826
2275.749999999026
7967.200000012537
3531.9499999996597
1891.2249999993755
4959.375000004822
2392.1749999989197
3508.024999998588
3284.699999998856
2348.774999998959
2171.5499999991207
2505.9999999988163
4511.82500000198
6896.2000000087555
4815.55000000364
6281.400000008542
5363.050000003839
1924.4999999993452
4633.875000003671
3097.2249999982787
3014.1999999983536
3492.0750000007274
6929.4500000089265
2456.3999999988614
2878.2499999984775
4152.374999999349
4376.2499999998
5208.40000000398
3831.525000001362
7134.950000010247
2867.4249999987787
7146.950000010518
2315.774999998989
1970.3249999993036
5136.575000004807
2298.5249999990046
3572.100000000143
4773.800000004376
3676.1999999999052
4125.600000002086
5211.375000003977
3786.000000000029
2200.849999999094
2148.224999999142
3069.6999999983036
3569.8499999993664
4064.0500000050206
2930.499999999194
2435.94999999888
2949.324999998413
3322.5999999993446
5526.1000000039
2575.999999998753
2915.674999998685
4466.500000004655
3543.625000000286
4341.549999999904
2235.449999999062
5306.575000003997
2216.0249999990797
5522.225000004828
4412.400000003312
5582.000000004812
2724.5749999986174
2662.274999998674
2839.549999998513
8483.650000013331
4227.200000004872
4767.025000004381
2968.549999998396
5577.525000005187
7426.950000011422
3697.8750000014134
4941.225000004666
4632.725000002129
2723.499999998771
7082.500000009897
7381.700000010641
3479.0249999990474
5038.850000004961
3289.2250000004315
3963.1250000024015
2077.274999999206
3381.524999999184
2245.724999999053
3322.1749999982844
2058.0749999992236
2125.024999999163
2859.074999998545
6344.300000005709
5688.225000004541
3734.475000000435
4497.4750000008735
7777.97500001192
2058.7249999992227
3949.249999998954
3487.9749999991554
2713.324999998628
2247.2999999990516
2504.7499999988177
2819.649999998531
4372.325000000703
2381.4999999989295
2249.724999999049
2069.4499999992136
4362.450000004749
2212.2749999990833
5207.475000005073
3193.3749999993256
5314.000000002515
5656.475000005366
3469.8499999993332
2612.5249999987195
2623.4999999987094
5077.500000004099
3792.9250000006928
4158.500000004935
5708.875000005783
5068.375000004107
2675.2999999986623
4203.725000004893
4650.350000004488
2562.249999998765
3635.0500000007887
3146.6999999994114
2807.6499999985417
3758.0500000004604
3065.299999998532
4814.47500000214
4550.950000004577
2879.8249999984764
4628.600000004508
3491.8749999999127
3218.649999998336
3813.475000003162
4640.325000004496
3492.225000002362
2338.149999998969
3048.8749999992897
4642.125000004495
4317.025000004791
2846.9999999988577
7123.425000009859
1729.0749999995228
3555.5750000002035
4856.4250000043
5005.500000004165
2385.724999998926
4111.600000000795
2077.374999999206
2447.5749999988693
2707.424999998633
5117.550000004063
3950.7750000024325
5744.72500000479
3647.124999999942
4629.675000004507
5332.475000003869
3043.3499999983273
8072.175000012487
4133.1000000013055
5313.250000004148
3542.3750000002224
4562.2500000045675
2170.1999999991217
2512.1249999988104
2163.9999999991273
3482.9250000021634
2307.249999998997
3005.249999998362
3429.7500000023974
5210.725000003978
4892.825000001501
3559.2249999990404
3632.2249999990754
4988.62500000418
2611.2249999987207
1988.524999999287
4384.325000004729
4977.12500000419
3927.850000000445
3871.4250000020834
3001.024999998366
2684.524999998654
4501.650000004623
4344.900000004765
3930.149999999887
4387.925000004726
5424.37500000494
4859.525000003257
4724.72500000442
6847.200000008851
5981.950000005469
2429.524999998993
3557.249999998357
4230.22500000487
2539.749999998786
2042.4999999992378
5735.975000005311
5301.850000003218
2746.274999998598
4794.775000003018
5907.725000006744
5438.950000003057
3019.899999998349
5234.950000003955
2335.949999998971
4247.650000002092
1942.1749999993292
3473.099999999038
4622.900000004513
7039.375000009937
2833.7249999997493
3465.474999998859
4382.450000004731
6133.550000007052
6923.925000009536
7350.975000010009
3431.2499999998777
4553.1000000022195
7748.025000010656
3595.425000001491
2731.174999998612
3388.6999999980135
3673.1000000006457
5558.450000002691
1885.6499999993805
5252.87500000394
5365.475000003837
4404.500000001319
4990.850000004265
5000.350000004169
2185.8499999991077
2201.899999999093
4339.350000004771
4663.500000002379
6943.725000010023
6154.075000008728
2367.449999998942
2585.5249999987436
1912.4499999993561
2473.524999998846
2889.9999999984675
5459.675000004664
5097.825000004818
5211.325000004756
5577.800000005099
3555.899999999038
4553.950000004575
4819.525000004334
3740.8250000015278
4452.100000001586
5544.250000004489
2696.499999998643
3140.9499999997574
4826.625000004578
3625.3750000021546
3117.39999999826
1720.3499999995306
3958.8750000021237
3098.249999999208
3114.749999998689
2783.149999998595
6446.375000008025
2775.324999998571
3050.7250000005442
4565.950000004565
2482.749999998837
5607.675000003772
1726.0499999995257
2913.149999998961
2756.899999998588
2080.5499999992035
4651.475000001301
3292.0249999982607
4961.600000004205
5983.400000008525
5464.3750000058535
5101.475000004077
2811.074999998539
2404.5249999989087
2260.4999999990396
4630.2000000045055
5156.650000005205
4699.000000004444
2658.274999998678
4023.0000000011337
2681.2749999994858
6785.9750000079175
3941.275000000697
4001.97500000339
2505.8999999988164
6894.200000010068
2698.624999998641
6845.150000010113
3036.4749999997307
3375.899999998601
6054.850000006158
2879.924999998476
4255.225000004847
4815.675000004338
2165.7749999991256
2499.374999998822
3250.4749999986225
2875.7499999984802
2498.624999998823
4690.925000003505
2154.0249999991365
3447.9249999999192
3258.2999999985414
5050.350000003788
1908.2249999993599
4476.350000004646
3558.750000001586
5099.750000004079
3206.9499999981786
7519.425000010721
4016.0249999986127
4301.600000004804
2390.0999999989217
2982.0999999983833
4545.450000004583
4743.075000004403
3309.499999998623
2791.2749999995153
2835.4999999985166
2982.2249999983833
5116.375000004256
3004.249999998577
4847.975000004585
4021.700000001179
3447.8999999995194
2382.549999998929
5489.225000003725
7171.625000009509
3335.2750000012793
2882.9499999984737
6318.575000007155
4737.9250000044085
4468.8750000035
5862.975000006929
4901.225000004259
2873.249999998616
6958.850000010009
4410.000000004706
4391.925000004722
6443.450000007382
3149.249999998231
3170.7999999982117
5662.70000000615
2840.274999998891
2698.649999998991
4933.025000004231
2062.4999999992197
2214.4999999990814
3329.949999999245
4059.999999998959
1896.8249999993704
7045.200000009931
4435.875000004682
3980.3750000002774
2887.999999999305
3391.8250000000717
4232.275000000192
3338.075000001464
3345.3499999993464
3027.0249999983425
2178.249999999114
4845.400000004345
3290.3499999991523
5117.300000001085
2324.2499999989814
4757.57500000439
2635.224999998699
2690.4749999986484
3091.749999998312
6263.600000009131
2414.7249999988994
1994.3249999992818
2316.9999999989886
2400.549999998912
5018.350000004153
6799.225000008001
2594.1499999987363
2525.999999998798
2860.149999998494
7424.9000000106425
3916.125000002609
3897.550000001863
6084.600000007837
2435.99999999888
3006.874999999007
4281.175000004823
6420.200000007817
3834.3750000001432
3991.425000002283
3611.399999999284
3301.3999999988832
4410.225000004706
4564.075000003295
3002.8999999983644
2008.2749999992689
2578.99999999875
7566.72500001099
2306.2499999989977
2817.0249999985335
4899.150000001346
4464.775000004656
4566.925000004563
3925.724999999736
3165.674999998868
4470.450000004651
2935.3999999984253
2737.3999999986054
4746.7500000044
2530.3999999987946
3544.1000000003014
2376.9749999989335
2297.6999999990057
2385.874999998926
3813.750000001183
2229.974999999067
4503.025000004622
2743.1249999986007
4843.825000004312
3123.999999998487
5158.225000004419
2537.974999998787
2916.4499999993022
3888.100000000394
1974.7999999992994
4771.750000002515
3969.050000001324
4215.750000001551
5255.750000002994
4280.0250000048245
3995.7499999996817
6430.60000001049
2375.9999999989345
6441.30000001048
3985.724999999368
6044.850000006014
5165.125000004019
5591.575000005207
3051.89999999832
6156.4500000067555
4657.50000000412
2815.69999999962
2653.674999998682
3392.6000000000154
4392.125000002007
3022.2749999990538
2994.8999999983716
4391.675000003821
7313.775000009965
6669.225000010272
2323.724999998982
5005.925000004164
7763.275000011041
4657.625000004481
5443.675000004587
8948.70000001582
3099.2500000001364
4693.075000004448
2852.699999998501
3803.1750000009038
2034.8499999992448
4408.125000000823
3226.174999998161
2175.5749999991167
4782.300000004368
3054.649999999952
2714.6999999986265
6613.5750000103235
4241.750000002489
5782.800000007042
3394.4250000011416
5733.000000005653
4909.125000004505
2965.7999999992016
7127.225000009857
4457.925000004662
2314.224999998991
4095.1500000032393
3308.6249999988195
2570.724999998757
4515.800000001643
3539.774999997925
4277.525000001552
3124.499999998579
2789.174999998559
4528.375000004598
1895.849999999371
6670.125000010273
4718.325000004425
1818.8249999994414
3510.849999999404
2539.474999998786
4958.525000004207
3528.3750000008686
5412.325000005655
3396.349999999525
5236.200000003954
2752.0499999985923
2087.324999999197
3253.799999998136
4625.50000000451
2728.924999998877
2853.8999999985
4670.4500000007765
6498.450000007577
3473.674999999756
3773.925000000266
7080.425000009899
5596.87500000459
3029.62499999834
5166.325000002035
2767.724999998909
3118.3499999993846
5169.250000004037
7107.950000010105
2135.799999999153
5712.225000007953
2759.4999999987867
2975.274999999765
3329.350000001212
6181.125000008565
4734.875000002098
2879.974999998476
2461.524999998857
8955.250000015047
3544.675000000477
6901.9000000100605
3939.0500000011198
5736.075000005173
6864.600000010095
2546.7249999987794
1987.049999999288
5018.650000004237
2819.049999998532
2371.7999999989383
3873.099999999179
2609.349999998722
2849.3749999986403
4470.775000003448
2620.0499999987123
4386.725000004728
2603.3999999987277
5004.850000004165
3189.5749999989566
3757.5999999990854
5809.275000005526
3190.1249999993865
4748.600000004399
3306.5999999980886
4841.275000004314
4080.500000005006
7022.4500000099515
6647.600000010292
4685.400000004455
2109.2249999991773
4018.225000000113
5741.225000005628
2953.9499999995573
4878.82500000428
6293.100000009388
4917.375000001089
3142.2250000005533
7565.200000011355
2698.2749999986413
4185.500000004409
3000.7499999983665
3030.899999998339
4333.575000000133
4620.875000004357
5661.15000000575
4749.500000004397
2240.2499999990578
5497.125000004665
2374.449999998936
5145.400000004037
2688.54999999865
4810.0250000043425
5596.350000004359
3123.6499999983457
2377.0999999989335
2157.974999999133
4588.625000004544
4175.925000004919
2500.474999998821
5380.625000005073
5376.600000005444
5035.975000004137
5451.2750000045235
5694.70000000625
5158.100000004026
6120.375000007574
2186.8999999991065
3312.7749999996695
2877.6749999984786
3034.7250000002687
4039.1250000040072
5762.750000005435
2699.3249999986406
6318.800000008411
5689.675000005474
7649.500000011121
2402.9499999989102
6553.050000008218
3433.8499999989785
5588.8500000055765
3279.399999999801
4098.275000000394
6485.000000006061
4307.125000003267
4176.92500000256
4854.725000004302
4722.100000004422
5311.150000006145
2402.5999999989103
7199.47500000908
4399.700000004716
3046.124999998325
6795.2000000085745
4261.9250000048405
2517.349999998806
5488.300000003914
4598.600000004535
4531.175000003215
5528.700000003304
3368.175000001845
4880.725000004279
2111.624999999175
3989.8000000019765
2651.599999998684
5976.600000007271
3618.9500000022003
3679.924999999079
4993.725000004175
2038.124999999242
2487.3499999988335
5269.6000000039385
7658.775000011359
2423.3499999988912
6780.025000007741
5559.200000004482
2200.5249999990942
6518.100000008259
8902.275000015426
4212.750000004886
4353.950000004757
2672.249999998665
2980.899999998473
4297.600000001385
4598.550000002175
5575.325000006742
4280.400000000556
4334.6500000047745
2300.599999999003
3101.9249999982744
1686.324999999562
2993.6499999983726
2000.7749999992757
3608.9749999995947
3722.9999999988145
4266.500000000983
4513.450000004612
6120.700000006098
2197.499999999097
5290.4000000067
5399.500000004332
4601.025000004532
2952.4499999993386
4647.200000003375
2509.524999998813
2721.59999999862
4373.100000003421
2084.7999999991994
3031.2499999983384
3483.5000000022546
5069.175000002442
6165.700000008963
7680.175000011887
2825.449999999353
3077.999999998901
4761.825000004386
7328.175000010626
4560.60000000457
3797.9749999986734
3717.124999999545
6639.000000007402
3494.250000001911
8786.450000015968
3250.2749999984135
4436.250000000334
4517.150000004609
3508.924999999859
3721.149999999846
4094.275000004043
3464.8750000001837
2493.099999998828
2485.7999999988347
3536.524999998087
4226.5000000010095
7087.400000009892
2934.2999999984268
5612.725000003651
3090.3249999982845
2093.6749999991916
5906.6000000053355
2662.1999999995073
5849.550000007475
5001.875000004167
2556.2249999987707
5248.525000005371
3822.925000002445
3732.899999999192
3210.6999999983877
2866.1249999993197
2546.4999999993033
3381.8749999980196
3185.2499999997435
4585.475000001902
7009.450000009633
2663.2249999986734
5697.850000006377
5793.9500000055405
3246.2250000010954
3537.5749999998984
7046.475000009929
5078.350000004099
4583.150000002136
3023.5499999990584
5539.150000005139
2087.249999999197
4660.625000004478
4572.850000004558
4381.250000004732
6642.200000007782
3080.724999999335
4625.47500000451
5652.175000005746
3975.575000001758
2276.599999999025
5563.100000006215
5112.275000004067
3249.1499999984076
4966.1000000042
4967.2250000041995
4015.225000001701
5323.475000003875
2570.5249999987577
5903.800000007473
6920.950000010044
3292.9249999981157
5102.475000004076
2812.8749999985375
5021.300000004782
4135.450000003172
2205.54999999909
5069.425000004107
2432.524999998883
3033.3749999993324
4110.225000000615
3298.899999999224
4229.800000001184
4912.47500000196
4383.950000003182
4520.350000002078
3358.199999998041
6365.850000008976
4361.02500000475
3916.149999998855
5010.10000000416
7372.125000009519
5187.475000002325
2926.4749999989103
2838.499999999394
5240.150000004522
3791.1000000009894
2900.349999998458
5014.750000004156
2261.7749999990383
5456.450000003686
3134.949999999805
2752.5749999985924
4453.100000002398
4410.975000004705
3406.099999998648
3808.575000000062
3105.499999998271
4622.125000004513
6481.300000006047
6004.225000007516
2859.499999999584
5215.975000003201
3345.7500000009513
4394.825000000068
6630.075000008213
5279.475000004175
5860.925000004767
5927.800000005094
3371.1249999992788
2779.799999998567
4679.825000004461
5310.025000005264
4778.750000004371
2191.774999999102
5222.625000003967
4162.875000002296
4021.5500000030515
3501.874999999158
4994.200000002003
5215.050000003561
4810.575000004594
5142.350000005477
