808.4083499998488
767.4446200000745
637.1741300000363
447.22593000003656
467.8743300000301
754.0423200001259
479.6477100000364
608.8012399999772
509.2233500000225
560.5148000000008
545.5510100000009
797.4540700001282
510.2881200000165
628.5839200000945
612.337680000147
664.9072600001439
717.7647900000977
424.56163000005006
535.4318499999988
655.0109999999606
643.3308499999928
582.4175299999649
527.5935400000234
700.5944900001639
553.404169999996
737.4231299998808
521.983750000062
498.0854000000186
649.0576299999439
641.5828499999534
569.5137400000533
664.2379599999207
633.9094900000781
607.2393299999552
733.2439400000308
479.68229000003043
768.8613200002101
463.92823000002284
616.918509999961
707.1740699998945
578.035570000126
452.4296000000494
797.7880300001237
834.4673200001821
484.2732700000372
537.779440000124
561.1357900000063
636.4627199999397
465.0096000000295
648.9609200001116
575.443359999983
706.8627999998931
606.81885999997
644.9102599999417
532.515480000015
583.2803599999714
720.1221400001592
648.8753899999342
581.9506499999754
635.0501399999592
623.0889500000372
727.9152900001546
527.7793300000209
501.0091700000308
695.6764200000815
487.75159000001554
633.649789999955
536.2591999999948
536.3993800000131
559.9121299999977
506.615990000031
541.7017800000052
579.1896799999826
689.7206300001899
697.6319600002035
808.8529199998849
636.4058199999507
749.3085799998651
579.7570600001735
834.4072000001673
518.9371800000189
635.676169999941
485.36781000002617
623.7685299999524
693.7732999999045
595.3996699999693
607.6684499999575
579.1043900000134
515.6309300000216
609.0478299999614
745.7478299998703
643.2459500002142
745.8579199998659
620.7777399999562
444.3894900000471
680.4815200001201
723.4534100001551
619.7384499999853
688.1618299999219
404.9716200000428
565.3954499999769
614.9168700000904
445.6598800000288
439.5723000000432
747.0389299999147
597.3716199999467
639.7915299999434
867.4913700000639
737.1349000001557
571.6971399999946
502.5792900000222
593.4581300000115
648.6805099999636
483.7030900000336
545.8099799999969
805.1540799998231
468.0490200000333
609.799629999964
523.9271200000085
669.7367200000386
604.4641900000289
585.9135600000202
603.5397599999773
641.4201000002068
646.3207899999534
678.4796400000225
734.4033099998741
647.0660499999474
482.84048000002275
488.37828000002236
439.49258000004136
676.15329999993
745.0985699998646
623.3756499999372
644.4545800002273
505.60162000002003
528.0645099999992
600.4383299999581
565.9341600000206
479.77352000002975
854.1047299999439
448.5200600000333
517.0403400001327
447.46650000004587
560.8891400000989
786.7858800001356
716.1147300000224
756.7422899998551
552.0888099999963
620.988499999984
533.3110300000047
622.4396499999498
703.8886300001438
618.9508299999464
607.0010699999575
632.3277499999392
681.6750799999955
689.8688900002
767.3101999999881
626.1601500001508
919.3912199997835
591.6437599999789
656.7540299999886
725.7016699999425
528.5038200000226
592.4935800002347
784.1446700001347
587.7339499999808
617.706089999947
634.0648899999426
434.5621000000395
702.8896000001913
661.5410799999262
626.7612199999693
460.79486000004283
498.5115500000138
577.5658299999805
595.6599200001086
583.3507099999595
531.022500000019
567.8907799999845
562.3460199999872
636.7775199999327
585.3427799999853
510.64540000002563
429.3864800000467
795.886220000228
669.0040299999134
439.4384000000495
532.7851600000238
521.4468900000147
777.0632599998492
609.4542399999527
502.0220300000259
546.7680000000126
578.2644599999858
649.3427000000167
723.9316700000195
492.7967400000221
695.2643400001808
757.0437900001352
460.3693500000422
515.8984800000444
684.4570199999035
657.56968999993
593.0538300000225
772.1562700000934
611.1038399999657
597.0958399999704
818.1560799997989
699.062629999924
725.3514099998786
596.3939999999634
676.6794100002021
524.9398400000078
621.2767500002334
469.7412300000388
486.31601000003656
624.2823499999865
464.4945200000386
572.4826699999777
650.8406599999379
776.5266399998671
532.8668600000001
713.5146699998842
768.7888299998787
543.2453600000076
517.6975100000211
732.0162099998689
589.3521499999631
410.3508500000493
566.4739199999851
527.6177600000075
598.6690299999696
490.4425300000346
771.0386799998308
542.7209800000005
548.4340099999969
592.5854999999734
589.8958799999895
644.447079999959
557.4303800000067
724.7709299998747
555.2955600000089
760.8666699999161
590.3906499999722
545.2172300000188
493.14319000001495
659.8684099999361
478.5025400000227
1295.8179299998424
478.8452300000357
646.0419199999297
666.821339999927
717.9527899999322
624.4795700002326
567.562849999991
519.5294300000253
507.1198900000025
515.0342800000151
714.5001100001759
747.0636400001581
718.4536099998935
523.704010000022
497.2455900000105
542.6450599999915
440.2994600000436
562.8420699999781
544.0364000000048
673.7618199999092
437.74524000003106
487.0513900000326
544.3252799999946
788.7305399999929
750.9201200001346
595.1060099999603
627.7993399999518
796.1737300002237
494.30158000003007
734.9127099998564
701.4804799999049
686.7952799999091
501.15000000002516
472.250670000032
591.9982399999699
759.814479999875
569.7803299999789
533.9965100000192
403.2150800000469
529.058590000014
448.1951500000338
553.2092200000338
556.5678999999874
759.9380999998975
643.5507899999997
660.1711499999317
509.0574600000236
539.4670499999995
653.0163699999239
499.0785400000298
465.62083000004196
714.0177499999711
753.9261100001561
594.5282899999619
457.55729000004044
525.9619500000116
601.7303099999687
645.208840000014
583.7539299999742
635.7951099999495
669.7450199999272
628.5405899999616
515.4352100000606
662.9927800002096
728.3235799998865
550.5084699999989
622.6339499999464
618.4702299999525
490.60209000002754
692.3031200001474
474.0305400000351
478.1455400000294
537.1001700000089
568.9330700002405
513.0609100000214
521.1869900000045
796.4229800001141
409.46429000005065
500.65608000004283
531.181769999995
582.520569999976
457.82315000004127
610.4075699999634
487.26731000002843
644.9275399999557
504.85720000000384
719.7162199998759
590.1019799999789
657.3757699999479
620.9469799999581
590.1453899999773
761.7078799999052
579.0110199999758
905.557460000052
589.4556799999878
619.1587899999626
631.1475299999463
504.10579000002195
483.32244000003396
525.6616800000007
413.3073900000338
491.22728000003576
544.6864600000046
703.5533399998998
439.9960400000434
545.32449999999
799.8806699998686
680.7459399999196
753.6822099998631
716.5818100000216
563.4456599999903
459.15065000004756
499.2182700000201
638.388700000002
702.9950899998773
593.2459499999718
662.6923699999221
580.9473799999807
578.6634999999819
520.2138300000134
693.1659599999116
539.0021000000253
655.6307899999633
636.4076699999681
710.7984300001814
712.8097100000896
892.1167300001383
429.7848100000281
614.677089999964
485.0625000000367
466.6060700000311
465.4080500000444
648.5162199999867
882.2878199998595
570.5377999999827
668.9096299999196
598.1492400001189
900.5982499998671
691.9152899998953
752.7515599998535
519.4517500000134
702.5311299999042
429.78565000004505
587.842599999971
656.097209999947
835.2287700000883
468.0116300000254
533.7514800000004
591.7207500002311
768.485979999999
599.424110000118
870.7642300000679
628.8319799999525
651.2083699999945
746.9583800001727
578.6256500000082
641.4037999999397
834.9194599997993
599.9664699999668
990.3166099997202
437.81488000004754
673.557849999909
756.0853899998489
629.2665699999536
605.9234599999655
707.2519299999277
443.5379000000313
425.6907300000388
515.3701300000232
551.4807099999884
725.2869100001604
647.7601900001531
463.8688100000398
552.4654599999969
458.2388000000491
582.895309999981
498.8651900000179
814.5598200001539
612.3608500000752
682.7488100000559
693.3196199999419
712.4631299998816
545.6508899999858
627.3172299999451
615.6775699999678
687.1429499999415
750.3067400001407
546.1587400000021
579.3887999999807
487.65583000002255
484.79158000002934
592.0519399999745
417.51820000005347
516.8812800000081
605.5066899999734
650.6677399999395
488.782640000022
774.6613700000369
549.9901299999876
487.600330000033
614.375079999973
569.3319099999903
774.2760699999235
395.81733000005204
545.7820199999978
573.6843799999882
434.63692000003954
683.1083299999525
530.6684899999979
663.1230499999426
574.3881800001612
660.4851100002065
535.2009599999952
681.952849999912
511.77418000001376
492.84238000003575
608.6222799999629
631.8664200002171
621.6319799999525
610.8140899999615
551.3190499999921
469.4106000000406
838.0705999999543
553.9626800000048
527.2165500000177
526.6654600000071
700.660850000177
590.990949999979
751.7942200001874
538.6510500000047
696.4191399999047
826.6080499999127
680.4298699999117
491.76330000002486
681.8755299999098
469.45353000003337
472.864300000026
687.7436499999126
497.51090000001597
506.696830000011
644.1036700000891
530.8523400000149
638.714969999942
551.1006299999874
722.1326199998788
431.6559200000512
554.4458900000387
535.2631599999992
785.1681199998606
765.3128299998458
798.933190000029
661.4966699999474
446.88927000002315
497.44815000002257
627.5802599999419
591.1193599999749
602.3175299999646
530.7387700000008
498.77776000002297
677.3567799999244
678.5451199999114
580.8466699999677
602.0062899999618
475.23439000002435
710.16218999989
616.7173399999534
472.8774600000346
747.9981799998681
851.3866900000575
504.3698700000085
605.0041099999609
619.8260800000538
492.25966000000227
614.1252799999647
649.0924400000663
768.8438100001397
571.8585899999844
789.7424100001293
545.108330000002
539.8475800000076
701.3023800000731
709.2552799998901
681.4674899999166
631.2835800001141
489.35303000001943
470.0218400000238
724.289679999876
462.81035000003953
479.7665800000197
656.9784499999279
637.3176799999449
445.08394000004404
762.7704900001412
524.8000300000148
593.6674799999613
531.9744500000103
615.0678799999617
550.2425400000022
473.2494700000165
532.7651800000083
597.2072099999717
448.42043000004253
523.1948000000056
563.8493699999881
623.2091200000108
420.52809000004993
623.8850199999533
606.4717599999655
584.4560999999773
538.3156099999998
612.7135700001801
553.0979100000037
488.3527200000363
535.7727600000093
498.6605700000169
703.3186599999567
831.8737400000077
571.1008799999809
529.5722400000108
630.2019699999656
774.7337000000865
496.49793000001483
582.0782499999748
617.7368400001125
504.97821000002585
547.0182700000037
487.3638100000382
727.8662900000703
631.3044499999395
513.873670000008
604.9025499999915
567.1936499999862
574.3886699999937
537.2004200000983
597.7055999999665
459.83665000003987
592.9581599999888
745.5692400000698
455.685730000038
490.9944100000119
756.3661099999138
601.1254399999841
607.0795699999761
659.3283799999163
575.5302999999861
594.6553199999926
618.6893599999519
542.3513999999948
636.8446199999407
435.7149000000341
621.6929099999551
508.69504000001785
495.18571000001765
506.47291000001627
446.1130600000345
524.8922000000159
513.6314700000084
657.049879999931
666.9070799999391
651.0826599999298
652.205989999959
480.6519100000346
484.883810000017
583.3423299999705
430.3556300000423
658.0358299999358
681.6543799999977
712.5095599998971
738.0763399998661
485.98867000003463
805.8239499998307
557.9894000002624
602.9822499999754
586.7525500002578
605.8355399999494
637.9821900000252
757.3660900001512
728.7910500000279
677.9049399999077
619.1497100000955
640.5825499999322
493.5236000000262
446.286610000022
607.3661399999633
688.7447199999114
594.1488399999799
483.4488900000124
483.252510000018
805.0354300001245
614.1140900002215
543.7005000000082
634.7980899999852
789.9554400001919
677.6740900001965
731.9901000000687
818.695630000097
526.3620200000121
604.088959999975
716.4647999998974
476.6820200000348
479.6605600000309
707.3881699999206
642.8785499999391
560.321290000006
653.3976299999318
538.1651800000036
479.2622600000213
645.766450000217
643.121429999943
644.9248400000723
537.8698500000103
552.9327700000516
518.7143300000087
543.5878099999956
765.5358700001373
593.447600000022
577.4517399999862
500.66769000001165
524.8273400000015
526.4178100000078
822.9720999998178
515.2046999999989
655.2519899999938
658.1440899999338
558.2357999999969
603.3554700000115
451.2929900000448
668.9111600002095
664.9199000001105
435.18915000004944
547.6359000000035
528.1755600000109
708.9463799998896
550.3979399999857
606.3845600000267
655.8762199999364
796.8829999998138
568.9942599999728
496.1266200000223
753.5105399998596
604.505179999967
499.8753300000204
569.42633999999
695.3126199999057
769.4227400000392
564.7441299999861
615.6241199999555
773.7781800001356
803.9166600001423
679.641949999911
826.7055999998545
552.3327100000039
581.8448999999839
610.5290899999546
637.62572000019
521.3859300000173
502.0538500001643
562.9322500000054
490.6182900000113
484.4675400000292
624.1105100001494
692.609029999972
533.6565600000117
550.1325200000072
841.7384400001791
632.4175299999436
781.5373600001374
599.0998999999607
804.6700699998826
800.5000300001366
540.6724500000097
466.63074000004127
594.070489999967
619.3331899999619
529.7055100000116
741.6825299998673
544.0501199999987
578.5454599999777
622.6505799999542
641.1027199999397
543.6245900000122
519.5104500000033
704.7853099998885
547.5342099999906
704.0099199998986
682.0156200000795
564.4364199999826
598.3293199999654
693.4050399999148
701.2351799999258
419.98447000004825
772.5700000001461
668.8538900002162
612.7618099999604
494.0776400000309
490.4139000000468
682.9250299999819
505.47839000001494
661.8409099999262
608.6826500002169
876.6450899997934
512.0389400000055
762.0193000001955
486.0196600000257
512.8408700000268
532.5263300000013
650.2451399999376
775.1991499998908
478.5729600000229
693.9553400000559
676.5652299999826
542.4732700000144
650.3501599999757
485.73258000002164
696.510109999901
688.4184699999087
629.0702000000161
807.7485399998429
600.508039999956
521.5707400000168
510.49656000002193
515.0036300000098
468.5689800000408
568.257259999999
646.7468299999781
621.6637100000078
729.4428399998651
695.6363599999288
600.5831100000605
735.8976499998776
721.0223900000511
437.71611000003765
590.5647399999699
614.6539199999568
543.6870600000077
471.80417000003547
729.484979999946
673.7167599999254
732.4009200000856
703.5148300000101
844.323410000273
585.4130099999903
859.2640000000058
604.0897699999529
702.1901899999784
486.39009000001255
709.7243099999426
787.8202999999099
576.3050299999818
626.0583699999498
785.1518500001401
594.7841599999658
535.2629100001177
597.2743999999739
855.6041599999589
550.7025100000051
653.5038499999306
700.630600000103
488.8124000000272
617.4769499999691
644.4898399999345
558.0664299999934
760.5562699999864
805.9484499998903
422.1244800000327
623.1376799999583
513.6987300000244
531.3856699999949
611.3246399999517
682.192310000066
519.1015000000156
616.7054799999736
731.352019999873
449.89802000003743
579.10605999998
727.7815799998772
780.1006800002059
587.9769699999704
727.6121700000532
676.4766499999423
508.31853000002855
825.3558800000203
782.4501000001698
471.97995000003743
534.3325000000136
560.190609999997
545.890710000001
642.1708799999863
763.7449099998479
581.86284000008
747.7717199999821
533.3280000000204
567.4594899999938
689.6415299999128
411.92112000005363
595.7728399999634
459.7011000000393
671.1493699999087
593.0382599999509
684.5161499999022
593.5380199999756
734.9760799999473
519.1952500000161
463.96339000011375
640.9107500000717
582.5589199999814
557.96207
483.46687000002856
634.7437199999465
552.0087999999892
538.8667000000007
525.4450700000184
647.9590799999444
485.53330000004235
622.7295899999756
578.0347000001944
727.0503900001733
499.684980000027
492.08003000001656
642.9945999999773
686.7443300000846
545.5319800000159
705.2368199998859
592.3366699999679
819.332720000182
499.88010000002777
682.0656400001926
643.8681499999448
595.134949999952
498.5537400000098
680.2064599999349
553.2450999999942
478.17183000002944
552.8379099999996
482.24153000002553
598.8212099999695
556.2467899999873
644.1547899999401
817.0526500000996
618.2858899999624
780.3065899999194
629.4267999999472
514.3990400000242
902.9336199999021
449.44838000004245
515.5954500001423
619.915329999954
545.8247200000042
623.0583400000096
512.818030000015
769.6264499998398
697.0904099999112
533.0402800000097
453.7337800000486
728.0606999998735
565.4123599999864
537.8083100000118
700.3688700001675
630.8165599999426
669.1863500000297
717.6647999999489
509.10465000002966
686.549989999976
731.0563500001781
641.0871999999341
688.0063799999106
571.9282299999833
718.8949899999477
476.7474500000322
598.2652799999748
527.7855000000128
518.35153000002
763.7994800000378
578.9919399999828
600.5319799999673
718.1509100000578
591.1733699999746
577.3814699999969
624.2092300000525
600.3102599999623
667.6124899999253
733.4920399998784
589.761489999978
625.6420699999566
550.0053599999849
590.7359299999839
668.3654500000843
740.6372300001485
607.8982999999604
789.6221299999708
489.90496000001286
562.9425000000051
578.8020699999817
556.6547100000075
634.6838899999318
554.0789299999916
568.5184699999977
622.2433299999644
506.0503600000167
706.6475799998966
681.96448000001
645.8572099999478
670.3780299999784
682.2434899999076
677.060150000148
525.8259300000227
742.8277999998833
649.8354699999334
952.6596199999861
788.5845699999386
565.5711599999871
504.47872000002394
695.5356000000829
591.3252799999614
596.9477699999572
669.2905599999191
536.5568300000135
717.2906699999916
598.0170999999946
500.75726000002
596.3046800000342
538.7821300000065
670.8601999999285
660.1268999999709
555.8042899999999
627.9218099999612
729.6775599999875
681.3240000000734
485.27737000002793
762.7570399998657
521.9645800000086
816.232799999822
778.2306900000546
715.5518499999648
868.0217299998376
688.7064599999477
693.2608599999091
627.6987899999582
644.0194300002105
618.7428800000037
533.7736800000043
508.7743600000249
700.8823399999469
504.5353800000132
584.4775400001314
572.8741999999879
735.5990599999839
704.5391500001034
503.1744600000493
529.9611700000511
