5026.075000004872
6693.375000009763
4067.8250000050175
2021.4499999992568
1517.799999999715
7849.7750000116785
1426.8499999997978
3979.250000004682
1494.749999999736
1368.2249999998512
1751.8249999995023
8282.775000013997
2870.2750000026276
3418.3250000027474
6951.325000010958
6602.800000009658
5980.875000009068
1631.5749999996115
2093.5999999991914
3821.050000000002
2872.4000000013
2460.0499999994813
1580.9499999996576
6371.400000009878
1973.9749999993003
2854.824999999628
5229.325000005544
1589.6999999996497
3098.7250000024314
3988.824999999788
6164.300000005598
2602.849999998728
5545.100000007452
3813.6500000013525
5646.050000004494
1722.274999999529
9198.00000001593
3047.075000001174
1958.0999999993146
3829.325000000559
3744.7500000053114
1169.9500000000314
6638.900000010301
7386.025000010298
2804.8250000022676
5090.300000007774
3498.650000004422
2873.1500000018077
1882.4249999993835
4119.22500000497
3106.9000000028373
3959.425000005116
3089.90000000014
2088.3499999991964
3497.9000000037486
3093.599999998485
5609.075000004088
2212.799999999083
1773.074999999483
3987.3250000003063
4950.350000006227
8473.650000016252
1235.3749999999718
1267.2999999999429
5389.700000008287
2765.399999999676
3147.4500000023327
3268.4750000017666
1511.4499999997208
4043.1750000050397
3674.8750000053747
2506.000000000302
4793.325000004357
8569.775000013644
8023.775000014694
3359.750000002571
4214.900000004884
4394.4250000047205
5756.275000008985
8539.500000013535
2366.949999998943
2559.424999998768
2764.149999999315
4407.875000004708
3376.6750000006346
3178.8250000011167
3266.525000001891
5296.125000004937
3174.7000000032012
2669.5999999986675
4591.4000000024025
6031.500000010852
2179.6749999991134
2280.3499999990217
1657.2999999995882
5731.900000008939
4092.675000004995
3977.075000001696
4364.400000004747
2532.4750000016193
4523.675000004603
4116.600000004973
1857.9749999994058
1737.4749999995151
5475.3000000048905
4913.075000004248
4636.4000000045
6401.100000010517
9192.27500001591
1408.7249999998144
1974.1999999993
4647.7250000058
4628.625000005268
1367.4749999998517
4076.675000005009
4417.6750000046995
3638.175000004618
4307.975000004799
4148.175000004944
6764.275000007142
4801.775000006282
4243.425000004858
4251.85000000485
4294.600000004812
3490.9000000006977
5123.350000006856
4488.575000004635
4360.900000004751
2440.925000000646
2069.6499999992757
2411.4000000004553
4572.050000005011
2736.4499999986065
3041.0749999991845
3661.8000000053867
1816.1999999994437
1928.9249999993413
4516.325000004609
3234.4000000033434
3524.6750000046723
6294.550000006621
1939.3499999993317
5629.150000006306
3535.000000005502
5099.425000007236
6143.950000010751
5555.8000000072325
3049.8999999995776
1862.9249999994013
4703.575000005256
3372.400000001207
3636.0500000028815
5946.2250000101285
4187.075000002824
3081.4250000000766
2571.9249999987564
3684.7250000046643
6186.650000010712
4933.100000005272
6124.8000000085985
4219.8750000004065
1914.1749999993544
5454.300000005503
5367.050000005522
3668.40000000538
6506.55000001042
6428.1500000104925
2203.5999999990913
2673.17499999922
2568.049999998951
1754.1499999994958
6580.400000010353
4155.324999999171
3427.4000000008714
1360.9249999998578
2787.4250000005522
2051.4999999992297
5293.125000007778
4802.325000004349
1633.4749999996097
2765.525000000837
4437.600000004681
2793.4000000008123
1712.499999999538
3685.4250000053653
1749.7499999994975
7570.025000012898
2844.675000000285
1330.5749999998807
4466.17500000527
1866.0249999993982
2783.9249999992467
2607.249999999472
1855.8249999994077
1405.2499999998174
1979.8499999992948
3851.4500000025796
6668.525000008963
4687.325000003757
5616.750000009146
4898.175000004262
1316.724999999898
4214.350000004053
2675.8499999986616
2301.999999999002
2778.9750000013755
6605.550000009222
1774.1749999994818
2193.2499999991005
3366.425000000063
4109.575000000043
4583.425000004549
3410.1500000017454
6832.1500000105225
2306.274999999289
6883.900000010757
1871.1499999993937
1250.4499999999582
4773.675000005138
1737.799999999515
2988.2250000006743
4078.950000005007
2919.900000000593
3812.1500000023716
4642.900000004494
2830.7500000008977
1450.974999999776
1467.7999999997605
2580.5999999987484
3126.8999999997695
3576.7750000054584
2139.024999999914
1717.7499999995334
2520.924999998803
2989.5999999996475
4888.575000004479
1852.2749999994107
2436.4499999991203
3684.325000005366
3057.925000000728
4341.549999999904
1542.7249999996923
4566.87500000467
1474.899999999754
5132.825000005182
4059.0750000036337
5457.300000004925
2264.9749999990354
1918.5999999993505
2789.849999998558
8177.775000012474
3811.3250000052503
4221.650000004877
2380.349999998931
4928.375000005778
7262.275000011572
3150.750000001911
4691.150000004894
4362.150000002374
1996.0999999994324
6922.050000010043
7116.775000010882
2922.399999999554
4472.950000005475
2729.900000000941
3558.5750000027692
1479.4749999997498
3195.574999999353
1523.4999999997099
2834.8999999987273
1588.9499999996503
1512.8249999997197
2236.5999999991113
6344.300000005709
5407.800000004795
3410.6750000007296
4187.925000001155
7379.875000012282
1472.699999999756
3647.0749999992286
2898.0749999996924
1914.4249999993544
1838.949999999423
2256.674999999043
2410.449999998903
3768.900000001251
1583.6749999996553
1573.9249999996641
1722.6749999995275
3758.7000000052985
1601.9749999996243
4905.625000005348
2959.5749999995382
5307.300000002521
5490.050000005518
2839.149999999907
1960.0249999993127
2127.149999999161
4974.825000004193
3473.8250000009825
3655.975000005392
5153.0500000062875
4416.9250000046995
2078.374999999205
3539.2250000054983
4268.675000004834
1956.3499999993162
3119.5750000012567
2423.750000000069
2327.174999998979
3442.3250000007474
2447.3499999990936
4699.550000002245
3906.6500000051637
1957.1749999993156
4200.925000004896
3011.575000000349
2957.599999998574
3331.1500000036012
3975.4250000051015
2853.275000002943
1903.1749999993647
2537.6749999997546
4209.450000004888
3775.8250000052826
2333.949999999324
6915.300000010049
1044.0500000001407
3124.900000000595
4299.750000004806
4950.075000004215
1842.7249999994197
3588.8250000012717
1442.6749999997833
1601.1999999996392
2399.3499999989135
4670.900000004469
3495.3250000028474
5387.425000005114
3179.1750000003676
3973.0750000051034
5031.825000004143
2493.4249999988274
7864.525000012675
3540.225000001845
5292.825000004167
2905.575000000801
4285.67500000482
1616.1999999996256
2262.849999999037
1617.2249999996066
2844.3000000027446
1661.1749999995848
2232.6749999990648
2922.050000002859
4929.925000004233
4579.550000001787
3533.0749999990644
2982.1499999996668
4385.575000004728
1909.6999999993586
1396.4749999998253
3993.675000005085
4361.475000004751
3351.0750000009693
3131.475000002756
2315.7999999989893
1979.699999999295
3750.950000005306
3699.725000005352
3532.325000000249
3599.5000000054433
5014.400000005313
4557.050000003534
4141.32500000495
6500.400000009166
5081.625000006286
1813.299999999544
3481.349999998426
3687.9250000053626
2318.6749999989866
1415.249999999808
5369.400000005645
4831.3500000036465
2548.099999998778
4358.425000003415
5759.800000006879
5030.550000003428
2569.349999998759
4686.175000004455
1680.474999999567
3528.175000002747
1529.9999999997033
2974.424999999492
4046.125000005037
6202.900000010697
2273.500000000259
3362.824999998952
3701.025000005351
5987.300000007186
6655.27500000978
6931.375000010391
2893.325000000367
3894.700000002818
7748.025000010656
2795.2500000022187
2066.624999999216
2631.0999999987025
3108.425000001159
5019.400000003166
1220.5749999999853
5162.575000004022
4974.575000004193
4322.825000001393
4399.250000004803
4276.975000004827
1543.324999999692
1770.2499999994855
3865.275000005202
4527.325000002504
6769.050000010182
5596.225000009236
1878.2249999993874
2000.1749999992765
1331.5749999998843
1907.099999999361
2720.5999999986216
4679.950000005374
4542.150000005324
4638.875000005277
4962.125000005659
2742.4749999997775
3837.7500000052264
4328.57500000478
3187.175000002031
3940.0750000020516
5400.575000004619
2118.974999999168
2406.950000000425
4351.25000000501
3197.625000002544
2640.8499999986934
1007.8250000001512
3431.250000002604
2244.0249999999846
2541.92499999921
2291.749999999042
6071.800000008365
2186.199999999107
2525.4500000010225
3789.3250000052703
1816.1749999994436
5245.550000004101
1117.5000000000507
2423.924999999406
2352.174999998956
1790.2249999994674
4518.800000001422
3018.674999998509
4522.375000004604
5426.250000009032
4834.325000006427
5017.8250000041535
1963.1749999993099
1663.8249999995824
1693.2499999995553
3968.350000005108
4593.375000005717
4214.075000004885
2148.5999999991413
3931.075000001217
2190.224999999932
6464.275000008211
3436.3250000011567
3254.6000000040694
1981.7749999992932
6527.125000010403
2139.2499999991496
6220.550000010681
2307.0250000003944
3005.924999998937
5203.950000006931
2151.4499999991385
3662.9500000053854
4168.4000000049255
1650.4999999995944
2031.6999999992477
2526.7749999992807
2623.9499999987092
2157.924999999133
3932.725000004195
1399.224999999823
2738.1000000005647
2912.9499999988557
4420.375000004362
1330.2999999998856
4004.6500000050746
2892.2250000021927
4033.5000000050486
2690.099999998649
7082.850000011119
3760.0999999988458
3836.5750000052276
1920.0249999993493
2521.4249999988024
3871.475000005196
4226.575000004873
3030.9749999988762
2090.1000000001527
2032.0999999992473
2211.899999999084
4815.57500000453
2510.599999999026
4636.075000004777
3078.225000002037
2959.074999999964
1868.0249999993964
5283.325000003912
6430.650000010183
2707.0250000018505
2057.2749999992247
6207.525000007256
4176.525000004918
3829.4750000040813
5707.300000007071
4176.475000004919
2167.024999999259
6257.300000010648
3705.3500000053473
3725.9000000053284
6102.8750000076925
2776.0999999985706
2517.7249999988057
5547.050000006255
2564.174999999142
2249.9499999993996
4052.625000005031
1607.2499999996337
1638.899999999605
2633.399999999878
3657.899999999325
1355.6749999998624
6854.800000010104
3912.5250000051587
3461.6500000007495
2235.0249999998996
2853.625000000561
3905.9250000004886
2878.175000001882
2872.449999999776
2842.59999999851
1657.9499999995878
4333.525000004811
2857.324999999546
5117.300000001085
1824.724999999413
4122.975000004967
2148.1749999991416
1874.7749999993903
2895.84999999849
5844.650000009512
1754.7749999994994
1215.49999999999
1632.199999999611
2126.349999999162
4329.15000000478
6615.300000008168
2166.449999999125
1830.6999999994305
2304.224999999
7049.600000010984
3669.0750000028333
3200.4250000024967
5669.050000008214
2017.6749999992603
2495.9499999994714
3944.3000000051293
6394.30000000784
3176.950000000741
3875.325000002389
3018.749999999823
2696.699999999433
3669.15000000538
4134.150000003686
2378.4999999989323
1404.7999999998178
1930.24999999934
7109.600000011405
1825.1999999994355
2549.4499999987765
4493.350000001715
3732.2500000053224
4013.5750000050666
3543.9000000000833
2815.949999999186
3791.7500000052682
2478.8499999988408
2175.524999999117
4145.175000004947
2139.6999999991494
3224.3250000005924
1999.6249999992767
1740.7999999995122
1943.1999999993282
3333.07500000161
1560.9999999996758
4211.650000004886
2003.924999999273
4395.325000004719
2287.1499999992484
4844.9000000047035
1958.1999999993145
2384.4999999997863
3745.5750000005237
1457.9999999997694
4404.675000002849
3251.1500000019764
3505.1750000021975
5112.075000003125
3729.6250000053246
3488.6000000001427
6132.100000010761
1476.324999999753
6086.425000010802
3861.074999999481
5991.800000006062
4461.475000004659
5004.175000005742
2476.374999998843
5858.850000007026
3943.9250000047687
2342.7250000000504
2169.2249999991145
2830.950000000526
4047.0750000023218
2303.2749999997077
2621.699999998711
4061.4250000041216
7313.775000009965
6340.325000010572
1808.8749999994504
4634.075000004503
7763.275000011041
4065.5750000050193
4629.950000005327
8909.525000015856
2547.775000000638
4160.975000004933
2046.8749999992338
3480.0500000011975
1391.6999999998297
3613.9500000015455
2864.0999999984906
1303.6999999999098
4338.150000004772
2269.0250000006668
2206.8249999990885
6222.10000001068
3339.52500000331
5232.650000007542
2725.0000000017503
5460.300000005902
4409.175000004959
2331.474999999779
6992.300000009979
3823.25000000524
1567.9749999996693
3796.6250000035106
2946.624999999149
2014.7249999992632
3776.400000002315
3269.449999998171
3712.8750000020655
2579.6749999990743
2489.1749999988315
3972.9000000051037
1192.3250000000112
6096.900000010793
3783.750000005276
1182.52500000002
3029.5749999998416
1986.6999999992886
4404.075000004712
3144.0750000012176
5044.050000005991
2987.824999999897
4313.900000004794
2291.849999999011
1366.5749999998525
2539.199999998786
3961.225000005114
2290.9249999992753
2498.1999999988234
4503.325000000928
6458.550000007613
3114.1750000000834
3426.4250000005823
6719.875000010226
5199.300000004952
2589.3749999987403
4601.800000002549
2141.9749999994783
2587.1499999998678
4858.900000004319
6770.375000010412
1561.849999999675
5490.275000008155
2153.1499999993384
2401.7500000002865
2966.650000001542
5708.125000008995
3938.200000002823
2632.9249999987005
1733.7999999995188
8955.250000015047
2867.500000001093
6157.500000010738
3325.225000001678
5126.300000005728
6446.550000010475
1866.299999999398
1455.3999999997718
4394.5250000048045
2311.4249999989934
1980.4499999992943
3365.324999999641
2077.474999999206
2273.474999999164
3947.0750000039243
1738.4749999995142
3698.700000005353
2212.0999999990836
4343.900000004766
2642.949999999453
3187.149999999604
5446.425000005856
2601.499999999922
4623.825000004512
2675.9249999986614
3983.700000005094
3618.0000000054197
6768.800000010182
6110.125000010781
4155.325000004938
1505.4999999997262
3766.3750000003424
5461.050000005883
2577.6249999998995
4352.075000004758
5771.125000009863
4229.150000001715
2484.4500000011517
7216.825000011672
2427.8749999988872
3477.000000005054
2741.449999998602
2469.9249999988488
3987.0500000004477
4167.47500000477
5086.175000006273
3875.7250000051918
1529.7499999997042
5210.300000004926
1835.824999999426
4764.575000004384
1671.749999999575
4460.57500000466
4898.825000004994
2586.6749999988338
2043.0999999992373
1446.0749999997802
4268.875000004835
3584.1250000054574
2095.17499999919
4879.800000005528
4745.950000006017
4057.225000005027
5069.57500000487
5475.05000000645
4434.975000004683
5529.350000008111
1870.9749999993937
2644.750000000277
2081.4999999992024
2390.175000000855
3667.4000000043447
5313.6250000058435
1865.2249999993992
5763.125000008917
5159.075000005958
7155.100000011571
1748.9999999995048
6280.050000008467
2867.7249999994933
5111.125000006012
2943.4000000001065
3480.450000000956
6485.000000006061
3949.3250000035923
3694.8250000029984
3973.4250000051034
4340.575000004769
4877.775000006539
1476.3499999997528
7150.775000009125
3744.725000005311
2472.6749999988465
6665.525000008693
3629.2000000054163
1768.6999999994869
5045.200000004317
4196.075000004901
3769.075000003909
5271.2750000035385
2926.5250000022256
4559.42500000457
1457.0499999997703
3435.6250000024806
2150.42499999914
5429.1500000077685
2925.4750000028307
3202.0749999995132
4527.825000004599
1656.6749999995889
1785.7499999994711
4970.07500000421
7658.775000011359
1529.9499999997042
6780.025000007741
5414.575000004614
1590.1749999996491
5944.050000008781
8902.275000015426
3645.2500000054015
3767.75000000529
2442.3499999988744
2704.674999998724
3842.6500000017986
4020.075000002701
5042.125000007227
3429.70000000133
3917.4250000051543
1572.1999999996656
2610.0999999987216
1015.3000000001526
2721.59999999862
1429.2499999997954
2804.400000000326
3720.824999998816
3868.6000000013455
3769.6250000052887
5775.075000006413
1688.7499999995596
4881.15000000707
5085.400000004617
3784.0250000052756
2254.249999999974
4465.3250000035405
1667.499999999579
2301.674999999002
3906.6750000038446
1304.9249999999088
2297.7999999990056
2953.1750000027378
4731.800000002749
5936.5500000091715
7355.775000012182
2412.324999999729
2976.0999999989936
4041.675000005041
7111.775000010823
4044.9500000050384
3559.8249999988902
3325.4249999999015
6540.275000007492
2950.000000002406
8648.525000016094
2589.9999999990137
4304.575000000454
4001.2500000050777
2601.0000000006853
3166.9000000003502
3573.5000000045166
2924.4500000006756
2044.0749999992365
1710.4499999995396
3221.699999998373
3882.9250000013226
6620.3000000103175
2174.299999999118
5442.025000003806
2640.424999998694
1500.149999999731
5161.400000006013
2100.625000000018
5849.550000007475
4370.025000004742
2025.9249999992528
4694.600000005875
3370.6500000028564
2984.324999999873
2727.849999998827
2151.4749999999694
1958.4749999998362
2865.4249999984895
2834.8250000000617
4331.675000002133
6704.375000009911
2046.2499999992347
5098.625000006921
5710.300000005616
2676.875000001613
3031.825000000358
6713.150000010233
4607.175000004527
3982.1500000026826
2376.674999999647
5028.400000005603
1631.6499999996115
4087.925000004999
4100.000000004988
3862.925000005204
6429.050000007976
2408.4999999999463
3746.7750000053093
5151.550000006202
3623.650000002078
1510.274999999722
4951.675000006771
4770.325000004378
2678.5999999989263
4275.3750000048285
4674.675000004465
3795.8250000019007
5041.075000004132
1933.4249999993372
5500.375000007839
6494.925000010431
2796.124999998567
4395.925000004719
2396.6499999989155
4639.075000005129
3402.4750000038384
1481.9499999997477
4463.575000004657
1703.7499999995462
2618.9249999997096
3800.675000000897
2940.67499999955
3562.2250000017916
4886.050000001985
3730.200000003777
4204.550000002364
2695.6999999986438
5723.225000009561
3746.2000000053094
3444.099999999284
4472.875000004649
7014.800000009844
4782.800000002693
2557.599999999246
2334.1749999998524
4814.575000004909
3213.700000001515
2578.5999999987503
4646.350000004491
1577.6999999996606
5097.850000004012
2345.3250000005232
2309.474999998995
4232.050000002599
3893.6250000051755
2960.6499999990533
3317.8250000005087
2842.1749999985104
4042.4750000050403
6481.300000006047
5367.925000008095
2439.8249999999653
4995.825000003401
2649.250000001585
4072.575000000361
6004.900000008781
4926.175000004497
5433.875000005155
5927.800000005094
2669.899999999917
2085.7499999991987
4171.675000004922
4776.37500000575
4488.150000004634
1612.299999999629
4617.450000004517
3782.375000002642
3241.300000003761
3005.674999999609
4810.80000000217
5126.8250000036405
4414.625000004954
4632.225000005941
