5902.200000004075
7254.475000009253
4997.825000004172
2639.6499999986945
2442.399999998874
7909.725000011624
2381.724999998929
4773.800000003959
2476.674999998843
2562.049999998765
2827.5749999985237
8530.75000001377
3820.8250000017633
4242.850000001998
7376.725000010571
7041.4500000092585
6674.1250000084365
2457.57499999886
3024.799999998344
4317.97499999955
3929.825000000338
3575.2249999984665
2557.5249999987695
7004.875000009301
2977.6249999983875
3878.7499999986967
5589.975000005216
2508.474999998814
4235.250000001397
4244.424999999555
6164.300000005598
3559.0999999978585
6139.87500000691
4385.425000000832
5833.250000004324
2375.824999998935
9198.00000001593
3602.8500000006693
3015.7499999983525
4494.449999999954
4823.62500000433
2108.4499999991776
7257.175000009738
7613.700000010167
3613.0750000015328
5842.950000007089
4425.475000003578
4063.0250000007254
2701.8499999986384
4953.175000004212
4158.325000001882
5354.300000003847
3817.899999999478
3114.9249999982626
4295.550000003022
3521.9499999980953
5795.2250000039185
3527.8499999978867
2945.199999998417
4566.02499999978
5619.125000005618
9009.600000015766
2440.374999998876
2319.424999998986
6372.3000000073935
3337.9249999991553
4152.000000001419
4032.1000000010717
2534.92499999879
4818.225000004335
4558.575000004571
3375.9999999995107
5052.5250000041215
8569.775000013644
8462.475000014296
4932.6250000011405
5010.67500000416
5463.550000003748
6349.725000008446
8539.500000013535
2949.4499999984127
3312.549999998083
3381.1999999987534
5091.650000004086
4182.299999999902
3977.2750000003907
4179.1250000010605
5704.475000004566
4079.8750000023783
3229.149999998159
5117.5000000019245
6919.225000010046
3455.5249999979524
3187.524999998196
2508.2749999988146
6608.975000008141
5481.150000003732
4530.450000001192
5144.000000004038
3300.7750000009205
5180.750000004005
5058.925000004116
2488.524999998832
2605.049999998726
5895.725000004509
5503.050000003712
5226.8250000039625
7566.200000009994
9192.27500001591
2645.14999999869
2802.8249999985464
5541.725000004988
5502.700000004473
2368.0999999989417
4830.225000004324
5615.60000000361
4346.575000003974
5160.900000004023
4828.175000004326
6764.275000007142
5685.950000005478
5123.825000004057
4984.650000004184
5105.200000004074
4373.699999999895
5918.425000006133
5434.325000003774
5079.150000004098
3303.8499999998608
2918.1999999985037
3068.074999999858
5506.475000004161
3759.0999999976766
3673.3499999986093
4759.275000004389
2602.724999998728
2734.3749999986085
5283.200000003912
4191.800000002473
4371.850000003902
6852.375000007397
2663.0999999986734
5973.500000005993
4397.850000004717
5809.95000000659
7293.950000009705
6306.15000000655
4097.024999998625
2707.1999999986333
5488.700000004542
4063.900000000578
4646.650000001962
6827.875000009327
4792.150000002273
3772.774999999448
3339.1499999980583
4950.050000003514
7026.850000009948
5743.525000004534
6450.600000008302
5009.800000000694
2922.024999998438
5932.950000005067
5985.05000000496
4581.75000000455
6891.750000010071
7382.475000009624
3159.074999998222
3559.8749999984134
3497.8499999981054
2315.874999998989
7117.250000009865
4234.0249999991
4326.9500000000535
2225.2249999990718
3460.94999999994
3057.049999998315
6019.650000007118
5222.850000003967
2528.674999998796
3726.1499999999633
4985.625000004182
3936.974999999773
2828.1999999985233
4584.8750000045475
2502.0749999988197
8210.250000012336
3928.974999999299
2159.999999999131
5181.200000004619
2669.2999999986678
3922.3249999982118
3638.7749999985344
2609.0749999987224
2519.0999999988044
2827.199999998524
4796.100000001721
7095.300000008574
4967.800000003502
6612.775000008241
5746.90000000349
2216.9249999990793
4875.175000003452
3609.8249999978125
3391.049999998011
3895.225000000361
7097.725000008773
2853.5249999985003
3194.02499999819
4605.349999999223
4555.774999999637
5610.650000003614
4195.775000001031
7293.250000010104
3163.3749999985093
7274.975000010401
2576.574999998752
2284.3749999990177
5403.150000004565
2542.599999998783
3823.3999999999146
5148.275000004034
4098.024999999521
4326.350000001903
5527.07500000369
4223.0749999996315
2549.924999998776
2487.4249999988333
3563.574999997855
3832.924999999127
4279.850000004824
3261.799999998893
2729.5249999986127
3252.4749999981377
3541.6999999991453
5899.4000000039305
2890.2499999984666
3235.6499999983935
4833.550000004321
3916.624999999947
4451.524999999803
2605.399999998726
5626.125000003707
2580.9249999987483
5833.150000004545
4738.725000003015
5719.525000004687
2936.4749999984247
3066.024999998307
2960.324999998403
8813.225000014532
4494.750000004629
5124.275000004057
3369.5999999980304
5863.100000004928
7543.700000011316
3969.5750000011662
5119.950000004504
4761.800000002011
2982.799999998535
7251.800000009743
7536.200000010501
3788.849999998766
5296.4500000047265
3558.800000000187
4271.950000002121
2318.349999998987
3600.0499999989847
2629.599999998704
3627.7249999980063
2368.1999999989416
2438.8749999988772
3156.8999999982743
6437.550000005889
5952.5000000043
4006.925000000188
4672.300000000714
7982.775000011734
2392.649999998919
4295.14999999864
3899.0749999987815
3122.874999998255
2525.3749999987986
2741.7749999986017
3179.524999998204
4678.4000000004235
2785.574999998562
2536.8249999987884
2304.849999998999
4647.77500000449
2450.3499999988667
5379.425000004917
3442.249999999099
5543.550000002636
5829.9500000052085
3793.9749999990386
2867.2999999984877
2950.8749999984116
5319.325000003879
3993.22500000051
4389.550000004725
5992.100000005525
5427.250000003782
3018.7999999983504
4463.550000004657
4866.175000004291
2953.424999998409
4018.10000000044
3494.0249999990956
3160.299999998221
4108.300000000142
3418.84999999821
4933.025000002033
4907.5750000042535
3342.4249999980557
4847.1750000043085
3847.0249999995895
3477.674999998101
4066.775000002932
5040.875000004133
3775.325000002105
2545.9499999987797
3299.3749999990623
4861.200000004295
4604.0500000045295
3176.324999998558
7297.725000009701
2009.449999999268
3746.6500000000296
5119.75000000406
5174.97500000401
2636.299999998698
4358.625000000571
2411.9249999989015
2851.399999998502
2958.1999999984046
5425.700000003782
4291.575000002123
5902.775000004645
3935.7249999996793
5003.575000004166
5594.750000003631
3289.199999998104
8284.500000012607
4404.4500000010585
5460.7500000040145
3885.5249999999105
4770.450000004378
2429.5249999988855
2833.024999998519
2424.3749999988904
3750.2750000019205
2660.6999999986756
3365.7499999980346
3683.8250000021662
5352.775000003849
5285.950000001699
3879.799999998749
4038.4749999987057
5388.400000003816
2898.2999999984595
2246.599999999052
4696.125000004446
5258.650000003934
4358.275000000053
4194.5250000017895
3350.049999998049
2992.299999998374
4801.40000000435
4658.72500000448
4210.424999999632
4692.625000004449
5765.92500000463
5124.150000003017
5112.525000004067
7033.525000008682
6445.050000005915
2719.399999998729
3704.774999998223
4491.800000004632
2663.9999999986726
2269.0499999990316
5900.750000005161
5628.350000002945
3027.474999998342
5104.175000002737
6051.250000006614
5828.150000003671
3530.3749999978845
5686.100000003546
2622.4999999987103
4672.050000001706
2219.0499999990775
3700.949999998831
4998.750000004171
7398.15000000961
3123.299999999486
3595.9999999987394
4720.325000004424
6432.87500000678
7059.225000009413
7546.450000009922
3814.5749999995296
4856.425000001944
7748.025000010656
3952.8750000011655
3175.5999999982077
3867.7999999975773
3980.600000000366
5897.925000003926
2176.949999999116
5545.375000003673
5683.175000003548
4636.950000001108
5271.65000000401
5404.075000003802
2463.9499999988548
2432.124999998883
4623.500000004512
4798.800000002257
7284.750000009713
6422.375000008485
2630.599999998703
2924.599999998436
2184.6749999991084
2869.849999998485
3077.999999998296
5826.45000000433
5328.375000004608
5517.675000004477
5901.875000004805
3981.4999999986508
4884.000000004275
5217.725000003971
4063.0500000012344
4764.700000001301
5831.100000004228
3012.3249999983555
3455.524999999471
5029.925000004394
3822.925000001975
3383.2249999980186
1994.2249999992816
4200.700000001904
3426.6999999989084
3479.2999999983576
2991.724999998405
6741.125000007756
3149.3499999982314
3324.0750000002963
4954.375000004211
2804.4749999985447
5818.525000003636
2004.1999999992727
3234.9999999986685
3008.474999998359
2268.474999999032
4964.750000001016
3483.874999998086
5205.175000003983
6257.475000008277
5750.025000005594
5215.050000003974
3262.199999998129
2743.6249999986003
2537.299999998788
4976.525000004191
5465.750000004924
5065.6000000041095
3050.1499999983216
4162.675000001007
2914.574999999273
6982.975000007873
4173.700000000486
4282.000000003135
2809.92499999854
7135.700000009849
2947.924999998414
7201.7750000097885
3370.8249999994264
3785.149999998228
6455.125000005952
3290.9749999981022
4566.850000004563
5238.025000003952
2422.074999998893
2778.6999999985683
3661.824999998248
2984.274999998381
2791.299999998557
5054.875000003175
2508.599999998814
3806.2999999995936
3483.4749999983364
5385.525000003483
2146.1249999991433
4784.250000004366
3894.900000001281
5577.075000003645
3687.424999997742
7726.450000010577
4176.074999998467
4525.475000004601
2619.824999998713
3274.499999998118
4904.775000004256
4983.675000004184
3532.6499999984203
3082.074999999251
3217.449999998169
3352.974999998046
5376.625000004018
3370.3499999982437
5030.950000004419
4430.025000000807
3754.64999999924
2675.574999998662
5790.100000003533
7594.450000010097
3640.575000001002
3259.5249999981306
6455.475000007031
5007.025000004163
4806.850000003193
6126.925000006689
5320.500000003878
3214.3499999983064
7300.700000009699
4705.800000004438
4734.825000004411
6600.72500000724
3536.574999997879
3471.899999997938
5837.375000005991
3056.724999998694
2925.174999998785
5337.275000003863
2315.0749999989903
2575.2249999987534
3697.97499999891
4242.149999998794
2205.9249999990893
7315.725000009685
4740.500000004406
4268.475000000015
3198.3249999990235
3775.8499999997225
4370.800000000066
3616.875000001211
3557.8749999991533
3273.9249999981175
2430.0749999988857
5065.925000004145
3516.149999998947
5117.300000001085
2579.6249999987494
5053.2750000041215
2997.899999998369
3016.3249999983523
3240.8249999981763
6537.400000008882
2704.7999999986355
2308.849999998996
2648.9249999986864
2660.074999998676
5533.350000003684
7006.525000007959
2918.524999998441
2817.574999998533
3159.8249999982218
7574.425000010507
4154.200000002392
4246.225000001546
6365.9500000075805
2699.57499999864
3215.9249999988165
4569.400000004562
6592.375000007659
4132.949999999872
4217.6750000020775
3875.449999999044
3568.9999999986394
4698.550000004443
4813.175000003068
3285.2249999981077
2323.849999998982
2915.6749999984436
7760.475000010814
2579.849999998749
2942.9999999984193
5074.450000001187
4787.600000004362
4900.05000000426
4216.499999999472
3385.9249999986673
4767.275000004382
3196.199999998188
3019.774999998349
5095.300000004083
2704.699999998635
3904.549999999974
2680.2999999986578
2594.224999998736
2703.349999998637
4023.9500000009916
2588.6249999987413
4742.100000004404
3194.8999999981897
5125.725000004055
3494.2999999981503
5391.3750000042055
2801.5499999985477
3213.074999999033
4126.125000000178
2228.5749999990685
5077.150000002237
4362.125000000966
4613.075000001189
5468.200000002801
4550.800000004578
4439.749999999278
6634.925000010304
2754.5749999985906
6646.875000010293
4132.999999999234
6181.750000005889
5459.97500000375
5920.500000004908
3419.3249999979857
6321.250000006606
5074.10000000374
3092.5249999993684
2903.124999998455
3681.749999999752
4666.425000001758
3366.5749999987406
3199.224999998186
4600.175000003632
7476.4750000098165
6937.000000010029
2650.8249999986847
5354.725000003847
7794.750000011012
5041.875000004131
5820.025000004244
9147.475000015747
3387.749999999874
4947.375000004216
3250.8499999981386
4017.425000000709
2377.949999998933
4796.45000000047
3514.674999997899
2537.6249999987876
5163.025000004021
3404.049999999634
2888.9499999984682
6867.125000010093
4605.3500000021595
6037.12500000681
3696.5000000008667
5886.525000005515
5128.675000004304
3344.699999998857
7300.500000009699
4822.825000004331
2705.349999998635
4341.350000003015
3529.6999999986183
2867.8999999984876
4972.750000001227
3667.5499999978088
4520.150000001331
3488.9499999982477
3018.64999999835
4857.300000004299
2195.9249999990984
6947.67500001002
5152.675000004031
2146.4249999991434
3768.44999999917
2850.574999998503
5383.275000003821
3844.8500000005806
5668.400000005423
3726.5249999992247
5698.750000003534
3082.524999998292
2416.199999998898
3709.299999997722
5008.7750000041615
2996.0249999986345
3087.4499999982872
4837.000000000626
6664.500000007426
3730.224999999523
4037.6250000000264
7244.225000009749
6004.250000004312
3463.3999999979455
5547.875000002652
3091.549999998614
3416.049999999114
5327.275000003893
7266.725000009961
2485.2249999988353
5895.350000007787
3062.2749999985117
3264.574999999502
3586.575000000978
6463.450000008308
5080.650000001784
3062.4249999983103
2767.799999998578
8955.250000015047
3907.5000000001473
7229.125000009763
4194.850000000887
6065.125000004874
7159.200000009827
2872.874999998483
2300.449999999003
5282.875000003996
3179.949999998203
2676.799999998661
4203.474999998879
2847.4249999985054
3170.4999999983484
4854.600000003099
3055.8249999983163
4678.450000004462
2845.4999999985075
5319.625000003878
3395.1999999987693
4045.324999998824
5984.0250000053675
3525.8749999990814
5004.025000004165
3592.9749999978276
5275.375000003919
4312.100000004795
7186.700000009802
6903.65000001006
4986.100000004182
2429.7249999988853
4133.275000000009
5970.42500000542
3263.6999999992754
5226.550000003964
6525.975000009176
5283.150000001689
3450.325000000273
7752.500000011185
2935.174999998426
4456.200000004164
3162.9749999982187
3404.5249999979987
4659.649999999836
4824.700000004172
5954.225000005483
5121.550000004058
2548.6999999987775
5645.42500000453
2650.8749999986844
5460.200000003751
3119.8749999982583
5193.475000003993
5956.4250000041375
3428.799999998068
2670.7999999986664
2495.8249999988257
4802.175000004349
4430.050000004688
2821.749999998529
5654.875000004823
5658.175000005187
5453.775000003757
5796.975000004209
5844.925000006114
5469.400000003743
6397.900000007321
2383.399999998928
3684.0499999993317
3241.524999998147
3345.0749999999866
4247.450000003817
6168.475000005066
3115.424999998262
6618.150000008139
6021.9250000051725
7920.625000011283
2784.8249999985624
6873.125000007927
3670.1249999987635
5865.550000005325
3497.174999999603
4361.600000000155
6485.000000006061
4644.550000002961
4542.0500000022275
5272.500000003922
5000.900000004169
5547.700000005931
2775.8749999985707
7407.500000009417
4701.750000004441
3407.024999997997
6979.2500000084065
4562.300000004568
2941.1499999984203
5748.325000003678
4827.175000004327
4952.550000002833
5732.725000003325
3567.275000001664
5092.650000004085
2459.974999998858
4211.675000001775
3027.7999999983417
6297.475000006978
3903.7500000019413
3999.474999998788
5406.7000000038
2308.0249999989965
2892.649999998465
5564.350000003669
7859.175000011177
2821.449999998529
6864.750000007664
5700.750000004353
2492.5999999988285
6821.6250000079835
8996.800000015339
4469.775000004652
4645.525000004492
2934.3749999984266
3218.424999998257
4533.425000001171
4923.900000001879
5810.150000006528
4660.55000000021
4660.350000004479
2691.899999998647
3473.799999997936
1963.17499999931
3312.8999999980824
2306.0499999989984
4002.7249999992364
3915.3499999986393
4614.200000000667
4849.050000004307
6276.225000005957
2556.69999999877
5438.425000006565
5534.250000004209
5019.425000004152
3247.5249999990706
4754.2750000032775
2955.099999998408
2950.8999999984117
4604.20000000321
2428.1749999988874
3370.3499999980304
3729.500000002031
5216.950000002307
6336.800000008807
7814.700000011765
3120.0499999990852
3287.6999999987097
5207.950000003981
7516.500000010455
4818.675000004335
4035.8249999984573
3965.9499999993186
6882.775000007508
3755.025000001674
8947.000000015822
3510.6499999981766
4575.975000000207
4760.750000004387
3910.974999999494
3966.6749999996227
4385.875000003778
3688.1749999999806
2695.874999998644
2885.374999998471
3680.074999997956
4467.450000000791
7458.650000009609
3294.0999999980995
5823.350000003654
3357.924999998041
2458.949999998859
6340.675000005536
2905.5249999992866
5954.275000007381
5247.600000003945
2846.4999999985066
5477.325000005163
4146.55000000215
4154.474999998809
3600.5499999980334
3185.6999999990294
2782.2999999990893
3720.099999997712
3520.099999999439
4699.750000001798
7155.725000009501
3085.14999999829
5986.200000006114
6079.8750000052805
3500.3250000008643
3948.6249999995243
7196.525000009793
5377.775000003826
4864.375000001881
3340.8249999987697
5858.850000004848
2404.4749999989085
4911.3500000042495
4781.400000004369
4678.225000004462
6812.975000007627
3424.6999999990217
4952.550000004212
6013.975000005417
4254.075000001505
2639.3999999986954
5839.675000005964
5276.3500000039185
3528.8499999981527
5345.075000003855
5174.425000004011
4349.750000001397
5457.025000003754
2890.574999998467
6150.850000007247
7211.35000000978
3540.2499999978904
5564.775000003656
3048.749999998323
5259.925000004565
4457.5000000028795
2577.4249999987514
5361.475000003841
2807.724999998542
3305.574999999085
4344.925000000401
3502.974999999038
4536.4000000009055
5076.500000001812
4731.250000002867
4789.375000001833
3636.2249999977885
6647.9250000087195
4651.575000004486
4220.924999998578
5279.925000003915
7842.750000011
5388.025000002142
3269.7999999985977
3144.074999999116
5545.725000004244
4170.500000000645
3296.674999998097
5345.200000003856
2603.974999998727
5620.4750000035365
3491.324999999481
2946.8999999984153
4695.400000002177
4716.275000004427
3678.6749999984
4150.1999999997515
3255.724999998134
4924.025000004239
6481.300000006047
6259.600000007284
3124.7999999993426
5521.575000002923
3636.800000000687
4730.399999999776
6989.575000007935
5590.225000003893
6128.950000004766
6044.900000004987
3747.4249999989365
3150.4499999982304
5039.275000004133
5545.85000000505
5003.925000004166
2498.499999998823
5549.45000000367
4348.1750000021275
4406.200000002702
3749.1999999989325
5160.225000001853
5599.7500000032105
5022.200000004401
5362.6500000052765
