4294.843460005407
4107.414170005739
3157.9794800023874
1878.8569999992344
1830.8622699992695
4124.606640005972
1730.54901999922
2852.2141000007714
1858.625729999303
1906.2366399994871
2114.711919999737
4613.395600007064
2456.6498999998994
2668.9185000015127
3642.471070003402
3313.497980003098
3113.958180003016
1640.2608599991922
2176.7763799998797
3234.7987500029053
3039.1724100018605
2769.135550001223
1905.1957399993855
3803.302970004829
2238.5752399998933
2943.3478400020877
2800.0331500010366
1970.2042199993812
2945.574360001182
2993.458270002148
4173.041680004609
2890.0519000018767
3227.4168700028704
3124.9160600016953
3758.9537000048294
1766.3909299992638
4878.743260007862
2528.30469999986
2405.707770000433
3564.9081400036193
2743.4265800015605
1494.3350299991962
3697.4829100048473
5254.799850009806
2188.0924599993905
2660.949390001181
2489.8091999999738
3095.503700001653
1933.2912999993623
2739.1143600017776
2815.3485100005632
3621.2351100030505
2611.7869500007223
2407.4277200005295
2574.6419899999846
2557.3976300007744
4007.6437300057937
2854.1832400016824
2343.8485300001594
3467.522690003599
2885.6960600015946
5306.779950008054
1795.6937999993143
1689.7978299992167
3738.374270004182
2345.5014399998695
2896.4994600010077
2737.269900000585
1915.535629999388
2816.508740000505
2359.152749999538
2457.117110000003
3061.5549000012484
4645.774130007123
4455.682750005337
3946.6257800047406
3069.8924000014176
3891.3465200038668
3189.387000002318
4772.35948000858
2176.4532699997126
2525.6601000008977
2028.016919999753
3220.856200001766
3193.3034500022854
3106.93225000138
3077.084400001352
3168.016120001875
2483.265289999907
2467.0956300006383
3849.25936000396
3139.959380002803
2753.168420001546
2467.9160100005274
1721.3572099992168
4523.488660006238
3831.5933600050885
3214.2515700020485
3262.123310002046
1956.600749999157
3387.010720002176
3536.2674700036
1829.328649999281
1801.8684699992157
4093.500900004804
3863.255840003673
3418.9080100023607
4435.713060007244
5684.365060010467
1979.4002499995643
2072.1605399995083
3303.9786900023955
3375.6314100024524
1774.3695499992325
2793.766260000492
4040.2255800045205
2304.8512199994743
3271.866390001925
2600.1273600001814
4369.8344600059445
3168.0424600022457
3875.4273100035703
2845.0524600008393
3055.438700002677
3194.1191200026205
3238.310640002678
3648.514290003281
3087.492760001584
2439.5044599997027
2157.8281999995797
2113.4553999992518
3519.115410002931
2999.5371700023456
2798.895490001363
2582.81498000129
1945.9755599994498
2071.999579999692
3294.2756600020075
2677.9848100007894
2380.792819999606
5383.7149800097395
1956.1120999992936
2594.7294300009116
2053.901089999232
2576.04088000111
5448.0665900089425
3970.8159900048213
3264.0563800029354
2055.189669999691
3515.1538400026907
2613.7473000005493
3440.651510002572
3036.9178200026577
3346.4129100022783
2821.838550001137
2561.4828700008675
3326.7848900027316
4701.210680005958
3731.115930004365
2896.8427900020924
4074.3298300059214
2249.42379000007
4202.4261600051395
4104.988310004872
2490.9675499997584
2769.2873900017353
4466.832850007126
2379.745200000264
2770.201980001309
2702.789240001215
1685.9735699991556
3466.4987200037863
3310.9416800030885
3199.1600400023935
1622.3068299991521
2584.2901500000344
2342.078920000185
2609.623760001361
3505.7402600025634
1903.0775699993944
2903.5465900011895
2887.5845400009043
2951.10044000157
2180.186019999894
2447.4165099996735
1730.2476499991565
4941.634700009151
2966.0692200017224
1599.2992699991585
2666.512220000611
2040.8961099995959
3039.5309700023913
2854.79413000155
1932.3201099993742
1904.442119999432
2231.2038899999216
3049.462580002523
4599.69223000644
2926.8757800010603
4669.209560006977
4107.989040006161
1632.2618799991606
2762.994680000853
2900.415600002078
2589.5661400010604
3112.690260002017
3727.850530004691
2160.27663000005
2390.7168800003246
3658.664940004283
3355.210700003316
4101.28864000465
3145.1302900014603
3311.2629300032004
2383.9714300000355
3020.2696100021717
1860.064809999255
1609.7812299992202
3147.075770001799
1803.1254799992282
2818.4478100009396
3373.72715000225
3079.374050002138
2717.5475600004675
3953.0349000040405
3291.404600002959
1935.6115399994399
1916.045259999335
2842.8914200018644
2702.3607600009923
1955.4412799990919
2337.3951300003446
2006.3837399996034
2437.401430000513
2119.529599999838
4522.3122700060285
2213.563429999803
2460.1041600002554
2837.1758600009834
3066.4010500018917
3148.454760002524
1940.5367899995067
3986.8277600041615
1986.3073199994592
4376.1535300055375
3108.7984000013857
3534.5055500027584
2131.9544099996774
2436.1485600004835
2162.9097599996753
6511.642560014846
2343.8418499994723
3239.199700001924
2696.512060001307
3759.0274800038833
3177.477500002539
2733.992050000466
2598.170580000454
2855.2100300007987
2153.804969999633
3816.751410005038
3800.344250004869
2838.054930001672
2949.1386400013885
2699.1045200001636
3045.3849500011174
1675.12550999917
2814.0394600010677
1917.035649999528
2833.3165100016427
1791.493919999206
1804.9137799992518
2381.702590000102
5245.663370008542
5471.196030009578
3199.4852900020524
3478.3274100027147
5483.684980010008
1778.7181899992615
3363.6545600032528
3011.6112300020495
2470.93196000074
1929.0152199994054
2044.4514599993904
2544.2357400007195
3399.913840003337
2084.2528799998345
1879.885219999394
1663.5190999991219
2539.6967999999683
1733.8066599992287
2987.17437000137
2530.124790000451
4254.826910006135
3511.9213300031565
2761.97334000137
2091.493009999498
2260.591059999962
3614.464350002924
2451.0150500002665
2116.797659999294
3819.412120004102
4560.785950006588
2354.786560000268
2121.9566599993423
2599.9228000001517
2184.1255500000575
3046.8814100021746
2610.3120300005794
2480.4887700006343
3092.632350001831
2645.2330600010227
2958.364360001401
2777.352680001874
2689.6333800012594
2743.8379000004234
2915.9853500013805
2621.2305300010053
2396.1223399996284
2884.6802100022164
2216.591119999393
1824.9868299993004
2463.166300000079
2625.2870100012055
2455.721289999767
2371.126530000023
3645.616630004709
1415.3957099992601
2174.6379499999525
2849.19702000086
3269.833860001832
1891.986539999275
3028.1455300016514
1771.958719999262
2229.8406500000406
2199.716779999877
3705.991290003432
2847.62470000072
3979.7737400041024
2965.7336400015247
3145.776070001835
4078.683460004657
2397.16107000044
4853.255400008453
3122.350260001653
3336.211660002329
2992.7939100013864
2428.5058599998533
1830.3925499992504
2206.853729999906
1691.740209999165
2288.7751499994424
2047.2045699995986
2658.693110001184
2086.3816199992125
3111.163280001402
4036.3505800057696
2980.513350002023
3054.717230002337
3826.4060600044445
2204.059809999871
1629.9543099991504
2627.253700000112
3461.920970002956
3305.8507600026946
2813.6952000007645
2604.2169000010717
2352.0829200002186
2754.565850000556
2486.678959999969
3224.5659500024676
2681.940100000674
4047.111490004323
3362.8889200025656
2968.123730002511
3946.7609100051513
5003.341410009385
1871.018399999309
2669.516990001131
2279.528699999431
1932.672769999377
1666.581179999178
3895.688160003976
4003.2103100055697
2411.8627900003207
3800.5789000035966
3680.2286700037703
4369.287770006983
2828.9222500017363
4160.131630004894
1948.7737299995058
3498.7069100026392
1623.6848799991444
2529.0059600006557
2999.9088100012236
4260.21688000662
2241.804849999536
2565.606200000502
2395.9867500008795
3932.773770004956
3617.6419500033135
4105.483720006258
2854.5324500013176
3562.8832800033065
4180.151060006215
2886.0218300012684
2492.221750000676
3095.9530300027295
3036.101100001288
4620.230260007561
1523.8152299991964
3941.530290004057
4072.2814500046024
3533.3421900027256
3219.6522000018867
3839.2029700040216
1858.8243199992385
1698.6673999992024
2483.5492399998147
3035.2157200012352
4236.247120006337
2879.966930002044
1849.58457999923
2235.9474499999305
1622.9651399991708
2217.1502999999943
2188.259499999743
4083.4791700062137
2803.501690001698
3734.340360003977
4069.9192200046346
3052.93688000214
2916.1559700008074
3510.3121100025055
2772.052350000745
3647.1118300035014
4078.229680005931
2189.617229999821
2516.6217400002593
2429.887140000166
2329.932509999569
2549.8120900007048
1427.504029999255
2793.084420000552
2574.1358200005557
2622.0693900009774
2186.6447199997033
3893.336720005041
2405.051560000336
2384.9608099995403
3011.635820001472
2213.5364099998765
4533.437050006664
1384.2340199992834
2290.2883500000426
2266.377550000075
1716.1578699991421
3800.97902000456
2359.5224400003826
3333.1705000021307
3038.1274700023555
3647.995170003978
3009.929130001079
2535.2738000009263
2028.6938099996385
1848.2831699992867
2951.464650001069
3221.8121900029523
3173.9294400015974
2453.314780000466
2891.210810000923
2072.5439299992395
4895.320090007713
2852.559740001109
2570.951289999959
2161.7477099997886
3467.1372900039523
2295.6352400001488
4161.311510006137
2459.777490000002
3017.507670002104
4762.671560007089
2597.6191400009698
2456.625749999736
3439.5684900025144
1833.9593099992512
2061.6168899994636
2771.331660001441
2175.519589999769
2102.631849999695
3469.6048300036537
1886.2157199994024
2795.1283100011365
2344.5024100003593
3787.611190003518
1573.0093699991623
2870.777870001228
2751.930600000508
3984.218660004561
2948.4497400022174
5089.897380008414
2948.766070002049
2392.445329999739
1877.5131399994145
2489.889800000829
2875.773600000975
2960.7545200011427
2417.654120000383
2238.1551399995765
2497.8446400007997
2668.9311500012095
3372.6874200022953
2542.8306000006805
2436.5518600000896
3379.6964000025514
2808.5280500012123
1977.34925999933
4412.092200005562
4698.131740008128
2549.275530000237
2405.8658500004426
3781.213720003766
2924.9667400007893
3114.5043100014846
3428.7763000033256
3349.833810003667
2356.855860000189
3809.613850005179
2553.782820000026
2513.015560000047
3567.4472700038523
2789.7484700017
2765.7067500014505
2993.758800002337
2199.4031399997057
2183.762869999677
3589.6021500030156
1669.2013399991981
1908.8627599994518
2765.6589100012193
3220.57280000284
1672.1426899991295
4410.791120006955
2656.0717500002265
3096.6065500019427
2324.2775999998253
2930.20200000128
3054.248540001707
2397.9767899999047
2354.436540000088
2545.96640000078
1773.7720199991672
2649.047920000476
2468.6145800003324
3271.783950002897
1743.7846699991073
3013.648710001322
2372.232570000344
2246.943810000114
2422.3914500002775
2903.3534100019797
2028.5213299996242
1647.9843999992015
1948.7072399995395
1949.5397799995292
4312.945070005314
4765.858940007528
2214.975340000071
2081.399809999626
2392.7625700003177
3975.1497800054076
2587.1955500000777
3035.458550001169
3481.4678000035096
1947.995169999459
2296.765069999931
2485.9793500002693
3660.649990004332
3172.5409800021857
2774.7429600004766
2711.5687200012903
2694.6355500008835
2748.9870600007607
3096.44816000196
2502.732410000675
1745.0689499991608
2191.0115299999966
5113.537150008594
1857.6972999992347
2186.314999999805
3625.601930004212
2781.35745000072
2858.9686500008243
3261.576410002574
2600.5907300005374
2680.885500000345
2552.7629200007227
2349.6719400001575
3260.1970400018895
1773.5582099992137
2943.3750900012983
2017.0041499995395
1998.1821499994558
2071.2989299995825
2741.7909900003615
1955.6998699994542
2701.8309500003247
2481.022700000765
3186.329750001698
2694.961060001126
3234.473470002099
1984.3351199993347
2357.9956899998465
3039.8478800014586
1605.6909099991828
3788.418150003602
3359.2105300030084
3598.081790002998
4146.04480000484
2415.0458399995778
3345.4962300033785
2297.395830000433
2081.3802199997804
2221.738240000459
3071.848900001964
3751.215310003715
3425.560570003884
4000.005270005021
2670.379840001271
3854.7343400042137
3389.421900002287
2188.277829999551
2084.331569999511
2756.782430000877
3482.044140002599
2535.139640000396
2047.58930999972
2504.7036199998947
4785.470590008084
3136.5964700026107
1988.0354299995765
3889.0851600040496
4393.509210007114
3002.8501400025543
4974.764930007829
5709.128040010136
2522.345199999956
2891.7726200008974
2581.036790000996
2439.055240000187
1791.2366499992154
3642.8720500042455
2782.734800001527
1900.4662799994176
3237.7084600019352
2487.932900000182
2065.6419699995513
2722.2909800017146
3274.939960001956
2966.313460002246
2509.954699999954
3332.4144000026545
2759.106580000726
2542.4269600003863
3658.9698300047003
2915.603970001424
2074.370029999738
2599.029160000115
2338.479200000186
2113.657259999727
3849.507320004197
2470.7388200004484
2926.734310001875
2530.9163200009275
2304.029710000037
2963.574290001541
1561.5066499992035
4377.097180005008
3114.7243300028626
1517.6107899991953
2563.0632400006652
2131.2746499996456
3771.945390003557
2830.3748500006845
3188.364410002229
2832.748900001345
4118.529200004789
2390.8402600003437
1784.668129999278
2977.298160002269
3037.3036600012897
2170.7272099996517
2335.897230000175
3491.9669100032756
3864.5386800049178
2779.727990000954
3080.1538800016688
3537.421100004242
4552.609470007782
2778.455890001457
4246.08580000632
2201.6603099997733
2588.9151400004566
3298.6151400021745
3389.543100003539
1875.5767599993485
2166.8348700000997
2215.311589999813
2378.6362899999885
2293.749599999579
3171.686270002775
3666.7002500041417
2236.431309999908
2063.3021099996317
5484.477660010925
2834.6916200011115
5288.500710008224
3108.1096100015548
4277.297240005483
3400.1383400038258
2118.3207399996504
1658.9382199991906
3108.673720001697
2486.3633100006377
2040.052649999608
3294.184510003021
2120.5700599998336
2388.924780000246
3352.6763900020433
2323.6072900004287
2535.6679399999925
2213.0740899998523
3629.759880003105
2439.360340000293
3049.1645500022673
4151.997400005374
2651.5555700007676
3120.3763600014713
2752.938110001516
3566.5872600030557
2035.3678099991114
3582.4713400042847
2890.020970002118
3084.7780400013494
1795.9159499992652
2530.807270000441
3690.980030003786
2411.2045199999175
3411.7178900023714
2854.0357300017863
4132.456010005939
2534.0384600001316
4113.458500006167
2216.660109999602
2400.5002899996593
2245.253800000055
2708.9589400012446
3535.7481800039877
2253.8695299997353
3699.462810004143
3425.765380002828
1973.138589999443
3467.26636000272
1982.0877299994745
3803.866350003658
2368.0012700005677
3610.9641400033356
4437.968120005925
2606.919890000967
2074.5180799995346
1926.0230599993558
2589.6645900002204
2162.008599999302
2160.3927999998164
3700.2452100034848
3515.896960002863
3733.9058400033928
4115.940800004705
3144.526560002267
3751.8013800034983
3362.379150003536
1750.731529999185
2760.67368000093
2482.165640000589
2472.041710000024
2222.544089999426
4673.129210006474
2409.167840000615
3192.343910003174
4437.137080005864
5555.667300011361
2071.3377799997966
3974.493710005409
2540.3678900008326
3589.05207000341
2584.5572300001304
2892.5211500020496
4910.031850007679
3113.066450001346
3190.511650001614
3399.077570003701
3092.0303500013433
2585.1471700009943
2069.2035399998044
5460.768800009694
2532.0659000000574
2639.151380001104
4482.28065000655
2289.0726499996176
2307.833230000099
4359.637590005516
2803.7659000005324
3638.6480900038728
4070.8512700057363
2138.7302299992966
3230.8853500018404
1866.5325199993124
2798.871930000603
2366.524040000415
3541.577140003667
2443.563249999792
3016.5562900021637
3701.8643800032896
1742.264409999194
2179.304939999977
3943.09396000417
5120.801950009296
2178.0229799998956
4899.193910007495
3817.5621600037425
1892.6545599993215
3905.86725000524
5528.602680009731
2227.059059999386
2447.6855999998256
2298.7042200000446
2304.7289200000337
3065.678310002043
3733.9738800035466
2645.599520001298
3629.023540004406
2504.3241599998473
2013.508129999652
2665.266390001233
1409.0008399992723
2662.01123000105
1726.4867299991765
3057.0735100020183
2914.473950001814
3690.1200200035773
2784.7188000006245
4066.34092000461
1938.459059999439
1936.0826499997097
3548.164730003553
3087.428560001345
2424.4649100000083
2513.4730500001588
2246.351490000153
2212.520960000034
2647.3491100002843
1818.7729199992923
2579.656830000902
2227.5487899993445
3594.9154900031886
2472.937830000864
3710.1403200044574
2339.040569999639
2249.8626299998127
3728.0402500033942
4708.346400006732
2809.8423100010828
3063.679830002443
2799.6357200011817
5164.914130009813
2339.390799999555
5106.088820007173
2648.268390001068
3340.900430002526
2779.4163400005195
2969.229060002168
2716.139400001064
2393.740549999684
2711.545160000468
1966.1499799994099
2212.5515000000096
2672.3675100009623
3442.0091100024433
4378.794860006881
2549.9684600007913
4295.246240006145
2598.7500000009545
1870.4105899993128
5221.113990008713
2086.3747999992383
2411.0664200006154
3173.6706600017997
2138.473119999688
3018.986180001718
2716.1698900002284
3205.1884700026794
2798.6746900015555
2233.5288299998206
1968.222459999166
3008.066360002225
2619.2134000004335
2908.7019700009014
3202.967230003097
2372.6562000004897
3594.875000003499
4097.734620005015
2259.497559999508
3085.7849200025444
3285.8602200033433
3444.511600002522
3497.6355100028195
2348.800110000214
3885.6009100041765
1814.5602599992371
2930.212110000977
2513.1969999999974
2557.928220000002
4195.68096000572
2502.193600000413
2952.1001500011316
4449.417490006238
3049.1134500012918
2034.205579999587
3204.9605500024104
3389.3205100022587
2693.5404900012363
3601.6886400031085
3011.7922500013387
3210.056450001779
3180.8574900015815
2179.5058899998776
2801.6505000019743
3570.1090800043394
2601.723090000926
4134.672800005408
2210.431519999853
2839.031630001033
2813.371100000702
1946.7851999994639
3639.908600003082
2102.238799999841
2483.067110000186
3090.4329800018713
2263.4783199998556
3455.9608000027297
3347.589890003427
3119.004110001558
3286.498160002519
2865.628840001874
3201.1633600029177
2519.9103899998645
3237.428090003126
3094.3040800017625
4998.632020009402
3907.0031300053147
2383.6053000002175
2294.5301199996698
3599.3882700040376
3302.5826500019466
2624.4756000010557
3761.445230003348
1991.9848199994772
3708.616030004227
2565.9668800008717
2010.8807499995528
2967.6130800016817
2521.167600000046
2807.591180001462
3253.9414400029286
2340.8376900001904
2880.3647100010085
4565.483480006603
3093.36417000274
2296.165489999617
4165.255760004897
2563.788850000023
3618.3117100043128
4476.6991000068465
3973.9955100044945
4564.445720006371
4115.589840004558
2819.0484300014887
2570.2014000007066
3037.434600002532
3077.65348000194
2739.642150000498
1831.6636899993364
4172.404650004894
2391.6947300000047
3034.1697600021084
2446.2907400005925
3293.859870003333
4435.02777000682
2382.933540000247
2587.731720000734
