13871.625000032933
14573.175000035486
11867.550000025642
7167.5750000085445
7187.0750000086155
15337.475000038266
6974.950000007844
10399.950000020304
7304.12500000904
7610.650000010157
8147.70000001211
16063.600000040908
8973.400000015114
11068.600000022736
13240.550000030637
13248.325000030665
13314.175000030906
6633.675000006602
8375.75000001294
11537.775000024443
10399.850000020302
9906.250000018506
7440.800000009538
14509.700000035255
8422.550000013109
10765.325000021632
10769.100000021646
7424.275000009478
10215.400000019632
10919.000000022193
13081.000000030057
10571.75000002093
12530.800000028055
10471.075000020563
13374.475000031123
6995.825000007919
16314.750000041822
8699.175000014115
8939.825000014991
12071.400000026386
11796.050000025381
6239.475000005168
14676.400000035861
17706.025000022833
8222.12500001238
11260.875000023436
9583.375000017331
10401.70000002031
7456.750000009596
12154.250000026686
9758.40000001797
12321.550000027295
9525.825000017123
9198.375000015933
9473.350000016933
9326.625000016398
15165.350000037639
10423.425000020388
8719.30000001419
12123.825000026574
11307.050000023602
16187.67500004136
7174.225000008569
6873.900000007476
13367.5000000311
8419.6750000131
10016.500000018908
9650.150000017577
7493.075000009729
10374.950000020213
9385.000000016611
8626.600000013852
11002.450000022494
15776.175000039862
14649.100000035762
12934.725000029524
11084.800000022795
12825.175000029127
12583.175000028246
16882.700000034816
8130.950000012049
9639.225000017537
8062.4500000118
11360.9500000238
11018.450000022554
10113.725000019262
10272.30000001984
11468.925000024192
9237.350000016075
9340.82500001645
12426.975000027678
13439.30000003136
10222.075000019657
9055.150000015412
6814.57500000726
14733.100000036065
14766.67500003619
10652.725000021223
11618.175000024736
7543.575000009912
11605.750000024691
12905.425000029418
7260.325000008882
7020.875000008011
13497.825000031575
12808.475000029064
11734.150000025158
16229.600000041512
17561.375000024942
7835.1000000109725
7796.925000010833
11826.600000025494
11894.700000025741
7032.150000008051
10391.075000020272
13302.475000030863
9047.000000015381
11438.525000024081
10054.450000019046
14166.900000034007
11766.375000025275
12433.250000027701
10558.325000020879
13340.500000031001
11174.77500002312
12128.925000026593
12583.750000028247
11268.275000023463
8222.550000012383
7903.875000011223
7536.325000009886
12216.22500002691
11167.900000023097
10163.800000019444
12226.700000026949
7567.225000009998
8128.60000001204
11605.10000002469
9965.500000018723
9253.825000016135
16883.650000034802
7401.050000009393
10908.975000022156
8788.27500001444
11295.850000023562
16628.95000003851
13555.850000031784
11493.825000024284
8022.625000011655
12062.600000026352
9330.05000001641
11402.975000023951
13220.750000030566
11229.925000023322
9943.250000018641
9573.075000017296
11976.050000026038
15138.40000003754
12949.325000029577
12450.725000027764
14238.625000034268
8589.800000013718
13567.200000031828
13404.300000031231
9512.300000017074
12645.250000028473
15946.575000040482
8844.150000014643
10074.950000019122
9890.225000018449
6696.075000006829
13797.175000032663
11720.90000002511
11076.500000022763
6529.250000006222
8700.675000014122
8730.875000014232
11621.325000024746
11908.425000025793
7460.775000009611
9844.100000018281
10672.050000021292
10358.300000020152
8357.075000012872
9468.900000016916
6732.475000006961
17167.900000030666
10529.000000020773
6315.425000005444
10406.500000020327
7897.125000011199
11139.675000022995
10142.375000019367
7475.0000000096625
7528.075000009855
8407.575000013056
11422.650000024023
14630.825000035697
10428.200000020406
15151.675000037589
15486.125000038806
6549.9250000062975
10142.100000019367
10719.975000021468
9831.300000018235
10505.075000020686
14264.625000034364
8493.600000013368
9007.075000015237
12822.750000029118
11963.625000025992
13364.225000031089
10332.500000020058
13572.625000031847
8589.200000013716
12945.875000029566
7141.70000000845
6807.575000007235
11340.875000023727
7128.0250000084
9732.075000017874
11638.80000002481
10869.800000022013
9700.700000017761
12952.35000002959
11548.075000024479
7620.15000001019
7343.825000009185
10623.175000021116
9660.675000017614
8448.550000013205
8970.250000015101
7875.025000011117
9127.575000015675
8176.475000012215
14351.625000034679
8206.675000012325
8883.95000001479
10664.025000021265
10518.950000020735
11121.275000022928
7677.850000010401
13056.050000029967
7654.425000010315
13798.100000032664
10863.750000021992
11921.650000025838
8075.200000011846
9098.025000015567
8025.0500000116635
22174.724999957805
9195.42500001592
11538.050000024443
9906.725000018509
13021.35000002984
13282.27500003079
9542.150000017184
10136.925000019346
10149.950000019395
8049.650000011753
14639.975000035727
14542.800000035375
10406.850000020328
11024.475000022576
8913.125000014894
10192.275000019548
6728.200000006946
9712.375000017802
7748.000000010656
10403.350000020317
7000.900000007938
7150.525000008482
8737.400000014255
15733.450000039707
16820.300000035724
10582.700000020968
11176.525000023128
17306.22500002865
7043.850000008094
11974.175000026029
10781.37500002169
9292.500000016274
7520.725000009829
7599.775000010117
9309.850000016339
11949.775000025942
8221.650000012378
7523.075000009838
6473.9000000060205
9757.800000017967
6975.450000007844
11007.450000022513
9177.250000015854
14196.575000034114
12499.20000002794
10261.8250000198
7760.125000010699
8487.250000013346
12239.075000026993
8953.700000015042
8844.625000014645
12987.200000029716
15639.600000039365
8951.000000015032
9064.150000015445
9979.400000018773
8693.800000014096
10868.175000022007
9234.850000016064
9262.500000016165
10494.025000020645
9616.750000017455
10241.550000019726
12729.80000002878
9952.825000018676
10215.850000019635
10132.975000019333
9681.57500001769
8925.275000014939
12783.975000028975
8405.250000013046
7260.250000008882
8670.12500001401
12175.250000026761
9569.975000017284
8571.450000013652
14650.450000035766
5908.225000003963
8428.32500001313
10649.25000002121
11364.975000023815
7210.850000008702
10454.625000020504
7070.650000008192
8401.600000013033
8473.625000013295
12591.925000028277
9987.925000018804
12852.825000029226
10283.60000001988
11443.100000024098
13337.100000030989
9110.25000001561
16872.300000034968
10361.350000020164
11756.32500002524
10104.375000019229
9753.650000017951
7118.125000008365
8423.775000013113
6789.075000007167
8455.575000013228
7883.625000011149
9972.100000018747
8112.800000011983
11040.700000022634
13995.925000033385
10760.275000021615
11262.525000023441
13414.30000003127
8361.600000012888
6559.750000006333
9965.625000018723
12240.975000027
11381.775000023878
9991.350000018816
9786.725000018074
8732.725000014238
10332.90000002006
9752.150000017948
11118.575000022918
10444.200000020464
13046.550000029933
11555.375000024507
13388.500000031174
14084.72500003371
17421.92500002697
7350.57500000921
9783.775000018062
9178.35000001586
7492.075000009725
6702.150000006851
12903.850000029413
13909.625000033071
8938.750000014987
12364.52500002745
12887.650000029353
15228.975000037874
10461.375000020527
13512.350000031625
7731.075000010594
11440.950000024091
6439.025000005893
9347.950000016477
11001.20000002249
15717.67500003965
8045.2250000117365
9178.100000015858
11890.775000025727
13778.475000032595
12929.000000029504
15740.35000003973
10073.375000019116
11767.70000002528
15367.950000038378
10044.000000019008
9360.10000001652
11516.800000024366
10028.425000018951
15568.550000039106
6453.250000005945
12992.550000029734
13483.450000031522
11142.925000023006
11495.375000024289
12971.500000029659
7156.425000008503
6899.200000007568
9649.175000017573
10527.000000020766
15446.550000038662
12356.25000002742
7130.200000008408
8404.900000013045
6505.650000006137
8531.200000013505
8199.525000012298
15502.375000038866
11083.000000022788
12474.17500002785
13348.97500003103
11055.125000022686
10640.400000021178
11869.82500002565
9819.975000018192
11613.625000024718
15262.500000037993
8293.15000001264
8844.075000014644
9965.900000018724
8691.700000014089
9385.400000016612
5852.200000003759
9719.075000017825
9251.900000016125
9736.35000001789
8122.475000012018
14209.650000034164
8869.925000014737
8133.300000012057
11183.425000023155
8315.375000012718
14235.950000034258
5930.775000004045
8703.625000014132
8612.4500000138
6712.92500000689
12847.925000029209
8960.725000015067
11680.45000002496
12509.000000027976
13932.850000033155
10920.6000000222
9635.325000017521
7947.900000011383
7239.125000008804
10937.55000002226
13442.050000031371
11277.725000023496
9061.000000015432
9838.975000018261
7331.000000009139
15218.350000037834
9784.200000018063
9463.525000016896
8239.175000012443
14059.475000033615
8632.05000001387
15439.600000038638
8592.600000013728
10719.500000021466
14905.450000036695
9780.35000001805
9546.8750000172
11905.925000025782
7114.925000008352
7775.925000010758
10283.85000001988
8227.7500000124
8083.875000011878
12987.850000029717
7448.500000009566
9963.825000018716
8995.050000015191
12553.350000028136
6323.050000005472
10908.025000022151
9530.40000001714
13459.875000031436
10933.825000022247
15967.225000040557
10727.850000021495
9608.400000017424
7584.625000010061
9561.400000017253
10858.950000021974
10901.90000002213
8927.500000014947
8027.6250000116725
9510.700000017068
9861.450000018343
11787.12500002535
9388.675000016625
9937.475000018621
11286.425000023528
9973.725000018752
7441.0750000095395
13856.67500003288
16579.22500003923
9102.650000015583
9171.200000015833
12836.800000029169
10582.500000020966
10925.300000022215
12581.47500002824
14067.725000033646
8892.025000014817
14859.025000036523
9924.450000018574
9990.175000018811
13355.550000031057
10435.200000020432
10074.825000019122
11987.55000002608
8117.8250000120015
8043.500000011731
12285.100000027163
6785.850000007155
7594.600000010098
10004.450000018865
11507.550000024334
6453.500000005946
15736.92500003972
10116.425000019273
10687.975000021352
8458.050000013238
9934.925000018611
10332.725000020058
8841.500000014634
8592.500000013728
9464.800000016901
6878.05000000749
10348.675000020117
9044.950000015373
11343.000000023734
6630.325000006589
11270.17500002347
8927.800000014948
8722.5250000142
8866.925000014726
12468.400000027828
7928.375000011312
6821.825000007286
7823.900000010932
7751.600000010669
13859.92500003289
15254.150000037962
8656.800000013962
8005.975000011595
8915.900000014904
15006.950000037063
9436.9000000168
10159.55000001943
13250.775000030673
7665.675000010356
8490.325000013356
10024.95000001894
13715.200000032364
10841.900000021911
9653.450000017587
9942.175000018638
9463.000000016895
10407.800000020332
10861.375000021982
9365.875000016542
6836.025000007337
8537.82500001353
15876.350000040227
7142.500000008453
8230.250000012411
12761.100000028893
10555.650000020869
10625.750000021126
11334.475000023704
9070.975000015469
10205.850000019596
9353.050000016494
8708.875000014152
11445.775000024107
7065.800000008174
10073.175000019115
7745.550000010647
7649.2500000102955
7884.875000011154
9213.500000015987
7646.325000010285
10130.425000019322
9414.575000016719
11308.900000023612
9874.700000018394
11694.300000025012
7477.175000009671
8418.575000013094
10114.875000019267
6573.075000006381
12243.97500002701
11661.350000024893
11516.150000024365
13252.150000030679
9425.650000016758
12116.75000002655
11454.050000024137
8160.750000012157
11511.97500002435
10723.40000002148
12659.275000028521
14126.350000033859
13233.600000030612
10044.47500001901
12834.87500002916
11695.150000025014
7915.475000011265
7778.275000010766
9530.000000017139
11365.950000023819
8972.900000015112
8132.325000012053
9560.55000001725
16018.075000040742
13204.500000030506
7832.300000010962
12738.30000002881
15995.05000004066
13189.20000003045
15029.925000037147
17331.025000028294
8563.075000013621
10639.675000021176
9695.25000001774
8898.975000014843
7006.300000007957
12741.20000002882
10190.625000019541
7473.300000009656
11572.075000024568
8870.175000014737
7875.525000011119
12612.00000002835
11081.375000022781
12150.00000002667
8874.775000014755
12003.875000026139
10488.450000020624
9040.575000015358
14624.025000035672
11021.000000022563
8043.22500001173
9681.500000017691
8762.475000014347
8204.800000012317
12697.00000002866
9122.075000015655
10536.8250000208
9806.025000018142
8574.800000013664
11168.075000023098
6499.650000006113
14543.425000035377
12968.87500002965
6304.625000005404
9282.175000016236
8098.550000011931
12558.600000028157
9618.000000017459
11728.500000025138
10027.850000018949
13607.27500003197
9092.500000015547
7133.975000008422
11042.00000002264
11088.82500002281
8115.900000011994
8694.700000014098
11921.250000025839
14007.450000033426
9633.725000017515
10402.525000020312
14382.10000003479
16375.20000004166
10228.900000019681
14472.850000035121
8322.950000012748
9072.875000015476
11632.87500002479
13752.8250000325
7359.725000009243
10554.025000020865
8290.325000012628
8586.100000013705
8448.375000013202
12987.500000029715
12699.800000028668
8311.350000012706
7909.425000011242
18331.825000013727
9928.500000018588
16277.125000041684
10311.700000019982
13917.4750000331
13997.975000033393
8035.400000011701
6769.475000007095
11320.10000002365
9373.85000001657
7929.2250000113145
11667.050000024912
8283.850000012604
8713.150000014168
11240.400000023361
9062.85000001544
9901.82500001849
8347.550000012838
12167.750000026734
8966.150000015086
11048.000000022661
14008.225000033432
9479.250000016955
11141.575000023002
10326.575000020037
12331.700000027331
8544.075000013552
14238.225000034268
12784.75000002898
10996.025000022473
7134.675000008424
9040.025000015356
12981.325000029694
8462.025000013253
11892.025000025731
12350.8000000274
14191.900000034098
8812.92500001453
15398.575000038487
8073.375000011839
9361.850000016526
8542.375000013544
9936.200000018616
12398.22500002757
9493.950000017006
12783.500000028975
12127.725000026589
7603.950000010131
11940.90000002591
7753.475000010676
12748.950000028848
9269.950000016192
12476.800000027859
14318.000000034557
9729.375000017864
7846.600000011014
7423.125000009473
10092.075000019184
8951.350000015032
8223.750000012385
12413.45000002763
12146.825000026658
12682.650000028607
13331.450000030967
11863.350000025628
12757.12500002888
13140.125000030272
6988.000000007891
9584.800000017338
9175.950000015851
8545.250000013555
8908.425000014877
14297.875000034484
9276.000000016214
13252.50000003068
14204.575000034143
18617.725000009566
8191.025000012267
14516.125000035277
9621.57500001747
12633.125000028427
8729.725000014227
10906.500000022146
15223.400000037851
10652.10000002122
10737.45000002153
13891.000000033004
11026.900000022584
10991.875000022457
8252.65000001249
16507.700000040273
9911.100000018525
9778.750000018043
14607.90000003561
9402.600000016675
8705.200000014138
13643.050000032103
10380.500000020233
12589.700000028271
14027.400000033502
8149.850000012118
11389.150000023901
7332.375000009144
9732.150000017875
9053.125000015403
13037.8000000299
8943.575000015004
10754.450000021592
12571.225000028202
6867.9250000074535
8533.300000013514
13017.300000029825
17219.525000029913
8311.800000012707
14943.575000036833
12708.2000000287
7395.525000009373
14320.900000034568
17043.700000032473
9115.42500001563
9725.900000017851
8496.875000013379
8598.40000001375
10721.425000021474
12158.1750000267
11365.625000023816
13102.475000030136
9710.025000017793
7958.07500001142
10085.050000019157
5788.9000000035285
9699.425000017754
6816.550000007267
10773.700000021663
10428.825000020408
11900.600000025763
10467.900000020549
13312.6750000309
7569.125000010004
9795.075000018103
12781.525000028967
11092.02500002282
8577.800000013674
9638.500000017533
8718.825000014189
8484.000000013333
9887.450000018438
7185.625000008609
9571.925000017292
8345.175000012827
11758.350000025246
11565.700000024544
14528.125000035323
8027.275000011672
8246.45000001247
12400.075000027578
14719.975000036018
10893.200000022098
11356.525000023783
9939.300000018628
17512.875000025644
8617.000000013817
15680.075000039513
9814.825000018174
11167.650000023097
10236.92500001971
10867.375000022004
9639.450000017536
9335.675000016432
9165.400000015812
7577.375000010035
8505.25000001341
9647.800000017567
10931.625000022237
15912.300000040359
9470.700000016923
14221.925000034207
9633.275000017515
7224.20000000875
15853.275000040143
7371.2250000092845
11014.325000022538
11427.475000024042
7996.300000011559
11246.025000023381
9511.700000017072
11519.550000024377
10282.575000019875
8368.100000012912
7107.400000008325
10951.025000022308
9180.900000015868
9993.775000018826
13538.050000031719
9130.325000015684
12529.925000028052
13567.000000031825
8275.875000012576
11017.575000022549
13742.475000032464
12002.900000026133
11646.075000024835
8908.825000014878
13000.275000029762
7111.15000000834
10774.425000021665
9859.100000018334
9857.375000018328
14253.02500003432
9093.62500001555
10915.850000022181
14092.650000033736
10285.475000019887
7842.625000010999
12026.925000026222
11754.700000025232
9913.625000018534
12337.425000027351
10923.850000022208
10704.07500002141
11291.600000023547
8313.400000012713
12136.40000002662
14417.225000034918
9665.575000017632
14035.25000003353
8396.850000013017
10746.300000021563
10166.650000019454
7680.425000010409
12251.250000027037
8329.12500001277
8745.175000014284
10483.775000020609
8370.30000001292
11417.475000024004
11934.250000025884
10958.800000022336
11175.475000023125
10599.67500002103
13195.025000030473
9742.42500001791
11737.70000002517
11458.125000024153
17509.650000025693
13515.250000031638
8851.050000014668
8150.125000012118
13448.950000031395
10556.15000002087
9723.25000001784
12400.32500002758
7684.650000010426
12596.025000028294
9534.625000017155
7805.075000010864
10442.575000020459
10002.625000018857
10274.100000019847
11500.950000024308
8775.500000014395
10759.25000002161
14478.30000003514
12631.475000028422
8081.950000011871
13229.575000030596
8867.725000014729
12830.825000029146
15085.22500003735
13286.600000030805
14430.225000034967
13138.025000030264
10248.700000019753
9308.675000016334
13160.650000030346
11557.400000024514
10222.500000019656
7359.0000000092405
13324.425000030942
9302.700000016312
11819.350000025468
9254.650000016136
12037.42500002626
15051.425000037225
9905.250000018505
10542.725000020822
