6236.829870013028
6450.453520014282
5526.480670009993
2781.384920001521
2740.4196000015845
6824.414210015653
2532.3332000011637
5125.944000007535
2756.5877700017527
2831.5706400021068
3167.8645000029082
6932.187380016246
3882.3867900043056
4543.43742000765
6020.671160012175
5783.079660011634
5650.614640011358
2409.841600000747
3196.5397700029966
4888.953000008794
4296.326280006778
4084.02864000594
2703.084360001727
6338.625080014075
3272.1037900032597
4412.9102500071995
5510.490780008684
2857.6613000019556
4190.6907700059755
4506.743900007428
6054.071290012306
4290.955000006858
5653.2807200107645
4439.027110006758
5568.299650011625
2630.538140001331
7191.329860017133
3692.716240003928
3575.798620004282
5194.385750009744
5464.015880009768
2219.8563600003313
6096.175050013546
7713.634020016392
3601.4682800030773
5524.937800009602
4567.431830005584
4330.011590006403
2846.6178800018033
5385.884170009786
4254.424770005661
5626.485930010348
3814.1272900049457
3573.1675800043863
4536.342310005543
3749.157770004926
6606.510180015183
4216.341260006566
3399.284660003786
5114.090630009762
5291.703490008787
7113.063820016713
2589.411340001455
2511.404860001079
6101.254340012523
3371.3874800033386
4230.055590005878
3995.2476400051023
2849.56334000201
5086.60328000714
4260.743540004464
3431.7135900035605
5539.770860008853
7065.5565600166765
6453.108100014232
5445.837090010871
5419.968310008694
5839.334090011306
5579.809880010708
7451.893340017594
3128.2616900028124
3861.4605100051995
3062.962320002747
5455.546980009056
4544.284450007495
4148.372820006047
4309.093580006334
5459.513120009091
4201.174180004837
3765.181130004852
5273.114720009942
5554.084660011395
4109.054280006212
3605.5459300044313
2526.046610001011
6643.415040014795
6270.759530014031
4469.987650007186
5413.732450009211
3244.469210001923
5704.739510010042
5900.963660011799
2676.4705000014233
2601.918430001198
5961.944570012167
5766.4915200111045
5482.657550009467
6943.223170016445
8149.974970017454
2942.0942600023905
2971.9536000022804
5641.6184600099805
5577.252450009857
2568.7736500012657
5145.2634000073385
5993.646970012013
4238.03364000428
5473.026450009209
4893.188830006463
6418.440300013977
5643.02907001011
5927.499910011363
5225.21404000783
5593.036990011431
4634.805120008076
5559.203600010314
5571.96644001035
5465.3271600089865
3442.5927000031866
3114.1037000025644
2989.369710001951
5710.4661100105195
4484.418570007585
4113.880730006099
4805.217610008893
2900.740490002112
3076.9390400027055
5473.551100009292
4361.085890006105
4377.968140004751
7455.908460017516
2866.6307400018827
4994.102520008098
3773.757580002984
5415.14305000912
7375.992290017489
5982.980770012462
4664.736730008226
3146.4825300028338
5673.933440010193
3800.385740004773
4958.246700008595
5572.100540011232
4964.071710008438
4006.858900005578
3723.267790004875
5306.221240009548
6749.147820015239
5340.905410010659
5542.516550010711
6037.035030013109
3281.0865900034755
6138.2367500128075
5977.675390012248
4482.343680005232
5239.460820010121
7060.833110016659
3389.6269200038155
4086.6457800059816
4053.664070005868
2525.362430000904
5905.987310012695
4887.975550008948
4607.820150007713
2407.3471500007186
3483.128670003635
3417.141220003768
5304.756200009276
5718.3021700102945
2756.1347600018116
4043.803680005758
5311.594630007992
4201.318670006316
3260.8223300032737
4403.678680004931
2495.0088100008848
7624.03950001741
4302.593380006677
2324.858840000486
5169.83245000758
2994.6396000024642
4553.164600007701
4187.257430006284
2860.6225900019317
2749.6642400018627
3237.789750003245
4694.350940008197
6488.643490014249
4963.491720007542
6770.374260015433
6686.646200015496
2426.668840000785
4705.134970006833
4403.685040007286
3969.682990005609
4396.098050007114
6055.607420013064
3215.298690003335
3502.8335500040575
5382.241940010638
5069.8882500094205
6064.688950012229
4349.682840006496
5647.204920011738
3377.684290003509
5386.787250010614
2687.1375900014477
2400.9275500008794
5477.847800009172
2734.525120001409
3956.345810005285
5640.284360009901
4364.437900007087
4280.4979800055935
5816.237480011354
4639.934420008184
2886.2904400021607
2858.942110001903
4240.475780006713
3921.654440005403
3578.795710002297
3496.18483000402
2926.0150200023204
3575.1508200043895
3246.5996900031414
6286.495640013393
3234.4196100030504
3549.7569900040194
5334.559740008191
4351.326680006888
4663.081230007988
2811.5535500020565
5852.0312700114655
2947.800100002234
6104.602650012709
4908.078670007593
5705.516950010343
3144.2036900027783
3522.9220300042675
3183.369000002923
9757.696029994635
4223.772410004296
5362.095200008961
3995.311690005816
5795.636890011271
5659.368770011404
4032.2848800051
5025.3341500070455
4571.642780006353
3112.6815200027067
6469.207410014515
6319.292450014052
4172.7886300063865
5453.610750008793
3761.0162900043215
4531.963750006758
2512.858430000949
3893.793520005437
2923.5558500022416
4251.301100006603
2597.939140001196
2685.3330400014293
3429.3395400037607
6973.53659001617
7491.77617001773
4416.791420007105
4754.252410008126
7802.394180017678
2628.1904100013808
4918.356890008968
4428.272960007208
3670.7683400047827
2953.426690002164
2905.970790002017
3733.4942600048616
4927.274420009016
3014.104030002713
2887.1031100020646
2392.494310000569
4662.182980005786
2638.108830001316
5447.982720008822
3707.519220004527
6036.493300013108
5793.4299500109255
4104.191700006069
3022.610020002369
3377.0914000035064
5558.600250010077
3570.2629000040642
3880.7155100033046
5797.176740011486
6890.327240015876
3505.805140004019
3932.278280003478
4796.087990006288
3342.2885500035372
4502.1783400075
3703.6094800046167
3610.6887000045167
4325.662350006696
3952.590050005524
4391.629580006744
5075.654010009807
3893.923800005548
5023.605730006952
4176.929950006181
3862.262990005342
4300.566640004581
5430.862470010574
3822.3688100034406
2729.4495300015137
3465.10210000371
4934.506600008984
4504.190610005244
3414.2124400035627
6264.903330013875
2102.5767000000224
3331.0149200034925
5342.103450008077
5602.495380009548
2804.8799900016525
4359.209320006612
2647.6272000014064
3307.9418600035674
3374.133330003465
5629.577050010571
4384.902450006018
5975.444430011732
4265.120370006443
5445.949770009145
6002.538840012148
3486.1114600041856
7252.4401500170725
4406.42388000675
5541.78264000965
4104.73155000598
4477.971350005263
2673.3954200014377
3278.823840003318
2585.793620001031
3775.5173700034998
3055.009510002565
3880.5215800055275
3672.4546400028385
5629.832070009103
6009.253190012864
4294.735870006872
4502.758030007509
5845.69367001196
3290.99584000321
2442.411540000723
4789.486590006223
5575.203280010221
4588.86652000783
4216.979500005648
3866.075580005417
3519.694990004049
4962.134060006887
4574.854190005568
4611.45187000783
5162.426090007591
5956.780450011818
4956.17167000859
5215.4320000104235
6367.909610013797
7695.041640017086
2807.011790001683
4026.233040005719
4178.595580004183
2854.291490001878
2420.8644400008707
5970.659870011727
5938.270700012657
3533.47884000419
5485.659790010299
5776.643000011674
6435.910560014575
4198.871840006557
6069.786320012446
2841.0410200020733
4791.353590008084
2434.964090000662
3758.4656800048597
5307.119260008225
6889.12708001607
3239.2616700027775
3739.9125700046116
4646.406950008166
6080.44832001281
5963.851200011739
6843.21270001592
4165.2926500061285
5015.534540009101
6613.51650001538
4214.972620006144
3703.8788200047106
4601.20404000803
4086.783060005733
6677.824340015322
2323.1409400005628
5876.8530600115555
5926.372570011897
4721.013340008049
5408.049200009031
5844.92785001142
2713.4669200014723
2575.913620001062
4480.125180005187
4761.92650000721
6863.391270015987
5448.040910010318
2648.060320001368
3261.7998100033005
2357.7290300006525
3304.4561400034795
3272.5823900031323
6774.390770015793
4651.564470007803
5210.221110010082
5927.660640011914
4505.801680007361
5298.053680007915
5583.25084000983
4126.689790005497
5034.043960009227
6573.239850015089
3136.0180000028836
3682.996480004267
4709.252390006049
3756.0152000036283
3737.607040004902
2058.957100000001
4335.758960005708
3639.7343600045274
3855.662200005234
3243.957380002973
6129.701250013177
3535.724460004166
3354.2852700029657
5344.663050008685
3228.3188500031447
6233.620250013653
2050.7128500000117
3395.0452200035406
3297.7725100035454
2558.8484100009214
5393.841770010794
3592.0743000043008
5515.912400009581
5650.193870011023
6072.886970013125
5538.087250008648
3763.493730005074
3041.7956000025156
2762.958890001623
5316.840220008192
5603.739810011538
5591.06173000927
3586.6138000043884
4151.090310005723
2895.9211400017434
6596.879850014993
4028.3612800056558
4530.932850005507
3252.5236000031337
5996.361480013018
3343.3912200036366
6791.14150001568
3425.706670003585
4406.057580007102
6482.405040014394
3849.7341200052347
4509.8090800051805
5472.664240009651
2743.315900001556
2963.7822200021897
4072.4121000059986
3219.7026900030055
3164.869530002832
5732.2122700115515
2721.480240001768
3949.861870005462
3570.5708300041883
5548.9272000103965
2289.2359400004125
5285.607130008341
4059.7822200052124
5901.716850011872
4305.817060007118
6976.580610016361
4317.477250006995
4427.907200004938
2883.412240002003
3726.839590004915
5297.213970008035
5330.206280008329
3579.0432000043047
3147.7751900026715
3707.6235700048946
3884.554700005508
5530.7191900097905
3720.213360004747
4715.9133500060125
4664.185090007775
4068.978800005795
2856.7192800018056
6122.095520012754
7167.270190017085
3896.3157000046576
3534.610910004177
5957.238650011681
5385.7402400080755
4955.122960007772
5753.698450011288
5800.361330012358
3563.3372300040755
6365.718350014357
4700.739810005939
4615.4697800057675
5863.516040011859
4254.987130006626
4050.0610200060314
5030.038520009372
3189.6766900028056
3201.238080002833
5673.671600010422
2561.7196500011073
2852.3430200020307
3973.078030005546
4711.556010008493
2433.613400000742
7000.583290016471
4890.1631400065435
4442.006030007073
3313.2507600032463
4094.3498300058786
4279.306160006609
3715.7139400039237
3456.6257800037406
3808.9359500051232
2574.2508900010803
5006.279050007029
3611.763380004186
4817.908690008501
2545.492210000786
5222.660360008184
3459.844590004007
3380.285450003655
3572.697350004152
5469.972330010489
3119.5530400026605
2452.17039000098
2978.700510002381
2998.8597100023653
6087.434700012659
6665.069300015233
3369.101160003674
3111.817400002717
3484.0527100039853
6436.872890014277
4288.425970005122
4342.294110006272
5979.197770012115
2940.651100002126
3332.675300003326
4922.1920500066535
6068.769700012763
4455.859680007325
4356.99179000578
4037.4447600058656
3831.6988000052065
5177.915840007667
4592.706610007665
3754.9932500048203
2544.637200001052
3207.7441200032436
7025.035910016552
2671.9537900013856
3282.5189900031573
5273.122000010378
5146.292940007568
5294.787190007965
4751.838510008156
3679.9508900045494
4928.539680006783
3719.203880004863
3431.3657100037262
5541.390540009427
2702.163020001364
4118.074130005969
3005.7931500023715
2899.9166000021173
3160.2802900027377
3985.4329000049456
2934.9123100021943
4964.348540006688
3691.7113300048227
5525.493490009189
3931.431070005504
5419.402570009256
2872.153410001827
3380.4715600033437
4218.017120006265
2405.909240000737
5359.456130010002
4825.270250008618
4792.137390008375
5766.889050011674
4372.914280004765
5042.998610009434
4269.082520007008
3029.4429600027115
4341.2684500071455
4382.593510007006
5920.28600001154
5922.814120012659
5680.274150011706
4097.942250006064
5783.603010011492
5411.291920009382
3021.960220002344
3037.051990002312
3836.777210005079
4907.320220008454
3494.666990004102
3109.669000002791
4595.435520005514
7157.581730017011
5572.283320011316
2959.976050002307
5953.520550011819
6902.628850016432
5592.302990011409
6609.761710015018
7802.211440017401
3475.17648000357
5219.068100007819
3735.4698000050644
3653.9064300042796
2600.8524000012435
5340.556580010576
4135.9523800063025
2744.149570001823
5361.692790008935
3573.9308900039655
3051.798290002445
4978.0193000094405
4730.627820007648
5487.747170010087
3676.476290003996
5795.932750010685
5186.33078000762
3649.714400004432
6182.452010013712
5401.493050008793
3078.6204600027804
4578.350010005729
3415.326500003794
3190.69859000295
5418.657870010464
3611.7425100044165
4330.598890006912
3890.9795600053408
3370.006490003571
5475.735080009024
2316.117040000605
6426.055900014013
5737.595570011467
2199.6234600003722
3760.838960004864
3143.6942500027876
5759.833850010967
3988.089570005006
5665.292420010114
4004.3619800057913
5948.267510012039
3565.222840004168
2645.537450001404
4424.1819300073685
5451.987280008619
3190.8917100027556
3430.9583100038367
5028.737650009177
6053.379430012876
3960.3844600053703
4345.186610006725
6082.3917500131865
7174.634070017243
4051.9558800060163
6228.90321001366
3183.7601300029255
3691.2577800045106
5477.712880009382
6022.043510012752
2785.7044000017886
4864.438800007416
3188.966800002998
3504.6365900036453
3520.124000003282
5736.16135001145
5364.362050010533
3387.4977800034817
3009.686340002519
8183.8796500145945
4051.0578900056653
7413.901360017485
4330.779960006381
6055.73538001273
5899.023310012694
3102.7272900026687
2476.1719900008884
5486.365150009102
3661.7078400046535
3042.875500002599
4743.10323000849
3184.68582000305
3432.2715300038517
5131.214750008557
3454.128910004059
4678.985230005841
3218.403900003105
5676.958620010566
3630.8217000042573
4543.238580007605
6289.791870013528
3768.411080004857
5481.466020008811
4049.4890400060453
5668.10186001049
3669.6519900025583
5978.020350012981
5165.478350010139
5447.72419000876
2664.08004000142
3731.687260004638
5845.120230011425
3446.076120003441
5543.353640009715
5014.01316000944
5946.736470012825
3578.584590003922
6655.901600015361
3183.558500002847
4318.678930004691
3320.4069100035085
4070.1773500059276
5169.563700010018
4291.967960004806
5498.8738200110265
5483.263770009997
2851.141400002064
5564.225850009975
3033.7793900023803
5735.240300011041
3515.6125200043457
5690.692190010873
6290.506870013401
3829.965390005251
3038.429090002406
2789.1013100018395
4853.36583000639
3966.3200800035083
3144.4235500028753
5822.603050011192
5657.588950010328
5675.398080010579
6003.928870012181
5560.5238700099535
5710.159990010722
5714.291630011541
2685.5774900013093
3924.219970005274
3630.8864500044665
3469.338620003613
4074.5010800038663
6354.636190013753
3664.9477300047415
5635.950530011429
6279.887500013523
8490.581610013774
3102.8727400029147
6127.6410900133405
3833.130100005137
5732.231900010876
3566.1501700038352
4390.6803900071445
6774.431260015444
4941.542450007706
4614.940660007129
5765.043370012236
5436.414780008676
4993.340470008267
3091.1554200028813
7329.814830017549
4644.850480005814
3955.253120005569
6519.77493001452
4194.705600004361
3372.4876000036274
6102.807880012843
5037.211780007105
5382.122540010505
6018.739910012919
3719.4113300031127
5495.422650009223
2776.228550001732
4315.658310005825
3425.40998000405
5860.864370011716
3838.0820600039756
4443.0839100073645
5618.368280010343
2595.893200001163
3252.9369400033065
5904.818160011659
7603.35041001743
3147.3599000030395
6713.505130015222
5822.376330011195
2787.752210001817
6102.353360013261
7493.8445400175815
4095.716080003911
4481.79488000521
3355.7874100035137
3335.1839000034565
4398.7479500071
5204.842690009546
5345.555450009055
5489.761200011164
4606.245780005526
3001.2995200025416
4021.769450005808
2035.0306999999789
3893.245960005442
2531.4049100010398
4425.32338000705
4402.000990007049
4979.859130009147
5113.2269500073735
5978.156910011995
2751.3614100018867
4425.410530005683
5907.561040011613
5579.101430009
3452.6479800036027
4712.4434700061065
3325.0710000036283
3301.6104400034487
4752.0128100062875
2693.2041100016
3860.979450005251
3826.3144700033804
4922.456320008663
4989.516530008689
6181.018960013553
3284.3520600029633
3353.6236800032743
5826.26806001103
6480.459540014375
5343.660690008288
4594.089680007796
4003.088410005658
7817.281640017049
3772.219920003698
7087.916710016451
3976.966290005597
4707.225000007998
5136.149180007223
4393.307290007188
3943.916720005491
4494.976370005064
3745.9290700045794
2947.6528100021415
3284.1189800033458
3900.7476000054226
4568.768950007503
6851.416610016098
3761.857410004991
6164.713030013407
3704.26555000496
2711.1107000016154
7025.864480016359
2921.236700001746
5309.115850008721
5498.140850009234
3068.178900002614
5496.595080009276
4261.50158000532
4603.221720007915
4094.56090000621
3157.193390002879
2747.872100001374
4390.779040007229
3749.7805500045442
4468.49659000631
5617.67474001147
3533.7368700043035
5860.50905001137
6056.441770012548
3457.8835900030176
4586.741720007937
5768.537630012111
5589.852750009864
5026.1690900088615
3492.186120003955
5884.857470011741
2645.6460100013715
5314.955190008171
4628.122650005788
4753.291480005996
6272.228120013653
3640.5504700043775
5324.143400008258
6305.82776001374
4410.341910006501
2937.343510002393
5586.229770010045
5582.901530009786
4030.9430700058188
5631.049150010431
5429.958760008665
4549.628610007141
5509.170040008935
3245.7598000032176
5398.3040800099625
6016.611860013263
3811.7418500051626
6120.544900012988
3292.184190003205
5452.667710008431
4541.738780006259
2902.6042100022146
5670.074860010476
3290.0942300032675
3557.19588000405
4342.690120006785
3328.2890700032917
4763.937790008084
5054.2873500095975
4834.596760007515
4557.2620000076895
4289.664660006854
5691.414520011432
4521.474380005345
4831.8601500087925
5464.9584200091485
7657.7692700162825
5713.562300011932
3446.4234300038356
3250.7516800028966
6027.651390012487
4394.401030006942
3924.479040005546
5673.201180010632
2924.5456100021734
5453.62583001071
3839.6607900051836
2982.0895300023967
4236.8956100065525
4758.9542300061
4087.5372100061372
4815.5418200085805
3446.6975900038456
5294.02134000816
6427.285430014183
5489.034470010562
3161.8061700026483
5740.297040011539
3649.4157400039867
5456.1513700108835
6718.062520015278
5941.250710011941
6329.519700013661
5922.901010011868
4140.619370006125
3664.295760004691
5458.65072001109
5373.717010009145
5044.543890007041
2733.4260000016725
6089.466960012489
4145.312060004883
5073.658190009268
3727.6817700047536
4916.86520000914
6673.071710015249
4809.589460006471
5200.36100000782
