5026.075000004872
6594.850000009853
4067.8250000050175
1964.1499999992636
1396.7249999997393
7849.7750000116785
1367.1249999998129
3827.3750000048167
1403.2999999998192
1268.299999999942
1666.29999999958
8282.775000013997
2792.100000002673
3418.3250000027474
6884.250000011016
6540.500000009714
5939.050000009105
1471.249999999589
2093.5999999991914
3821.050000000002
2799.875000001366
2358.349999999559
1503.6499999997136
6289.375000009941
1921.0749999993482
2854.824999999628
5170.900000005556
1532.8249999996758
3001.1500000025203
3988.824999999788
6164.300000005598
2602.849999998728
5472.100000007518
3770.3000000013917
5646.050000004494
1665.0499999995586
9198.00000001593
3047.075000001174
1958.0999999993146
3829.325000000559
3604.975000005381
1054.2250000000145
6550.85000001038
7386.025000010298
2748.100000002283
5037.000000007772
3377.9250000045317
2871.325000001809
1825.874999999399
4046.050000005037
3015.375000002916
3935.0750000051376
3007.9000000002147
2088.3499999991964
3427.900000003796
3093.599999998485
5609.075000004088
2118.1499999991693
1703.8499999995458
3962.0500000003294
4875.3750000062955
8449.025000016274
1026.4500000001344
1163.6500000000117
5215.700000008441
2700.649999999705
3027.6000000024414
3143.875000001867
1435.3749999997665
3991.300000005087
3610.600000005398
2357.700000000419
4793.325000004357
8569.775000013644
8023.775000014694
3199.3250000027174
4146.800000004945
4284.87500000482
5756.275000008985
8539.500000013535
2299.8999999989783
2489.649999998831
2711.099999999315
4320.600000004788
3324.325000000682
3178.8250000011167
3166.4000000019796
5237.60000000499
3055.6750000032634
2669.5999999986675
4496.10000000249
5908.625000010947
2120.0999999991673
2280.3499999990217
1513.1499999996101
5639.9000000090155
3985.400000005091
3977.075000001696
4284.075000004821
2441.1000000016033
4438.875000004635
4089.050000004998
1794.5999999994212
1648.3499999995524
5475.3000000048905
4913.075000004248
4560.125000004569
6288.900000010619
9192.27500001591
1255.974999999948
1927.824999999338
4511.87500000591
4615.825000005279
1284.3999999998978
4006.3750000050472
4387.8250000047265
3601.5500000046386
4216.775000004882
4141.80000000495
6764.275000007142
4735.025000006343
4158.625000004899
4221.050000004878
4211.17500000488
3399.6500000007745
5095.800000006881
4488.575000004635
4277.400000004826
2378.175000000666
2005.3999999993007
2329.8250000004655
4451.300000005121
2620.899999998712
3041.0749999991845
3483.6000000055183
1700.0749999995064
1854.9249999993922
4516.325000004609
3144.825000003409
3509.8000000046854
6294.550000006621
1939.3499999993317
5567.150000006325
3403.125000005546
5033.900000007266
5983.250000010897
5555.8000000072325
2973.824999999647
1805.3249999994537
4703.575000005256
3292.3500000012696
3581.325000002931
5894.3000000101765
4187.075000002824
3035.550000000118
2553.599999998773
3529.3500000048057
6182.800000010716
4840.050000005356
6124.8000000085985
4127.80000000049
1899.8499999993676
5454.300000005503
5367.050000005522
3615.050000005426
6506.55000001042
6321.875000010589
2203.5999999990913
2672.599999999221
2465.1249999990446
1726.5499999994895
6498.375000010417
4155.324999999171
3348.6500000009432
1302.924999999865
2718.9250000005877
1895.7749999993712
5224.625000007828
4802.325000004349
1512.1999999996892
2624.2250000009158
4364.600000004742
2702.400000000895
1563.6749999996732
3648.300000005399
1642.1749999994815
7570.025000012898
2742.400000000378
1194.7749999998823
4431.050000005298
1766.1749999994604
2668.449999999352
2481.624999999586
1855.8249999994077
1279.1749999999033
1979.8499999992948
3743.250000002678
6668.525000008963
4687.325000003757
5492.625000009254
4790.90000000436
1213.1499999999132
4156.07500000405
2675.8499999986616
2118.8999999991684
2690.900000001423
6605.550000009222
1695.1499999995538
2046.5999999992341
3245.8750000001723
4109.575000000043
4476.875000004646
3329.600000001819
6778.775000010572
2170.6999999993423
6851.275000010786
1805.9499999994089
1121.8999999999987
4723.800000005183
1615.7999999995359
2851.200000000799
4000.8000000050783
2824.40000000068
3742.4250000024044
4561.325000004568
2810.0750000009166
1361.449999999837
1373.8749999998167
2580.5999999987484
3040.1749999998287
3517.150000005445
1962.9000000000692
1626.549999999608
2440.424999998876
2932.9249999996573
4888.575000004479
1745.6499999994846
2360.9249999991735
3552.3750000054774
2979.82500000079
4341.549999999904
1415.6249999997915
4470.050000004758
1347.8749999998518
5101.050000005211
4059.0750000036337
5457.300000004925
2199.174999999066
1918.5999999993505
2789.849999998558
8177.775000012474
3811.3250000052503
4203.325000004894
2380.349999998931
4869.050000005833
7262.275000011572
3078.425000001966
4630.650000004909
4305.3750000023965
1886.7999999995232
6922.050000010043
7116.775000010882
2824.6499999996427
4347.650000005509
2729.025000000942
3558.5750000027692
1371.5249999997666
3195.574999999353
1388.1499999998327
2733.9749999988194
1518.8999999996577
1413.3999999997782
2236.5999999991113
6344.300000005709
5407.800000004795
3380.5500000007573
4159.325000001181
7339.025000012319
1399.3749999997901
3647.0749999992286
2898.0749999996924
1886.3499999993799
1769.4499999994482
2199.449999999053
2353.3249999989553
3679.5750000013322
1488.8249999997415
1458.1749999997464
1666.6999999995146
3613.700000005367
1504.874999999602
4848.650000005368
2959.5749999995382
5307.300000002521
5490.050000005518
2757.299999999981
1882.6499999993543
2051.1749999991994
4974.825000004193
3473.8250000009825
3539.225000005401
5153.0500000062875
4326.650000004782
2070.849999999212
3392.550000005546
4193.675000004869
1956.3499999993162
3119.5750000012567
2288.8750000001914
2245.1749999990534
3442.3250000007474
2447.3499999990936
4699.550000002245
3822.150000005239
1884.8499999993812
4165.050000004929
3011.575000000349
2957.599999998574
3260.675000003632
3924.550000005148
2770.375000002982
1798.8749999993972
2466.8999999997995
4143.675000004918
3715.300000005322
2256.19999999937
6915.300000010049
985.5000000001407
3060.400000000617
4158.97500000486
4950.075000004215
1729.9249999994206
3588.8250000012717
1383.8749999997929
1523.34999999971
2399.3499999989135
4621.825000004514
3495.3250000028474
5282.375000005202
3100.3750000004375
3973.0750000051034
5031.825000004143
2421.6749999988783
7864.525000012675
3402.1000000019353
5292.825000004167
2905.575000000801
4220.375000004852
1550.9499999996572
2262.849999999037
1512.8499999995827
2673.6750000028424
1607.2999999996337
2141.8499999991473
2922.050000002859
4862.925000004263
4579.550000001787
3533.0749999990644
2885.324999999755
4385.575000004728
1878.3249999993873
1305.1499999998264
3929.1750000051093
4256.900000004845
3351.0750000009693
3022.6250000028554
2218.3249999990776
1937.824999999333
3637.8250000054086
3555.600000005452
3532.325000000249
3486.100000005508
4925.125000005393
4557.050000003534
4141.32500000495
6396.100000009254
4978.42500000638
1647.2249999995129
3481.349999998426
3656.5500000053908
2261.39999999899
1244.2999999998572
5276.12500000573
4783.55000000369
2548.099999998778
4264.6500000035
5759.800000006879
5030.550000003428
2569.349999998759
4571.40000000456
1549.4499999996424
3476.325000002794
1422.699999999681
2895.6249999995543
4006.075000005074
6056.8000000108295
2152.9250000002676
3362.824999998952
3600.6000000054237
5987.300000007186
6655.27500000978
6839.550000010475
2893.325000000367
3725.075000002972
7748.025000010656
2621.00000000235
2057.599999999224
2631.0999999987025
3104.825000001162
4881.1250000032915
1061.9750000000008
5162.575000004022
4974.575000004193
4322.825000001393
4316.050000004879
4135.625000004956
1427.5499999996798
1700.5749999994891
3730.7500000052796
4527.325000002504
6769.050000010182
5491.050000009313
1769.4999999994093
1927.8249999993275
1175.4999999998918
1907.099999999361
2720.5999999986216
4512.175000005525
4455.250000005403
4633.550000005282
4866.8000000057455
2637.6499999998728
3689.20000000534
4328.57500000478
3097.400000002113
3915.050000002074
5400.575000004619
1978.524999999291
2319.5250000005044
4220.150000005049
3138.1750000025677
2640.8499999986934
872.3750000001204
3296.6750000026786
2085.1000000001277
2470.0749999992754
2168.9999999990687
6071.800000008365
2114.4249999991525
2462.4000000010356
3789.3250000052703
1734.6749999995109
5245.550000004101
1006.6250000000256
2345.67499999947
2276.6749999990016
1729.624999999457
4518.800000001422
2960.82499999854
4463.050000004658
5308.900000009047
4797.525000006461
5017.8250000041535
1871.1749999993935
1497.7249999996927
1586.1749999995886
3945.8250000051285
4550.275000005757
4214.075000004885
2148.5999999991413
3931.075000001217
2083.6499999999437
6464.275000008211
3436.3250000011567
3102.7500000041964
1882.174999999354
6486.275000010439
2039.9249999992383
6220.550000010681
2163.1000000005124
2969.84999999897
5015.700000007103
2048.6749999992326
3541.450000005422
4104.325000004984
1535.749999999614
1990.5749999992638
2374.3999999994194
2556.924999998738
2089.399999999163
3776.2000000043377
1285.3249999999107
2649.150000000646
2842.924999998911
4323.35000000445
1209.1749999998815
4002.3250000050766
2808.0250000022597
3856.825000005209
2690.099999998649
6979.825000011212
3760.0999999988458
3721.2750000052256
1800.874999999403
2440.399999998876
3724.4750000053295
4226.575000004873
3021.0749999988852
1951.4500000002058
2032.0999999992473
2126.074999999162
4815.57500000453
2510.599999999026
4636.075000004777
2968.100000002137
2959.074999999964
1774.6749999994313
5283.325000003912
6311.625000010292
2624.0250000019
1868.9249999993958
6207.525000007256
4088.6250000049563
3672.200000004224
5707.300000007071
4038.625000005044
2068.874999999338
6257.300000010648
3557.350000005465
3666.9250000053808
6012.350000007775
2776.0999999985706
2490.0999999988308
5547.050000006255
2508.624999999154
2184.8749999994034
4029.075000005052
1497.6749999996318
1575.3999999996408
2559.824999999945
3581.149999999395
1305.574999999868
6854.800000010104
3786.225000005226
3381.625000000814
2131.149999999964
2773.0750000006346
3837.100000000528
2817.675000001898
2738.224999999822
2842.59999999851
1600.9249999995948
4206.125000004884
2857.324999999546
5117.300000001085
1746.6249999993954
4006.1500000050733
2082.5749999992013
1731.149999999521
2895.84999999849
5770.125000009561
1612.7749999996206
1129.1250000000455
1494.9749999996961
2126.349999999162
4229.150000004871
6615.300000008168
2097.374999999188
1747.1749999994784
2162.6499999991283
6960.325000011065
3669.0750000028333
3114.375000002559
5669.050000008214
1953.1749999992994
2379.424999999558
3944.3000000051293
6394.30000000784
3056.525000000851
3875.325000002389
2859.67499999994
2603.7999999995004
3597.6250000054315
4068.625000003713
2277.1499999990247
1339.3499999998292
1796.974999999461
7093.77500001142
1766.9249999994477
2495.074999998801
4444.02500000176
3620.625000005413
4013.5750000050666
3462.150000000158
2795.5749999992045
3640.7250000054028
2478.8499999988408
2011.474999999231
4063.0500000050215
2078.6749999991453
3224.3250000005924
1940.0749999992993
1645.3499999995647
1927.824999999342
3220.4750000015842
1424.7499999997694
4146.9250000049215
1915.3999999993534
4395.325000004719
2184.149999999342
4762.650000004778
1851.7499999993515
2257.774999999819
3745.5750000005237
1349.974999999762
4310.900000002934
3168.875000002051
3470.575000002229
5112.075000003125
3718.550000005335
3371.900000000249
6123.275000010769
1366.4249999998526
6027.025000010829
3861.074999999481
5991.800000006062
4288.7000000048165
4984.800000005759
2427.349999998888
5787.325000007072
3917.075000004793
2222.350000000092
2062.1999999990903
2694.5250000006504
4047.0750000023218
2203.5999999997985
2554.874999998732
4016.550000004142
7313.775000009965
6268.400000010613
1744.9249999995038
4634.075000004503
7763.275000011041
4065.5750000050193
4514.1250000054315
8909.525000015856
2418.900000000732
4040.825000005042
2021.0999999992573
3480.0500000011975
1326.649999999851
3457.8500000016875
2864.0999999984906
1141.7500000000568
4251.90000000485
2095.300000000761
2093.899999999137
6160.275000010732
3222.9000000034166
5151.3500000076165
2591.625000001859
5460.300000005902
4342.3750000049895
2265.1749999998074
6992.300000009979
3732.5250000053225
1420.4499999997906
3729.6750000035463
2880.6999999991813
1921.8999999993232
3715.5750000023704
3198.6999999981963
3624.1000000021463
2572.0999999990813
2418.449999998874
3951.800000005123
1052.175000000047
6015.075000010865
3603.2000000054345
1023.1750000000118
3029.5749999998416
1910.6999999993272
4404.075000004712
3144.0750000012176
5044.050000005991
2987.824999999897
4198.825000004898
2291.849999999011
1284.4249999998974
2529.599999998795
3851.6500000052138
2223.6499999993066
2422.6749999988697
4503.325000000928
6458.550000007613
3039.375000000133
3336.900000000657
6630.375000010308
5199.300000004952
2490.1749999988306
4601.800000002549
2046.1499999995583
2510.149999999924
4784.650000004387
6696.07500001044
1561.849999999675
5490.275000008155
2079.9249999993967
2270.700000000348
2907.425000001565
5629.275000009055
3818.6250000029313
2587.824999998714
1574.8999999996631
8955.250000015047
2796.8000000011575
6058.550000010828
3206.850000001784
5126.300000005728
6446.550000010475
1756.8999999994835
1397.8999999997816
4288.875000004892
2226.9249999990698
1936.8249999993318
3365.324999999641
1956.42499999928
2206.799999999225
3947.0750000039243
1604.8999999996358
3631.0250000053934
2212.0999999990836
4331.075000004777
2577.0749999995014
3115.799999999669
5385.775000005911
2490.625000000015
4623.825000004512
2586.9249999987424
3836.150000005228
3513.9250000054017
6768.800000010182
6039.025000010846
4155.325000004938
1426.1249999997667
3700.400000000346
5461.050000005883
2511.87499999992
4352.075000004758
5757.525000009875
4110.550000001822
2363.4250000012007
7161.775000011722
2365.1249999988936
3286.9500000051466
2666.899999998646
2386.4249999989247
3987.0500000004477
4106.850000004781
5068.800000006288
3781.9000000052774
1420.799999999796
5150.025000004981
1703.0499999994627
4764.575000004384
1580.3499999996582
4460.57500000466
4898.825000004994
2506.424999998907
2043.0999999992373
1319.7749999998684
4202.875000004875
3556.5250000054825
2021.6749999992546
4879.800000005528
4608.600000006141
3888.6250000051805
5069.57500000487
5475.05000000645
4239.950000004861
5470.800000008165
1860.8249999994032
2508.625000000401
1928.149999999342
2321.350000000896
3657.8000000043535
5222.625000005926
1764.9749999994901
5744.800000008933
5062.6250000060445
7076.350000011643
1635.8999999996076
6280.050000008467
2801.5499999995536
5025.37500000609
2873.375000000123
3392.300000001036
6485.000000006061
3949.3250000035923
3694.8250000029984
3884.3000000051843
4340.575000004769
4877.775000006539
1386.6499999998343
7150.775000009125
3659.3500000053805
2379.924999998931
6665.525000008693
3537.850000005477
1759.849999999495
4947.650000004389
4196.075000004901
3769.075000003909
5271.2750000035385
2831.150000002204
4546.075000004583
1368.7999999998467
3365.800000002519
2087.5749999991967
5330.100000007858
2765.8750000029368
3202.0749999995132
4527.825000004599
1594.849999999584
1632.7499999996107
4970.07500000421
7658.775000011359
1402.42499999982
6780.025000007741
5414.575000004614
1520.6999999996779
5944.050000008781
8902.275000015426
3533.4000000054493
3636.1000000053855
2442.3499999988744
2653.074999998771
3789.2750000018473
4020.075000002701
4973.825000007274
3253.9500000014896
3851.550000005186
1423.4499999997884
2610.0999999987216
874.4000000001206
2721.59999999862
1346.1249999998158
2706.8750000004147
3720.824999998816
3826.075000001384
3688.4000000053625
5693.850000006486
1564.2499999996298
4822.575000007057
5019.625000004665
3702.1500000053325
2141.1250000000623
4465.3250000035405
1530.6749999997035
2228.674999999061
3838.900000003886
1232.3499999999594
2163.8249999991276
2849.600000002759
4653.07500000282
5936.5500000091715
7355.775000012182
2412.324999999729
2976.0999999989936
4017.3000000050633
7111.775000010823
3894.0250000051424
3559.8249999988902
3297.8249999999266
6540.275000007492
2924.775000002429
8648.525000016094
2484.8249999991094
4304.575000000454
3879.475000005089
2387.4000000008796
3135.5500000003785
3447.900000004556
2792.4000000007536
2044.0749999992365
1615.1499999996265
3150.6499999984044
3795.9000000014016
6620.3000000103175
2054.399999999227
5442.025000003806
2567.57499999876
1427.6999999997681
5044.62500000612
2049.3500000000117
5849.550000007475
4267.825000004835
1965.574999999308
4623.775000005925
3300.400000002888
2984.324999999873
2727.849999998827
2000.675000000083
1849.1999999998318
2766.924999998579
2834.8250000000617
4263.925000002167
6622.875000009985
1954.5749999993177
5080.050000006939
5710.300000005616
2617.6250000016416
3031.825000000358
6628.35000001031
4570.825000004559
3888.9000000027677
2340.3499999996798
4935.925000005687
1573.6999999996278
4057.075000005027
3964.400000005064
3794.9250000052352
6429.050000007976
2253.975000000086
3576.700000005464
5151.550000006202
3555.425000002131
1375.3999999998348
4798.70000000691
4688.675000004438
2678.5999999989263
4182.600000004913
4592.875000004529
3795.8250000019007
5041.075000004132
1870.3249999993945
5423.125000007909
6386.37500001053
2709.3999999986345
4286.325000004818
2332.4499999989375
4639.075000005129
3321.3750000039126
1405.9249999997976
4463.575000004657
1565.3999999996618
2548.1499999997554
3719.150000000971
2886.2999999995636
3379.675000001958
4886.050000001985
3576.9250000039165
4204.550000002364
2602.974999998728
5631.625000009644
3612.2250000053787
3444.099999999284
4460.075000004661
7014.800000009844
4782.800000002693
2557.599999999246
2269.149999999885
4814.575000004909
3129.125000001587
2578.5999999987503
4541.650000004582
1503.1999999997115
5007.800000004094
2211.0250000006454
2218.1249999990337
4232.050000002599
3818.6000000052313
2909.8499999990995
3317.8250000005087
2771.424999998553
3956.8000000051184
6481.300000006047
5207.80000000824
2439.8249999999653
4995.825000003401
2502.2250000016893
4072.575000000361
5932.800000008846
4888.325000004532
5373.050000005211
5927.800000005094
2565.6250000000114
1976.8749999992974
4119.550000004971
4691.625000005826
4457.050000004663
1520.8749999996828
4527.700000004599
3725.6250000026616
3135.075000003826
2934.649999999663
4810.80000000217
5126.8250000036405
4357.350000004966
4496.650000006001
