1006.8070599996695
960.5513899999212
817.7057499999075
551.3412999999894
599.9982499999653
945.2734399999732
617.6214199999703
730.7103999998772
644.2533099999413
664.3922299999176
675.9844199999133
960.9183499999804
642.1577399999437
756.7503499999971
773.3252800000445
817.5594400000311
911.6336599999574
524.5173600000126
660.1298199999089
834.0311099998282
800.8726199998756
779.8159199998388
658.3880199999435
871.6478900000345
692.5665899999026
930.7384699997184
654.1867799999933
645.2559299999369
816.1900099998172
802.1787699998307
706.1942099999715
856.2986299997698
773.6622599999744
758.4803799998427
980.3547899998507
574.9464999999748
921.3946500000817
604.7540599999578
771.8982199998397
919.471519999732
724.1133600000373
539.2684400000079
1029.0120299999476
1047.9524300000107
563.0058799999833
681.0788300000563
653.9343599999246
766.441599999833
577.6903499999655
768.8361600000168
772.3057499998613
878.2464799997489
745.2870599998687
790.3850199998217
676.1958099999248
731.3058399998664
930.2741800000093
832.9461699998024
759.2714499998569
838.050259999824
756.1936099999391
905.9556500000192
635.1815199999472
598.5825399999686
823.1645699999677
619.1190399999447
781.8047099998414
695.368369999902
654.429529999931
702.4001199998999
611.7973099999648
668.3496099999186
710.777509999886
868.8247900000641
840.305640000091
1022.6511599997051
806.5951099998242
985.2439799996802
708.2790600000964
1075.6553699999783
656.1413299999392
749.2553399998371
588.9574499999741
803.5110299998236
900.3318799997431
762.2061799998488
765.75393999984
738.3062699999145
645.8452699999482
772.0953599998446
930.244629999714
779.1574400001224
989.6518099996885
794.7753399998329
535.507780000002
844.1627699999987
942.1577099999938
763.798369999872
873.7237099997787
509.45678000001266
721.1522499998792
784.9872399999813
553.1909699999782
565.4744299999927
929.4990899997589
805.9267599998199
816.258679999811
1091.2112899998715
958.2161999999954
688.5923599999016
628.3022999999437
729.9082199999168
813.851729999841
637.864869999961
687.4168099999036
1003.9584399996446
599.11272999997
789.0975099998457
666.1243099999261
872.8967699998944
780.8998899999156
738.479319999921
725.3738499998789
851.7362200000746
850.1854099998063
844.3789699998945
938.2158199997106
807.2474199998205
603.7907299999544
593.0582999999548
550.4372999999948
893.3412799997787
954.1676999996911
841.791419999791
776.1842000001353
617.7100699999484
733.2045199998887
778.4708099998327
706.3769599999318
652.0299999999492
1146.8756199997165
581.66483999997
638.9866900000757
563.7681799999956
674.8977100000233
988.9328199999801
922.6076899998676
961.9157299996765
718.9079399998938
755.7629199998796
664.7397099999237
814.2860099998144
883.4204000000155
802.4400499998136
737.6988799998517
769.9656499998254
846.5383299998659
852.333470000086
976.4381899998226
779.7908600000451
1182.9820299995622
738.6248799998654
867.5852199998445
923.2468299997793
671.2717999999354
740.165020000149
956.3981699999883
735.0431799998713
797.5702799998187
803.7763599998111
531.6667300000023
854.0604800000679
845.675799999793
802.4532099998436
553.5211199999935
638.3713899999356
739.8039399998669
744.7860600000114
749.0399899998448
620.6495099999461
722.4196599998895
745.3561599998807
848.7101799997835
705.7551699998877
635.8021199999475
526.1956300000066
981.4311500000813
870.3878699997623
565.7685900000073
675.979749999944
661.1123799999357
984.9199899996705
759.7634299998389
606.0586099999595
636.3451199999337
714.8013099998836
826.1664099998895
911.0583499998713
631.964069999956
852.8480100000673
961.5885099999787
535.1195799999985
650.8317599999759
920.0187599997206
828.0776699997936
739.425499999919
951.6265299999461
790.2043799998435
743.86436999986
1119.6338999995578
887.4107599997759
894.9197199997226
810.6194099998266
805.8648300001038
676.7308899999189
754.7837300001452
594.8917599999801
590.1882199999787
774.2008099998744
578.192979999983
748.0955599998669
831.7816499998
932.3729199997196
694.8206299999121
926.9480699997162
934.3504099997303
691.8148199999112
626.3052199999469
924.8152799997072
737.1931999998575
508.0678200000186
689.4380399999004
654.1298699999227
749.0768699998567
598.4465999999823
1030.6024699996212
645.5248899999209
683.828399999905
727.4463999998743
792.9168599998669
811.7359499998325
678.3546099999218
940.6863399997086
704.8275399999146
958.8699599997552
727.3471499998678
690.6721299999383
628.5230599999402
789.9862299998184
610.2527599999643
1612.1158799995399
612.1772399999677
829.1007799997934
855.5695499997773
925.1108799997737
723.760110000151
721.5945699998947
642.4846899999558
638.9675299999321
684.5579599999271
894.5635200000443
947.7161800000001
887.4215599997536
654.6225099999492
610.3521799999452
720.0677299998836
556.3734899999941
700.46137999988
702.5651199999079
885.9923199997503
579.9970499999708
602.0032899999677
706.5572299998958
966.0948099998375
954.6046699999737
768.5372899998442
783.3671499998352
1019.382040000051
611.1912299999615
980.5280599996643
879.6952299997561
857.7151499997688
644.162039999944
602.6606599999711
746.5990699998579
975.8160799997054
712.9788299998795
640.4372599999435
512.1857200000184
661.6328399999262
533.178689999999
683.7532899999522
697.1667599998884
963.6236699997206
816.0367899998698
827.4655599998009
648.1989199999445
657.7259099999156
837.4281399997885
631.6200499999643
570.4333699999885
931.0394499998048
903.3788200000298
772.7584299998409
576.6943599999839
665.2830699999303
743.6654199998607
810.8669099998905
765.6654099998538
799.532869999822
799.2800799998065
804.583539999824
657.0721299999881
803.825230000104
942.5697999997163
697.2268399999077
774.1222499998242
798.9719799998229
609.1630899999591
864.848510000026
583.7796499999762
569.591929999977
687.9734699999154
671.7234600001746
660.7661399999389
640.6099399999163
988.4568899999583
499.8510700000221
592.4814599999902
661.6489699999164
741.525279999867
573.8622799999872
766.0982899998452
602.5575599999615
781.6643099998378
657.951829999918
930.2291899997141
741.6281299998697
859.736209999802
784.647099999832
736.4534799998685
930.227659999755
729.7664599998715
1138.3920899998618
729.5620299998893
767.6151599998509
839.1821599998019
614.5512799999593
594.6003799999695
650.6646299999132
516.3405500000104
616.7902499999695
694.1448399999085
910.1864199997439
546.6762599999946
674.4413799999091
1070.5953399996536
894.3511399997604
974.5769199996893
901.3713099998754
717.1120099998885
535.5079300000056
655.6239199999394
822.027659999873
908.2757699997121
753.5151299998596
862.0525699997738
756.2520599998624
733.1826599998768
662.3518199999229
857.9551599997732
679.116719999944
809.636689999837
818.876789999834
891.7610800000507
871.2867799999607
1103.4232499999575
538.7335199999947
733.9683799998643
615.8289699999705
585.3708999999794
580.9075599999901
841.821829999844
1166.3013099996301
709.5377799998807
874.7847699997661
760.549840000023
1164.7096999996472
911.3402699997266
1024.030399999645
624.2399899999359
871.6452799997653
541.2052600000104
709.084759999878
789.0997799998343
1051.134789999906
563.8149699999751
698.4586599999071
741.900760000149
951.227099999843
719.6177400000305
1115.8670499998696
796.8949499998246
826.2721699998697
961.214750000024
733.9252599999053
801.4135299998183
1034.3946699996166
787.6835099998431
1304.7282399994428
543.3235100000039
866.5844399997585
975.7069299996732
800.2170099998247
733.6700199998633
857.6715799997962
551.1291899999869
547.5276899999957
651.647969999945
706.2421599998967
947.8418299999923
805.618530000048
582.0180099999856
690.431039999903
568.4445100000006
734.8183599998697
623.2235899999491
1010.3189199999988
764.6386599999737
865.5841199999248
919.4742399997718
927.1487199997126
732.1465999998676
816.2892599998071
719.3861499998749
878.8551999997919
973.6446399999705
672.2542599999142
725.1178799998802
624.181219999958
593.7730099999692
720.0307199998725
518.0006300000232
666.2638599999258
772.4976099998593
819.8642299998071
605.7348599999586
1022.8103199998535
707.6454899998885
610.0370099999658
729.0028199998733
705.239889999891
1008.9981499997283
505.2735100000258
692.6568199999009
684.6218499998965
538.6011200000013
848.8311499998185
656.3783599999217
816.3934199998196
727.9894300000879
788.4896300001052
673.5097799999116
878.6857199997597
644.4579399999377
619.5517199999676
798.7544599998348
745.5654500001391
819.8135899998115
779.3624999998352
684.558719999903
545.9546599999952
1062.4869399997613
724.0578299999055
669.4466699999315
672.372539999922
878.0224200000462
748.5933699998694
922.6974000000549
685.6489499999105
854.4460699997711
1082.3892599997132
905.5175399997516
619.7910199999601
855.5289199997716
580.9075799999733
573.623559999968
863.346329999769
615.5392899999476
643.3824699999304
845.6549199999531
665.5042099999293
799.1218999998159
716.3983699998894
938.6511299997113
525.5594300000154
698.5070099999513
687.0134599999113
1049.9554999996617
987.1384099996649
1044.5096699998423
839.4754699998105
551.3577599999799
610.0042699999575
778.8170699998224
716.3490099998753
772.6854899998461
644.2016399999285
615.2230899999594
833.6197599997888
869.1229299997674
776.8797399998381
779.0886399998358
599.8083499999681
856.9754999997598
797.0315499998251
597.876999999976
985.5987199996854
1165.5559499998244
627.1938599999393
766.886689999846
809.0831099999335
627.2791099999336
730.4651499998616
805.6162599999466
926.2928700000051
723.8997599998762
998.3090099999575
712.751519999906
695.4035999999124
885.2605299999384
899.2450499997359
857.8334799997755
797.0174200000013
604.0977299999538
590.6955499999717
943.4186699997077
579.7629599999859
623.5288699999446
839.9849299997888
850.1751499997963
571.7638999999901
1016.5551399999541
682.1330199999304
789.6296199998303
672.3764499999207
760.7251199998484
735.7671199999012
598.2440099999582
649.5206599999367
740.1049899998657
556.7568399999917
660.0800299999296
697.9148599998978
763.6145799999089
501.2899400000206
768.2969099998462
759.651139999849
740.17033999987
679.95529999991
749.9344900000874
688.8047199999081
578.5466599999764
670.9462299999209
664.0567199999313
909.8712099997978
1059.3965399998128
719.227109999875
648.847289999926
722.0147099998735
927.3796499999522
633.3564499999388
743.8562599998572
802.0255899999968
619.0877699999568
653.7150199999267
603.4884799999816
914.1395499999248
842.244929999795
674.6545199999222
748.1892199998897
735.7931999998806
700.7107499999049
679.358010000019
727.2382399998619
586.0457199999847
709.6261699998971
968.9734999999009
550.6684699999853
627.0376599999393
997.643169999736
718.943829999892
781.462119999852
853.9927799997703
706.047349999889
716.6766699998946
789.6714399998243
710.7279799998915
800.9079099998072
532.4850199999996
773.9164899998324
631.7381699999389
654.3373799999328
619.8471999999473
564.508009999998
664.3665899999298
636.178499999932
845.0988799997866
852.0903199998036
803.9760099998036
771.8177699998504
602.7794099999734
602.8925199999532
772.17295999985
524.6829799999997
833.1667499998014
829.4709899998769
915.4296799997289
953.3753299996868
619.2153699999659
1012.1923899996416
683.8857300002034
738.7821799998736
686.761090000196
807.8171599998157
823.8853399998962
924.7491700000136
908.7965899998785
883.5303899997522
755.7199800000069
827.6990499997983
585.0514999999647
534.3290699999822
750.116299999853
877.6281799997612
754.3281399998685
627.4796499999468
601.3891199999571
1010.1877099999587
787.0562600001214
671.6300399999211
819.5550599998511
995.3408900000344
847.4559200000754
923.2031399999177
1032.4728399999135
683.8405699999236
728.2075099998743
888.187009999755
607.6575199999779
614.9506199999607
946.1876399997554
840.3229099997926
663.0687999999267
793.5724699998121
663.2539699999245
611.1758999999548
805.6073700001085
793.901249999817
825.2177099999526
683.0686099999175
738.0340099999594
680.1308899999217
699.6895999999039
988.2586499999705
781.9400099999102
717.6024699998815
657.0981899999275
666.8455399999198
674.6633599999196
1054.3432699996174
641.3794499999273
786.2450599998805
785.5272299998162
710.6497999999033
764.1526699999055
545.6769599999975
834.0516700000978
869.9298499999741
555.5213100000044
665.3756499999231
683.7342799999185
925.5417299997239
692.0158099998906
790.702169999906
816.6033199998061
1058.4371599996027
717.7370099998694
616.6543999999517
967.6303599996836
774.3071699998455
650.4706799999409
729.3744599998886
875.2158899997605
940.9797799998954
701.5049399998899
810.0585399998214
967.0825599999824
1066.9595299999414
881.9290699997615
1075.6006899996435
665.9402599999219
731.372729999879
753.7598699998479
785.182680000086
653.675379999935
638.1995500001146
690.3331699999144
621.3905299999401
610.6589699999644
778.8537100000431
894.5508999998212
673.2046699999318
655.7550099999258
1094.7017199999818
788.7177499998231
968.7143399999886
741.9005099998509
1030.827479999686
978.9875099999799
681.2138099999214
557.1542599999901
738.4286799998641
775.429429999844
662.0114499999247
926.619129999706
671.60323999991
714.1481099998771
807.5451599998211
766.6771299998312
651.7123899999333
634.7466899999265
954.9177099997055
698.7325399998965
862.3137299997619
859.2502399999506
705.238399999884
729.2952299998582
839.8980299997892
890.1551099997755
516.5364300000145
944.7795399999982
830.3329100001033
795.6989899998295
620.7295299999619
620.3192499999893
876.0665299998404
659.5918099999279
842.7631899997848
754.5555700001287
1116.3110199995765
633.5820999999355
948.478310000058
623.9371599999611
611.9845599999619
670.582039999921
846.7529299997935
1027.3320399996883
598.4631899999657
891.0377499999144
863.8475499998458
673.4837599999289
791.3054099998583
626.8462799999477
904.5652399997439
863.2864099997771
839.8302899998807
1049.432759999645
800.468709999818
653.562669999939
652.4535199999394
666.2566099999253
563.3111399999882
683.3506699999111
846.4440799998363
793.1174099998873
940.2423699996975
896.6188699997704
784.2464399999445
911.9646299997327
926.7897499998966
570.3873499999894
722.8446799998649
761.9835699998442
634.7483599999364
561.4756399999851
918.4821599997912
859.6533199997763
904.1188799999451
870.4721099998746
1063.5448600001046
740.8319199998837
1067.0732399998276
763.9266499998417
831.4276799998582
603.8396099999459
850.27445999982
1021.4037799997179
735.303139999871
811.6774899998142
928.4534200000093
737.0429699998538
677.3733600000456
753.2628799998658
1124.960999999731
663.5200999999196
824.0916299997947
905.4772999999539
613.9565999999578
769.8344999998538
864.8308999997774
703.9387099998955
911.3107099998455
1045.2350499996878
516.2357800000088
805.4276199998287
663.4791599999445
651.7829299999116
781.7261399998293
881.646519999923
624.0234599999433
782.5489999998537
918.7171599997137
593.2043499999818
724.3206699998714
947.3123599997033
945.8046700000688
765.2988999998541
922.3799099999007
860.1177199997952
649.9001199999474
1044.0044299998337
931.1970400000368
584.9532799999761
627.6853999999413
692.7909699999016
670.4592799999208
784.3957899998736
953.4347199996866
717.9261799999883
955.2571199998227
666.0288299999363
702.8653399998985
865.2199899997703
498.16418000002574
761.6837899998401
569.7631199999865
846.0912699997647
802.5335899998162
890.5391599997467
758.2737999998628
937.3923099997887
654.4190199999337
579.7761700000793
784.5653199999681
754.2326899998683
674.3743199999143
613.7416099999707
788.0380599998285
718.914079999886
667.4821299999177
628.0669599999442
842.1768299998025
582.1721299999859
787.5336999998551
700.9331900001227
899.1965000000396
627.6719599999537
592.5990199999572
815.833819999847
874.5072899999518
698.712979999927
892.4380399997339
719.1004199998689
1067.1915199999903
601.6703699999623
867.5407400000678
770.7689799998315
756.9295199998336
614.2132399999477
850.6166599998022
765.4343399998777
619.495119999961
682.3026899999172
611.0699899999579
757.2940199998587
694.277169999899
808.1730299998143
1080.5198299999015
796.0061699998364
944.9371899997655
785.712819999826
653.5710499999444
1134.007059999703
553.5161299999914
627.0151600000904
754.643979999845
655.8836599999252
787.8349599998963
675.4016699999274
994.1746999996572
912.1953999997489
649.0615499999276
554.9873800000029
919.8169799997136
715.4731999998829
675.7090099999338
883.3421600000412
798.9826599998187
834.1645299998988
935.3306599997809
609.8217199999655
860.7745499998335
920.752570000037
783.9874899998163
877.4211299997597
722.9015099998793
924.8169599997923
588.1616799999729
776.4001699998595
648.0326799999385
649.8675499999383
984.4792999998721
717.2550199998836
773.7019699998501
909.7626999999143
740.7844799998637
711.4687099999019
788.3499299999394
769.937119999852
842.2191899997881
964.1821199997024
729.4120599998752
801.4924599998293
724.152299999883
700.3644599998919
814.3435099999734
950.6067899999924
762.4490599998485
1012.9046399997911
626.1757599999423
733.0685699999045
715.5126599998803
690.1620199999157
820.3578199997928
709.005189999889
726.7834699998944
811.0151099998392
633.881189999954
909.057769999739
879.2029999998682
793.867909999831
836.5738599998483
894.2464699997483
791.6635200000472
667.3583699999406
931.3769699997199
800.6307599998156
1270.9639999997153
1028.1966699997538
706.3696199998845
628.6121899999489
880.7934899999428
811.2719599998175
786.8878599998262
872.606249999771
682.0596699999222
879.6672399998492
716.1405599999049
592.1826599999604
719.36981999994
653.6145199999216
822.341549999802
873.3146899998209
684.065699999917
770.5841499998485
952.326329999821
857.4561099999449
622.4333899999505
931.1092199997095
660.2357599999269
1065.8426799996162
1037.2306099998539
872.9156799998283
1037.2850999996706
861.8310099998037
862.2019399997698
798.4398599998275
758.9418200001165
761.9195199998981
669.6566099999235
616.0114299999545
921.9571899997841
629.7665199999486
738.9602300000397
726.1740899998907
871.2307599998567
900.7660199999528
619.5473699999886
671.6669099999714
