10800.000000021759
10800.000000021759
10800.000000021759
3616.0999999978067
2237.099999999061
10800.000000021759
2155.0999999991354
10434.000000020427
1854.0999999994092
1493.0999999997375
3216.0999999981705
10800.000000021759
7740.0000000106265
8284.000000012606
10800.000000021759
10800.000000021759
10800.000000021759
3406.0999999979977
3894.099999997554
5468.000000002361
6574.000000006385
4644.099999999364
2710.0999999986307
10800.000000021759
3619.099999997804
5089.000000000982
10800.000000021759
1928.099999999342
7750.000000010663
5474.000000002383
10800.000000021759
3527.0999999978876
10800.000000021759
7373.000000009291
7879.000000011132
2529.0999999987953
10800.000000021759
6603.00000000649
3158.099999998223
6688.000000006799
10800.000000021759
1575.099999999663
10800.000000021759
10800.000000021759
7371.000000009284
10800.000000021759
9821.000000018197
7021.000000008011
3523.0999999978912
10800.000000021759
8114.000000011987
10800.000000021759
5728.000000003307
2364.0999999989453
9228.00000001604
4275.099999998021
10800.000000021759
3911.0999999975384
2684.0999999986543
5697.000000003194
10800.000000021759
10800.000000021759
1236.399999999971
1427.0999999997975
10800.000000021759
5060.000000000877
7702.000000010488
7301.0000000090295
2058.0999999992237
10800.000000021759
10800.000000021759
5403.000000002125
10800.000000021759
10800.000000021759
10800.000000021759
8082.000000011871
10800.000000021759
10800.000000021759
10800.000000021759
10800.000000021759
3876.09999999757
3656.0999999977703
4495.099999998822
10800.000000021759
6392.0000000057225
6658.00000000669
7409.000000009422
10800.000000021759
8488.000000013348
3585.099999997835
8816.000000014541
10800.000000021759
3487.099999997924
3685.099999997744
3365.099999998035
10800.000000021759
10800.000000021759
7086.000000008247
10800.000000021759
6583.000000006417
10800.000000021759
10800.000000021759
2585.0999999987444
3623.0999999978003
10800.000000021759
10800.000000021759
10800.000000021759
10800.000000021759
10800.000000021759
1502.0999999997293
3584.0999999978358
10800.000000021759
10800.000000021759
1924.0999999993455
10800.000000021759
10800.000000021759
10105.00000001923
10800.000000021759
10800.000000021759
10800.000000021759
10800.000000021759
10800.000000021759
10800.000000021759
10800.000000021759
6116.0000000047185
10800.000000021759
10800.000000021759
10800.000000021759
5653.000000003034
4151.09999999757
5462.000000002339
10800.000000021759
3801.0999999976384
4848.0000000001055
10800.000000021759
2801.099999998548
2384.099999998927
10800.000000021759
8661.000000013977
10062.000000019074
10433.000000020424
3409.099999997995
9837.000000018255
10800.000000021759
10800.000000021759
10800.000000021759
10800.000000021759
5201.00000000139
2342.0999999989654
10800.000000021759
6631.000000006592
8576.000000013668
10800.000000021759
8966.000000015087
5665.000000003078
3747.0999999976875
10183.000000019514
10800.000000021759
8457.000000013235
10800.000000021759
5614.000000002892
3082.0999999982923
10800.000000021759
10800.000000021759
10800.000000021759
10800.000000021759
10800.000000021759
3925.0999999975256
4585.099999999149
4264.099999997981
2621.0999999987116
10800.000000021759
5728.000000003307
6120.000000004733
1706.0999999995438
5848.0000000037435
3525.0999999978894
10800.000000021759
10800.000000021759
2402.099999998911
6081.000000004591
10800.000000021759
6082.000000004595
2580.099999998749
10800.000000021759
3546.0999999978703
10221.000000019652
5659.000000003056
2152.099999999138
10800.000000021759
2625.099999998708
4697.0999999995565
4754.099999999764
3079.099999998295
1656.0999999995893
2772.0999999985743
6294.000000005366
10800.000000021759
9587.000000017346
10800.000000021759
10800.000000021759
2030.0999999992491
9086.000000015523
3029.0999999983405
3797.099999997642
6566.000000006356
10800.000000021759
2515.099999998808
3989.0999999974674
5881.0000000038635
5995.000000004278
10800.000000021759
7396.000000009375
10800.000000021759
4352.099999998301
10800.000000021759
3263.0999999981277
1555.0999999996811
10800.000000021759
3207.0999999981786
6116.0000000047185
10800.000000021759
5990.00000000426
8268.000000012547
10800.000000021759
6187.000000004977
1823.0999999994374
2199.0999999990954
3140.0999999982396
5431.000000002226
10800.000000021759
4768.099999999815
3103.0999999982732
3945.0999999975074
4790.099999999895
10800.000000021759
3481.0999999979294
4308.099999998141
10800.000000021759
6219.000000005093
5785.000000003514
2325.099999998981
10800.000000021759
2081.0999999992027
10800.000000021759
9576.000000017306
10800.000000021759
3858.0999999975866
2689.0999999986498
3661.0999999977657
10800.000000021759
10800.000000021759
10800.000000021759
3524.0999999978903
10800.000000021759
10800.000000021759
7334.0000000091495
10800.000000021759
8711.000000014159
4230.099999997858
10800.000000021759
10800.000000021759
5078.000000000942
10800.000000021759
6144.00000000482
8415.000000013082
2530.0999999987944
5120.000000001095
2021.0999999992573
4281.099999998043
2073.09999999921
2321.0999999989845
4140.09999999753
10800.000000021759
10800.000000021759
6503.000000006126
7386.000000009339
10800.000000021759
2062.09999999922
5372.000000002012
5180.000000001313
2100.0999999991855
2493.099999998828
3591.0999999978294
3332.099999998065
6687.000000006796
2154.0999999991363
2578.0999999987507
2873.0999999984824
10800.000000021759
3382.0999999980195
10800.000000021759
5094.000000001
7930.000000011318
10800.000000021759
5322.00000000183
4038.099999997423
3372.0999999980286
10800.000000021759
6166.0000000049
10800.000000021759
10800.000000021759
10800.000000021759
3099.099999998277
10800.000000021759
10800.000000021759
2780.099999998567
6734.000000006967
5132.000000001139
3378.099999998023
6544.0000000062755
4293.099999998087
7322.000000009106
10800.000000021759
2237.099999999061
10800.000000021759
5849.000000003747
4244.0999999979085
8965.000000015083
10800.000000021759
8004.000000011587
2850.0999999985033
4947.000000000466
10800.000000021759
10800.000000021759
4405.099999998494
10800.000000021759
1076.0000000001169
5468.000000002361
10800.000000021759
10800.000000021759
3626.0999999977976
6861.000000007429
1822.0999999994383
1810.0999999994492
3446.0999999979613
10800.000000021759
8433.000000013148
10800.000000021759
5999.000000004293
10800.000000021759
10800.000000021759
3684.099999997745
10800.000000021759
7274.000000008931
10800.000000021759
6162.000000004886
10800.000000021759
2610.0999999987216
2859.099999998495
3360.0999999980395
7822.000000010925
2338.099999998969
3508.099999997905
7985.000000011518
10800.000000021759
6806.000000007229
5136.000000001153
5225.000000001477
10800.000000021759
3284.0999999981086
2360.099999998949
10800.000000021759
10800.000000021759
6666.000000006719
8062.000000011798
3644.099999997781
3277.099999998115
10800.000000021759
10800.000000021759
6177.00000000494
10800.000000021759
10800.000000021759
9068.000000015458
10800.000000021759
10257.000000019783
10800.000000021759
4190.099999997712
4520.099999998913
10800.000000021759
3085.0999999982896
2281.099999999021
10800.000000021759
7826.000000010939
3126.0999999982523
9623.000000017477
9846.000000018288
7174.000000008567
2880.099999998476
10800.000000021759
2786.0999999985615
8371.000000012922
2170.099999999122
5065.000000000895
10800.000000021759
10800.000000021759
5179.00000000131
4901.000000000298
10800.000000021759
10800.000000021759
10800.000000021759
10800.000000021759
5770.00000000346
7363.000000009255
10800.000000021759
7320.000000009099
2806.0999999985434
3652.099999997774
6639.000000006621
8482.000000013326
1629.0999999996138
10800.000000021759
10800.000000021759
7506.000000009775
10800.000000021759
10800.000000021759
2862.0999999984924
2968.099999998396
10800.000000021759
8956.00000001505
10800.000000021759
10800.000000021759
3502.0999999979103
3391.0999999980113
2104.099999999182
2514.099999998809
4077.0999999973874
10800.000000021759
8723.000000014203
8289.000000012624
10800.000000021759
5131.000000001135
10800.000000021759
10800.000000021759
7469.000000009641
7239.000000008804
10800.000000021759
3926.0999999975247
5432.00000000223
10800.000000021759
7928.0000000113105
3868.0999999975775
1057.0000000001342
8168.000000012184
4914.000000000346
4471.099999998734
4123.099999997468
10800.000000021759
3841.099999997602
6052.000000004486
10800.000000021759
2792.099999998556
8865.00000001472
1498.099999999733
4549.099999999018
3312.099999998083
2317.099999998988
6630.000000006588
4167.099999997628
10800.000000021759
10800.000000021759
10800.000000021759
10800.000000021759
2398.0999999989144
3062.0999999983105
2875.0999999984806
10800.000000021759
10800.000000021759
10800.000000021759
2671.099999998666
7348.0000000092
4825.000000000022
10800.000000021759
6374.000000005657
9316.00000001636
2967.099999998397
10800.000000021759
3172.0999999982105
10800.000000021759
5325.000000001841
4602.099999999211
10800.000000021759
3144.099999998236
10800.000000021759
10800.000000021759
2566.0999999987616
3521.099999997893
4521.099999998916
3488.099999997923
3064.0999999983087
9969.000000018736
1788.0999999994692
5820.000000003642
4456.09999999868
10505.000000020686
2167.0999999991245
10800.000000021759
7375.000000009299
10800.000000021759
3396.0999999980068
10800.000000021759
4735.099999999695
10800.000000021759
3003.099999998364
3519.099999997895
10800.000000021759
10800.000000021759
4467.09999999872
4939.000000000437
3077.099999998297
3583.0999999978367
10800.000000021759
4284.099999998054
10800.000000021759
7387.000000009342
5468.000000002361
3398.099999998005
10800.000000021759
10800.000000021759
6926.000000007665
3917.099999997533
10800.000000021759
10800.000000021759
9786.00000001807
10800.000000021759
10800.000000021759
4214.099999997799
10800.000000021759
10800.000000021759
10800.000000021759
10800.000000021759
3752.099999997683
3771.0999999976657
9065.000000015447
4429.099999998582
4404.099999998491
10800.000000021759
2383.099999998928
2457.0999999988608
5132.000000001139
5003.000000000669
1587.099999999652
10800.000000021759
10800.000000021759
6469.000000006003
4832.000000000047
5909.000000003965
6201.000000005028
7091.0000000082655
5234.00000000151
3563.099999997855
2899.0999999984588
10793.000000021733
5019.000000000728
6388.000000005708
4026.0999999974338
10800.000000021759
2964.0999999983997
3392.0999999980104
4121.099999997461
10800.000000021759
2924.099999998436
1303.0999999999103
2461.099999998857
2874.0999999984815
10800.000000021759
10800.000000021759
2838.0999999985142
3393.0999999980095
3871.0999999975747
10800.000000021759
8560.00000001361
7889.000000011169
10800.000000021759
3276.099999998116
4664.0999999994365
10800.000000021759
10800.000000021759
6326.000000005482
8334.000000012787
4848.0000000001055
4791.0999999998985
10800.000000021759
7101.000000008302
3957.0999999974965
2078.0999999992055
3107.0999999982696
10800.000000021759
3326.0999999980704
3195.0999999981896
5648.000000003016
10800.000000021759
10800.000000021759
6041.000000004446
4669.099999999455
10800.000000021759
3458.0999999979504
3402.0999999980013
10800.000000021759
3456.099999997952
6233.000000005144
2965.0999999983987
2608.0999999987234
3043.099999998328
6751.000000007029
2199.0999999990954
10800.000000021759
2686.0999999986525
10800.000000021759
4301.099999998116
10800.000000021759
4018.099999997441
4852.00000000012
6590.000000006443
2251.099999999048
9028.000000015312
7472.000000009652
7869.000000011096
9971.000000018743
10800.000000021759
6049.000000004475
10800.000000021759
1736.0999999995165
10800.000000021759
5765.0000000034415
10800.000000021759
10800.000000021759
8762.000000014345
3504.0999999979085
9542.000000017182
10482.000000020602
5051.000000000844
3933.0999999975184
5860.000000003787
8412.000000013071
4718.099999999633
3913.0999999975365
10007.000000018874
10800.000000021759
10800.000000021759
2505.099999998817
10800.000000021759
10800.000000021759
10800.000000021759
10070.000000019103
10800.000000021759
5732.0000000033215
10800.000000021759
3066.099999998307
6342.000000005541
1692.0999999995565
6390.000000005715
4006.099999997452
1348.0999999998694
10800.000000021759
5534.000000002601
3700.0999999977303
10800.000000021759
8716.000000014177
10800.000000021759
6852.000000007396
10727.000000021493
10800.000000021759
4803.099999999942
10800.000000021759
10800.000000021759
1874.099999999391
9258.000000016149
4735.099999999695
3430.099999997976
8190.000000012264
4139.0999999975265
6587.000000006432
4382.099999998411
3632.099999997792
10800.000000021759
1459.0999999997684
10800.000000021759
10800.000000021759
1560.0999999996766
5198.000000001379
3366.099999998034
10800.000000021759
6719.000000006912
10800.000000021759
5432.00000000223
10800.000000021759
3264.099999998127
1608.099999999633
3615.0999999978076
10800.000000021759
4328.099999998214
3322.099999998074
7088.000000008255
10619.0000000211
5697.000000003194
6386.000000005701
10800.000000021759
10800.000000021759
3251.0999999981386
7413.000000009437
4387.099999998429
5086.000000000971
10800.000000021759
10800.000000021759
1750.0999999995038
10800.000000021759
4273.099999998014
5306.000000001772
6862.000000007432
10800.000000021759
6916.000000007629
3887.09999999756
3088.099999998287
10800.000000021759
6388.000000005708
10800.000000021759
7269.000000008913
10800.000000021759
10800.000000021759
3518.099999997896
1872.0999999993928
10800.000000021759
3309.099999998086
2734.099999998609
5509.00000000251
3027.0999999983424
4216.099999997807
9742.00000001791
2626.099999998707
10800.000000021759
2995.0999999983715
10800.000000021759
4766.099999999808
5334.000000001874
10800.000000021759
5145.000000001186
10800.000000021759
3819.099999997622
10800.000000021759
10800.000000021759
10800.000000021759
10800.000000021759
10800.000000021759
2328.099999998978
5636.000000002972
10800.000000021759
5106.000000001044
10800.000000021759
10320.000000020013
7252.000000008851
6133.00000000478
10800.000000021759
4020.099999997439
10360.000000020158
3627.0999999977967
3800.0999999976393
5623.000000002925
10662.000000021257
9108.000000015603
10800.000000021759
2300.0999999990036
10800.000000021759
2795.0999999985534
10800.000000021759
1865.0999999993992
10800.000000021759
10800.000000021759
4176.099999997661
2778.099999998569
2172.09999999912
10800.000000021759
10800.000000021759
3006.0999999983615
10800.000000021759
10800.000000021759
10800.000000021759
10800.000000021759
10800.000000021759
10800.000000021759
10800.000000021759
2526.099999998798
5492.000000002448
3883.099999997564
5797.000000003558
9888.000000018441
10800.000000021759
2226.099999999071
10800.000000021759
10800.000000021759
10800.000000021759
2454.0999999988635
10800.000000021759
4981.000000000589
10800.000000021759
5581.000000002772
5705.000000003223
10800.000000021759
9452.000000016855
8726.000000014214
10800.000000021759
10800.000000021759
9738.000000017895
1756.0999999994983
10800.000000021759
10800.000000021759
3940.099999997512
10800.000000021759
10800.000000021759
2443.0999999988735
10675.000000021304
10800.000000021759
9586.000000017342
7268.000000008909
7450.0000000095715
10800.000000021759
2119.099999999168
8063.000000011802
2756.099999998589
10800.000000021759
7963.000000011438
4879.000000000218
10800.000000021759
2160.099999999131
2305.099999998999
10800.000000021759
10800.000000021759
1761.0999999994938
10800.000000021759
10800.000000021759
2392.09999999892
10800.000000021759
10800.000000021759
10800.000000021759
10800.000000021759
3244.099999998145
4174.099999997654
6616.000000006537
8724.000000014206
10800.000000021759
7046.000000008102
10800.000000021759
2013.0999999992646
3836.0999999976066
1058.0000000001332
3542.099999997874
2104.099999999182
5663.00000000307
5006.00000000068
7411.00000000943
10800.000000021759
10800.000000021759
2254.0999999990454
10800.000000021759
10800.000000021759
10800.000000021759
4913.000000000342
9553.000000017222
1905.0999999993628
3205.0999999981805
9640.000000017539
1358.0999999998603
4065.0999999973983
7903.0000000112195
7689.000000010441
10800.000000021759
10800.000000021759
4824.000000000018
4628.0999999993055
10800.000000021759
10231.000000019689
10800.000000021759
5004.000000000673
5689.000000003165
10800.000000021759
7609.00000001015
10800.000000021759
4337.099999998247
6941.00000000772
10800.000000021759
5816.000000003627
5469.000000002365
9964.000000018717
6066.000000004537
3349.0999999980495
2079.0999999992046
4279.099999998036
7402.000000009397
10800.000000021759
3758.0999999976775
8013.00000001162
3773.099999997664
2096.099999999189
10800.000000021759
4829.000000000036
10800.000000021759
10800.000000021759
3391.0999999980113
10800.000000021759
8341.000000012813
5408.000000002143
4283.09999999805
4827.000000000029
4557.099999999047
3814.0999999976266
5455.000000002314
8315.000000012718
10800.000000021759
2751.0999999985934
10800.000000021759
10800.000000021759
6693.000000006818
5873.000000003834
10800.000000021759
10800.000000021759
8678.000000014039
4723.099999999651
10800.000000021759
2163.099999999128
10800.000000021759
10800.000000021759
10800.000000021759
10800.000000021759
5012.000000000702
10800.000000021759
10097.000000019201
7859.0000000110595
2121.0999999991664
10800.000000021759
10800.000000021759
4331.099999998225
10800.000000021759
10800.000000021759
7841.000000010994
10800.000000021759
3147.099999998233
10800.000000021759
10800.000000021759
4109.099999997417
10800.000000021759
3510.099999997903
10800.000000021759
9231.00000001605
1891.0999999993755
10800.000000021759
2538.099999998787
4972.000000000557
6559.00000000633
5089.000000000982
7558.000000009964
6493.00000000609
9439.000000016807
7273.000000008928
3856.0999999975884
10800.000000021759
10800.000000021759
4690.099999999531
10800.000000021759
10800.000000021759
6455.000000005952
4515.099999998894
4870.0000000001855
10800.000000021759
7036.000000008065
3486.099999997925
10800.000000021759
2296.099999999007
7339.000000009168
5469.000000002365
3914.0999999975356
7188.000000008618
10800.000000021759
4668.099999999451
6234.000000005148
3926.0999999975247
10800.000000021759
10800.000000021759
10800.000000021759
5054.000000000855
9982.000000018783
6646.000000006647
6340.000000005533
10800.000000021759
10800.000000021759
10800.000000021759
10800.000000021759
5195.000000001368
3095.0999999982805
10800.000000021759
10800.000000021759
10800.000000021759
2408.0999999989053
10800.000000021759
8482.000000013326
9034.000000015334
4963.000000000524
6421.000000005828
10436.000000020435
10077.000000019128
10800.000000021759
