5281.325000004639
6944.175000009535
4344.700000004766
2292.099999999011
1899.174999999368
7849.7750000116785
1860.4249999994036
4342.025000004352
1887.6249999993788
1942.4749999993287
2288.974999999014
8282.775000013997
3302.175000002235
3628.5750000025564
7156.150000010773
6810.150000009469
6204.525000008864
2033.6749999992458
2512.69999999881
3995.4499999998434
3278.3250000009307
2950.424999999035
2057.1499999992247
6626.950000009645
2423.4749999988917
3268.799999999251
5399.42500000539
1891.599999999375
3610.075000001966
3988.824999999788
6164.300000005598
2886.174999998471
5763.4250000072525
4031.700000001154
5646.050000004494
2010.0499999992674
9198.00000001593
3232.4500000010057
2436.3999999988796
4032.975000000374
4189.750000004906
1606.9749999996338
6893.175000010069
7386.025000010298
3153.350000001951
5435.125000007461
3897.5500000040593
3411.625000001318
2221.1999999990753
4505.27500000462
3617.125000002373
4638.725000004498
3405.2999999998538
2346.2249999989617
3756.325000003513
3125.2499999984566
5609.075000004088
2740.9249999986027
2303.249999999001
4245.450000000072
5209.775000005991
8713.675000016035
1858.2499999994054
1762.4499999994923
5848.325000007871
2977.574999999483
3575.8750000019427
3634.800000001433
1944.7249999993269
4344.575000004766
4082.725000005004
2851.0499999999884
4812.925000004339
8569.775000013644
8215.17500001452
4070.2250000019253
4581.57500000455
4749.000000004398
5946.425000008812
8539.500000013535
2541.9749999987835
2836.299999998516
3060.849999999045
4645.100000004491
3613.475000000419
3378.775000000935
3691.075000001505
5485.425000004765
3513.450000002893
2839.9249999985127
4831.925000002184
6430.07500001049
2779.4249999985673
2592.9249999987373
2059.9249999992217
6053.025000008647
4619.525000004515
4164.450000001525
4591.700000004541
2838.2250000013414
4751.525000004395
4506.600000004619
2050.87499999923
2159.899999999131
5600.9500000047765
5155.2250000040285
4858.200000004298
6889.875000010073
9192.27500001591
1979.9749999992946
2287.974999999015
5037.300000005446
5039.075000004894
1806.9249999994522
4401.075000004714
4952.100000004213
3925.8250000043563
4688.575000004453
4471.55000000465
6764.275000007142
5219.350000005903
4573.950000004557
4598.800000004534
4603.35000000453
3863.8500000003587
5477.275000006534
4894.550000004265
4615.800000004519
2782.6750000003344
2403.8499999989717
2706.8250000001867
5005.875000004617
3128.32499999825
3077.224999999152
4200.900000004896
2143.299999999146
2187.3499999991063
4807.0750000043445
3614.650000002998
3890.2500000043397
6305.750000006611
2164.674999999127
5785.9500000061635
3955.4000000051196
5384.100000006977
6654.950000010286
5785.700000007023
3326.9249999993262
2138.8249999991504
5000.5250000049855
3705.525000000904
4117.275000002444
6373.000000009741
4332.200000002692
3298.1999999998793
2898.8499999984588
4265.875000004136
6508.850000010419
5234.750000004997
6129.2000000085945
4543.700000000112
2381.9249999989293
5526.700000005437
5495.925000005404
4087.850000004999
6663.700000010278
6726.850000010219
2564.1749999987633
2958.099999998961
3025.374999998535
2009.5999999992678
6841.700000010116
4155.324999999171
3832.600000000503
1689.499999999559
3090.850000000276
2487.7249999988326
5592.550000007506
4831.750000004323
2008.424999999269
3176.850000000463
4631.200000004505
3310.6250000003424
2206.174999999089
4089.6250000049977
2097.7249999991873
7811.1750000126785
3279.5749999998898
1726.449999999525
4810.850000004956
2199.324999999095
3186.9749999988803
3060.1249999990605
2158.5999999991323
1891.1999999993754
2258.1999999990417
4294.500000002176
6776.425000008864
4714.750000003733
6066.550000008737
5207.75000000398
1724.1999999995273
4466.075000003824
2838.449999998514
2767.599999998578
3214.7750000009796
6799.675000009045
2222.0749999990744
2616.8999999987154
3902.0499999995754
4262.224999999904
4959.825000004206
3633.925000001542
7044.950000010329
2695.624999998935
7057.6750000105985
2124.1999999991635
1710.7249999995397
4973.700000004957
2096.224999999189
3399.3000000003003
4462.825000004658
3420.9000000001374
3990.700000002209
4942.000000004222
3469.1750000003176
1953.5749999993188
1931.1749999993392
2836.5749999985155
3405.0749999995164
3886.1000000051827
2696.9749999994065
2221.424999999075
2771.324999998575
3182.0999999994724
5273.35000000413
2334.1749999989725
2726.349999998857
4220.400000004878
3349.375000000463
4341.549999999904
2016.3999999992616
5077.7500000042055
1977.6999999992968
5381.950000004956
4246.725000003463
5482.825000004903
2563.8499999987635
2389.7249999989217
2789.849999998558
8285.32500001261
4028.5250000050532
4572.575000004558
2670.5249999986668
5363.750000005382
7321.1500000115175
3543.325000001554
4853.950000004746
4543.4750000022095
2510.199999998965
6969.22500001
7271.150000010742
3271.999999999236
4832.025000005149
3084.775000000618
3771.100000002576
1883.9499999993823
3279.6499999992766
1997.8999999992784
3110.8749999984766
1881.899999999384
1930.6999999993395
2602.024999998779
6344.300000005709
5541.950000004674
3631.9500000005287
4404.975000000958
7660.200000012027
1846.699999999416
3820.199999999071
3172.4499999994423
2358.79999999895
2035.1249999992444
2420.474999998894
2630.724999998703
4149.575000000905
2114.3999999991725
2041.6749999992385
1892.5499999993742
4139.900000004952
2027.7249999992514
5123.200000005149
3059.4499999994473
5307.300000002521
5545.450000005467
3266.0749999995187
2397.949999998915
2388.624999998923
4974.825000004193
3646.525000000826
3969.450000005107
5493.825000005978
4840.5750000043145
2446.2249999988708
4015.175000005065
4503.800000004621
2331.6499999989746
3407.3500000009954
2888.674999999646
2606.049999998725
3565.0500000006364
2795.8999999987764
4731.675000002216
4289.150000004816
2543.9999999987817
4472.800000004649
3225.325000000155
3031.6249999985066
3603.600000003353
4371.275000004742
3294.200000002542
2206.349999999089
2883.0749999994405
4464.875000004656
4114.600000004975
2640.424999999045
7015.925000009957
1521.2499999997121
3417.0500000003294
4678.375000004462
4950.075000004215
2184.4499999991085
3928.7500000009622
1808.7499999994507
2157.7499999991333
2534.3249999987906
4909.950000004252
3728.100000002635
5625.950000004897
3446.575000000124
4383.60000000473
5201.950000003988
2886.52499999847
7916.6750000126285
3958.100000001464
5292.825000004167
3282.9250000004586
4438.200000004681
1975.8999999992984
2336.5749999989703
1977.7499999992967
3293.400000002336
2064.6499999992175
2726.399999998616
3242.150000002568
5129.725000004051
4740.700000001641
3533.0749999990644
3377.0249999993075
4744.075000004402
2336.64999999897
1803.2249999994556
4185.475000004911
4777.0250000043725
3712.525000000641
3624.150000002308
2769.599999998577
2427.974999998887
4261.375000004841
4128.575000004962
3769.4500000000326
4101.2000000049875
5259.425000005091
4664.550000003435
4440.950000004678
6733.175000008955
5638.15000000578
2230.524999999174
3481.349999998426
4034.175000005048
2471.4749999988476
1842.9499999994193
5629.225000005408
5123.675000003381
2661.4749999986752
4630.225000003167
5803.8750000068385
5295.200000003187
2748.924999998595
5002.525000004167
2127.64999999916
3969.3000000023453
1816.6249999994434
3307.324999999189
4379.375000004734
6770.80000001018
2613.999999999949
3384.449999998932
4144.4500000049475
5987.300000007186
6834.925000009617
7220.675000010128
3169.0750000001162
4339.075000002414
7748.025000010656
3348.9250000017146
2488.3499999988326
3059.424999998313
3478.325000000823
5394.700000002824
1634.299999999609
5162.575000004022
5220.175000003969
4322.825000001393
4814.825000004425
4739.525000004407
1973.4749999993005
2076.124999999207
4195.575000004901
4576.950000002458
6809.175000010145
5979.025000008889
2190.3499999991036
2343.6749999989643
1735.6749999995168
2221.4499999990753
2805.2249999985443
5193.825000004906
4917.275000004983
5019.02500000493
5351.550000005305
3271.1999999992972
4315.450000004792
4570.57500000456
3569.050000001684
4246.800000001773
5417.975000004602
2464.699999998854
2910.149999999968
4669.825000004722
3474.5750000022917
2940.599999998421
1503.549999999728
3787.57500000228
2814.6999999994655
2857.374999998923
2633.324999998731
6294.925000008162
2521.4749999988026
2858.6000000007193
4308.675000004798
2251.9749999990477
5466.450000003901
1517.8499999997148
2749.29999999911
2603.5249999987277
1949.1499999993227
4518.800000001422
3199.249999998345
4776.250000004373
5805.975000008687
5247.100000006051
5017.8250000041535
2450.249999998867
2177.699999999115
2063.3749999992187
4377.125000004736
4977.600000005367
4487.850000004635
2386.874999998925
3931.075000001217
2484.5749999996647
6636.400000008054
3765.850000000857
3775.450000003596
2329.5999999989767
6768.925000010182
2524.8249999987993
6608.100000010329
2839.67499999991
3265.9999999987003
5798.300000006391
2616.3999999987163
4034.175000005048
4509.100000004616
1965.8249999993077
2337.3999999989696
2977.5749999988707
2792.724999998555
2342.474999998965
4465.425000003711
1879.1749999993863
3171.575000000171
3102.2249999986834
4854.050000003967
1737.2249999995154
4313.300000004794
3324.2250000018
4757.37500000439
2950.824999998412
7367.65000001086
3908.7249999987102
4162.675000004931
2239.074999999059
2789.5749999985583
4285.200000004819
4571.825000004559
3227.999999998697
2564.3749999997212
2535.974999998789
2697.624999998642
4912.6000000044405
2822.324999998742
4756.200000004668
3691.875000001479
3267.874999999683
2177.0999999991154
5337.375000003863
6852.7750000097985
3119.250000001476
2636.3999999986977
6215.400000007248
4548.100000004581
4273.075000003678
5759.3500000070235
4666.075000004474
2636.224999998832
6713.8250000102325
4172.150000004923
4166.925000004927
6342.950000007473
2897.37499999846
2973.074999998392
5567.425000006237
2752.7249999989704
2563.3499999991145
4634.925000004501
1893.2999999993735
1996.9249999992794
3059.59999999949
3926.9749999990804
1658.3249999995874
6924.975000010039
4275.325000004828
3787.525000000453
2683.874999999491
3200.100000000246
4120.975000000293
3139.875000001645
3214.7999999994654
2930.52499999843
1979.4249999992953
4675.3500000045005
3132.574999999296
5117.300000001085
2160.7249999991304
4542.025000004586
2442.5499999988742
2440.8749999988754
3005.49999999839
6101.050000009279
2194.3999999990997
1739.4999999995134
2091.649999999193
2241.4749999990568
4692.075000004449
6663.975000008124
2430.849999998885
2310.9749999989936
2691.5749999986474
7292.625000010763
3815.9750000026997
3632.475000002104
5888.700000008014
2226.3499999990704
2846.0749999991526
4139.875000004951
6394.30000000784
3639.075000000321
3875.325000002389
3404.8249999994723
3112.5749999990544
4172.4250000049215
4411.025000003434
2820.0999999985306
1811.6999999994478
2326.4749999989795
7402.42500001114
2119.7249999991677
2734.7499999986085
4774.675000001459
4224.175000004875
4324.175000004784
3793.949999999856
3022.9999999989977
4218.15000000488
2757.874999998587
2550.3499999987757
4472.000000004649
2404.149999998909
3365.325000000464
2197.324999999097
2105.099999999181
2185.6499999991074
3659.3000000013235
2003.2249999992737
4403.2250000047125
2434.5499999988815
4668.075000004472
2833.1999999987515
5052.200000004514
2346.3999999989614
2746.8749999994566
3793.2250000004806
1790.9749999994667
4642.450000002633
3719.1000000015506
3893.950000001843
5135.000000003104
4059.700000005025
3776.7249999998808
6285.925000010621
2069.1749999992135
6296.550000010611
3884.4749999994597
5991.800000006062
4917.050000004245
5368.800000005409
2851.274999998502
6059.925000006843
4381.97500000437
2660.5499999997614
2491.14999999883
3221.0250000001715
4203.375000002179
2785.4249999992694
2836.8749999985157
4246.375000003954
7313.775000009965
6562.20000001037
2102.674999999183
4882.250000004276
7763.275000011041
4410.625000004706
5168.600000004837
8909.525000015856
2896.325000000321
4528.750000004598
2589.4249999987405
3664.8750000010295
1781.2749999994753
4154.375000001054
3045.6999999983254
1900.499999999367
4597.8250000045355
2818.7000000001667
2535.874999998789
6443.775000010478
3948.2250000027566
5599.775000007208
3171.3750000013442
5647.475000005732
4749.800000004649
2712.0749999994327
7017.325000009956
4223.175000004876
2050.97499999923
3979.1750000033453
3147.574999998966
2387.599999998924
4209.825000001922
3456.9999999980005
4099.775000001714
2925.0499999987605
2674.7249999986625
4348.075000004763
1654.024999999591
6485.825000010439
4408.225000004708
1593.4999999996462
3334.824999999564
2338.6249999989686
4633.100000004503
3363.350000001018
5237.000000005814
3213.299999999692
4886.150000004272
2540.374999998785
1820.32499999944
2950.274999998412
4381.300000004732
2509.174999999077
2694.199999998645
4565.450000000872
6458.550000007613
3307.699999999907
3662.9750000003673
6970.450000009999
5330.400000004833
2833.4749999985183
4877.450000002298
2581.949999999078
2949.0749999995387
5070.475000004127
7009.925000010195
1880.5249999993853
5634.225000008024
2532.874999998993
2766.599999999955
3192.075000001337
5993.350000008735
4489.575000002322
2805.6999999985437
2229.6749999990675
8955.250000015047
3287.400000000711
6671.100000010271
3755.800000001286
5499.725000005388
6662.850000010279
2330.424999998976
1764.5999999994906
4807.850000004429
2608.374999998723
2165.724999999126
3631.774999999399
2457.074999998861
2647.3249999988243
4262.875000003637
2348.874999998959
4158.200000004935
2442.624999998874
4817.100000004336
3019.349999999111
3530.524999999292
5694.97500000563
2993.999999999565
4623.825000004512
3068.0749999983054
4562.0000000045675
3902.850000005167
6913.72500001005
6451.300000010471
4502.350000004622
1908.6749999993597
3932.9250000001907
5610.175000005747
2764.674999999729
4672.325000004467
6116.550000009549
4618.750000001361
2913.2000000007615
7446.650000011463
2616.749999998716
3967.4000000046085
2921.724999998438
2757.5499999985877
4146.200000000303
4489.850000004477
5423.275000005966
4452.950000004667
2029.47499999925
5404.625000004749
2218.3749999990778
5008.000000004162
2354.2249999989544
4677.475000004463
5337.275000004594
2933.099999998519
2204.2499999990905
1940.94999999933
4439.950000004679
3984.1000000050935
2311.0749999989935
5168.250000005266
5200.300000005604
4731.650000004413
5245.50000000471
5606.70000000633
4906.525000004254
5923.575000007753
2051.749999999229
3082.574999999879
2614.3999999987177
2817.4250000004668
3904.3500000041295
5610.950000005573
2361.224999998948
6119.575000008592
5431.950000005709
7469.200000011286
2163.9249999991275
6372.625000008383
3250.799999999145
5376.10000000577
3110.199999999955
3912.525000000563
6485.000000006061
4141.475000003418
3922.950000002791
4525.175000004601
4570.075000004561
5147.050000006295
2096.0249999991893
7150.775000009125
4174.15000000492
2861.8249999984923
6681.925000008678
4081.925000005004
2259.224999999041
5333.275000004055
4441.100000004678
4232.100000003487
5392.925000003428
3206.0750000019925
4783.450000004366
1904.3999999993634
3819.7500000021314
2464.0999999988544
5768.5750000074595
3413.8750000023865
3476.399999999264
4750.775000004396
1907.074999999361
2196.9749999990977
5033.0750000041535
7658.775000011359
2138.7499999991505
6780.025000007741
5454.950000004576
1981.7249999992932
6283.800000008473
8902.275000015426
4009.70000000507
4137.100000004954
2574.724999998754
2873.4749999985706
4111.3000000015545
4365.525000002386
5416.050000006886
3982.3250000008275
4150.325000004942
2032.1999999992472
2810.1499999985394
1491.7499999997387
2795.049999998553
1809.2749999994498
3304.899999999871
3720.824999998816
4132.450000001106
4270.925000004832
6025.175000006185
2031.0749999992481
5137.000000006839
5289.450000004432
4312.500000004795
2730.1499999995413
4562.175000003453
2231.7749999990656
2550.324999998776
4215.800000003564
1832.9749999994283
2751.049999998593
3289.9500000024314
4949.375000002551
6087.675000009034
7557.400000011999
2626.3999999995344
3006.7249999989654
4438.6750000046795
7217.175000010727
4396.075000004719
3680.69999999878
3532.1999999997133
6540.275000007492
3279.2000000021067
8675.05000001607
3040.599999998604
4330.60000000043
4352.850000004758
3228.6250000001146
3558.274999999994
3904.075000004216
3285.5500000003467
2349.8499999989585
2173.4999999991187
3429.9999999981837
4112.450000001114
6838.700000010119
2635.8749999986985
5450.425000003798
2898.3499999984597
1888.9499999993775
5640.575000005578
2472.39999999968
5849.550000007475
4804.850000004348
2360.3249999989484
5063.275000005539
3625.375000002624
3400.599999999494
2972.499999998605
2653.599999999513
2369.4499999994646
3170.624999998212
2982.449999999928
4503.950000001976
6916.925000009718
2446.2999999988706
5492.300000006564
5710.300000005616
3042.450000001281
3257.8500000001527
6934.4500000100315
4871.350000004287
4370.05000000233
2789.649999999271
5300.225000005356
1918.099999999351
4487.850000004635
4425.800000004691
4154.200000004938
6521.375000007893
2825.1999999995674
4351.17500000476
5425.800000005953
3839.4500000018816
2010.674999999267
5369.325000006392
4994.975000004174
3062.5499999985773
4745.8000000044
4858.200000004298
3915.475000001792
5238.475000003953
2349.7499999989586
5712.000000007646
6760.925000010189
3109.5749999982822
4803.325000004348
2646.3999999986886
4864.575000004925
3874.4000000034093
1961.0749999993118
4856.1000000043005
2171.4249999991207
2876.574999999475
4019.700000000698
3159.8249999993504
4027.3250000013686
4886.050000001985
4153.025000003393
4330.65000000225
3133.8249999982454
6161.575000009162
4125.450000004965
3678.499999999071
4833.525000004321
7133.200000009736
5048.375000002452
2717.5749999991003
2617.4749999995947
5020.575000004722
3578.6000000011827
2670.5249999986668
4885.725000004273
2036.9499999992427
5350.150000003782
2884.400000000033
2614.299999998718
4291.550000002544
4180.825000004914
3211.349999998825
3598.825000000253
3025.9999999983434
4435.800000004683
6481.300000006047
5795.750000007705
2646.949999999777
5078.150000003327
3103.9250000011716
4144.825000000295
6348.900000008468
5164.72500000428
5711.425000004902
5927.800000005094
3121.774999999506
2539.624999998786
4475.150000004647
5118.025000005439
4650.175000004488
1980.449999999294
4966.8250000042
4014.5750000024304
3760.5000000032887
3352.824999999293
4890.200000002098
5126.8250000036405
4668.475000004723
4994.800000005611
