7498.625000009748
8188.525000012258
6487.150000006068
3614.1749999978088
3630.4999999977936
8670.250000014012
3516.2499999978977
5972.8000000041975
3680.224999997748
3831.7999999976105
4108.499999997487
9274.87500001621
4973.475000000764
5659.475000003058
7953.400000011403
7710.1750000105185
7752.250000010671
3363.6249999980364
4220.049999997821
5784.900000003514
5417.950000002179
4963.8750000005275
3751.1999999976833
8341.425000012814
4224.724999997838
5396.3000000021
6298.300000005382
3756.299999997679
5517.750000002542
5488.600000002436
7132.725000008417
5298.750000001745
7212.800000008709
5592.325000002813
7075.150000008208
3518.1999999978957
9503.900000017044
4701.19999999967
4482.924999998777
6141.775000004812
6316.650000005449
3142.2499999982374
8496.87500001338
8993.525000015186
4605.37500000063
6753.450000007038
5535.450000002656
5469.050000002364
3760.649999997675
6434.6000000058775
5355.325000001951
6863.350000007436
4911.250000000336
4613.999999999254
5396.075000002148
4665.899999999443
7581.750000010052
5258.475000001599
4365.49999999835
6093.400000004636
6577.850000006399
9737.150000017893
3615.3999999978073
3462.199999997947
7611.425000010159
4363.824999998344
5394.950000002096
5185.075000001332
3791.324999997647
6024.850000004388
5597.3500000036265
4501.574999998846
6274.350000005295
9164.175000015806
9083.675000015515
6734.525000006969
6291.025000005356
7047.350000008108
7431.500000009504
9261.675000016163
4104.624999997401
4827.575000000032
4168.699999998038
6414.325000005803
5656.850000003048
5296.825000001738
5476.150000002391
6480.150000006043
5192.27500000142
4683.599999999507
6603.00000000649
8084.45000001188
5125.400000001115
4544.349999999001
3449.124999997958
8066.300000011814
7424.450000009478
5607.975000002871
6541.525000006267
4229.475000000076
6523.2250000061995
6861.850000007432
3653.874999997772
3562.849999997855
7328.5000000091295
7043.350000008091
6583.7250000064205
9034.425000015337
9953.82500001868
3926.449999997524
3914.899999997535
6631.375000006594
6655.125000006679
3531.199999997884
6011.95000000434
7262.350000008889
5333.350000003076
6453.250000005945
5887.650000003888
7767.725000010728
6694.700000006824
6900.325000007572
6075.775000004573
6690.92500000681
5699.950000003205
6984.175000007876
6951.475000007758
6409.075000005785
4374.149999998887
3995.0499999975245
4020.074999998992
6790.650000007173
5621.72500000292
5109.175000001056
6130.4250000047705
3813.149999997627
4081.8749999974393
6542.35000000627
5498.375000002472
5422.150000002947
8741.27500001427
3739.899999997694
6527.250000006214
5355.425000003846
6707.6750000068705
8816.15000001454
7505.3750000097725
5771.400000003465
4043.9499999974414
6734.550000006969
4953.875000000491
6139.075000004803
7880.625000011138
6100.275000004662
5094.275000001002
4813.949999999982
6523.1000000061995
8298.55000001266
6945.775000007738
7436.150000009521
7120.175000008372
4305.699999998133
7375.3250000093
7313.125000009074
5657.300000003572
7804.900000010863
8931.975000014963
4454.774999998675
5052.55000000085
4967.975000000542
3360.824999998039
8232.87500001242
5882.550000003868
5668.525000003091
3291.324999998102
4599.1249999992
4391.449999998445
6941.12500000772
6675.650000006754
3749.699999997685
5102.375000001031
6143.80000000482
5337.525000001886
4206.949999997773
5631.575000003595
3417.6249999979873
9190.150000015903
5323.275000001835
3191.199999998193
6045.2250000044605
3974.474999997481
5603.275000002854
5093.125000000997
3753.6999999976815
3773.924999997663
4217.999999997814
5919.600000004004
7909.225000011243
5876.225000003846
8198.650000012294
7759.225000010696
3318.4749999980777
5710.825000003244
5379.3500000020385
4951.175000000481
5391.000000002081
8156.12500001214
4258.574999997962
4511.924999998882
6436.300000005884
5997.350000004288
7255.850000008865
5495.6000000024615
8124.4250000120255
4307.874999998141
7916.4500000112685
3603.849999997818
3404.6749999979993
6414.400000005804
3604.2249999978176
5072.825000000923
6533.350000006238
5538.575000002618
5358.400000001962
7130.050000008408
5856.300000003774
3847.0249999975968
3697.6999999977324
5322.12500000183
4904.875000000313
5196.675000003991
4573.849999999108
3989.749999997467
4589.124999999163
4294.474999998461
7715.050000010536
4125.699999997478
4446.799999998646
6155.8500000048625
5416.750000002175
5596.100000002827
3841.149999997602
7173.075000008564
3874.2749999975717
7451.350000009576
6035.625000004426
6675.325000006753
4063.1249999974
4566.549999999082
4042.0749999974287
11127.425000022951
5486.1000000037275
6480.825000006045
4979.750000000585
7116.600000008359
8103.625000011949
5131.600000001137
5979.150000004221
5595.350000002823
4102.124999997517
8505.30000001341
8456.275000013233
5248.700000001563
6279.575000005314
4712.999999999614
5584.100000002783
3398.0499999980048
4947.675000000469
3862.124999997583
5249.800000001567
3525.574999997889
3584.999999997835
4386.699999998427
8285.800000012612
8271.60000001256
5461.8000000023385
5874.175000003839
9105.375000015592
3560.2499999978572
6011.300000004338
5408.0750000021435
4659.874999999422
3788.7499999976494
3836.6749999976064
4654.949999999403
6090.800000004627
4141.17499999755
3788.97499999765
3269.249999998122
5733.825000003538
3507.024999997906
6311.900000005431
4688.074999999524
7249.0500000088405
6925.450000007663
5181.80000000132
3904.8499999975443
4281.999999998046
6782.000000007141
4813.2249999999785
5374.600000003828
7152.1750000084885
7483.350000009694
4501.774999998846
5435.550000003774
5853.025000003761
4391.249999998444
5559.000000002692
4711.049999999607
4670.199999999459
5486.550000002429
4814.524999999983
5573.500000002745
6390.175000005716
5001.925000000665
5931.025000004046
5207.325000001412
4878.700000000217
5110.300000001983
6582.475000006416
4755.850000001213
3656.1999999977697
4436.84999999861
6139.575000004805
5666.075000003563
4332.874999998232
8487.550000013347
2993.0249999983735
4529.874999999318
6134.550000004786
6451.1000000059375
3619.024999997804
5477.475000002396
3580.7749999978387
4226.149999997843
4243.749999997907
6978.8500000078575
5497.350000002468
7075.125000008207
5288.275000001708
6467.125000005996
7273.725000008931
4567.449999999085
9257.97500001615
5466.850000002357
6589.000000006439
5228.5750000014905
5742.875000003494
3591.699999997829
4246.799999997918
3424.79999999798
4766.300000000996
3964.22499999749
5010.675000000698
4604.425000001329
6322.425000005469
7038.575000008075
5395.325000002096
5644.100000003002
7146.425000008467
4186.6499999976995
3307.7999999980866
5839.075000003748
6791.125000007175
5859.525000003786
5463.100000002343
4918.500000000362
4411.549999998518
6009.975000004332
5756.775000003534
5663.775000003073
6016.750000004358
7164.700000008534
6250.87500000521
6694.625000006823
7889.52500001117
8732.325000014236
3768.524999997775
4919.500000000366
5513.525000003702
3763.9499999976724
3368.4749999980318
7091.050000008266
7069.600000008188
4483.274999998779
6674.3000000067495
7204.77500000868
7659.075000010333
5273.225000001652
7364.625000009261
3891.899999997556
6123.550000004746
3236.274999998152
4772.724999999831
6261.475000005248
8823.050000014566
4200.599999998506
4636.7749999993375
6021.700000004375
7665.625000010356
7636.375000010249
8848.575000014658
5160.325000001241
6168.47500000491
8708.40000001415
5372.150000002011
4705.449999999587
5771.850000003466
5268.600000001636
7936.600000011342
3239.774999998149
7149.075000008477
7342.025000009178
5873.400000003836
6462.450000005979
7112.525000008344
3611.7499999978104
3472.0749999979375
5687.875000003543
5821.825000003649
8777.3000000144
7432.600000009508
3606.6249999978154
4222.949999997832
3254.9499999981354
4285.524999998059
4109.399999997471
7757.50000001069
6285.075000005333
6736.475000006976
7289.900000008989
5539.850000002622
6106.600000004684
6629.250000006585
5289.300000001711
6053.725000004491
7621.425000010195
4161.099999997607
4616.824999999264
5849.90000000375
4867.350000001025
4717.599999999631
2963.7499999983997
5354.075000001947
4691.074999999535
4880.750000000225
4084.5999999974297
7993.150000011547
4450.499999998659
4358.374999999355
6351.725000005576
4176.699999997663
7369.450000009278
2971.7499999983925
4404.074999998491
4314.524999998164
3373.0499999980275
6470.375000006007
4489.1999999988
6547.325000006287
7413.300000009438
6989.700000007897
6236.150000005156
4854.67500000013
4009.374999997449
3641.1749999977837
6262.3750000052505
6747.850000007017
6396.875000005741
4556.274999999045
5294.300000001729
3881.349999998394
8205.900000012321
5113.900000001073
5397.600000002186
4145.749999997551
8251.62500001249
4360.424999998331
8746.80000001429
4470.149999998731
5387.475000002069
7927.675000011309
4911.200000000335
5669.60000000356
6638.65000000662
3610.3749999978118
3912.474999997537
5156.375000001228
4119.149999997464
4066.249999997444
6731.400000006957
3747.399999997687
5125.7750000011165
4526.2749999989355
6893.325000007546
3172.5499999982103
6170.400000004916
5144.700000001185
7336.77500000916
5491.925000002448
8609.200000013789
5376.550000002028
5674.2250000035565
3795.899999997643
4811.849999999974
6227.025000005122
6227.525000005125
4486.7999999987915
4146.799999998282
4797.749999999923
4975.450000000569
6603.725000006492
4725.174999999659
5875.725000003844
5914.225000003984
5077.62500000094
3734.4749999976993
7515.62500000981
9104.375000015589
4917.500000000358
4597.574999999195
7155.875000008501
6100.425000004661
6113.525000004709
7170.125000008554
7046.3250000081025
4472.949999998741
8575.875000013668
5833.650000003691
5854.325000003766
7608.8500000101485
5268.775000001637
5069.950000000913
6839.875000007352
4158.349999997692
4086.499999997729
6822.325000007288
3430.6999999979753
3812.149999997628
5051.250000000845
5803.900000003583
3265.5249999981256
8821.475000014561
5903.850000003947
5507.300000002504
4334.649999998238
5123.125000001106
5326.150000001845
4828.250000000109
4472.44999999874
4753.574999999762
3474.2249999979354
6005.675000004318
4590.624999999169
5824.87500000366
3438.199999997968
6388.72500000571
4481.674999998773
4395.92499999846
4469.199999998727
7555.1250000099535
3987.9249999974686
3422.199999997983
3961.4999999974925
3897.8999999975504
7495.750000009737
8353.650000012858
4348.274999998288
4029.199999997431
4486.49999999879
8428.175000013129
5294.37500000173
5518.375000002545
7618.975000010187
3843.1749999976005
4316.324999998171
5805.775000003616
7775.600000010756
5570.575000002735
5315.275000001806
5007.750000000687
4765.649999999806
6021.400000004374
5905.250000003952
4695.949999999552
3464.049999997945
4269.874999998003
8612.125000013799
3591.3999999978296
4137.27499999752
6393.2250000057265
6092.925000004635
6114.750000004714
5729.02500000331
4579.624999999129
5932.32500000405
4695.34999999955
4384.524999998419
6462.375000005979
3544.499999997872
5196.275000001373
3897.174999997551
3866.724999997579
3969.474999997485
4955.375000000497
3846.424999997597
5906.375000003956
4751.174999999754
6412.875000005799
4966.450000000536
6565.100000006352
3803.374999997636
4320.149999998185
5286.600000001701
3324.1249999980723
6560.325000006334
6002.450000004305
6077.325000004577
7114.875000008352
5595.100000003628
6101.575000004666
7429.625000009597
4121.424999997473
7458.875000009637
5429.625000002221
7063.725000008167
7088.825000008258
7172.225000008561
5044.050000000819
7014.200000007986
6530.025000006224
4138.024999998417
3904.899999997544
4922.250000000376
6099.3750000046575
4559.874999999058
4085.824999997409
5537.250000002779
8785.325000014429
8009.200000011606
3966.1999999974882
7023.27500000802
8938.325000014986
6585.750000006427
7867.275000011089
9966.400000018726
4514.29999999904
6110.450000004698
4886.925000000247
4821.700000000015
3526.2999999978883
6401.850000005758
5132.325000001139
3780.449999997657
6509.750000006152
4614.799999999257
3960.3749999974934
7802.850000010855
6016.575000004357
7041.325000008085
4810.525000000005
6807.675000007235
6053.750000004491
4581.124999999134
8466.175000013269
6229.3750000051305
4048.449999997413
5500.625000002479
4433.474999998598
4129.599999997492
6615.025000006533
4578.8999999991265
5513.125000002526
4928.1250000003965
4324.524999998201
6298.125000005381
3274.974999998117
8158.80000001215
6731.225000006957
3164.674999998217
4730.94999999968
4096.349999997396
6933.300000007692
5079.600000000948
6663.1750000067095
5099.075000001019
7414.050000009441
4578.499999999125
3617.2999999978056
5535.525000002606
6295.550000005372
4097.049999997633
4398.249999998469
6147.275000004832
7866.350000011086
4956.3750000005
5387.400000002068
8423.05000001311
8197.925000012292
5151.72500000121
7279.32500000895
4202.624999997757
4629.999999999312
6515.075000006171
8098.350000011929
3697.2499999977326
6664.725000007087
4166.799999997627
4457.049999998733
4592.275000000063
7614.250000010169
6430.875000005864
4156.349999997698
3985.97499999747
9719.700000017829
5218.300000001453
8675.27500001403
5461.775000002339
7511.050000009793
8287.900000012622
4041.52499999742
3408.5249999979956
6434.625000005877
4699.949999999567
3977.7499999974775
5847.00000000374
4160.949999997606
4383.274999998415
6209.3250000050575
4554.87499999904
5791.825000003573
4186.299999997698
6829.150000007313
4544.149999999
5542.07500000263
7359.150000009241
4818.799999999999
6332.550000005505
5188.950000001346
6832.400000007325
5217.900000003971
8355.925000012867
7889.3750000111695
6273.650000005292
3616.774999997806
4795.999999999916
7139.150000008441
4368.024999998365
6653.300000006673
7532.900000009873
7144.100000008459
4654.149999999405
8741.82500001427
4066.9749999974174
5510.300000003205
4297.449999998103
4982.775000000596
6236.875000005159
5614.475000003453
7106.675000008323
6724.900000006934
3827.974999997614
6655.4750000066815
3911.574999997538
7002.800000007945
4653.6499999993985
6852.800000007399
7686.750000010432
4890.000000000258
3939.024999997513
3718.4499999977133
5901.550000003938
5395.60000000381
4138.899999997551
6866.450000007449
6789.350000007168
7008.025000007963
7263.100000008892
6831.350000007322
7036.775000008068
7521.15000000983
3514.2999999978992
4962.550000000522
4602.099999999211
4519.074999998989
5253.825000002901
7662.2000000103435
4675.749999999479
7698.600000010476
7605.075000010135
9323.175000016387
4111.92499999751
8139.300000012079
4837.0000000000655
7009.92500000797
4554.324999999037
5501.625000002483
8086.800000011888
5943.07500000409
5856.550000003775
6959.6000000077875
6282.100000005323
6485.475000006063
4159.6999999976015
8655.375000013957
5826.525000003666
4914.875000000349
7964.9750000114445
5598.325000003625
4378.724999998398
7369.375000009278
6002.850000004307
6627.325000006578
7080.1250000082255
4590.825000000733
6442.075000005905
3690.724999997739
5373.025000002016
4537.974999998978
7419.40000000946
4970.300000000971
5378.625000002035
6956.500000007776
3475.024999997935
4279.174999998037
7133.225000008419
9341.750000016455
4198.974999997745
7942.675000011363
7012.85000000798
3726.299999997707
8052.100000011762
9821.150000018199
5468.325000003743
5726.300000003509
4271.199999998007
4321.099999998189
5587.400000002795
6469.725000006006
6716.875000006905
6558.625000006328
5722.3750000035125
3987.6749999974686
5075.700000000934
2935.4749999984256
4872.975000000197
3436.82499999797
5472.775000002379
5227.950000001488
6197.575000005016
6051.125000004482
7253.225000008855
3829.0249999976127
6161.425000005907
6838.850000007349
6313.900000005438
4394.299999998455
5537.650000002648
4372.424999998375
4273.949999998017
5628.775000002946
3626.9499999977966
4810.82499999997
4715.075000001135
6153.700000004856
7213.400000008711
8493.350000013368
4174.6249999981255
4205.924999997957
6878.6750000074935
8252.900000012492
6212.9250000050715
5690.850000003172
5096.75000000101
8747.07500001429
4807.850000000717
9611.350000017435
4955.425000000496
5792.10000000354
5963.7500000041655
5485.8750000024265
4900.675000000298
5449.600000002811
4821.075000000008
3814.2749999976263
4274.149999998018
4848.9750000001095
5796.350000003556
8912.600000014892
4764.0249999998
7265.600000008901
4830.900000000043
3664.749999997762
8331.025000012778
3867.074999998412
6756.150000007047
6479.625000006041
4035.149999997453
6398.3000000057455
5288.350000001707
5776.025000003481
5159.200000001238
4294.749999998146
3728.8999999982284
5516.450000002538
4714.824999999621
5492.40000000245
8022.400000011654
4578.199999999124
7059.625000008152
7338.100000009164
4536.824999999922
5570.9500000027365
8199.125000012296
6698.7500000068385
6248.050000005198
4542.324999998993
7148.675000008475
3580.699999997839
6182.325000004959
5803.05000000358
5780.575000003538
7981.150000011504
4656.82499999941
6228.275000005127
7542.525000009908
5530.550000002589
3937.049999997515
6869.625000007461
6595.875000006465
4981.750000000592
6848.575000007384
6224.700000005114
5714.800000003259
6395.375000005735
4194.449999997763
7144.775000008462
8414.175000013078
4844.925000000094
7476.675000009668
4213.749999997798
6164.375000004894
5694.550000003185
3852.974999997591
6797.150000007197
4192.474999997721
4482.849999998777
5452.075000002304
4349.749999998323
5983.975000004239
6094.075000004639
6078.200000004581
5845.875000003736
5339.250000001893
7774.9000000107535
5744.350000003493
5869.475000003822
6481.6000000060485
9444.375000016826
6782.300000007142
4453.824999998671
4235.149999998123
7048.650000008111
5536.37500000261
4874.300000000201
6845.350000007371
3879.799999997567
6484.6500000060605
4874.625000000202
3914.849999997535
5636.375000002973
5837.575000003705
5178.025000001306
5826.650000003665
4403.974999998491
6193.550000005001
7765.050000010718
7309.600000009061
4193.074999998371
7151.350000008485
4765.049999999835
6439.825000005896
8313.450000012712
7275.400000008936
7735.300000010609
7191.950000008633
5145.750000001189
4691.974999999538
6584.175000006422
6552.350000006306
5935.925000004063
3709.4999999977217
7278.8750000089485
5199.700000001439
6050.67500000448
4722.724999999649
6175.875000004937
7664.00000001035
5819.900000003685
6226.12500000512
