5026.075000004872
6646.075000009806
4067.8250000050175
1984.8999999992684
1464.1999999997463
7849.7750000116785
1404.8999999998177
3911.7000000047437
1451.899999999775
1331.974999999884
1701.4249999995482
8282.775000013997
2830.1000000026643
3418.3250000027474
6922.125000010985
6571.300000009686
5939.050000009105
1585.0499999996148
2093.5999999991914
3821.050000000002
2843.4000000013266
2419.7999999995177
1541.2499999996937
6345.9000000099
1953.6249999993186
2854.824999999628
5201.8750000055625
1571.7249999996661
3048.8750000024766
3988.824999999788
6164.300000005598
2602.849999998728
5511.350000007482
3790.1750000013735
5646.050000004494
1670.8749999995534
9198.00000001593
3047.075000001174
1958.0999999993146
3829.325000000559
3672.4500000053768
1115.0500000000284
6605.87500001033
7386.025000010298
2772.6250000022883
5075.90000000778
3439.6500000044757
2871.325000001809
1859.4249999994045
4075.1250000050104
3074.3750000028676
3935.0750000051376
3051.9000000001747
2088.3499999991964
3463.4000000037795
3093.599999998485
5609.075000004088
2171.4499999991203
1705.949999999544
3962.0500000003294
4908.625000006265
8449.025000016274
1161.3500000000392
1193.1500000000103
5327.7000000083435
2729.1499999997095
3081.425000002393
3192.4250000018355
1478.9249999997505
4010.1500000050696
3659.6500000053884
2431.40000000037
4793.325000004357
8569.775000013644
8023.775000014694
3269.925000002653
4180.375000004915
4350.1750000047605
5756.275000008985
8539.500000013535
2345.899999998962
2527.6499999987964
2747.8999999993234
4367.425000004745
3335.675000000672
3178.8250000011167
3223.40000000193
5269.100000004962
3113.7500000032564
2669.5999999986675
4555.650000002435
5977.175000010902
2145.1749999991443
2280.3499999990217
1606.5249999996272
5693.325000008974
4047.175000005036
3977.075000001696
4338.650000004771
2469.2000000016096
4489.425000004634
4089.050000004998
1825.3999999994282
1682.8749999995603
5475.3000000048905
4913.075000004248
4599.375000004534
6364.62500001055
9192.27500001591
1362.0249999998566
1951.8749999993202
4588.950000005853
4615.825000005279
1325.37499999989
4058.175000005026
4387.8250000047265
3602.4000000046385
4256.350000004846
4141.80000000495
6764.275000007142
4760.55000000632
4206.650000004891
4221.050000004878
4257.350000004844
3451.4250000007337
5095.800000006881
4488.575000004635
4338.400000004771
2414.40000000067
2030.1499999993061
2361.925000000473
4506.100000005071
2688.1749999986505
3041.0749999991845
3575.5250000054652
1770.4749999994851
1909.199999999359
4516.325000004609
3180.4500000033927
3509.8000000046854
6294.550000006621
1939.3499999993317
5594.125000006331
3456.850000005558
5065.625000007266
6087.4750000108015
5555.8000000072325
3017.374999999607
1831.17499999943
4703.575000005256
3323.3750000012515
3581.325000002931
5894.3000000101765
4187.075000002824
3049.4000000001056
2553.599999998773
3623.22500000472
6182.800000010716
4898.850000005303
6124.8000000085985
4170.625000000451
1899.8499999993676
5454.300000005503
5367.050000005522
3638.9000000054075
6506.55000001042
6386.90000001053
2203.5999999990913
2672.599999999221
2522.949999998992
1728.9249999994904
6550.900000010381
4155.324999999171
3401.3750000008954
1339.3999999998732
2755.400000000581
2000.2249999992762
5267.100000007802
4802.325000004349
1585.2499999996537
2727.2250000008717
4397.600000004717
2767.9000000008355
1651.899999999593
3661.1000000053873
1711.7499999994975
7570.025000012898
2808.9250000003176
1261.9749999998976
4451.350000005284
1808.6499999994505
2725.6749999993
2564.2999999995113
1855.8249999994077
1359.724999999859
1979.8499999992948
3796.9750000026293
6668.525000008963
4687.325000003757
5556.450000009201
4855.150000004302
1253.9749999999226
4198.87500000406
2675.8499999986616
2239.4999999990587
2737.9250000014135
6605.550000009222
1736.649999999516
2137.999999999151
3317.175000000108
4109.575000000043
4533.400000004594
3385.4250000017682
6804.875000010547
2249.72499999934
6853.625000010785
1841.1749999994167
1206.699999999998
4739.625000005169
1685.47499999955
2944.475000000714
4052.575000005031
2876.1750000006327
3784.325000002397
4614.40000000452
2810.0750000009166
1416.6749999998071
1404.6499999998182
2580.5999999987484
3084.6249999998076
3546.3250000054513
2052.224999999993
1655.9999999995894
2479.4249999988406
2955.9249999996623
4888.575000004479
1796.4249999994618
2410.6749999991443
3609.2250000054346
3029.175000000754
4341.549999999904
1488.6499999997416
4530.4000000047035
1393.8999999998277
5101.050000005211
4059.0750000036337
5457.300000004925
2238.874999999059
1918.5999999993505
2789.849999998558
8177.775000012474
3811.3250000052503
4203.325000004894
2380.349999998931
4892.625000005811
7262.275000011572
3131.9250000019283
4656.150000004915
4330.1500000024025
1951.449999999473
6922.050000010043
7116.775000010882
2886.1499999995867
4429.925000005514
2729.025000000942
3558.5750000027692
1421.899999999778
3195.574999999353
1442.9249999997833
2797.4999999987613
1556.4249999996662
1469.724999999759
2236.5999999991113
6344.300000005709
5407.800000004795
3380.5500000007573
4159.325000001181
7340.375000012318
1433.4249999997917
3647.0749999992286
2898.0749999996924
1886.6749999993795
1810.8749999994486
2224.1749999990584
2377.674999998933
3722.900000001293
1540.1999999996947
1522.7499999997106
1691.5999999995204
3700.450000005351
1557.2249999996138
4889.350000005363
2959.5749999995382
5307.300000002521
5490.050000005518
2812.674999999931
1933.424999999337
2104.974999999181
4974.825000004193
3473.8250000009825
3607.2000000054168
5153.0500000062875
4387.150000004727
2070.849999999212
3458.575000005561
4246.9000000048545
1956.3499999993162
3119.5750000012567
2377.0250000001115
2303.674999999
3442.3250000007474
2447.3499999990936
4699.550000002245
3868.875000005198
1923.424999999346
4173.650000004922
3011.575000000349
2957.599999998574
3297.150000003632
3946.6500000051274
2808.9000000029837
1849.2499999994081
2502.8999999997864
4180.125000004915
3749.400000005307
2296.3999999993584
6915.300000010049
988.1000000001413
3086.6250000006235
4244.525000004856
4950.075000004215
1788.699999999434
3588.8250000012717
1425.0999999997994
1529.7499999997042
2399.3499999989135
4632.425000004504
3495.3250000028474
5341.625000005156
3157.1750000003876
3973.0750000051034
5031.825000004143
2471.174999998848
7864.525000012675
3487.500000001892
5292.825000004167
2905.575000000801
4246.6500000048545
1583.674999999655
2262.849999999037
1562.199999999594
2777.2250000028057
1610.424999999631
2192.924999999101
2922.050000002859
4914.925000004247
4579.550000001787
3533.0749999990644
2945.8999999996995
4385.575000004728
1888.6999999993777
1335.9999999998336
3968.400000005108
4295.37500000481
3351.0750000009693
3068.975000002813
2246.949999999052
1950.6249999993213
3694.175000005357
3626.7000000054186
3532.325000000249
3554.3000000054844
4989.125000005337
4557.050000003534
4141.32500000495
6454.625000009208
5046.375000006319
1730.0499999995318
3481.349999998426
3667.850000005381
2290.174999998997
1332.624999999877
5330.0750000056805
4788.375000003685
2548.099999998778
4324.175000003446
5759.800000006879
5030.550000003428
2569.349999998759
4637.4000000045
1630.2499999996128
3491.65000000278
1486.9499999996956
2947.6749999995163
4006.075000005074
6114.975000010777
2228.975000000284
3362.824999998952
3641.875000005404
5987.300000007186
6655.27500000978
6876.85000001044
2893.325000000367
3805.650000002899
7748.025000010656
2708.325000002297
2057.599999999224
2631.0999999987025
3104.825000001162
4977.375000003203
1154.0500000000218
5162.575000004022
4974.575000004193
4322.825000001393
4343.900000004854
4198.925000004898
1512.974999999699
1742.1249999994986
3792.7250000052672
4527.325000002504
6769.050000010182
5536.350000009291
1822.2499999994213
1970.4249999993033
1266.024999999912
1907.099999999361
2720.5999999986216
4606.250000005441
4490.45000000537
4633.550000005282
4922.625000005695
2710.9249999998065
3769.4750000052886
4328.57500000478
3144.9000000020696
3915.050000002074
5400.575000004619
2051.974999999229
2349.1750000004777
4286.000000005064
3164.375000002573
2640.8499999986934
970.6000000001427
3372.225000002658
2165.9750000000554
2517.424999999232
2243.049999999075
6071.800000008365
2166.374999999125
2498.3750000010436
3789.3250000052703
1790.4249999994672
5245.550000004101
1072.1000000000404
2385.6499999994408
2329.174999998977
1755.9249999994631
4518.800000001422
2978.674999998544
4496.425000004627
5378.950000009062
4804.925000006453
5017.8250000041535
1933.6749999993367
1585.3249999996533
1648.9749999995959
3945.8250000051285
4558.625000005748
4214.075000004885
2148.5999999991413
3931.075000001217
2142.724999999957
6464.275000008211
3436.3250000011567
3157.2500000041587
1921.474999999348
6486.275000010439
2098.424999999187
6220.550000010681
2255.2250000004415
2977.449999998963
5127.925000007001
2111.1749999991753
3607.175000005429
4139.900000004952
1599.9999999996285
2016.2249999992616
2445.724999999354
2589.1749999987405
2127.89999999916
3879.5000000042432
1342.7499999998743
2713.1500000005876
2874.84999999889
4379.650000004399
1262.2249999998935
4002.3250000050766
2845.4250000022353
3955.4750000051195
2690.099999998649
7047.850000011151
3760.0999999988458
3773.9750000052372
1869.9999999993947
2485.1499999988355
3793.7000000052667
4226.575000004873
3021.0749999988852
2021.2000000002079
2032.0999999992473
2180.1749999991125
4815.57500000453
2510.599999999026
4636.075000004777
3028.900000002082
2959.074999999964
1808.174999999437
5283.325000003912
6396.900000010213
2654.675000001891
1941.4999999993297
6207.525000007256
4144.000000004948
3776.2250000041295
5707.300000007071
4110.475000004978
2121.6999999993
6257.300000010648
3647.6500000053998
3711.1250000053415
6068.125000007723
2776.0999999985706
2490.0999999988308
5547.050000006255
2545.1749999991594
2216.099999999411
4029.075000005052
1571.9999999996487
1606.1749999996346
2598.6499999999096
3636.6499999993443
1326.6749999998729
6854.800000010104
3879.075000005189
3430.6500000007777
2182.9249999999465
2817.175000000594
3881.7000000005105
2840.650000001903
2821.974999999822
2842.59999999851
1621.0999999995995
4268.95000000487
2857.324999999546
5117.300000001085
1785.7249999994042
4062.725000005022
2113.4249999991735
1801.499999999457
2895.84999999849
5809.325000009544
1676.4999999995707
1173.750000000028
1567.2249999996702
2126.349999999162
4299.675000004807
6615.300000008168
2138.3999999991506
1799.4499999994587
2243.9999999990546
6999.825000011029
3669.0750000028333
3169.425000002525
5669.050000008214
1980.649999999294
2438.4999999995234
3944.3000000051293
6394.30000000784
3110.975000000801
3875.325000002389
2971.774999999866
2638.8999999994858
3643.650000005403
4092.8750000037185
2335.949999998971
1383.1999999998375
1878.9499999993866
7093.77500001142
1792.4249999994536
2525.149999998799
4456.850000001748
3667.675000005381
4013.5750000050666
3498.150000000125
2795.5749999992045
3744.725000005311
2478.8499999988408
2096.7499999991883
4097.92500000499
2106.1499999991515
3224.3250000005924
1973.9249999993
1697.2749999995517
1927.824999999342
3285.175000001599
1501.7249999997298
4178.125000004917
1965.8999999993075
4395.325000004719
2246.699999999285
4799.650000004744
1914.4749999993542
2343.949999999823
3745.5750000005237
1421.2499999997785
4364.4000000028855
3226.6750000019983
3470.575000002229
5112.075000003125
3718.550000005335
3440.4000000001865
6123.275000010769
1405.1499999998175
6052.075000010834
3861.074999999481
5991.800000006062
4410.7000000047055
4984.800000005759
2427.349999998888
5838.075000007045
3917.075000004793
2304.2000000000853
2128.5249999991056
2766.9750000005843
4047.0750000023218
2246.949999999759
2597.4249999987333
4034.875000004146
7313.775000009965
6317.875000010592
1771.624999999484
4634.075000004503
7763.275000011041
4065.5750000050193
4579.375000005373
8909.525000015856
2484.0250000006963
4101.125000004987
2021.0999999992573
3480.0500000011975
1367.6749999998515
3545.6750000016073
2864.0999999984906
1208.3749999999964
4303.6000000048025
2214.300000000716
2143.9499999991426
6195.875000010703
3281.150000003364
5188.125000007583
2676.7000000017943
5460.300000005902
4384.400000004982
2310.1749999997983
6992.300000009979
3780.025000005279
1507.6999999997242
3762.400000003542
2911.9249999991807
1981.5499999992933
3736.1500000023516
3246.924999998191
3674.6250000021005
2572.0999999990813
2469.6749999988497
3951.800000005123
1148.300000000051
6067.875000010819
3716.250000005337
1139.7500000000382
3029.5749999998416
1955.4249999993172
4404.075000004712
3144.0750000012176
5044.050000005991
2987.824999999897
4271.875000004832
2291.849999999011
1329.6499999998864
2529.599999998795
3906.7000000051635
2260.9249999993026
2477.449999998842
4503.325000000928
6458.550000007613
3087.150000000108
3385.07500000062
6671.100000010271
5199.300000004952
2548.199999998778
4601.800000002549
2096.14999999952
2563.924999999889
4823.100000004351
6747.350000010434
1561.849999999675
5490.275000008155
2122.4249999993663
2326.9750000003546
2934.400000001571
5672.650000009027
3888.2000000028684
2617.424999998715
1658.1499999995872
8955.250000015047
2832.6750000011248
6078.42500001081
3278.92500000172
5126.300000005728
6446.550000010475
1797.6249999994607
1425.6749999997878
4326.725000004866
2284.424999999018
1963.1749999993099
3365.324999999641
2035.9999999992438
2226.474999999207
3947.0750000039243
1659.1999999995865
3667.6000000053814
2212.0999999990836
4331.075000004777
2624.1999999994705
3162.124999999627
5406.1250000058935
2522.124999999994
4623.825000004512
2641.374999998693
3917.9750000051536
3575.6750000054158
6768.800000010182
6076.875000010812
4155.325000004938
1462.6499999997652
3746.1750000003562
5461.050000005883
2561.149999999914
4352.075000004758
5757.525000009875
4170.400000001768
2432.1750000011994
7173.375000011712
2409.2249999989035
3387.0250000051365
2713.5999999986275
2447.1749999988697
3987.0500000004477
4136.875000004788
5068.800000006288
3826.375000005237
1482.699999999747
5183.85000000495
1798.5999999994597
4764.575000004384
1600.39999999964
4460.57500000466
4898.825000004994
2541.6749999988747
2043.0999999992373
1381.9999999998386
4234.150000004866
3556.5250000054825
2055.624999999226
4879.800000005528
4706.200000006053
3974.2250000051026
5069.57500000487
5475.05000000645
4377.725000004735
5493.900000008144
1860.8249999994032
2590.750000000326
2021.499999999257
2351.400000000891
3657.8000000043535
5289.875000005865
1824.9499999994357
5744.800000008933
5124.3500000059885
7130.600000011594
1691.9499999995567
6280.050000008467
2842.899999999516
5085.625000006034
2909.9000000001315
3420.375000001011
6485.000000006061
3949.3250000035923
3694.8250000029984
3944.650000005129
4340.575000004769
4877.775000006539
1440.924999999785
7150.775000009125
3702.850000005349
2446.67499999887
6665.525000008693
3591.97500000545
1759.849999999495
5000.175000004358
4196.075000004901
3769.075000003909
5271.2750000035385
2888.3500000022173
4546.075000004583
1415.774999999808
3400.6250000025125
2121.174999999166
5379.900000007813
2838.45000000291
3202.0749999995132
4527.825000004599
1637.1999999995935
1720.7249999995304
4970.07500000421
7658.775000011359
1465.199999999763
6780.025000007741
5414.575000004614
1557.9249999996787
5944.050000008781
8902.275000015426
3567.7500000054565
3703.4750000053486
2442.3499999988744
2664.399999998761
3817.9000000018214
4020.075000002701
5006.12500000726
3375.7250000013787
3896.1750000051734
1514.9499999997176
2610.0999999987216
967.5000000001417
2721.59999999862
1379.6499999998234
2757.9000000003684
3720.824999998816
3840.400000001371
3739.400000005316
5744.3500000064405
1635.724999999608
4857.3500000070635
5055.150000004644
3754.4250000053025
2196.4000000000265
4465.3250000035405
1615.699999999626
2261.3999999990388
3884.650000003865
1264.6749999999452
2207.7749999990874
2899.4750000027707
4704.100000002774
5936.5500000091715
7355.775000012182
2412.324999999729
2976.0999999989936
4019.9250000050606
7111.775000010823
3976.9750000051
3559.8249999988902
3297.8249999999266
6540.275000007492
2924.775000002429
8648.525000016094
2544.299999999055
4304.575000000454
3954.175000005106
2499.975000000777
3145.9000000003693
3505.775000004569
2872.5250000007227
2044.0749999992365
1654.9249999995905
3203.17499999839
3851.650000001351
6620.3000000103175
2128.29999999916
5442.025000003806
2614.6749999987173
1475.874999999753
5101.1000000060685
2086.62500000002
5849.550000007475
4324.675000004783
1995.149999999281
4665.875000005901
3334.100000002889
2984.324999999873
2727.849999998827
2104.2000000000126
1908.6999999998452
2832.674999998519
2834.8250000000617
4307.575000002154
6677.625000009935
2001.1749999992753
5080.050000006939
5710.300000005616
2655.6250000016325
3031.825000000358
6678.150000010264
4570.825000004559
3952.40000000271
2347.9249999996728
4990.625000005638
1600.1749999996337
4060.675000005024
4046.7250000050367
3829.4000000052342
6429.050000007976
2350.4249999999993
3657.7000000053904
5151.550000006202
3592.9000000021056
1436.3749999997892
4875.125000006841
4742.175000004404
2678.5999999989263
4237.650000004863
4640.400000004496
3795.8250000019007
5041.075000004132
1894.6999999993723
5465.625000007871
6446.125000010476
2764.599999998596
4347.400000004763
2360.9249999989443
4639.075000005129
3357.900000003879
1459.1999999997684
4463.575000004657
1666.52499999958
2599.3999999997272
3775.40000000092
2925.124999999564
3495.675000001852
4886.050000001985
3674.200000003828
4204.550000002364
2651.699999998684
5685.150000009596
3696.2000000053554
3444.099999999284
4460.075000004661
7014.800000009844
4782.800000002693
2557.599999999246
2295.6499999998878
4814.575000004909
3171.1750000015536
2578.5999999987503
4614.17500000452
1538.1499999996965
5064.0750000040425
2291.9750000005715
2266.9749999990336
4232.050000002599
3858.400000005208
2934.424999999077
3317.8250000005087
2816.9249999985336
3993.400000005085
6481.300000006047
5289.925000008166
2439.8249999999653
4995.825000003401
2596.700000001633
4072.575000000361
5960.900000008821
4888.325000004532
5400.625000005185
5927.800000005094
2622.5999999999594
2024.699999999254
4148.650000004944
4737.875000005784
4457.050000004663
1564.6499999996724
4575.600000004555
3759.150000002663
3171.0000000038253
2983.874999999629
4810.80000000217
5126.8250000036405
4377.87500000497
4559.4250000060065
