13948.000000033211
14650.800000035768
12011.000000026164
7262.200000008888
7265.200000008899
15463.800000038726
7074.000000008204
10534.100000020791
7346.900000009196
7661.800000010342
8198.000000012293
16136.800000041174
9075.100000015484
11093.900000022828
13279.300000030778
13301.90000003086
13388.600000031176
6714.000000006894
8400.80000001303
11588.100000024626
10451.800000020492
10031.200000018962
7516.900000009815
14610.20000003562
8473.100000013294
10891.00000002209
10850.700000021943
7529.100000009859
10266.800000019819
11001.00000002249
13199.700000030489
10573.000000020933
12595.800000028292
10568.000000020915
13474.300000031488
7186.000000008611
16315.700000041825
8783.600000014423
9065.000000015447
12147.00000002666
11854.200000025594
6339.2000000055305
14777.90000003623
17810.80000002131
8298.300000012658
11362.900000023807
9821.000000018197
10493.800000020645
7508.0000000097825
12157.000000026695
9779.100000018045
12386.20000002753
9526.900000017127
9225.800000016032
9486.40000001698
9378.000000016586
15205.200000037785
10479.000000020591
8769.10000001437
12249.00000002703
11338.500000023718
16189.400000041365
7199.700000008661
6924.900000007661
13471.800000031479
8445.900000013195
10143.000000019369
9675.600000017668
7574.100000010023
10800.000000021759
10800.000000021759
8653.800000013951
11034.600000022612
15801.400000039954
14699.900000035947
13010.2000000298
11198.500000023208
12901.200000029403
12633.400000028429
16960.90000003368
8201.000000012304
9716.800000017818
8156.10000001214
11461.600000024166
11074.000000022756
10213.000000019623
10323.100000020024
11498.200000024299
9280.40000001623
9398.200000016659
12553.000000028136
13495.200000031564
10347.900000020114
9213.800000015988
6945.900000007738
14783.800000036252
14798.100000036304
10679.800000021321
11741.800000025185
7615.700000010174
11709.500000025067
12967.000000029642
7286.100000008975
7146.100000008466
13548.800000031759
12874.400000029305
11855.9000000256
16255.200000041605
17667.000000023403
7835.900000010975
7822.000000010925
11871.200000025656
11922.300000025842
7132.000000008415
10800.000000021759
13365.10000003109
10105.00000001923
11566.300000024547
10800.000000021759
14270.100000034383
11813.700000025447
12549.400000028123
10800.000000021759
13419.70000003129
11226.20000002331
12181.100000026783
12659.300000028523
11314.20000002363
8350.200000012846
7999.900000011572
7587.200000010071
12316.500000027276
11217.900000023279
10205.900000019597
12296.200000027202
7644.80000001028
8153.900000012132
11632.700000024788
10091.20000001918
10062.000000019074
16909.700000034423
7451.1000000095755
11021.300000022564
10800.000000021759
11343.700000023737
16691.700000037596
13644.000000032105
11593.800000024647
8123.00000001202
12106.300000026511
9381.8000000166
11428.100000024044
13303.300000030866
11337.000000023712
9996.700000018836
9652.800000017585
12001.80000002613
15165.800000037641
13025.500000029855
12502.300000027952
14312.900000034539
8663.800000013987
13754.800000032508
13506.100000031603
10800.000000021759
12709.700000028706
16072.200000040939
8894.900000014828
10127.00000001931
9942.000000018637
6796.200000007193
13907.100000033062
11798.00000002539
11166.900000023094
6634.100000006603
8825.900000014577
8807.000000014508
11711.800000025076
11935.50000002589
7511.800000009796
9869.900000018375
10800.000000021759
10467.90000002055
8435.900000013158
10800.000000021759
6813.1000000072545
17273.700000029126
10579.900000020958
6472.100000006014
10800.000000021759
8003.000000011583
11215.000000023269
10200.90000001958
7575.100000010027
7553.800000009949
8501.200000013396
11474.800000024214
14633.700000035706
10494.800000020648
15205.900000037787
15513.200000038905
6687.000000006796
10269.200000019828
10721.200000021472
9930.900000018597
10557.000000020875
14365.800000034731
8703.800000014133
9056.900000015417
12890.100000029362
12065.00000002636
13395.2000000312
10358.100000020151
13622.800000032028
8667.100000014
13011.300000029803
7245.100000008826
6881.900000007505
11438.30000002408
7153.100000008491
9781.900000018055
11736.500000025166
10895.900000022108
9813.200000018169
13021.50000002984
11651.100000024855
7620.800000010193
7443.900000009549
10679.700000021321
9789.100000018081
10800.000000021759
9109.90000001561
8000.900000011576
9229.900000016047
8302.100000012671
14377.900000034775
8257.100000012508
8957.000000015054
10800.000000021759
10570.100000020922
11200.800000023217
7802.900000010855
13147.000000030297
7756.100000010685
13929.700000033145
10934.400000022248
11973.000000026026
8126.000000012031
9172.200000015837
8102.100000011944
22277.799999956307
10800.000000021759
11590.700000024635
9991.100000018816
13048.70000002994
13333.700000030976
9634.100000017517
10800.000000021759
10221.300000019653
8104.000000011951
14715.900000036005
14618.800000035651
10542.600000020822
11107.300000022877
8962.300000015073
10295.400000019923
6831.10000000732
9813.30000001817
7847.900000011019
10442.200000020457
7039.200000008077
7212.000000008706
8813.20000001453
15785.100000039894
16920.80000003426
10642.900000021187
11202.900000023224
17382.00000002755
7199.000000008658
12003.000000026135
10807.800000021787
9452.900000016858
7646.100000010285
7699.100000010478
9385.900000016614
12024.800000026215
8346.800000012834
7609.900000010153
6560.200000006334
10800.000000021759
7126.100000008393
11044.500000022648
9276.900000016218
14296.90000003448
12561.300000028166
10289.0000000199
7813.900000010895
8561.100000013614
12365.200000027453
9004.800000015228
10800.000000021759
13051.300000029949
15665.100000039458
9051.100000015396
10800.000000021759
10800.000000021759
8767.900000014366
10938.100000022261
9260.80000001616
9364.800000016538
10693.800000021372
9716.100000017816
10302.000000019947
12730.400000028782
9979.900000018775
10800.000000021759
10259.200000019791
9757.800000017967
9055.700000015413
12814.400000029087
8463.600000013259
7336.100000009157
8746.000000014286
12237.90000002699
10800.000000021759
8621.900000013835
14755.60000003615
5960.000000004151
8480.800000013322
10800.000000021759
11454.60000002414
7315.00000000908
10530.90000002078
7175.000000008571
8504.000000013406
8547.300000013563
12616.200000028366
10013.200000018896
12928.500000029502
10296.900000019928
11493.400000024281
13362.800000031082
9161.200000015797
16946.000000033895
10509.0000000207
11858.900000025611
10137.80000001935
10800.000000021759
7224.000000008749
8483.10000001333
6843.200000007364
8483.600000013332
7970.900000011467
10046.900000019019
8188.200000012257
11117.600000022914
14073.000000033666
10810.900000021798
11313.800000023628
13493.200000031557
8412.900000013075
6610.100000006516
10800.000000021759
12326.200000027311
11446.900000024112
10094.00000001919
9886.900000018437
8884.100000014789
10800.000000021759
10800.000000021759
11191.900000023184
10800.000000021759
13098.10000003012
11656.700000024875
13439.600000031362
14134.200000033889
17497.000000025877
7359.100000009241
9883.000000018423
10800.000000021759
7532.10000000987
6833.100000007327
12977.50000002968
14009.200000033434
8990.100000015174
12389.900000027543
12989.000000029722
15306.800000038154
10513.900000020718
13613.200000031993
7808.900000010877
11513.700000024355
6563.200000006345
9399.000000016662
11101.300000022855
15769.700000039838
8124.200000012024
9203.900000015952
11943.100000025917
13854.10000003287
13004.300000029778
15841.7000000401
10173.000000019478
11948.800000025938
15419.000000038563
10145.800000019379
9441.000000016815
11617.800000024734
10103.100000019223
15700.800000039588
6528.100000006218
13019.000000029831
13552.900000031774
11193.000000023188
11623.300000024754
13048.000000029937
7257.20000000887
6950.0000000077525
10800.000000021759
10615.300000021087
15599.90000003922
12535.00000002807
7221.000000008738
8482.000000013326
6609.000000006512
8606.000000013777
8251.000000012486
15527.800000038958
11166.900000023094
12599.000000028303
13476.900000031497
11135.000000022977
10800.000000021759
11924.200000025849
9894.800000018466
11765.30000002527
15312.800000038176
8367.000000012908
9050.000000015392
10800.000000021759
8742.500000014274
9436.100000016797
5955.000000004133
9843.200000018278
9319.900000016374
9786.900000018073
8202.000000012307
14231.800000034244
8977.000000015127
8236.600000012433
11235.400000023343
8390.000000012991
14308.200000034522
5984.100000004239
8751.900000014308
8664.000000013988
6791.300000007175
12947.10000002957
9014.100000015262
11712.80000002508
12587.400000028261
14093.900000033742
10983.800000022427
9661.900000017618
8050.000000011754
7339.900000009171
11009.20000002252
13568.800000031832
11353.600000023773
9113.100000015622
9965.100000018721
7459.200000009605
15296.000000038115
9824.000000018208
9519.2000000171
8316.000000012722
14191.200000034096
8708.900000014151
15471.800000038755
8692.900000014093
10776.000000021671
14958.900000036889
9883.900000018426
10800.000000021759
12043.00000002628
7221.000000008738
7849.300000011024
10331.900000020056
8303.100000012675
8183.000000012238
13044.800000029925
7548.900000009931
10038.000000018987
9054.000000015407
12614.100000028358
6373.100000005654
11009.40000002252
9582.300000017329
13551.80000003177
10984.900000022431
15992.70000004065
10829.900000021868
10800.000000021759
7689.000000010441
9662.700000017621
10916.400000022182
11006.200000022509
8953.10000001504
8154.100000012133
9585.000000017339
9989.70000001881
11862.600000025624
9439.000000016807
10800.000000021759
11350.700000023762
10048.900000019026
7502.200000009761
13870.80000003293
16655.70000003812
9166.200000015815
9221.800000016017
12892.10000002937
10800.000000021759
11002.100000022494
12733.300000028792
14121.600000033843
8928.100000014949
14944.800000036837
10800.000000021759
10800.000000021759
13381.900000031152
10561.10000002089
10176.000000019489
12087.900000026444
8222.00000001238
8110.000000011973
12385.100000027525
6932.000000007687
7704.900000010499
10058.800000019062
11533.800000024428
6584.100000006421
15891.900000040283
10800.000000021759
10739.100000021537
8493.000000013366
9984.00000001879
10360.000000020158
8908.300000014877
8696.800000014107
9539.200000017172
6905.100000007589
10793.000000021733
9071.100000015469
11446.800000024112
6699.20000000684
11344.50000002374
8978.800000015133
8759.800000014337
8918.000000014912
12525.200000028035
8061.100000011795
6822.80000000729
7978.000000011492
7853.000000011038
13910.800000033076
15307.100000038155
8739.200000014262
8081.100000011867
8947.000000015018
15039.700000037183
9518.400000017096
10232.100000019693
13285.900000030802
7740.0000000106265
8534.800000013518
10800.000000021759
13818.800000032741
10940.900000022271
9783.40000001806
9967.900000018732
9538.100000017168
10800.000000021759
10887.800000022078
9441.000000016815
6923.100000007655
8614.90000001381
16003.90000004069
7194.00000000864
8317.100000012726
12786.700000028986
10800.000000021759
10800.000000021759
11397.800000023934
9149.100000015753
10800.000000021759
9404.20000001668
8734.900000014246
11471.600000024202
7088.100000008255
10141.800000019364
7823.800000010931
7749.10000001066
7959.200000011424
9283.800000016243
7689.800000010444
10800.000000021759
9439.90000001681
11359.300000023793
9924.900000018575
11743.800000025192
7505.000000009772
8444.100000013188
10218.900000019645
6648.200000006655
12300.100000027216
11713.800000025083
11588.800000024628
13335.000000030981
10800.000000021759
12209.700000026887
11555.300000024507
8212.800000012347
11616.70000002473
10781.800000021693
12760.10000002889
14228.700000034232
13286.300000030804
10143.100000019369
12933.000000029519
11722.300000025114
7991.800000011543
7854.100000011042
9650.900000017578
11467.100000024186
9080.000000015501
8192.100000012271
10007.000000018874
16143.100000041197
13303.500000030866
7858.800000011059
12864.400000029269
16035.800000040806
13308.700000030885
15105.10000003742
17430.400000026846
8724.000000014206
10800.000000021759
9797.800000018113
8998.300000015204
7032.100000008051
12846.700000029205
10254.200000019773
7498.800000009749
11625.10000002476
8895.900000014832
7902.100000011216
12667.300000028552
11115.600000022907
12248.90000002703
8909.500000014881
12081.30000002642
10800.000000021759
9124.100000015662
14649.200000035762
11112.300000022895
8148.800000012114
9746.500000017926
8788.00000001444
8236.100000012431
12797.000000029024
9196.200000015924
10667.000000021275
9855.900000018324
8618.100000013821
11285.600000023525
6599.900000006479
14619.900000035655
13045.500000029928
6404.000000005766
9334.900000016429
8137.000000012071
12617.10000002837
9678.200000017678
11754.30000002523
10153.800000019408
13682.900000032247
9170.000000015829
7185.0000000086075
11092.100000022821
11115.400000022906
8190.000000012264
8797.000000014472
12047.700000026298
14080.100000033692
9674.100000017663
10432.10000002042
14482.800000035157
16458.900000040983
10229.800000019684
14546.100000035387
8361.000000012886
9225.10000001603
11763.200000025263
13821.000000032749
7438.000000009528
10800.000000021759
8329.900000012773
8711.000000014159
8522.300000013473
13061.600000029986
12700.000000028671
8464.00000001326
8011.900000011616
18434.00000001224
10029.900000018957
16353.800000041963
10414.800000020357
13993.200000033376
14074.900000033673
8061.900000011798
6787.900000007163
11448.500000024118
9448.900000016843
8054.100000011769
11792.80000002537
8319.900000012736
8840.800000014631
11266.200000023455
9137.700000015711
10800.000000021759
8373.00000001293
12350.400000027399
9018.90000001528
11073.800000022755
14124.100000033852
9577.800000017312
11192.400000023186
10427.900000020405
12355.300000027417
10800.000000021759
14290.100000034456
12940.200000029545
11025.70000002258
7210.900000008702
9140.10000001572
12982.8000000297
8561.900000013617
11917.300000025823
12408.30000002761
14238.000000034266
8948.800000015024
15448.800000038671
8123.200000012021
10360.000000020158
8697.100000014108
10063.100000019078
12474.10000002785
10662.000000021257
12915.200000029454
12243.200000027009
7703.100000010492
12121.000000026565
7805.000000010863
12825.100000029126
9296.70000001629
12515.300000027999
14368.600000034741
9804.000000018135
7921.200000011286
7523.000000009837
10800.000000021759
10800.000000021759
8275.800000012576
12482.100000027878
12175.200000026762
12737.900000028809
13340.700000031002
11915.300000025816
12807.00000002906
13232.200000030607
7063.000000008164
9727.900000017858
9225.800000016032
8622.800000013838
9888.000000018441
14378.000000034775
9303.100000016313
13353.700000031049
14231.800000034244
18717.800000008112
8325.900000012758
14640.800000035732
9671.900000017655
12685.000000028616
8797.100000014472
10934.80000002225
15323.100000038214
10808.300000021789
10837.500000021895
14071.900000033662
11101.500000022856
11018.300000022553
8279.90000001259
16559.200000039524
10800.000000021759
9903.900000018499
14657.900000035794
10800.000000021759
8780.00000001441
13693.100000032284
10800.000000021759
12736.000000028802
14108.100000033794
8203.700000012313
11459.400000024158
7405.900000009411
9836.200000018252
9130.000000015683
13081.100000030057
9072.900000015476
10831.100000021872
12613.000000028354
6994.100000007913
8559.800000013609
13142.000000030279
17244.800000029547
8338.800000012805
15040.900000037187
12759.100000028886
7446.100000009557
14447.100000035027
17068.900000032107
10800.000000021759
10800.000000021759
8521.900000013471
8636.000000013886
10776.800000021674
12283.800000027157
11425.500000024034
13128.70000003023
10800.000000021759
8035.900000011703
10135.800000019342
5888.000000003889
9732.900000017877
6920.200000007644
10852.70000002195
10531.20000002078
12002.800000026135
10800.000000021759
13363.700000031085
7647.000000010288
10800.000000021759
12885.200000029345
11117.700000022915
8628.90000001386
9758.200000017969
8746.80000001429
8627.900000013857
9932.600000018603
7264.000000008895
9637.000000017528
8417.600000013092
11833.600000025519
11642.800000024825
14605.700000035604
8168.100000012184
8362.10000001289
12536.100000028075
14780.900000036241
10919.400000022193
11356.800000023784
10026.900000018946
17639.900000023797
8668.300000014004
15707.900000039614
9891.900000018455
11266.900000023457
10800.000000021759
10967.80000002237
9746.100000017925
9964.000000018717
9297.00000001629
7610.900000010157
8556.800000013598
9674.100000017663
11008.800000022518
15938.700000040453
9513.000000017077
14322.100000034572
9707.900000017786
7407.100000009415
16011.000000040716
7445.200000009554
11081.300000022782
11458.600000024155
8104.900000011954
11387.400000023896
9564.300000017263
11596.900000024658
10383.200000020242
8394.600000013008
7189.900000008625
11026.900000022584
9278.000000016222
10047.00000001902
13590.700000031911
9205.90000001596
12606.30000002833
13745.000000032473
8377.200000012945
11165.90000002309
13788.000000032629
12040.300000026271
11719.000000025102
8994.900000015192
13052.200000029952
7160.90000000852
10832.600000021877
10800.000000021759
10800.000000021759
14410.200000034893
9182.000000015873
10966.400000022364
14274.100000034397
10361.100000020162
7943.000000011365
12053.100000026318
11821.400000025475
9989.900000018812
12414.10000002763
11026.500000022583
10759.900000021613
11355.50000002378
8414.000000013079
12222.000000026932
14444.200000035016
9739.2000000179
14154.10000003396
8448.100000013203
10821.700000021838
10218.300000019643
7680.9000000104115
12330.200000027326
8379.000000012951
8872.000000014745
10582.800000020969
8386.100000012977
11422.800000024024
12103.800000026502
11012.900000022533
11250.800000023399
10626.000000021126
13244.900000030653
10800.000000021759
11789.000000025357
11492.400000024278
17639.7000000238
13616.100000032004
8954.900000015046
8253.000000012493
13518.90000003165
10631.200000021145
9749.000000017935
12477.400000027861
7754.900000010681
12690.800000028637
9661.000000017615
7911.900000011252
10517.900000020732
10800.000000021759
10274.900000019848
11600.10000002467
8801.000000014486
10881.500000022055
14500.10000003522
12682.900000028609
8148.900000012114
13306.000000030876
8984.600000015154
12936.00000002953
15186.900000037718
13383.100000031156
14455.900000035059
13238.200000030629
10363.800000020172
9364.900000016538
13211.600000030532
11592.700000024643
10800.000000021759
7459.100000009605
13425.100000031309
9343.40000001646
11903.400000025773
9332.900000016421
12113.900000026539
15126.000000037497
10077.000000019128
10800.000000021759
