6454.200000005949
7525.275000009845
5534.175000003684
3007.7499999983597
2921.649999998438
8185.3000000122465
2816.074999998534
5214.325000003559
2940.524999998421
3069.4249999983035
3309.9249999980852
8791.525000014452
4308.975000001319
4762.450000001525
7593.275000010375
7263.275000009057
7063.8750000081845
2805.6749999985436
3466.349999997943
4816.549999999991
4458.699999999857
4118.424999997973
2993.0249999983735
7474.750000009662
3426.449999997979
4441.374999998627
5768.025000005055
3014.049999998354
4734.075000000944
4673.4499999994705
6369.725000005642
4279.649999998038
6562.975000006525
4791.250000000464
6307.225000005414
2824.224999998527
9198.00000001593
4031.775000000279
3633.8499999977903
5170.100000001277
5408.1000000037975
2528.0499999987965
7720.475000010556
7964.050000011442
3986.625000001193
6218.150000006748
4857.300000003186
4639.350000000201
3092.9499999982822
5517.450000003699
4605.375000001475
5956.1750000041375
4144.97499999918
3717.4999999977144
4730.425000002628
3900.5499999977515
6380.100000005679
4229.074999997854
3502.04999999791
5080.750000000952
5980.700000005289
9266.30000001618
2893.1999999984637
2793.7999999985545
6845.775000007373
3658.174999998864
4648.375000000967
4444.525000000696
3019.04999999835
5283.150000003911
4962.175000004204
3818.3749999991087
5487.250000003726
8698.825000014116
8682.800000014096
5623.000000002925
5500.675000003714
6101.425000004665
6741.07500000809
8539.500000013535
3374.9249999980257
3882.724999997564
3682.7749999984794
5596.675000003627
4762.949999999796
4493.699999999922
4667.9500000006165
5913.025000004376
4517.725000001979
3756.424999997679
5620.025000002914
7361.575000009643
4126.999999997515
3677.874999997751
2876.949999998479
7165.6250000085365
6247.075000005196
4907.02500000085
5707.675000003525
3654.6750000005986
5664.575000003565
5735.375000003502
2915.5999999984438
2967.899999998396
6350.450000005571
6092.250000004633
5732.075000003504
8116.100000011995
9435.025000016794
3190.049999998194
3213.424999998173
5977.075000004592
5906.5000000041055
2844.024999998509
5297.225000003899
6258.900000005238
4742.175000003614
5626.800000003599
5175.52500000401
6977.825000007854
6055.100000005143
5769.57500000358
5363.725000003838
5697.500000003535
4797.499999999922
6324.725000005763
6011.825000004339
5589.600000003633
3713.4499999994878
3338.3999999981215
3447.6749999995127
5921.775000004012
4503.774999998854
4211.17499999812
5273.175000003921
3072.1749999983012
3282.27499999811
5687.475000003545
4674.675000002034
4792.450000003519
7510.775000009793
3061.499999998311
6161.050000005822
4770.700000004378
6141.675000006288
7848.525000011021
6762.975000007073
4704.9249999995845
3251.774999998138
5931.325000004138
4418.500000000256
5236.475000001519
7228.9750000089625
5247.17500000186
4293.599999998974
3867.0999999975784
5552.400000002966
7482.300000009689
6191.375000004993
6828.725000007958
5712.40000000325
3468.7749999979405
6442.475000005907
6456.750000005958
5016.900000004154
7213.550000009777
7980.575000011501
3635.699999997789
4109.674999997913
4031.4749999976198
2713.3999999986277
7529.500000009861
4883.300000000234
4790.799999999897
2636.8249999986974
3901.924999999538
3548.399999997868
6356.200000006812
5789.625000003543
3006.524999998361
4269.949999999469
5374.750000003829
4489.34999999927
3365.7999999980343
4982.675000004186
2862.9249999984922
8543.300000013549
4477.8749999988
2573.624999998755
5507.300000004322
3178.5499999982044
4512.974999998887
4175.674999998046
3028.1999999983414
3048.749999998323
3385.824999998016
5242.20000000154
7355.775000009229
5307.625000003193
7161.875000008523
6503.250000006127
2647.024999998688
5189.950000003166
4288.59999999807
3965.5749999974887
4477.949999999831
7381.225000009321
3421.424999997984
3709.1499999977223
5279.900000001677
5006.325000000681
6268.200000005272
4688.950000000582
7503.550000009912
3582.149999998129
7480.775000010215
2944.1749999984177
2757.7499999985876
5761.000000004241
2942.9749999984188
4287.174999999493
5691.175000003541
4663.899999999436
4666.000000001595
6146.125000004828
4890.950000000262
3081.274999998293
2968.9749999983956
4290.474999998078
4181.9999999988095
4637.725000004499
3779.9499999984214
3199.6249999981856
3709.424999997722
3810.299999998901
6603.325000006491
3332.8749999980637
3701.17499999797
5317.375000003881
4498.749999999418
4799.999999999931
3111.974999998265
6157.875000004871
3097.824999998278
6370.225000005643
5227.625000002571
5957.57500000447
3376.7499999980246
3674.1249999977535
3309.8749999980846
9584.450000017336
4882.925000004276
5655.400000003573
4013.1249999974457
6305.150000005406
7746.775000011131
4430.375000000748
5448.525000004205
4951.350000001838
3420.6999999981367
7660.175000010336
7794.025000010823
4339.774999998419
5700.525000004359
4010.624999999776
4799.97500000164
2727.224999998615
4137.424999998497
3133.774999998245
4221.9749999978285
2817.9749999985324
2890.149999998467
3621.9749999978512
7042.025000008088
6689.900000006806
4608.974999999639
5010.175000000696
8301.60000001267
2847.2499999985057
4931.400000000409
4465.599999998714
3767.774999997669
3038.7749999983316
3151.499999998229
3750.2499999976844
5138.750000001163
3316.499999998079
3035.2249999983346
2657.2499999986785
5062.850000004112
2859.7249999984947
5742.300000004587
3934.074999998652
6072.825000004561
6240.2500000051705
4331.37499999855
3276.124999998116
3452.6999999979553
5889.050000003893
4292.025000000238
4764.400000004383
6420.500000005826
6143.85000000482
3618.8749999978045
4841.625000004314
5194.275000003993
3489.4749999979217
4601.224999999909
3964.1499999986677
3730.024999997703
4634.6249999996635
3946.6999999977297
5124.825000001858
5485.175000003728
4017.224999997442
5206.275000003981
4375.424999999109
3959.174999997663
4491.600000002546
5607.475000003617
4157.200000001757
2921.4999999984384
3737.924999998663
5266.850000003927
5033.4750000041395
3605.699999998167
7721.200000010558
2408.574999998905
4041.7499999997613
5456.500000003754
5597.000000003627
3026.6499999983425
4735.975000000228
2853.2999999985004
3411.7749999979924
3425.999999997979
6013.950000004347
4752.425000001704
6143.325000004817
4447.174999999214
5582.925000003639
6232.975000005144
3664.049999997763
8582.275000013691
4762.7250000007325
5757.725000003745
4417.624999999426
5066.500000004109
2876.599999998479
3386.3499999980154
2824.049999998527
4142.875000001563
3177.4999999982056
4005.4999999974525
4061.200000001823
5579.600000003642
5859.075000003783
4458.149999998687
4648.59999999938
6056.250000004501
3385.9249999980157
2650.9999999986844
5137.600000004044
5786.675000003521
4934.37500000042
4672.875000001354
3950.4749999975024
3526.2499999978886
5275.075000003919
5072.850000004103
4771.574999999828
5184.750000004001
6261.025000005246
5517.22500000266
5720.975000003514
7285.050000008971
7165.400000008536
3110.024999998374
4084.824999997877
4886.150000004272
3019.549999998349
2718.0749999986238
6322.55000000547
6157.225000004868
3579.14999999784
5741.950000003358
6440.6000000062595
6472.475000006015
4240.499999997895
6328.175000005491
3124.6999999982536
5239.35000000153
2601.999999998729
4082.7999999984836
5475.325000003737
7972.025000011471
3568.799999999081
3899.5749999984637
5200.950000003987
6894.225000007549
7271.77500000922
8014.900000011627
4343.124999999049
5328.000000001852
7945.675000011374
4490.725000000676
3751.974999997683
4621.449999999281
4468.374999999922
6640.175000006626
2641.8499999986925
6182.450000004961
6304.325000005403
5033.27500000078
5704.8500000036165
6081.175000004592
2882.374999998474
2819.9499999985305
5029.375000004143
5113.450000001971
7794.075000010824
6839.025000008106
3015.2249999983533
3382.2999999980193
2651.0749999986847
3438.824999997968
3418.074999997987
6495.150000006098
5685.200000004284
5966.050000004172
6386.900000005704
4570.374999999096
5366.625000003835
5789.35000000353
4550.875000000791
5206.800000001411
6402.550000005762
3451.4749999979567
3918.6999999990503
5338.275000004113
4227.6000000016065
3789.0749999976492
2380.5749999989303
4643.375000001502
3933.9499999984473
4004.09999999788
3397.3499999980363
7203.475000008675
3637.9999999977863
3728.899999999928
5477.725000003735
3346.224999998052
6305.97500000541
2407.0999999989062
3687.1249999982574
3481.07499999793
2713.749999998627
5494.275000002456
3835.5249999977664
5701.325000003531
6705.10000000787
6195.525000005219
5469.125000003743
3897.224999997551
3214.299999998172
2923.1249999984366
5476.425000003736
5955.900000004478
5599.450000003625
3685.5749999977434
4522.975000000679
3298.8999999989237
7320.025000009098
4510.75000000018
4743.175000002716
3325.399999998071
7533.650000009876
3499.9999999979123
7789.375000010807
3792.4249999990434
4356.449999998317
7016.200000007993
3944.574999997508
5010.45000000416
5781.575000003559
2903.124999998455
3200.224999998185
4212.674999997847
3349.324999998049
3250.4249999981394
5678.750000003128
3009.4749999983583
4319.6499999991265
3826.2749999980247
5947.325000004104
2555.5249999987714
5313.225000003885
4407.000000000815
6279.725000005314
4394.474999998456
8031.775000011688
4414.574999998529
4973.975000004193
3057.6249999983147
3874.4999999975716
5439.42500000377
5447.200000003763
3862.52499999812
3512.4499999988593
3825.799999997616
3969.5249999974853
5791.075000003644
3859.149999997799
5364.300000004116
5001.775000000665
4277.149999998765
3070.9249999983026
6458.125000005964
8158.4750000121485
4134.800000000552
3748.5999999976866
6682.750000006823
5373.27500000383
5331.150000002715
6522.450000006379
5972.150000004195
3670.1999999978916
7787.7750000108
5137.200000004044
5160.875000004024
6907.025000007597
4219.7749999978205
4065.524999997398
6208.725000005653
3497.4249999982935
3389.8499999983624
5910.4000000039705
2755.4749999985893
3057.524999998315
4215.824999998439
4695.699999999551
2618.049999998714
7843.800000011004
5207.425000003981
4677.549999999644
3633.6749999986273
4307.274999999239
4603.299999999854
4095.550000000775
3881.4999999988595
3797.9249999976414
2803.6999999985455
5394.000000003847
3847.999999998645
5117.300000001085
2901.224999998457
5564.8500000036565
3591.699999997829
3518.5999999978953
3666.9249999977887
6930.275000008524
3204.649999998181
2775.799999998571
3179.274999998204
3114.6499999982625
6331.300000005502
7500.9750000097565
3487.5499999979234
3250.724999998139
3652.199999997774
7839.97500001099
4606.175000001981
4747.67500000109
6812.525000007252
3121.649999998256
3621.424999998447
5039.275000004133
7045.675000008101
4690.949999999553
4610.92500000172
4290.074999998667
3975.67499999827
5242.200000003949
5188.050000002728
3794.8749999976444
2774.6499999985717
3436.7999999979697
8038.250000011712
2951.499999998411
3317.2749999980783
5354.025000001946
5328.750000003871
5376.900000003827
4812.874999999978
3838.9999999982556
5225.650000003964
3758.8249999976765
3532.7249999978826
5648.675000003579
2978.2999999983867
4429.699999999496
3147.149999998233
3084.1249999982906
3192.7999999981917
4371.900000000675
3079.7999999982944
5213.375000003975
3776.7499999976603
5589.200000003633
4025.6749999976673
5775.250000003856
3194.69999999819
3640.724999998644
4503.474999999835
2648.124999998687
5616.8500000029035
4973.750000000563
5182.425000001322
6096.250000004647
4969.475000004197
5076.900000000938
6921.475000010043
3298.974999998095
6945.500000010022
4557.249999999048
6419.800000005824
5987.825000004252
6396.575000005739
4042.8499999974183
6571.100000006379
5660.425000003208
3504.5749999989935
3272.9999999981187
4192.849999999287
5212.17500000143
3823.699999998325
3511.799999997901
4904.300000003355
7885.075000011154
7363.025000009642
3149.9749999982305
5988.550000004256
8128.075000012039
5620.525000003605
6444.125000005912
9440.300000016812
3821.17499999948
5352.850000003848
3914.749999997535
4318.550000000435
2834.3249999985173
5332.025000001867
4111.074999997481
3014.224999998354
5652.075000003577
3900.4499999991826
3263.0999999981277
7201.675000009788
5161.900000001653
6407.400000006474
4140.875000000462
6159.375000005266
5467.275000003996
3837.0249999984094
7731.4500000105945
5342.900000003858
3273.774999998118
4810.225000002589
3846.99999999833
3306.1749999980884
5594.32500000282
3861.624999997632
4900.725000000985
4018.324999997766
3466.1499999979433
5405.950000003801
2645.799999998689
7372.325000009633
5742.275000003551
2543.0249999987827
4111.149999998858
3287.2499999981055
6003.225000004308
4351.45000000012
6040.775000005084
4265.874999998734
6343.100000005545
3660.599999997766
2890.299999998467
4426.349999998572
5497.1000000037175
3436.3749999982338
3524.5249999978896
5168.07500000127
7091.975000008269
4172.97499999912
4565.399999999547
7669.200000010369
6780.700000007137
4142.249999997538
6090.475000004626
3506.3749999982374
3879.874999998692
5679.475000003573
7491.975000009756
2978.0499999983867
6179.325000007528
3490.874999998122
3784.9749999990286
3959.450000000639
6894.8000000079155
5591.525000002811
3425.2249999979804
3160.1499999982216
8955.250000015047
4423.124999999678
7748.2500000106575
4663.1000000004615
6560.750000006336
7575.550000010028
3287.649999998105
2728.8249999986137
5647.025000003665
3759.0249999976763
3203.349999998182
4820.350000000005
3337.37499999806
3626.349999997934
5401.925000002601
3665.149999997762
5117.125000004063
3379.8249999980217
5922.975000004017
3793.1999999984073
4597.074999999193
6433.525000005873
4041.0499999986127
5514.300000003702
4171.649999997645
5888.500000003891
4661.475000004477
7630.300000010227
7271.475000009726
5489.225000003725
2878.0499999984777
4294.824999999862
6405.750000005773
3699.849999998879
5787.125000003554
6923.500000008815
5957.07500000414
3924.4749999998417
8037.80000001171
3386.049999998016
4867.875000003789
3529.4999999978854
4011.974999997447
5152.025000001211
5108.250000003914
6397.050000005741
5726.625000003509
3067.549999998306
5898.250000004301
3136.8999999982425
6064.625000004531
3736.2249999976975
5827.2750000036685
6588.825000006438
3954.3749999975903
3172.69999999821
2991.2749999983753
5199.425000003988
4803.400000004348
3326.5499999980702
6113.200000004708
6103.250000004783
6048.075000004472
6276.825000005303
6225.500000005767
6081.075000004592
6819.225000007277
2814.6999999985355
4174.399999998886
3731.599999997701
3830.4499999995455
4638.450000003461
6684.350000006787
3745.599999997689
7020.200000008008
6551.550000006303
8335.825000012794
3292.6749999981002
7344.95000000919
4046.1999999984214
6306.975000005414
3855.2499999992774
4770.424999999852
6898.825000007567
5145.425000002505
5049.875000001766
5932.700000004052
5477.200000003735
5933.600000005579
3349.2999999980493
7730.7750000105925
5138.625000004044
3940.0749999975124
7281.0750000089565
4948.375000004216
3530.0999999978853
6338.225000005526
5285.45000000391
5583.625000002781
6026.775000004393
3936.1500000013284
5618.6000000036065
2981.099999998384
4615.725000001407
3643.7499999977817
6718.52500000691
4321.375000001561
4472.59999999874
6000.125000004296
2788.899999998559
3429.199999997976
6140.8750000048085
8269.625000012555
3365.0499999980348
7170.775000008555
6101.900000004667
2979.299999998386
7289.425000008987
9311.325000016343
4870.150000004288
5067.650000004108
3417.3249999979876
3583.2249999979254
4947.225000000794
5514.875000002532
6142.200000006226
5369.150000002001
5062.450000004113
3201.4499999981836
4072.0749999973923
2356.549999998952
3926.3749999975244
2770.074999998576
4568.549999999089
4335.574999998307
5235.675000001516
5310.925000003886
6533.525000006237
3046.7749999983243
5720.800000006308
5871.150000003902
5496.950000003718
3698.149999998661
5028.300000003028
3527.999999997887
3421.574999997984
4931.525000002913
2913.7499999984457
3897.199999997551
4116.15000000168
5435.475000002243
6667.275000008507
8051.750000011761
3520.224999998721
3593.499999998432
5905.05000000395
7785.325000010791
5344.525000003857
4649.149999999382
4344.474999998974
7295.975000009012
4159.875000001306
9180.725000015867
4018.6749999977146
4890.775000000262
5174.85000000401
4541.899999999019
4324.799999999297
4787.900000003412
4077.749999999626
3102.9249999982735
3427.4749999979786
3942.099999997718
4931.475000000415
8031.800000011688
3805.699999997634
6207.0000000050495
3865.7749999975795
2928.7999999984318
7015.350000007989
3283.4499999989425
6239.150000007122
5631.975000003595
3285.949999998107
5834.225000004839
4596.125000001741
4775.5749999998425
4150.199999997632
3609.8249999986433
3148.649999998756
4409.27499999851
3983.1499999990174
4895.32500000162
7382.025000009325
3683.699999997745
6386.250000005751
6529.675000006224
3899.175000000502
4562.474999999163
7488.00000000971
5822.27500000365
5332.650000001868
3816.4499999983373
6311.000000005428
2876.824999998479
5411.200000003795
5108.950000004071
5120.40000000406
7183.125000008601
3901.399999998588
5461.10000000375
6617.675000006544
4753.65000000105
3183.5499999982003
6236.2500000056025
5743.60000000352
4058.1249999976717
5937.3500000040685
5542.500000003676
4894.375000000901
5669.3250000035605
3346.474999998052
6510.92500000692
7666.75000001036
3935.799999997531
6260.675000005245
3407.0999999979967
5599.775000004256
4935.350000002444
3128.0749999982504
5889.525000003894
3336.9999999980605
3765.6249999986667
4715.700000000064
3815.0749999987547
5093.850000001
5374.225000002019
5258.525000002388
5175.200000001481
4271.324999998007
7098.000000008347
5088.425000004088
4708.749999999599
5658.750000003571
8437.225000013164
5793.3000000035445
3736.8749999981733
3563.4499999987343
6001.550000004303
4719.175000000146
3909.9499999975396
5943.20000000409
3089.974999998285
5875.5000000038435
4013.449999999006
3267.974999998123
5038.700000001865
5151.675000004031
4233.1249999979045
4782.449999999867
3600.5749999978207
5421.600000003786
6902.300000007579
6656.175000006922
3556.8999999989496
6110.9500000047
4081.1000000002828
5319.40000000182
7488.7500000097125
6163.800000004892
6639.475000006622
6291.300000005356
4285.574999998447
3761.349999997675
5621.6750000036045
5932.450000004698
5322.975000003876
2973.0249999983916
6229.300000005131
4657.725000001846
5012.85000000215
4093.7749999986195
5425.975000002208
6413.0750000058
5317.275000004133
5683.775000004985
