2419.996300000837
1930.2207300009136
1443.1548300000272
1240.6601399995197
878.4757999997382
1966.199710000402
1048.0025899996044
1128.2893800000572
877.545909999672
1234.7526199995532
1414.9856899995732
1970.5624100005602
1402.2786199996438
1686.173610000336
1951.60328999973
2044.7261400002765
1457.7112700002995
1040.5384799997055
1366.073539999507
874.0419900002261
1195.8756799995704
2429.6784600002957
1277.1868099994508
1923.5276400006921
1274.6640099995864
1373.5743800000666
1858.4747799995414
921.938159999762
1228.5751100001107
2008.6630700000421
1522.6894000007926
1648.506210000241
1431.7402099999556
1094.0472000000827
1896.9899199998608
1211.6549599995653
2122.2858400005484
1288.724429999676
1158.6201399998715
1810.9232100006475
1195.571810000288
1166.2499899994677
1602.0346800002405
1477.673050000715
1000.3897399999034
1624.564999999713
1337.2486699996653
1886.7850700001777
1129.4655999996094
1274.4340800001103
1637.240679999639
1110.7407300004672
1165.8982099999002
969.331629999818
945.7867800000693
1021.1151799997996
1497.726750000421
1581.4302100003597
947.3460699998037
1377.0535600006306
1114.4673199999818
1563.8993900003206
1392.3029199994085
960.8448399996252
1814.117000000226
1100.4595899998187
1721.3956899996526
1569.7816799998252
1013.6830499996089
1195.6432300000126
1207.4292099995253
924.2293899996687
1082.2975300000135
965.3989100004977
1549.7369799999653
1251.4200899998852
1361.9800399997955
2357.815440000871
977.7275900002186
1500.7327900007103
906.3716699997639
1625.4831199995672
1695.0452199994447
1130.773620000072
1799.0709200000156
1467.644379999996
1297.9443400000328
1505.3674199997079
1191.4014799995857
1808.9993999996339
1320.6356800000397
1990.3749500005279
2077.9698400000057
1289.776079999741
1183.4083999994555
1542.5449200008256
1347.258220000434
1317.1680900000865
1614.830900000119
931.120059999698
977.5660500003148
2582.831290000967
1075.8823499996188
1089.2139199996639
1533.9334600007053
1434.0095700002703
1780.1115999997357
1709.5481200005413
1840.5815800006133
1213.106009999571
1389.3038299995592
1327.621770000216
1813.8370600001938
1059.205719999567
1040.2850800002034
1565.6978200006395
1371.6936599995083
1225.4458399999137
1339.2556699995673
1743.6696200007289
1842.216080000461
1283.0099999997558
1386.3181199996545
1987.1500000000995
1435.399639999914
1522.6439899999878
2093.3838200002883
1193.6443100000272
984.5907199996478
1271.053899999687
1337.833499999491
1965.9942800007034
1981.0392200005685
1555.27486999987
1694.745000000257
1072.9176799996822
1125.1404499997652
1376.4005100001427
1307.6034199995963
979.0397400000096
2555.8237200011845
1190.5736699995489
1733.7648099996313
1219.3022099994687
1493.4383300000711
1851.1162700011853
1485.9755700001729
1920.8432600006793
1461.748829999473
1729.125760000823
1277.2322599997651
1191.4376400001859
1218.5160199998702
1057.9392599998566
1752.732350000175
1481.0626899998604
2099.9465700008896
1692.0078200002297
1388.395450000462
1882.925340000069
1787.531120001098
1173.1401799996709
1762.951100000251
1730.798220000394
1515.6050599994303
943.6151600004997
2225.5160700028687
1169.6523899997287
1027.9218699999365
1854.9568199998453
1104.0039499995314
1911.9379700002705
1356.5078500005072
1059.3369599998414
1125.5685699995865
1693.480749999571
1259.9598599996862
1012.9130000003122
910.4191000002487
1073.54704999966
868.7358900000306
998.5664700000807
1543.240190000058
1543.8341999997222
1194.5677499998656
1089.6909299995514
2182.0499100006955
2042.6190600005616
1350.5786799993573
1338.0946299995837
989.6178299997063
1577.735699999966
1459.2616800003907
1332.4248599995124
1248.1168499994671
1324.8958899996712
1804.6325500003277
1722.6975900004413
1695.9945399994033
1940.0420300015537
1540.0004500002767
955.0720199996604
1217.2059099995572
1935.3404800001954
1348.446029999843
1647.392340000101
1592.193770000476
1016.7168499997892
1371.0915299996095
1468.3278600005326
1495.358750000473
2104.4409100007383
1920.1791699996618
1610.6698099995237
1295.6827599997307
1412.5195200001338
1385.933099999424
1118.748869999559
1268.3431199997915
1155.786009999635
906.8928099998319
1351.7490100002417
1624.4633799997564
1474.302749999571
1357.6673400000407
1717.7341000003064
971.5298299996896
1464.095279999442
1306.2123099998485
1692.413949999787
809.5902200000617
1214.807889999649
709.1774899999057
1772.2208499995252
1303.6176399994433
1427.0844600002847
1169.548909999642
1831.294959999626
1636.5341600000875
1242.0208799995748
1376.6005300000168
1372.2606299995562
1614.8531699997839
1322.3301899996004
2616.145440001493
1463.5183299999628
1329.8665900000365
990.9305399997535
1551.992419999864
880.5433399999243
2573.3556400029197
1178.3001699998433
1705.0242200002144
922.3976299999522
1626.234240000571
1404.2203600000032
1218.884179999919
1315.5632899997793
1087.7111399999967
1218.5748399997005
1099.8159400003467
2372.0540700008323
1680.3730500000747
1118.377799999655
904.7476899999674
808.2483900000749
1102.1040599995408
1654.5420799997687
1108.8316499996292
1397.2009599999178
1186.1620799995267
1344.0293399994907
1746.8439499998794
1608.7312700007885
1045.712420000809
1325.0594500002574
1355.2037199998686
1335.6513700008688
784.3578099997616
1716.2721200004487
1779.9118700004806
1721.1796500000523
1369.2360499994695
1472.7021799994645
1311.5904399998317
1640.7131600000284
1187.20087999976
1124.2530899995736
1395.3977599993593
1016.2059400000238
1040.4109699995727
1583.74069999953
1042.1728799997077
1148.3110800001916
1465.9952200000016
1534.6780599999372
1016.5130399997377
1206.6067999996503
1547.9597999998787
1132.474609999526
1140.4925599995688
1792.0214000006044
2486.0353800017274
1080.0874299997056
1251.7712599995618
1131.8105299996869
1237.30195999972
1589.5546900003862
1544.2058999999022
1448.734619999933
1538.6114899998815
1575.4309699997605
1472.3528399997697
1120.8568000000848
1447.1226199999646
1651.7887099998652
1408.721129999843
1292.4600200000293
1381.7526499994046
1290.4758400000455
750.1167700000246
1040.4304399995776
1549.6261099995556
1213.5172200001705
1374.4274399995359
1340.2111999996955
1556.6724300003893
1174.7226699995251
1422.1092499994797
1056.6392699999376
1647.0735700000212
863.1606199997057
1491.9270100001172
1178.1221999995762
1106.0705699997259
1228.0111199998134
1848.587780000441
1363.2128499996927
1979.6304600003991
1109.3738399999963
1357.5155700001012
1480.587360000453
1709.975379999693
1798.6102200015587
1805.5568799998912
1601.5881999997478
1986.1137999996947
908.3679099996536
1070.2703799995538
1445.5106799995526
898.6942699997413
745.6415399999474
1174.5978899995846
1428.02814999977
1151.0321199994876
1599.1265999997797
1650.9930800004086
1978.683189999734
1338.9939700001457
1855.2510800008138
1001.0382399996712
985.0248499996072
1402.5920199995403
1319.610670000316
1588.8233300001002
1122.2115099998075
1290.428159999739
893.2715499998346
1178.4510099997815
1245.378499999605
1390.316420000004
1312.4712399995603
1828.07064000057
1012.7667999999585
1501.0199499999508
1264.5090300000966
1350.6021200006435
978.1677099997817
1145.7069299999487
1309.204819999494
982.2525799996527
1252.758859999468
2052.316419999812
1987.6077800012279
1140.1066399997262
1430.5187100001888
1670.8382899998815
1952.7435200008613
2012.1640700004236
1179.5429000004156
1129.0108599995924
1626.576750000081
1079.456249999579
1598.513759999779
1805.9992499999128
1898.4405900013535
694.9750599999478
1615.4109299996067
1247.9109499999631
2008.9429300002928
1508.6629600002664
1835.538680000401
1494.7407599998664
1668.219549999733
2728.1063000011213
1809.6755400001828
1239.9227199998693
1838.171540000512
1419.0267899998275
2133.7052500024315
1211.4291399994236
1426.0323500004458
1720.60763000083
1072.5561900000646
1550.594660000174
1525.070630000128
1542.912309999342
821.0168999997113
1456.8797799995891
1816.6708699998894
1781.7330900007146
2003.2153699997878
1043.0795399995523
1064.219029999622
846.2865799996829
1087.1668799998602
1037.374279999735
1372.2558700006227
1458.2457800000086
1614.0056100004615
1904.7858500004586
1986.3246400004232
1684.1283999998443
1714.8053500001924
1009.4361899997571
1368.4079700002183
1902.2181200009477
1081.9352499996864
1016.6429799998908
1460.5509399995913
1230.0800499996164
992.9288599999148
815.7116399996859
1191.3292699999372
1664.9443499997349
1525.9410999998354
1287.631539999613
1891.1237400005857
1280.2998799996244
893.2344799997034
1118.7671200002044
1504.6470699995925
1334.255130000348
1030.64831999955
1358.8789699996057
1060.9544699999187
1217.4703599995087
1773.547670000422
884.5026099998748
1863.445299999991
1851.6094599996154
1463.154130000584
1361.7103399996895
1820.303189999971
1708.683629999545
1094.264579999584
1331.760530000015
1303.1418499998617
1869.8117699997051
1339.7186899996457
1205.4512099997994
954.4093799997338
2463.082400001355
1258.674319999781
1826.5852199994779
1345.7329099996487
1127.1831500003384
1306.3747799995886
1379.1364000007006
1593.387829999589
1291.1754000004496
2242.481060001091
1389.7781900000343
1108.834689999581
1258.131820000319
992.463489999663
1270.2720299995876
1426.2794000001343
1466.9222899994572
1134.044429999609
2007.5810400004038
1086.459609999547
1300.989749999965
1236.562719999803
2257.2196900008917
948.0635099996371
1288.339619999934
1122.9750899997089
1531.3003000004558
1585.6602700002293
1995.90463000112
1626.3891399998759
1267.5007600000017
1505.5531199993527
1661.8011899998694
1255.2200900001424
1316.7529000000402
1213.3161499998207
1228.4490299995382
1730.4534699998449
1705.7956000000504
1811.1169699997458
1237.5512199998436
1370.6637099998466
1261.5997600001167
1349.9284499996406
921.9005699997396
2417.616420000538
2140.6917200008957
1205.1447899996006
1209.8128299998236
1839.5442400001627
1117.2768299997347
1911.5221600003774
1849.7660399997587
1747.7757500006317
1624.2689699997222
1783.6198800003424
1650.7946099993846
1398.4011299998567
1244.7345500000793
1574.440310000107
1662.4793799998076
1779.4993199998871
1414.0093699995696
1154.274539999713
1626.9805700003317
1113.5251499995873
1297.0546699995532
1367.278999999962
1544.8455999997686
1047.4928499995926
1830.8358000009403
1322.1325999996288
764.1669000002486
1096.1155699997341
1299.514990000117
1291.9244999997838
1235.4180499998301
1224.1215799996614
1305.7354699999041
846.2390599997249
1467.7455199995757
1365.0246499996042
1262.6329099999361
1200.2807199995082
1792.4652899999853
1527.7312499997088
1362.9160799996173
1004.2767099998282
1037.649670000315
1302.2562799997293
1114.2749899995133
1506.510139999514
1158.3832199996393
1891.2502900013371
2368.9608700013005
1520.8687099995652
1594.628709999573
1260.8827099997031
1862.215990000188
1363.14903999956
1297.2595299996337
2155.4797900007784
1003.9825599996834
1151.083969999571
958.5854200001604
2181.237980000769
1322.1517999999796
1244.9981199998856
1549.9265300000138
1613.6933399999853
946.0773800001678
1149.9391300000775
1822.440519999619
1027.7545899996232
1119.854279999673
2149.725400001361
1088.2720299996645
687.5503499998557
1641.1578300006431
1358.8447499998767
1427.8205999995373
2027.7648700003663
891.4871299997817
1232.5257799999977
1657.6905999998726
1478.5830999996367
1639.6074699998903
758.6265899998097
1647.1157699998562
1110.6896299996679
710.9628299998265
803.3916199998027
1307.9073099996663
1240.9608799995333
1112.1073499996166
805.9699700000549
1955.6242699999857
1119.3405900000423
1924.5984399995973
1015.0249699996025
1290.8440299995789
1188.3462699999654
870.2504299996582
1470.7267199998262
953.2693200003241
1643.1455200001371
928.5968400003834
1204.6189399999087
1862.41067000037
1362.605189999929
1258.8638499997412
1551.4261599998367
1235.15366000006
1666.6069600001908
1695.4824300000807
1495.964599999715
1177.7418100000227
1555.829760000428
1202.5663400000803
1097.871589999716
1236.485179999695
1403.997539999752
1454.3718899997953
1341.0033199996665
877.7798199998939
1170.3831499996318
1648.4398000001147
1533.6641799997064
1030.7204199996702
1935.1201100015
2314.3407900014004
918.9664100005414
1135.8907100004385
2673.047030001289
837.14151999992
1454.5496099999093
1377.9509399999654
1188.1987599998838
1189.137299999557
2997.082220002171
1558.8139200000908
1329.3288399994508
1421.6760300003143
1701.2988799997488
996.5437499996546
1709.3160000000935
2134.2639500003315
1842.3462499999598
1045.043049999852
1346.0140100000724
1367.6010299996829
1067.1262499996262
1713.9470000012298
1344.1190599999961
1200.469269999666
1237.0272799997056
977.084829999897
1220.5413399997315
1910.4017400002201
1615.1165999995674
1406.3198299999492
1909.2315199999962
1507.4852299994495
1386.9760699999479
1083.7315999995656
1146.9004900005473
1935.8300400004327
957.6539999996183
945.7336199997799
966.3464299998336
1429.3441700000049
1131.2557699999552
1612.5586299996323
1222.225659999913
2302.8058700003708
1033.1715999997753
1091.6584699996076
2185.1993200007796
1108.8217500002297
1018.2322199997775
1346.447659999808
1245.2883200001797
1658.245700000513
1381.340069999535
1191.7673200000752
1361.5133500001125
1469.7573000010461
1732.952779999722
1788.7223900009312
1470.1158899996487
1484.8209699998824
1709.6292000001479
1462.1022800009325
1360.169609999465
1362.5643999998354
1446.3937899996226
1228.0079099994293
1261.48538999972
1201.883599999933
1503.78441000058
1310.1543899997223
1469.999109999514
2304.294280001735
1527.0534499998519
1873.647890000755
2107.3764800003514
1733.5086600000918
1790.2701600002233
1193.7557099995001
958.0578899996535
1687.5878600000717
1229.1109899998055
1183.6688999995704
1314.6408800001323
1397.1774799995649
1013.1239999998986
1526.616149999983
1399.908399999803
989.1206700001087
1351.3970599994905
1457.538020000262
836.5127000000605
2360.312860000139
1761.829790000128
1549.4323699995427
1497.9324000000072
1744.6440999999177
1538.431289999622
847.0159299996458
1893.4379200004018
1269.1907499996169
1554.5939899997998
1099.5249599996355
1171.6820699996879
1572.229409999916
953.4358699996985
1402.4051400001167
886.3004500001315
1481.0861400010785
1037.8264999997646
2494.628870000845
1568.7026199993818
1538.685409999512
1167.0888399997636
1961.8245200002252
1588.142670000626
1069.6179899999254
1809.2094000001487
1503.2226400000902
1171.3568799995962
1751.6232800000441
1303.3170099995787
2006.697710000196
1456.4394999997367
1450.20824000042
1838.5078500007462
1756.7678499999006
1445.3222999994534
1137.829059999648
1188.5635699999486
1162.8267099999039
1576.6179099994158
1333.1265700002075
1022.5166900003533
1812.1927800004094
1153.2249400002918
1900.5889399996606
1333.9912799999895
1753.0117900000605
994.5423399996452
1436.6708099997404
1394.4522999997525
1296.5090199996523
1798.8893399992426
2107.4684500005205
1300.996569999666
1760.485910000031
1716.186850000723
2512.9063800020517
1226.8517899995215
1282.4456900006176
1796.5974499997099
1829.5151700005092
902.1148799997593
1143.570079999964
1272.409670000298
1613.8285699998416
1157.9826500002084
1905.7392000006585
1149.9228299998208
1343.359179999844
1417.932879999594
1366.7191800006174
1317.7425899995787
1559.7901999996807
1665.8127800001384
1063.5325299999738
1265.3822099996269
1177.4939700003008
1286.6078799995348
1620.2201700001156
2015.6873300013053
1502.4434999994005
1665.5806499999744
1266.0977299994745
1045.5677199996724
1657.5481199996889
1453.1831099999147
1170.2413799998221
1825.2980200000907
1619.9184600000488
1341.8299999994042
1574.8421499996828
1558.3180200003926
2041.4215400003668
1242.431699999659
1873.2337300011905
1866.9897900006795
1445.3960199994283
1555.6120900005596
2604.6347500014344
1040.8143699999684
1213.0307599999596
1349.9088299995992
1376.4874199996423
2194.02986000001
1550.445480000253
1802.8412200000676
2034.4366100004504
1256.3144199999406
996.1994699997148
1250.5386200000037
874.8071499996507
1223.1954999998052
1147.2396999995271
1698.506899999566
1376.5225299998115
2385.0267700006575
1472.8052400000022
2176.25296000081
860.9798499997222
839.2339900002897
1401.0763700005002
1645.5134700000426
1063.7690099998001
1420.8455199994369
1222.5799099996932
1646.2497999995376
1573.8674599995693
1069.5588099995339
1163.9786400000169
1160.9910399995363
1502.10133000043
1802.5292299995426
1826.1184500002337
1364.4054799995063
1584.9228099994589
1798.1768099999726
2429.218860000827
1398.1791700000008
1500.9988300001487
1406.9903099995279
2765.997410001909
1426.7846299996856
1549.4761399999995
1180.7595100001715
1951.8389700000243
1274.7501599996283
1577.3127699999004
1265.791999999989
1307.1594599997898
1409.6366899996972
1483.6179599993477
1662.8091599995764
1184.6129199999712
1632.991369999756
919.7372700006034
1989.0157099999515
1535.4499800005444
1602.7870399996652
1357.472109999484
2297.3046200017766
989.8586599995992
1354.509289999457
1597.1999200001621
1081.5945499997704
1276.2185400004075
1438.8360699995822
1849.7111200002246
1818.608900000281
1333.1596099995704
879.1702499996527
1651.752100000548
1279.5602699996598
965.861109999986
2056.761620000171
1564.8272299996963
1694.2460800002787
1883.9809400005586
1358.2867299995116
1144.0142200000473
1534.0420100000704
2428.143660000811
2580.753480000742
1288.0840499995907
1888.8573800003492
1064.347509999588
1471.7598299999422
1350.7913199999145
1266.7152899996806
2032.2995200004734
1634.0045599997363
1228.0477899995826
1821.3619500009743
1099.6354099996722
1320.1683099996164
1522.8123700002166
1252.8638000003773
988.5489800000735
2440.869340000415
1199.7804099997013
1352.22480000026
1735.2219199997814
1489.3147599994822
1723.3819200000037
1176.219250000287
1451.5492699999031
1380.5571000007124
1260.0974399995944
1136.0899300001258
1256.2723499998765
1126.615229999599
1693.8728000006115
1271.6118399998713
1636.7698399996734
1151.7186000000781
1242.6306999996727
1961.0754699998931
1774.7794800000452
1472.7538799999047
1384.2562599997163
1673.7855500000587
1137.8325299999242
1265.953439999665
2246.8476200001955
1736.9716399999766
2299.9009100004628
2119.728260001125
1549.3827699996618
891.3757099998231
1612.1168200005172
1193.1605399998962
1075.8068500000832
2388.1355300002456
974.7348399997612
2745.583680001028
1867.95597000024
1363.553759999466
1901.3062699996333
1305.9207699996402
1261.1761499999589
1629.7552500001568
1180.2891899998178
1403.045880000038
2449.9207300009316
1566.187580000257
943.3068199998228
1588.2961400000445
1097.7837099995313
2500.221680000692
1169.4624400009952
955.2688600005249
2539.7669300011657
1964.7846000000648
2034.8302000000797
2109.301909999853
1878.6282099999642
1524.1885099999095
1326.325849999924
1270.4592499995006
1786.3255000007741
1303.3926699997644
1653.153230000227
2065.280979999442
2074.640410000815
2774.256150001692
1128.68285999966
1215.6257799998211
