628.3938199998477
662.1362000002346
502.1241900001706
403.8849799999669
346.22876999998863
596.5072600000663
382.66132999997615
537.0394000001769
423.78054999998244
365.26624999995926
554.4665199999295
627.7322000001769
435.4431399999604
575.015200000025
442.45365999998654
536.5445499999438
697.9690300003821
418.6607300000027
583.1473599999485
481.7268000000033
435.8409199999537
493.8668099999211
510.7238099999525
638.4345500002638
497.3457499999646
629.7171599998779
508.0685000002275
454.356739999968
543.2778699999154
505.0189599999365
586.4358900000599
646.6195299998749
589.3151699999137
535.9557100000852
671.0130200002652
410.639109999973
714.5128000004827
481.6851099999801
570.6073099999212
561.5883099998907
518.3469300001734
423.1100799999996
541.5682699999492
622.1602199999137
383.2918600000055
506.8951000000858
438.9197799999593
633.9619299998767
460.91278999996916
523.0711600000865
469.767009999949
606.3940299999126
482.41359000001654
497.78677999994403
490.60700000019204
528.5417199999412
625.760690000442
528.1556099999306
528.570479999945
625.3526200000911
641.1836500003149
661.5294200002054
439.92868999996506
367.67381999998975
526.0090299999454
537.5021699999888
570.9993500000558
509.47460999994
432.344079999961
477.3133799999489
550.419700000231
430.21083999994954
593.040340000231
631.5118600002598
517.7340600002427
624.6282600000206
483.03806999995487
815.2661699998159
609.6459800004145
678.6774899999779
466.25715999995685
549.8828799999512
386.6812899999902
524.8736500001639
675.204799999996
545.9040099999306
493.9598100001052
478.99916999997396
489.93703999998803
485.21715999994166
593.848019999898
565.0324499999487
626.8437499998853
609.8823199999329
447.4565199999908
560.0714600000883
608.0521000001846
594.0358199999382
602.7528500001607
333.6768000000178
550.9704799999317
588.1371900000515
458.5142999999612
441.9681700000071
696.4469300002369
533.6611299999912
617.0351299999364
565.3129699999342
581.6100699999439
514.3292399999414
519.2239999999688
571.3250100002228
654.1673399998841
453.2221299999854
503.2690099999487
645.6731399998322
457.19653999996194
550.3587799999998
581.1631400001991
695.8993000003393
509.78907999997654
504.94611000025674
618.1519800002213
613.1337800001902
553.8684300000042
604.9149800002283
697.2247300001637
611.0002300001728
477.6424299999862
488.4812099999477
418.93002999999726
532.5096699999165
642.4204399998505
518.8021099999899
640.1445900001586
461.1632799999737
514.0517699999479
645.163930000224
442.3153599999803
551.6997300002116
731.7789399999524
384.75917999998717
564.5032200001953
509.69920000022154
392.8561999999666
719.787760000413
684.8944900002242
697.2284699998504
440.75375999994884
518.9599899999732
581.4456300000126
479.1860699999938
697.7333800004213
588.1601000001635
564.144819999901
510.5606699999069
652.7291299999297
629.1841900002106
691.6634600000398
468.31546999996755
635.6304499998881
487.1440499999403
610.1034800002889
658.0324600001953
430.9639399999638
594.258060000472
690.6791000002393
535.2475099999356
424.17660999994956
631.2990899999332
431.7975600000144
640.0800200002008
502.9285599999111
588.2696400001253
458.71718999998063
516.2578299999442
490.99815999996827
598.6952700002084
523.1057999999243
437.98916999995754
434.39543999995345
543.2381099999624
564.7385399998925
575.0365599999263
483.26388000020256
386.27291999996953
664.89185000024
607.675379999875
465.13498999998615
482.79157000001004
513.9525899999397
547.03983999993
555.4550999998759
417.7266399999878
485.8563499999709
477.0597399999455
618.5817299999653
502.1363499998973
579.5019200001749
662.7563100000266
670.7662500002002
387.3327400000086
433.0009400000332
512.6537099999042
456.6655199999828
567.0296199999159
646.5346600001117
442.7231299999358
437.8742399999678
687.2584399999446
548.8965800000014
722.9467200001604
551.7365499999041
620.3006300002285
453.24240999995055
507.68722999998505
491.1921599999759
457.6736799999724
568.2187000002142
452.6396999999946
449.6816599999406
492.43232999989976
555.8668299998748
474.7672699999505
727.3422100001881
632.7904299999009
532.3856699999483
387.62925999995286
561.8601699999127
564.3956199999348
475.13961000024756
498.7847500000609
495.9478199999474
549.6961999999425
478.17938000003863
724.7088300001353
486.1535399999628
462.5543699999377
607.6748299999014
455.77486999994863
566.1422900000623
550.270149999931
522.6664799999402
434.8150699999531
574.0624399999425
610.6968900001665
546.7598900001068
418.3289599999833
520.8255299999015
459.3774699999636
999.7994400001453
494.1239299999771
575.9923399998911
519.561239999884
583.6827500001529
558.9220700000618
450.95477999995717
442.4913699999969
514.7071300001245
498.48801999997863
497.1760800001991
518.2038599999702
651.404889999883
565.4848500002512
466.5534699999734
558.2840700001128
439.8523300000045
468.78491999995225
496.7330799999404
548.6153399999001
412.64987999996475
467.62667999997547
538.0939299999228
703.6009600002118
621.7868700001944
482.53029999993646
649.2938999999974
750.3375800004018
414.8878899999672
642.6603899999062
669.1279299998591
619.470259999863
523.1283699999487
416.7175499999997
341.6385299999418
622.856520000008
560.3204399999295
426.2899699999613
445.1124900000035
484.38158999995767
424.300429999982
500.01181999998755
531.6291200000098
517.4363899999613
603.9994100002073
608.6476899998993
459.3822699999928
407.1583099999768
555.4225499999394
424.28665000000296
428.75125000001384
620.2137300001542
605.600980000328
449.97776999993965
461.59845999997503
435.1742099999855
544.5113799999133
514.5458399999764
522.1650199999068
522.2219899999186
561.1759199999026
516.3875499999492
451.86883999999145
628.4585000002436
677.5901199998677
534.9123799999439
645.0921200000208
498.31420999992565
490.6920299999728
568.2668900001676
494.54879000013534
431.08219999997795
453.70675999996814
573.5672000001979
465.8456000002287
477.6477299999575
801.3279100001481
396.80077000000944
460.8698200000127
551.1815000002232
478.1278099999617
414.0148899999838
618.2354499999788
485.6620699999674
447.59724999994455
410.2556299999644
526.6261099998804
622.0313800001054
611.4729899999511
524.5920299999896
621.3689100002208
670.4086699999503
603.124149999933
782.6037200002734
453.2012999999546
539.3139499999542
606.8731299999832
454.8471799999801
551.1105099999829
525.114269999953
375.03577999998583
442.126470000104
490.621219999924
558.6543299999345
507.4943400001689
501.2344199999672
555.8859299999017
584.2563899999972
589.1954299998827
604.6811500002747
541.5734399999528
385.21982999998954
553.3000300002191
621.333320000192
551.013549999894
520.1636799999314
549.2909099999198
554.3052799999366
542.537439999943
550.5825300002065
578.1780599999183
494.7492700002367
623.9871899998984
517.318639999929
655.4917500002173
556.7715300001764
709.9843800001304
433.40512000002354
506.63912000001955
440.5432499999744
453.4775499999866
400.5915799999791
626.0663900001762
654.6041799998401
481.0055099999507
474.0856099999128
560.6381400002269
713.5958600000287
689.0303799998594
608.0058699998924
455.28105999997047
580.0646899998862
395.4008399999946
621.7012599999391
501.0416799999294
595.7938200002008
373.47293999999374
506.8477400000019
548.0797700002408
680.6309099998825
433.2464299999611
765.3286500001542
576.586349999898
547.5007000000547
738.442610000237
563.2344899999515
580.4652499999007
687.0770299998429
537.0292799999337
653.8186799997941
463.2969999999919
502.8616799999261
662.8983100001318
505.74845000009196
550.1948599999308
608.3438399998682
493.6280699999658
429.16290000000737
462.03146999997034
487.9239299999691
602.1676299999239
581.4948500002284
449.9379099999804
511.39819999994654
390.3016600000008
575.8076799999321
421.41528999996865
455.85001999991954
555.3075100000242
614.6903300000812
634.4825800000172
782.7328499998808
545.1673599999241
595.4601099999011
556.9687400001333
521.9290700001029
639.4182299999361
487.5437999999558
539.317540000046
469.92203000000467
438.6478499999959
430.68663999994345
353.4461500000122
560.1648300001202
557.4506099999275
631.9268299999613
419.4507499999649
819.2246600000868
479.55064999999223
374.12831999996604
542.5150999999875
516.4043599999427
598.2325300000689
445.2410100000122
507.3500999999451
488.66776999995136
352.5878599999992
539.0279000000024
453.0275899999875
644.2292199999406
559.4977600002832
684.3268300005693
622.9349400002426
551.4845399998736
528.826459999945
483.978469999949
516.1939499999542
507.847970000258
563.8072999999068
509.0622199999314
490.2825499999516
447.0976700000146
758.0121300001916
619.6146600001157
541.6231599999535
459.28078999993915
611.9967600001977
406.2859899999543
578.7652100001087
609.6034599999797
509.1961699999172
732.5659500000102
569.5072799999049
365.2483699999921
586.6428100002246
400.2565199999704
417.71414999997586
563.9930799999026
490.93869999997145
503.9732799999613
671.4197300001099
484.5313199999688
599.3867999998994
524.4469499999942
692.0968099998652
405.0547699999803
617.4740000003064
522.9970800000833
628.6264299998785
589.3574699998741
669.2267700001522
585.8486800000294
430.39321000001144
543.8725899999557
573.6978599999019
517.3926800002314
591.217529999957
484.6338700000065
436.8248199999746
530.8214499999083
565.8402399998731
599.6399000002108
481.24662999994507
497.7710200002594
688.5745300001006
597.7258100000091
418.77225999999524
663.770859999909
762.8426200001903
423.7428000000922
467.4541599999512
531.1910099999442
426.9122099999437
539.3992599998986
567.4307500002315
686.6545600001341
541.8325299999402
790.5610000001748
608.7263400001821
449.3723499999771
574.54097000014
681.2786899998795
574.4276999999543
510.8193400001562
446.7814500000102
475.59586999996156
665.2753900001288
437.1843699999759
442.0649799999698
542.412079999915
569.6387800000673
367.820119999984
513.4185399999259
592.0310300002193
591.3397599999228
462.8301499999717
480.6820799999234
505.03570000006516
450.35222999997916
430.7105399999827
462.2167099999437
439.05641000000725
503.3093000002241
524.6719400000312
513.5305699999834
384.52037999999766
692.1985300001877
546.9153699998976
571.5141199999529
515.2660699999626
545.772400000215
475.0967299999593
410.00415999998404
443.77288999993993
467.98928999997884
661.6571900001996
655.6650100001962
479.7485699999172
582.3951699999255
549.1146199999424
698.7376800003185
417.14457999997853
425.87627999994174
522.0626599999747
513.2018199999819
576.1338600000241
435.77644999999296
530.8818999999097
665.4601000000775
435.2124199999803
552.8240699999947
526.5943899999294
529.1086600002611
484.71193000010163
557.4833199999349
475.44205999996746
476.14431999992223
621.6677800001272
396.57572999999496
441.53050999997816
652.1731799999699
573.605170000172
624.090750000209
520.7186699999354
462.96378999995255
548.5806600002209
565.5564199999039
492.2316299999352
623.1790100001654
419.6634099999667
564.6922799999257
371.47070999996316
411.29352999998787
411.14825999999914
397.6089300000013
456.54821999996244
468.8510200002274
504.5774099999281
518.0343499999334
464.55015999993566
480.81106999993904
417.56729000001343
475.2204799999716
554.5958200000424
436.9054099999955
625.472050000171
616.8994999999767
589.8301599998656
627.9469899998945
550.4149200002353
640.6195499998857
487.4060100002285
507.2341899999243
564.2773100002211
517.6311400000112
569.2926800002525
641.7356200004347
597.8295800000858
473.78029999991503
578.8326600000888
535.2262099999018
484.34525000004476
441.2765799999617
517.649089999938
546.0863099999142
480.50544999995594
488.7884599999886
450.381419999992
610.8038300000885
497.0556400001975
475.9525099999509
612.1903199999396
620.3424700002412
651.7979900001797
626.619070000203
690.5825900001537
470.14019999997674
535.6598999999417
575.6791699998863
486.64603000003825
463.2296799999581
706.4711799998818
545.2145199999142
532.2379799999412
691.1324500001402
491.0953099999507
448.97477999998273
573.6660600002256
670.6798799998655
644.2781500002133
515.3154900000973
456.1066700000112
504.6276499999873
507.5715900000009
606.426330000142
511.9385100001769
538.7658299999454
460.4275000001398
499.471969999986
441.93879999996204
658.7105900000846
429.07947999999953
583.6012000001099
559.1075499999066
509.24919999994216
543.1469300000264
396.81765999999186
598.9687000002143
621.5288700001282
431.82643999999806
425.49432999997293
403.4015299999709
644.5611400001959
559.826039999939
478.7550599999528
574.8782399999582
790.1581900000922
546.1537399999297
503.1103399999796
754.1655299998176
527.2206499999337
405.1720199999703
471.906409999951
726.9469099999328
756.403680000196
550.1461500000366
582.4033199999178
568.0234399999165
607.8202300002973
494.1283499999066
639.0076899999984
498.38781999995854
515.9412799999411
468.7728999999348
499.60932999994424
509.1405099999687
446.59963000013687
511.9569899999535
470.2796099999782
489.01887000000073
597.048280000221
585.7124300001559
512.56435
422.83167999994316
676.0982000003174
624.101500000045
689.0938100004533
577.8296499999152
672.9856400001433
527.9700899999175
503.78570999998146
410.6651399999773
631.9255200001677
507.60947999991623
529.0886199999502
612.2024199999623
523.000769999943
494.3467999999486
553.0029599999529
517.0526999999249
471.891890000212
455.39733999996054
615.3803500001886
465.66519999999616
578.4062799999242
596.1085300000288
560.2329400000065
538.0563899999214
523.4372499999328
690.7688600002541
382.15801000000147
458.05388999990777
715.7179400004876
527.9689699999267
400.6086399999772
386.6111999999921
502.1057999999326
475.8963400000152
635.1805899999131
603.2066200002071
547.0859499998609
390.1489699999943
587.3150700000939
421.04676999996803
507.18506999995986
442.11030999995523
545.5155699998913
713.6695700000299
433.0964699999961
642.2377700000451
564.0240199999903
454.0695099999778
532.6794500000046
541.8520299999446
629.4960300001794
503.82628999991147
610.7632600002528
567.3087199998998
532.8057999999214
480.20806999994085
414.9158599999583
478.6154199999746
474.0100400002347
478.3558499999446
526.2787999999482
587.2223300001942
594.7542399998756
676.6634600002939
571.2869800002169
641.5702700002163
492.7063799999285
398.4215099999939
463.33109999995145
563.4788199999538
538.3250700000485
450.0650699999748
660.8415600001387
547.1436399999136
544.7389799999179
587.6686400000657
640.7404800002664
485.9007999999731
734.7447300000891
586.6449800000039
667.8861100001429
449.8925800000015
608.2376799999902
668.599329999992
361.2044499999622
657.168320000137
712.4899000001204
653.4143600002149
458.17201999997684
606.969049999926
782.6360100003242
467.1864199999749
620.1187699999163
705.2001800003767
395.7779499999777
596.2923499999115
484.02129999994116
490.9402099999622
584.9872099999255
794.1895600001651
421.6835999999755
580.6936299999539
458.4272899999633
560.8664800000965
595.3740799999063
529.3837500001139
514.929040000154
512.021969999933
611.4903899998714
507.30142999998816
564.1944799999155
636.750809999957
756.9965700004105
600.7377499999263
513.2712399999773
615.6774100001697
453.74297999996236
673.0515999998794
607.4770099999479
446.33270999998325
493.461729999971
544.1511199999545
487.43424999997814
575.2051499999762
672.5805000000589
604.388040000205
632.7968800000405
474.15098999996314
511.32285999997066
648.4763099998577
380.03238000000505
572.5774199999215
458.5528899999919
680.826399999999
595.667529999967
690.8046599998656
377.8395199999611
615.0700500002428
466.48681999996086
369.85672000000807
642.262260000195
495.550519999912
504.99815999994235
405.22517999999496
555.9327999999014
539.3885899999234
538.7050599999731
464.1877899999538
590.1818499999056
483.43329999998525
596.6305799999475
489.35274999997023
652.3024300002988
478.2803799999843
376.7263599999719
528.6441400000036
601.0403299999272
444.7908699999636
681.0269499999848
613.8794500000631
726.3337000002674
385.8870999999809
546.9684700002325
504.2766599999253
600.551340000085
484.2076799999649
562.5848100000456
568.171490000012
513.5125300001843
523.0604400000648
460.4297599999609
521.9166099999218
541.0038999999487
566.5417400000874
692.1105700001975
566.5976599998842
788.2283200001465
559.2174799999574
418.85157999997085
753.3928699999706
389.02956999998923
471.5464000002279
660.6767100001803
514.7504599999812
495.315399999939
396.08762999997424
629.7027699999636
621.7933699998853
452.31281999996645
380.47589999999326
646.761899999869
442.16438999997104
469.8281600001486
576.2140199999261
551.114989999913
604.6496700001903
759.4607300002614
381.89807999998163
552.1412200000756
656.4861900004845
555.4327999999026
628.0263800000615
490.5534399999404
578.0299000001914
454.81139999996753
504.459389999949
434.9479599999855
467.54519999997467
602.1466600002157
483.75717999997147
584.3998300002454
567.6718000001532
452.1088799999774
501.98625999994175
644.1550500001882
596.005650000201
557.4200899999241
620.1382799998754
616.8413800002419
473.3564899999257
543.779230000003
488.1911299999437
563.2449299999241
563.5032200001813
560.4522099999133
587.767080000029
465.97434999998995
434.4339499999704
470.3213099999692
465.49461999993457
503.4419099999037
524.2301899999392
479.93984999994603
401.00395999996823
488.94010000002714
579.8574099999034
615.409930000051
556.4588999999099
631.6464000001231
506.104979999928
555.7471400002112
487.0111799999536
573.5024299999626
526.9934699999412
632.9456200000058
596.5390600000122
536.9314899999371
471.88945000000257
560.6775400000822
511.1862000000503
542.2447899999461
585.6699999999023
433.03773999995434
729.1157900001002
530.1347399999461
467.395729999981
472.27160999992805
443.7188399999661
600.7662399999616
612.3494500000858
531.9039000000034
503.70368999995554
695.8121200002319
695.6680800001903
494.2250600000514
638.627100000199
434.1450499999518
743.6179699998346
566.3889199998915
636.493200000213
675.023029999962
604.119570000181
584.9727799998765
575.3786499998843
607.8588300001677
600.7584400002593
446.9962399999759
416.900689999987
552.5883299999415
496.9450299999889
563.8250900000863
525.740549999954
562.9276399999342
656.6715000000808
458.09031999999
470.15751000003706
