514.8534500001839
472.5897400002068
379.528200000065
267.85400000001255
292.03241999998414
346.6489100000007
299.9362800000064
396.91579000022654
308.071479999993
346.60778999999656
378.29208000000347
470.75954000015315
302.49071000000106
399.6671500000985
323.0062800000126
385.9814300000404
476.1347000002427
300.05594000002225
340.3635000000246
411.0980000000522
316.69546000000844
365.89926999998215
330.8147800000039
511.16842000027435
315.2183700000119
398.47218999996204
314.8559199999908
274.2168500000053
453.4535400001368
425.98385000004436
485.26351000027006
417.7069999999541
505.42203000024534
472.7445800000946
433.0703500001342
291.62709000001064
375.14442000001594
281.62512000000663
369.37432999996986
415.79610999997817
410.3183900002259
299.4553300000257
560.4165300004414
611.7623400004876
377.2303200001228
313.2230100000083
341.6320600000095
451.80627999997296
341.1442399999953
405.41727000011235
342.94737999999285
406.78683999994956
308.3866999999985
361.2911599999851
316.706900000001
364.52579999999443
571.7175300004393
417.7861699999436
353.3133699999716
431.03535000008196
411.8674000000841
554.530420000495
358.2492800000227
297.67006000001635
515.6866200002939
338.52582000004134
353.49697000000094
356.2607199999807
321.49000999998736
325.8282099999944
387.1588700002508
332.1430000000013
348.13626999999315
449.1756600002424
623.018990000655
547.7749500001916
449.3583400002226
482.55730000000324
332.1316400000643
379.568829999981
293.5176500000158
448.46042999996934
267.2906700000234
340.73148999997943
466.517150000089
391.93577000006337
360.85858999996606
470.1298400002898
416.2426900001547
410.9058999999981
432.00917000017927
393.0036199999958
394.61035999998813
405.73524000000873
323.21971000001105
493.72613000024757
500.47137000023673
395.7209100000342
339.5741299999864
331.8068700000915
400.8427000002286
348.7127200001133
338.4295499999917
282.77673000002136
548.6509300002668
338.0846800000016
386.6908499999894
533.4430100003112
558.6029600004483
381.35417999999424
307.0873399999975
434.427600000223
408.00555999997704
312.6555000000164
335.67063000001957
402.2638799999443
293.0549800000176
441.3802100002447
383.74159999998034
407.7485700001061
368.998219999978
299.2244299999951
417.8954700002508
432.70593000022825
377.1263899999686
499.4208600003128
498.1167100002301
445.58538000024333
356.72881000006606
308.0796300000111
288.97381000000684
401.61243999998754
449.03336999998317
316.34393999999065
474.31705000024056
316.487560000014
359.84990999998473
435.9860199999685
370.9279900000479
312.509140000011
544.0832400001274
335.3995699999944
407.5549900002202
320.4428300000185
289.1413900000015
488.83959000021815
483.0325400002294
428.1042599999601
353.812230000013
394.3643800000147
343.6623200000316
412.8820100001499
472.79638000022055
380.9017799999717
420.0697499999949
363.89837999999827
423.3019700000306
351.09242999999714
417.1841700001275
429.5998500002424
417.0879899999514
351.0451400000111
331.062970000069
367.31582999997437
311.08931000001843
343.0822399999722
499.9031700002894
340.17098000000124
371.00352000000333
420.58962000002685
283.5356900000046
406.44427999999346
392.64852999999187
421.30688000010326
279.3050500000196
365.3176799999968
382.91524999997716
456.7043700003679
396.6117199999589
326.95991999999154
354.48444000007134
339.3525800000145
442.0751000000519
369.0550200000151
401.7714200002335
283.86962000000983
555.855720000352
383.30488999998653
281.01592000002654
397.6523600002425
306.5929800000185
372.41893999996495
421.08053999997503
330.8608900000087
335.4528100000118
343.4498800000113
354.33408000000776
418.5357199999703
303.11579000000785
413.7317500001326
513.9698500001977
298.5760000000076
381.64185000019955
406.75553999991985
362.8031699999813
368.9226100000403
468.4095200001977
342.9126799999856
314.59970000000374
436.50677999995855
384.5627799999936
437.94977000021964
336.48867000002167
469.3690300002601
332.9307000000052
379.1248500000376
316.03015000000175
316.24693000001474
440.60156000026205
313.68813999999185
290.4229100000128
443.280710000221
382.89182999999
329.22975000001054
408.1918499999353
427.57971999997955
330.71797999999194
288.3718300000004
411.5185899999617
401.1752700000225
394.12405000024256
404.45836000005585
321.533950000004
430.41429999997
342.2591200000338
531.0173800002099
314.91972999999257
372.1632399999848
372.1531499999918
384.6497800000143
372.94700000003513
362.8375400000017
520.8460800002084
353.8280800000175
432.0662400000135
414.04361000020674
386.68351000007897
303.22215999999565
361.959939999993
344.1459699999839
659.3518400001462
406.61321000023673
392.812349999983
348.70860999997103
396.18393999996334
374.76482000009395
394.16164000011287
322.5442000000168
315.2564900000192
331.88459000001785
429.69532000024816
438.6491600000116
431.49372999998667
333.5474900000222
308.1436599999811
304.35661999998314
267.624920000013
373.0109499999723
315.0520500000032
392.8380999999751
262.1873800000134
318.4899700000035
348.31425000000434
469.1780800002483
551.4918400004536
386.7953399999291
385.6531300000393
571.7360500004412
301.7982699999962
400.64524999997667
437.1921199999668
394.99999999999255
290.7117500000096
295.5330900000029
390.60144999994503
449.5830200000905
380.0759100000032
289.8719800000055
271.54588000002025
316.3150400000059
283.0954500000006
339.8293400000199
378.39153000004114
541.7802200001543
503.3019400002987
418.90033000004166
279.4310100000121
354.50569999995946
468.98788000025087
331.8563500000475
277.2734500000161
398.8379999999766
433.66018000022336
336.16331999997817
332.6421600000283
304.84721000001093
357.8436100000051
406.4799100000283
380.2807699999914
405.3002199999965
400.4977400000836
333.9384399999897
296.98354000000404
483.5091100002769
363.1392999999747
286.90670000002444
382.2397699999599
441.20500999998114
383.1097400001724
512.8913500004373
295.0581800000047
327.2999300000193
330.50877999997886
418.5378200001994
277.50958000002106
346.4098299999852
500.89034000023344
288.68053000001845
277.54234000001253
291.83423000000545
341.1590599999716
281.7212000000061
348.5134300000008
315.8742600000216
342.4025699999989
300.7077000000029
399.9964500000015
416.48877000016785
480.9527400002403
355.0324399999744
360.74377000002016
423.34463999999645
374.3346499999932
566.5995900003253
413.6593100000908
366.28789000000666
434.27195000005247
297.45783000000523
310.69937999999695
319.4484299999898
306.1507399999731
307.19666000000507
357.0556600000055
379.960909999971
361.03594000016403
402.9923700002544
424.6403500000018
379.7827199999845
426.59586999997083
492.04405000018943
322.633900000018
301.94622000000163
332.673899999991
476.6340700002417
381.99043999997343
423.29657000014925
399.26602999994304
395.50928999996046
440.2341000002494
412.7830800002495
398.5050699999454
413.5901200002318
384.162699999994
438.8444700001925
483.51959000025005
467.39515000025824
577.2544000002998
235.27430000001485
335.8615899999862
329.1700300000193
304.1291800000086
289.37847000002574
377.47363000008335
442.7189400000083
393.7933199999583
499.6044800001956
457.6875500002781
546.4011200002012
430.6766499999586
415.33941999993834
344.44892999999183
463.3063000001232
281.05405000002736
385.91043000004703
364.57257000002386
629.2267700004606
326.605860000021
359.7202800000194
322.4200800000139
450.48774000022934
358.3080900000852
492.50442000020337
397.32633000003045
311.74578999999676
529.4659000002724
372.433150000015
388.1346499999976
441.55017999995005
420.413440000081
540.0997200000962
290.7996000000309
406.7526899999879
542.9293800002026
354.76697999998936
360.50710999998773
560.7182700002598
313.95404000000974
299.63817000000785
359.5466300000085
355.9516999999929
468.7843300002137
423.6877000001834
363.4119399999823
367.7088599999834
280.2239300000166
363.63186999998294
304.37384999999074
597.9623500004748
355.5599400000094
366.01134000002753
479.7446200002383
503.9704300000126
439.9076500002338
484.284500000221
436.27449000012757
448.994810000109
475.5505200002169
356.34538999997756
296.8317600000095
329.83294000001825
303.99101000000996
330.6385399999709
269.94241000001875
349.89604000000077
363.26936999999657
407.0188400000214
306.16458999999634
441.05432999997805
338.124849999972
352.04133000006317
427.2465000002621
344.37733000001475
348.21276000000233
284.72207000002794
344.4106600000014
316.00409999999255
289.50908999999706
411.48124000011177
335.0383100000174
371.41499000000846
441.188570000278
453.31521000021297
450.1800700002462
420.6909099999629
331.3224900000109
308.9506500000134
380.68460999999513
536.7124200005057
366.79400999998825
331.29005999998526
331.88870999999017
287.513820000025
370.03034999999306
370.50499000001366
358.04314000001636
340.33679999997605
534.4537400004638
307.2699800000032
421.62778000008143
357.2682800000373
340.9811099999762
448.78293999999653
412.5272899999766
389.1704300002494
297.85049000000515
283.1967399999991
345.4354499999824
398.4332500000022
305.07301000002303
353.9305399999929
436.2971500002088
333.2443800000095
420.90326000005587
353.8558899999845
423.08089999997895
302.2600499999994
366.3036200000547
375.057820000103
556.4445400002362
448.83199999993457
396.28552999997135
370.45465000001104
273.4777600000105
321.80049000000076
414.0975499999757
432.467330000238
446.5893900002367
309.2035100000111
312.4143799999998
393.5779999999809
402.34159999996655
337.64611999997845
394.5604299999961
396.2172000002545
443.88465000013116
389.71361000006044
320.1629499999907
522.2934399999401
586.7294100002543
380.4233700001076
336.81195999999863
328.6801699999929
314.62426000000556
359.80382999999784
418.8813300002413
406.1664900002333
359.94105999999977
413.76153999996944
470.5802900002442
462.2889300002613
488.0155600003773
458.673699999925
367.04001999998445
426.3557200001787
371.2639600000181
312.78480999999937
388.9405999999914
319.23444000000677
334.3411100000167
468.61590000000587
370.0208300000301
260.08892000001293
550.4915500003021
354.32960000000526
348.5499999999763
327.12132000000946
357.3222600000579
383.785120000054
374.7755400001066
323.1599799999927
411.1701399999461
304.60491000000513
298.0920000000023
322.7814300000154
426.8968100000868
251.90396000002352
371.2966199999987
363.90558999999274
378.7172999999903
324.17838000000484
491.08422000039457
297.34598000001074
333.91100000002456
311.8056899999902
300.8783800000283
427.8939700000488
479.8994200002294
333.88261999999986
355.36116000002136
351.15529999999774
506.7329000003326
294.8771700000077
332.92211999997346
387.16209000002294
351.8085499999997
341.72664000001174
277.7588600000101
396.6096199999598
416.6627200000806
396.8093600001357
394.7071499999926
354.3536100000129
328.7398400000213
391.57156000021183
398.85365999997856
296.645000000004
343.4960299999973
408.36326999995913
276.8357300000141
313.2364499999938
426.97985000004184
351.0831999999826
467.3615600002602
405.70476999992735
390.84986000002107
387.00229000025934
359.4158700000039
394.8872499999748
326.1157199999783
323.83435999999614
405.02006000006423
308.94427999999573
324.34566999998754
331.2794299999787
306.97755000002894
339.4802500000085
282.9887000000113
414.77217999997106
420.45029999997956
366.2120299999792
467.2342700002297
338.98476000001784
312.68437999999026
422.06309000008497
325.1961600000027
448.4244800001767
426.9620200000988
362.96966999996556
513.6292200001568
324.8174499999965
451.37840999994404
407.6381300002415
393.0332800000015
340.71069000002984
317.7008200000022
473.2739700002408
501.32315000023925
410.39460000014253
362.15269999998384
367.69096000008847
362.7764999999906
383.0818700000644
314.3648900000113
353.641240000005
419.59435000014605
392.0041600000234
361.2643299999987
282.8854299999924
582.8302100004709
371.7313500002471
340.84755999998714
423.2341599999951
522.8077900003094
424.2567300002523
425.8338600002235
508.6776100002215
313.9968199999957
490.11881000021526
425.83087999995115
288.5524900000165
295.17043000001325
502.29963999999774
358.6007499999769
335.53050000000957
470.2299000002247
319.89545000000214
338.3096199999758
440.8225900002377
413.32824999999065
337.9238100000182
347.0160500000035
465.6995900002206
299.96591000001393
349.3537000000471
357.67785999997477
346.3208500000296
362.45690999999687
452.6009500001492
345.396260000014
338.34088000000366
414.71330999996496
305.2207599999905
431.037160000055
363.60886999999656
353.5589299999871
326.08281000002194
309.23009000001855
400.3723100001945
471.7942100002269
314.1072400000189
272.2577799999954
296.1076400000041
536.2415000002559
412.6867700000883
438.1508200002122
420.54761000002827
462.97243999994396
340.9984499999984
349.80614000001043
408.9084399999551
366.0880799999948
323.662740000017
320.4433300000164
479.84690000011693
529.6280100002439
357.4490999999753
381.05145999999144
467.4088600002361
574.2181900004869
377.3454099999764
482.4796999999033
311.94627000001475
356.3448100000002
386.0132999999787
483.9253000002726
322.71735999999584
451.04089000038374
372.4317800000081
285.4275500000183
359.27185000010996
484.261470000273
385.7419499999693
353.4628300000243
326.1025300000024
664.0783200005104
340.38584000000907
374.6806799999864
370.24168999999165
433.02367000002806
385.8227999999776
301.18569000000525
302.0105400000031
426.28884000001904
374.41481999995494
344.95219999997795
373.895510000051
351.94517999998885
387.7220199999938
471.40134000018764
404.4747999999748
301.0051100000042
365.2326499999765
467.31880000022545
365.0363399999894
458.1443699999802
488.08534000021734
387.1066900000211
378.5431199999706
393.3874300000051
448.49007000026023
360.0275200002582
347.3728599999784
432.18095000023413
344.1668999999846
293.14558000000403
371.0266500000833
508.73517000031495
364.29173000002766
467.474460000233
398.8689200002289
434.9194599999672
332.0143699999881
504.8443600002847
297.4309199999926
338.7266500000158
286.3292900000042
375.40393999995854
430.2240799999618
296.84196000001396
489.192290000269
406.87356000002626
316.6964000000057
362.05437000000416
330.19708000000696
468.1463500002053
371.2955499999816
412.2572200000377
390.70127999998044
393.7689599999826
285.45915000001315
327.576700000002
358.0074900000033
306.0753500000126
384.44999999998515
477.304240000257
393.28030999999436
558.6275600002036
373.869450000014
433.3478600002431
533.7876700002439
388.570670000141
267.1004600000136
329.2315599999841
435.6589499999698
346.42565999999874
334.5693600000088
451.37976000005204
390.9983699999642
397.66113999998555
442.0462200000872
522.7607600002725
346.66326000000277
601.261000000375
397.95268000006564
483.73717000022856
363.53976000005986
349.6739799999996
554.5735900003018
266.07327000001095
353.11345999998827
514.2248600002098
347.4730599999973
349.35563000010313
363.75849999999525
513.781730000172
324.1765700000057
387.25009999997906
509.1665800002783
297.62760000000844
363.72394999999835
401.21266999997084
397.0319300002613
351.78448000009416
508.64192000009297
310.79627999999474
468.0407800002173
345.3938099999964
362.16682000013344
387.2870899999827
525.6890200003684
333.4941900000077
371.37994999997403
416.367869999992
305.25304000001057
349.320739999993
520.7329000002198
649.3290400006205
367.10294999998973
480.48227000026236
347.1191500000148
295.45066000002464
507.7871800001912
478.02033000023766
373.20410000026095
411.99999000025423
359.598759999987
333.39843999998214
449.8155900001038
449.4096999999612
354.3694800000225
503.6241400001919
318.395399999993
365.51096999999265
395.80603999999255
273.77454000002336
361.46669999998915
298.93637000001
398.5444999999617
353.22726000000233
453.0671599999441
458.9429300002534
446.7747000000312
345.59083999997534
237.59982000001565
460.9401100002227
393.34756999998206
352.58009000000186
307.525810000007
329.0369299999956
352.33133999997995
350.74839000000424
332.05402000000396
349.3426599999948
304.0620100000224
375.61791000000665
383.1581400002256
402.68034000007987
300.81957000000466
299.46899999999977
475.06864000025
476.688050000134
454.1376700002476
466.0237900000444
328.5986600000102
592.7837700003237
381.8124600001491
529.3254700004779
377.8087699999829
417.38916000008635
343.95944999996135
526.4853400001008
384.47567000004676
389.70338000021565
395.5443900000809
307.71442999999385
372.504169999991
393.9036399999831
414.21139000011374
482.1558500002048
395.46064999998885
462.7758900001201
414.26449999996754
325.3594499999996
540.3392300001494
341.6123500000235
395.7723400002376
355.87731999997857
358.64692999999477
308.25981999999976
326.7959299999967
457.01059000002874
358.84542999999115
391.81986000003036
298.9771300000162
455.07978999995527
358.55565000000155
329.47832999999804
466.32863000023775
406.2044399999546
473.03628000022576
478.36134000025646
286.723530000019
367.37647000003267
446.64732000021496
395.3117499999889
372.5674999999917
349.1561000000104
396.78081999997534
325.49120000000124
446.434100000253
301.8700900000101
337.37837000000184
515.0992700002416
374.6647299999833
478.9225900002462
475.6844300003437
397.4410300001337
347.91042000001124
440.279770000236
324.373039999985
394.59050999998163
408.1788799999605
348.1198999999873
405.3493500001343
484.0992100002643
356.485649999981
375.6932900000118
532.6715300004685
357.8197300000054
471.63388000007683
360.7086299999776
386.4934700002533
401.0968200002119
300.92646000001133
425.07405999994495
339.1027599999892
331.91782999999486
365.59285999999514
362.33014000003203
365.36410999999157
397.4704600000836
393.4132499999973
373.9628899999844
395.53530999996934
486.26054000020883
317.66395000000887
457.2170700000017
453.06982000026454
454.56810999999595
495.09502000001373
372.7518600000005
370.7319200000335
437.48238000023497
375.5328699999484
379.275970000006
441.93695999993537
311.2388700000156
464.4548700001349
380.7091000000149
328.6723600000064
325.69673000000984
385.87298000022935
430.588059999983
417.34435000004333
329.6821499999898
477.37643000024684
437.5395099999917
360.5385300000092
324.74074000004003
411.78281999997097
372.705060000099
443.7645599999586
498.1858500001827
469.0446200002205
461.945030000035
395.66712000003145
381.99437999998526
380.76021999998306
437.91541000021743
463.2048600002326
440.47702000024105
323.268090000008
480.15854000019385
293.74686000001117
404.99632000011735
344.5266600000093
372.73081999999346
501.70641000012466
297.5642100000137
456.2214500002824
