1262.1012200002672
1229.4330500001186
1131.1654499995823
807.8262299997346
732.0149099998094
1582.9038299996612
840.3429699996834
1136.9416899996095
716.4551899997807
972.4945199996215
995.1958399995455
1140.7991600002492
891.1532999996633
1302.288669999556
1054.2731000001704
1392.9052399997952
1059.487579999928
811.1300499998341
1049.6875599995947
1182.4649699997833
914.9068799998188
1517.3144599994148
777.5831899997256
924.0763000002279
1064.8743699997187
1236.8495399996689
1025.2079599996694
896.0740099996686
1330.029379999392
1354.8706799997287
1123.0709400000758
1332.586099999654
1334.9523799998412
723.8154199998083
1069.3889600002647
820.7972999997405
1594.6656699993064
858.022599999727
905.5777099996392
1428.7073699995724
1184.3153899996978
992.9584499996542
785.0008000001783
1700.6391300003963
697.5189699997838
1112.2902499996135
993.8062099996095
1215.3130199995053
932.5380299996556
1021.5584099998418
1311.2675099995115
1244.1693600000115
1199.970969999613
1029.5285199996536
899.5792699996994
1072.9770499996039
946.4002000005544
922.6916999998143
885.7413099997142
1384.7553199997312
960.4467099996323
1377.2742399999513
881.8259699996574
695.3921599997778
1119.9766999995654
1108.6553799998114
1196.6171099996775
1140.242129999539
818.4325099996952
739.0443000000923
854.9347800000437
1031.1657199997821
969.2994700001046
991.9178700000971
1229.0069599999154
983.3553799996982
957.8052699999666
1709.7537799997624
991.8692300000746
1377.3223699997354
899.7314499996904
880.5169699996816
823.7201599997618
710.2941800001245
1594.1287299995774
939.0275299998439
1134.507969999588
1136.452710000066
981.0496999996094
1421.9323399995005
1199.5229799996978
1534.7987099993563
1467.1203599994446
1025.3421699997114
829.0392199997144
725.8709400000765
1220.4812299999817
1214.6409499994363
1413.4099899995254
835.5769599999774
1192.3625199999144
1459.1153399997422
905.7184499996655
757.9162199997554
1264.5143199995955
1130.7918699997742
997.810680000042
1450.8248900000553
1535.9842399996435
923.1442999996126
970.3642799995862
958.7771300000059
1254.8512399998945
830.3498299997373
1287.9856999997394
1656.7298199996937
846.0170999997011
956.4073400001216
897.0315699999999
1340.7906999998754
896.3963599998164
1067.5393499999684
929.2558000000084
1349.635689999828
1155.705249999653
898.6606199999261
1533.6751999994772
920.5954499996283
935.7520499996579
961.7242299995887
883.4049599997026
1223.5058799997057
1111.2875899997546
1060.1194199996742
1434.150209999639
890.3499599997115
1167.1061299995401
1266.4435899999949
833.784889999837
1042.608979999618
1247.6203400001605
992.3164699996717
1189.0156199997532
867.5654300000195
1102.2377799996373
1556.1485099998765
1176.6584599995963
1622.5619599995575
1005.6041499995575
881.1136599998022
1163.5491399996888
944.8462400000542
1047.9513099999606
1140.5558699998664
1339.4709399994608
1290.9742099995503
1315.920829999637
1069.0637099999965
906.1113499997626
972.5873499996269
847.551110000204
909.3831599997168
1130.141900000039
917.734179999924
1111.7477199995817
865.1582099998083
1273.7725100002103
822.7982899996936
934.4375099996837
1171.9070799996166
970.1150999996692
1525.783299999428
902.3756899997712
833.5946499999997
740.4854099997713
990.921799999567
985.3094699996161
1009.2373899998238
1193.9100099995576
765.9511899997357
849.7699399999395
952.0836699997258
1141.9631499997129
1058.667589999514
1015.8255399996389
762.8435599997786
1181.8063600003538
1333.783479999591
981.5427799996537
745.4337500001614
891.9710699997493
1310.784509999653
1356.5312699994913
983.5645399996185
777.9878499997429
1116.3989499995912
1538.7193899994788
1275.3292299998473
1090.8278199996364
1647.6966700000412
1181.438380000044
762.8352299998082
920.313200000058
1144.0872399996751
1231.357329999661
1165.8201199996938
1271.2542899996913
824.761989999697
732.8944199997728
1141.1104199999877
1177.803879999869
1573.1109299996356
1340.1652299993748
1104.830280000123
1045.9782199995755
974.8010199999293
782.5313199997327
811.129039999737
788.5262999997675
674.0716399997972
824.2611599999809
974.2971899997825
1217.5853299997286
982.8926599998543
980.3272699997667
1222.8703099996874
924.4005199996952
733.1597999997641
1069.8674699996961
825.02001999979
737.7514199997928
893.9906999998307
956.2117599996193
1143.6509499995968
880.6537199996731
1385.522959999845
801.8298699997313
967.8510799996471
1072.501579999573
820.6008099999681
909.7837000000698
932.8744599996178
857.0043299998546
1083.3988599995344
1258.3020799997662
942.2794099997045
1070.848859999755
885.2009299996897
871.6715099996635
672.0211499998248
2761.456620001211
976.0366599999517
1307.5790999995459
886.8828299997283
1450.2858699999372
1078.3026499997604
882.3952699999651
926.793809999704
1160.9009199994964
749.0024699998595
1338.3029299994607
985.1213899997958
1172.5898499995656
844.4688700002553
784.4098499998618
956.7394999999055
837.7112899997105
994.2785499998057
1009.6916799996014
1063.658169999636
782.3700599997471
867.5085599997133
1088.5995799995057
1705.0889699998852
1220.9602500004214
770.1756499997656
1146.6971199997377
1773.5577899999055
876.192129999683
1262.64562999983
1389.5881099995909
1315.280299999413
719.5101199997392
1032.0450399996066
1019.7732799996683
1088.9956999998626
1046.7261599995495
692.8145999997924
971.2906899996486
1005.0219999995815
750.268119999755
1105.6331299995422
1018.3354899995974
1064.7165599998716
1180.8334999999754
1227.0535999995166
875.140729999783
830.88090999987
1321.783309999946
886.2383299998794
755.3262099997813
1419.94300999983
1050.378740000402
1013.1584099996284
1099.7353899995564
918.9603299997945
1065.2899699996246
1041.409439999762
1291.934319999428
948.5879299996081
1178.3404299995677
1096.3096999996126
1107.881009999983
1201.8000599999066
976.0208599997324
978.8431599995985
1167.038819999625
1226.3420199996474
911.5194399999293
1110.7544700002684
751.6642899997519
890.343719999673
938.0298599997143
822.2193500000681
930.2247999996682
1007.7010799996394
1357.0340599998567
724.6709999997782
869.8853199997693
837.1730699997137
1255.140819999485
686.9297299997775
742.937119999879
847.3367899996987
961.111269999638
797.5984099996987
1145.641769999678
1139.5525699995746
1274.9863299997396
1108.1904899995995
892.3078700000607
1284.2082799997218
1153.1819899994919
1419.2156399997739
844.3408899999683
1080.3430199996842
1132.9707999997227
786.6906499997234
839.2267199997254
861.3423799997588
762.0780299998495
721.2369599999281
1119.522109999528
1184.7969399995384
733.7779499997625
972.7988599996329
1126.8276500001757
1143.2746299996704
1000.9415999999028
998.9662700001016
808.8194799997146
872.6983299997165
1022.0012499999549
1016.1372600000999
914.6138899996818
1098.238189999575
722.7129899998451
1105.1814699995887
975.2091999999786
947.3199399999752
1179.5837899996855
729.6032199998536
1072.7123700000848
1189.8948799997256
1097.9348699999643
1208.3605400000315
1432.2420200004105
763.1462099999732
891.3168099997727
1097.2664399995774
799.9967599997789
831.854219999722
1166.811509999887
1395.4982800000316
898.0962699996685
1034.5021999999508
1254.0441799997864
1095.1106799999095
1318.9676399996256
1140.2095099998794
861.5888399997185
947.3598099997363
721.7538999997751
1277.0298499994171
1065.0562699995924
1339.0369200000935
683.9022399999589
1038.106099999797
909.5112400003708
915.6044200003494
1049.9636100001826
1381.2922199996008
654.9076099999164
1144.7312799996917
1200.3020300001665
1016.2703099996279
1160.1113199995789
1474.5314899997702
1007.5409199995999
1434.8609300004816
813.3325599996986
1045.8389399997889
1154.2561500001
926.452609999703
1182.0622399995573
1137.7886300001271
972.1441699995933
870.1194199997467
1052.0061199995873
1307.5634899995828
1406.2492299995738
978.7724999999991
1024.3165499996417
675.7709699998481
569.3042199998287
848.813839999737
966.8565399997169
1323.885759999664
938.1048599997706
1085.963109999724
1369.1318600000131
1307.0944099997078
1276.694579999758
935.6662700000269
1037.4586299998564
1054.7441700000209
1643.8574899999655
786.0100799997693
1043.022759999625
906.4723199997642
882.8037899996832
1059.3482999997718
774.8634699997629
1076.0652999998383
1338.7529199994833
1081.5815399997261
761.9806099997382
1032.1630200003194
884.8428199998381
710.5667699999296
1138.2820699996996
846.192039999669
1177.5986599997393
811.5860699997311
979.7211299995832
1062.7907199995875
1128.3346699996043
1358.4878399998872
868.8545799998232
1355.2204999993937
1111.9954999996105
802.7628700002264
1082.2125999999826
1374.5278099994466
1270.5010399994305
997.1589999996421
1082.4753899996242
1052.8347600005216
948.2338200000314
762.7797099997488
1318.6215399994821
750.0598299998287
1229.6628800001358
709.922729999881
1084.1993699995392
960.8696699996434
1025.8612999997122
945.2324399996504
1099.1897299999862
1046.699899999671
1142.462669999746
1569.9920199997264
971.6670399997732
838.5091700001763
820.2970699997559
778.8526599997483
864.4286999997094
1290.413549999636
1134.21901999952
786.6451199997426
899.3203700002506
904.4785699996934
1075.1611599997086
1095.1399499996962
1681.4840699995332
760.2815599998044
841.890620000125
882.9480999998934
1095.3102800002061
1561.1953199994982
1126.259939999901
1231.7789499996327
606.323809999847
1046.7858699996023
1179.6867099996205
958.4575000001463
1057.37974999999
886.7994699998436
806.1798099997256
1051.5810099996268
1090.7391599996458
995.1691099996259
1390.2592599995521
929.6066900000712
990.9387199997365
998.0505599998296
715.4067899998299
1154.3570999998792
1405.1227600001105
834.5528399997964
899.1698999997984
1218.3057400000357
943.0109899996766
1191.6515399996078
891.292059999976
1109.1587899999422
1009.1232399996012
1128.1083999997875
1189.8095199994727
1020.668119999989
982.3921900003515
989.8832299997136
1096.30093999974
1081.5031199999992
903.3723399996388
953.1983299997122
1286.4241399999053
738.5451399997593
999.661359999619
827.3915899998108
1111.4081599997894
726.6461899997842
1273.7017299996442
790.1719500000837
1019.0583799996525
756.869669999826
1004.7294899997147
1009.250779999916
811.6061199999001
847.7468399997655
957.3695999996401
704.2361599997556
949.0352099999637
1074.6537899995506
1361.4161199996151
724.6787499998184
1221.118669999517
987.2654499995909
1057.6103399997187
1071.973589999619
992.1538299996854
1098.1817699995534
858.043959999682
891.2446399996549
1167.0442299995566
1543.2623399997171
1663.48598000012
1056.75438999954
1152.5510199994949
907.1675099998097
1063.487339999892
976.140949999679
817.8437299997304
1501.5877599995497
777.8526499997371
1064.5103199997573
970.5211599996555
1052.130820000137
1202.101029999762
991.7761799996259
1236.6691299996337
1012.8248099996117
977.2747599999982
742.372280000192
1229.2011399995545
715.358399999795
683.1035699998474
1018.262110000588
681.6953099998636
766.1872899997993
1149.8614500000872
1030.855129999573
917.9806099996372
1187.669499999613
902.3948399997994
1043.7204999999929
1090.2757799995957
1167.747539999497
948.9502999999738
749.6049299997746
1035.2877299995553
797.8879599997413
998.467539999712
788.3599399997861
860.2791099997718
1127.70434999953
739.922899999706
1024.9764999997008
1470.0317499994553
862.6618099998564
1032.2833700000688
860.2733099998226
876.2371999997251
1185.5512899997598
690.6987099998311
1153.3623400000067
1214.3380599997358
1270.279099999572
1272.842949999661
809.4823300000512
1328.4951099996872
973.1419200000589
1195.976799999456
863.048009999996
1016.701789999763
1017.4522600002683
1050.4188800001184
1121.0438799999179
989.0386199996434
997.5216399998458
906.7757600000809
1029.9686099997593
990.9235399995804
1159.5891599995512
1090.2024599998078
1101.6187799997767
1018.9966599997377
865.1184599997392
1188.5113700004495
877.7696599997716
842.5026499997149
1641.0598499996413
1158.6691100002158
1272.446739999825
1051.5640799999544
1480.832020000334
894.3711199999055
1045.7872399999153
988.728589999718
705.7477599999552
841.9807299997083
1255.619690000123
1289.2915099995246
892.6884599996368
966.2004899999479
1026.0285099995644
845.0572099997714
961.4477000000292
1220.3627099995783
1064.5234499996309
884.4891299996904
1072.579100000066
1017.4380199997239
800.7454699999001
1739.8274399999243
923.3184199997602
1184.8872299995057
914.9123099997284
834.4623799997499
901.0514199996359
951.260819999762
870.421399999672
1133.5850399996648
1247.5746599996182
927.7094799997271
1057.0420699999938
825.2030699997279
1239.741399999846
977.1631499998713
843.8475099997465
765.8608399999694
867.7499399997795
1058.9788799995765
952.8636999995958
929.103930000051
930.6397399997893
1097.230930000108
897.1945899997331
886.0126799996344
1528.2544399996636
918.8887699999868
928.5622799997291
1176.8361899996337
1340.672949999723
1242.8764199998736
971.7744999997848
1093.6708099994923
1314.9043199999785
1132.7109499999451
1113.3630999996608
1501.8911399999085
1086.8003199995512
1116.5176399995541
856.8557799998729
1152.6528599995495
841.1956399997251
944.5711700000659
1058.0141399995962
869.7658199996738
920.6387299998466
1048.8846500004413
997.2008500000683
961.6620399996119
1024.138809999593
1720.0191500001793
1295.2984799994429
1249.3353099999033
1455.74146999937
1027.4908700002616
1114.193029999938
991.0181299996117
914.4481799997178
1398.5927699993983
937.4508099996998
864.5722499997564
1114.0019699998122
1107.0809799995195
923.4289699996928
1299.2172699999592
1202.0044699995372
755.9280300000559
925.2797799996995
967.9946599997814
783.6081699998086
1345.220659999731
1021.6256199997674
754.6386599997935
1199.438129999523
1441.4904899994922
1158.0021800001393
603.5594299998281
1205.5439799996625
881.760320000046
1275.615739999541
785.2293599997438
952.5836099996814
1068.1815299997768
1032.252279999642
1180.093199999907
949.7236199996603
1443.6405100000247
803.4896399998837
990.1273700003397
1121.3860399995967
1104.4887199995144
602.3553799999495
1297.6816699995754
1102.8168299998124
755.4506600001207
1236.995039999857
1106.2142399999298
952.340519999621
1069.4566800001078
1262.8051299994252
1422.3109299999562
1331.4134799995
943.9790399998112
1164.881459999964
1554.3738699993794
1010.0157599996604
742.736009999736
955.5290300000415
756.73869000011
949.1420999996435
1141.2140100000463
1232.5875799997384
1314.1192399999316
1011.4286099997985
1011.6161600000045
1005.5023299997796
1414.1638999998906
864.8425999997152
921.5122099997678
809.1580899997538
963.7049499998294
992.6422399996393
1113.39348999996
1255.835299999535
1311.9311999998356
1466.0644100001016
1251.9284700004043
1040.135649999605
1085.685489999994
1191.3066899995329
1268.675399999923
822.1306599999454
1193.1214299998614
819.811000000096
714.4268399997368
945.1622999996337
1415.3680599998825
926.990300000099
1118.7305499996326
1132.1232299995584
2011.28366000045
955.5226999996559
1212.960099999582
1118.419730000182
811.0277199997261
948.2997999996348
1243.6361300000456
901.7848099996727
1241.1272799998687
1184.2380800000124
1099.787479999582
1001.6238800000915
772.9998699997329
772.6867099997933
1318.1764799994592
808.8977999999456
844.4715799997108
923.7384299998525
1229.2884599996044
1037.2301699996272
1041.6898099995822
1089.0006500001555
1113.8272100007007
1122.1643299995587
1069.0849900003889
1213.6105099999797
962.8101199996173
1064.0669299999902
1536.189829999951
860.2005500000539
924.4897699996285
845.9279099996752
971.6064699996283
1129.9819099996953
999.0488200000432
1224.822829999466
1288.9618599998314
886.5323100000687
842.8330599997053
984.1977599997527
742.312359999768
1035.9808299997678
644.6219799997714
1180.9254099996629
1224.2096699998065
1404.6627699997725
1026.3168700000133
1739.904569999787
671.7346099997835
773.2504000001677
1254.6976300000317
1380.8974999994014
749.1561799998552
753.0198999998137
861.8452299996706
1109.2648099995247
1083.0412499996432
791.1050399997138
768.9271799998409
812.8013999999198
1300.441139999563
823.1456500000365
1079.982279999582
758.2345799997248
1008.140079999666
1087.2189599998053
925.2272700002667
977.152820000095
1156.4309799997022
1006.3524799997726
1428.8186499999033
789.294579999719
1347.6204000002426
905.7868099996778
973.5088899998059
812.9983299996975
1104.8857299997478
994.3594699997723
1003.6787699996124
1013.515149999601
947.8910499996591
1188.309219999512
1430.667139999452
1025.8249399995523
1073.592850000021
1401.5753099994226
1160.9559799998588
999.6182999997166
858.737189999717
1555.357550000285
782.7392399997291
1004.0363900002653
1208.3057399999086
1042.5127699995928
961.6869299999973
1077.7161499996696
1140.0428399997572
1025.530749999726
1019.2324399997227
732.7321999998654
1136.3752199997764
1044.7254699997718
986.1315699997544
1091.7106699999392
899.2186899997282
1338.7174699999068
1823.7574899997387
861.9132999996801
919.0722899999924
1184.7282099999804
1733.0832699993998
1460.733979999758
999.7721899997404
1028.0920600001912
769.4154799997418
1072.140879999931
1007.7000400000315
1118.6271499995862
1243.9148699996183
950.1789999996981
973.2295400000256
916.1594800002368
905.4974299997219
795.1832499997081
1305.1975399994342
1276.9680199995744
1269.117949999544
1563.6250999995345
1160.723289999989
1163.3909099997402
995.1181099997833
841.2084699997695
1211.4677999998908
862.8192799997657
988.3932099997427
1260.9790699999273
907.8587499997479
737.554570000201
904.6036700000109
880.9649499996777
1103.445369999775
1004.24016999958
1077.2793399995767
755.4931400000698
628.4143599999634
1255.0883599995261
1129.5727899999508
1153.3359399994856
1033.8865599996484
1093.5143799997093
1251.669159999886
972.698769999603
1702.948069999555
1047.1412299996452
1380.6919400003899
1295.0122300000462
938.0143299997352
797.5841099998063
1184.2024400001467
1083.4782999998595
1052.3077599997084
1034.395059999641
984.9655199995922
1574.5932499995845
1025.5733399996018
963.3629799996426
1036.1019199997966
830.9294699996823
1127.6058199995668
1221.532329999579
950.2742799996506
939.2550300000612
1385.5652100001514
1397.6022699997955
775.428309999732
1226.5163500000035
916.5939899998973
1467.3582799997491
1274.7489899998359
1165.987289999868
1280.835399999918
1165.8184999999185
1111.727299999634
874.0802799996906
941.498920000349
918.1316999998363
797.9393599997218
869.7635599997487
1827.127569999876
932.5152199999033
1277.4725099997158
986.2992199997439
1523.8762499996417
1331.8942400000853
900.9750500000154
943.8776499997836
