9120.87500001565
10236.82500001971
6919.550000009802
4375.174999998705
3231.450000000216
11545.75000002447
3836.599999999988
6505.025000008917
3659.1500000002825
3884.4750000004083
4752.750000000407
11955.900000025964
5648.450000004235
6944.600000007733
9926.800000018582
9965.475000018723
9167.425000017856
3405.9250000013317
4946.800000002823
7000.975000008005
5219.4000000045935
6272.850000005289
4006.2500000007367
9955.350000018687
4508.075000002182
6473.5500000064085
7963.125000011439
4099.349999999897
6020.675000006689
7122.45000000838
9630.700000017505
6281.050000005318
8813.525000014004
6610.1500000089745
8805.150000014502
3971.074999999804
12872.775000024529
5727.925000004283
4904.875000002459
7540.350000009899
6533.55000000914
3361.849999998807
9524.50000002002
11192.60000001336
4875.250000004771
7735.250000012182
6108.275000005997
6516.650000006179
4365.925000000696
7359.925000010319
5872.800000004536
7047.850000010831
5676.275000006357
4914.925000002455
5746.650000007357
5956.775000005494
8550.700000013576
5541.925000005327
4434.775000001559
7587.200000010071
7571.600000012928
11704.52500002171
3624.2499999993283
3409.699999999605
8191.575000013341
5062.100000004699
6016.025000007071
6192.775000004998
3811.350000000056
6513.65000000889
6021.075000007937
4719.9750000032545
7551.850000011395
11454.350000021692
10869.775000024169
6273.050000007291
7018.600000010049
8557.825000013603
8460.150000015707
12500.375000018712
4665.025000002591
5264.250000004313
5255.800000001589
7002.800000011161
6920.075000008315
6291.850000006911
5796.950000007505
7958.775000013015
5696.375000006074
5689.475000003779
7769.875000011674
9521.425000017107
5709.050000003238
5199.8250000036605
3736.9250000012794
8997.975000018007
6867.800000011162
6949.275000009071
7502.475000010801
4342.400000003894
7680.125000010408
8114.90000001199
4313.849999999864
3840.4500000013836
8953.875000011893
7862.450000012017
7529.3250000103935
9813.175000014093
12899.600000020746
3930.250000000392
4673.925000000399
7438.95000001223
8233.050000012421
3686.374999999849
7085.200000008925
8548.000000013566
6244.400000005424
6838.450000011002
6748.225000009363
10048.475000019025
8224.77500001239
6494.725000009299
6776.025000010913
7632.275000010872
6633.575000007626
7686.075000013615
8102.025000011944
7289.100000010671
4733.600000003241
4925.9500000005655
4636.75000000161
8248.175000012476
6586.4750000064305
5960.250000005442
7113.450000008347
4118.025000000809
4658.375000001168
7295.750000011419
5597.775000005971
5993.325000007406
10361.325000020466
4403.074999999714
8373.77500001293
5849.175000006382
7743.950000012328
10298.975000019995
8787.225000013328
6962.450000007798
4664.400000000953
8337.675000012801
5852.625000005364
6265.4750000087715
8810.275000016842
7164.900000009896
6418.500000005819
5786.77500000394
7663.750000010348
9449.875000016847
8152.87500001443
9075.050000015484
8265.600000012539
4788.7000000022645
8442.57500001257
8701.975000012419
6340.725000006588
8953.6250000173
11244.575000023375
5049.700000002896
5537.125000004091
6061.52500000452
4033.874999998936
10342.300000020094
7798.500000010839
6033.575000007984
3408.7999999995855
5661.525000003205
4506.800000001696
7920.875000014223
8197.02500001229
3914.3500000004183
4940.25000000543
7032.275000010926
5822.900000005773
4912.000000000786
6121.8750000071905
3692.750000000089
11471.850000019978
6511.925000006158
3587.9499999983973
7035.075000010542
4243.375000001973
5752.650000006284
6287.750000005342
4514.699999999488
3708.725000000329
4881.550000000918
7516.375000009813
10200.575000019579
7499.650000009837
10296.525000019928
7855.100000012584
3322.399999999802
6468.850000009925
5953.075000005617
5038.650000002288
5782.6750000055035
9994.77500001883
4424.325000001369
4412.500000003403
6727.250000009819
7601.700000010123
8025.650000012845
6641.100000006629
9564.750000019685
4785.175000002612
9762.600000017985
4250.625000000159
3339.624999999196
7432.400000012092
3785.1000000010454
5100.300000006619
6924.275000010272
6147.975000006216
6573.100000006526
7865.925000009154
6657.575000006688
3941.274999999695
3725.500000000009
5706.525000004743
6051.100000004482
5581.500000007791
4361.075000002651
4327.750000000628
5542.600000003651
5342.250000003227
8748.300000014295
3979.4000000014394
5415.325000002169
6875.7500000078635
5482.975000005195
7371.150000009737
4052.37500000073
7433.275000011369
4137.099999999533
9325.125000016393
6672.125000008888
8044.750000012295
4532.12500000215
4950.975000002666
5093.575000002754
14037.200000018547
6325.750000007541
7584.875000010063
5489.675000002515
8548.275000013567
10061.850000019764
5400.675000006693
7370.07500000928
7234.350000008787
4209.325000002142
9847.250000018294
10708.925000021427
6106.275000006936
6355.100000011571
5273.775000004291
6326.750000007565
3546.3499999998476
6327.225000006185
4058.575000000009
5767.300000003652
3700.124999999862
3949.5750000004036
5560.050000002696
9923.42500001857
8948.02500001502
6466.625000007153
7311.5000000095915
11525.425000024397
3602.800000000305
7128.475000008402
6768.525000007092
5473.750000003476
4214.97500000026
4710.474999999775
5254.850000002298
6982.87500000953
4519.850000000843
3618.92500000066
4003.79999999878
6357.775000007381
3850.1249999989086
7747.575000011326
5724.075000004603
9025.750000015305
8461.500000014246
6058.775000006842
4126.550000001898
4414.525000002146
8009.22500001255
5808.850000006756
5687.5750000081
8702.850000014128
8609.150000014606
4693.375000002515
6132.400000005731
6486.3500000101185
4903.400000001739
6555.375000006767
5554.075000002675
5549.350000003906
6605.400000006765
5379.150000004109
7313.250000009728
6691.600000009325
5112.575000002817
7167.600000008544
5872.125000006023
6140.850000004841
5783.325000005866
6857.925000009671
4949.050000005362
4330.824999999102
4981.200000002339
7040.700000009647
6213.9250000078955
5164.725000001257
10533.775000018319
3168.449999998783
5572.800000003001
6640.22500000979
7830.250000011389
3868.3250000008907
6694.5000000086075
3835.525000000074
4226.000000001156
5254.750000001639
8073.27500001145
6247.975000007658
8772.125000014381
5692.575000006804
6877.27500000959
8505.325000015033
5460.300000002635
12154.125000026685
6205.525000008224
8360.400000012884
6142.650000006846
6603.20000000984
3963.225000000287
4872.900000002373
3412.5000000009004
4978.150000004126
4487.800000001103
5262.625000003305
5275.000000005233
7800.125000010845
7914.550000011262
6849.875000007674
6306.525000006083
8063.725000013437
4538.250000001957
3481.2499999989554
6554.45000000809
7505.975000012279
6615.650000007297
5939.500000006688
5152.175000003308
4761.150000002593
6409.750000009322
6151.750000007767
6579.350000007257
5894.200000008326
8750.975000014463
7454.700000010872
7090.375000010036
9176.075000019386
8874.075000015579
3437.5500000018214
6217.575000006425
6361.075000006809
4697.550000000299
3507.149999999953
8621.100000013832
9152.375000015765
5182.450000003243
7671.675000010378
8692.15000001419
8781.42500001548
5950.37500000559
7784.625000014317
3805.075000000797
6832.3250000093785
3542.4249999991703
6134.900000004787
7343.775000009642
9846.025000020509
4040.3500000032986
6184.900000004973
6031.900000008876
9523.475000017865
9565.350000018147
10399.100000015362
5764.400000005418
6572.6500000102205
11674.8750000184
6024.650000005138
5296.525000002492
6460.57500000706
6264.950000005772
9790.500000018086
3441.349999998689
8409.000000013642
8866.975000014725
7211.350000009912
7973.500000011476
7711.925000010575
4112.799999998737
3879.500000000262
6449.025000007392
7535.925000009884
10381.550000020237
8489.85000001586
4136.400000000709
4418.525000002017
3239.099999999375
4722.900000001788
5229.850000001689
8135.300000014518
7753.100000010674
8114.075000012337
8268.17500001422
6360.900000006115
6860.300000008932
7740.325000012217
5745.650000005706
6595.100000008818
9211.17500001598
4505.700000001845
4789.775000003744
6817.575000008908
5613.175000004212
5407.850000004626
2897.9999999987776
6017.025000005782
5331.975000002518
5645.6500000042815
4582.550000002198
9886.675000018646
4539.6000000015865
4872.650000003574
6380.800000008703
4577.800000001373
8547.075000015151
3130.874999998365
5121.350000002338
5040.475000001039
3997.2499999993843
7793.05000001082
5372.625000004866
7987.650000011528
8124.15000001338
7518.32500001222
7773.150000010836
5376.7500000026685
4520.599999999837
3903.500000000693
6757.000000009814
6975.000000011798
7393.200000010311
4924.700000002599
6895.3000000075535
4458.725000000979
10430.350000020415
6146.800000007721
6262.600000005663
4431.875000001804
9618.925000017356
4635.400000001378
9667.825000018272
5053.975000002913
6135.725000007195
9445.550000016832
5001.950000003317
5620.175000007866
6871.225000009092
3889.7000000002904
4268.750000001201
5273.600000005012
5298.550000002059
4513.500000002322
7477.625000010016
3839.8499999997834
5832.300000005051
5444.050000003915
8360.375000012882
3203.549999999936
6552.025000009525
5290.00000000458
7325.475000011875
6213.075000005072
10553.17500002086
6877.350000007553
5714.15000000868
4461.75000000035
5679.0500000044285
5862.850000009145
6971.325000010459
5736.675000004629
4308.825000002493
5251.200000003026
5527.225000002576
7758.425000012314
5629.825000004614
6932.85000001023
6081.250000007258
5752.675000005801
4020.4500000010516
9068.300000015459
10110.37500001512
5070.250000004617
4222.950000002365
9303.100000014547
6575.275000009293
7310.875000009065
8515.450000014898
7565.050000010424
5065.575000003284
10235.55000001481
6640.45000000819
6374.400000008804
8862.70000001729
6223.025000006419
5684.200000003455
8493.375000013366
5117.100000002174
4778.425000001488
7640.400000011414
3760.0750000001476
4171.75000000041
5528.875000005059
6314.100000006796
3418.7499999992174
10208.450000019606
6326.2250000084
6586.925000008156
4494.675000002242
5465.90000000554
6268.425000007269
5418.9500000044445
5186.500000004421
5925.250000005445
4026.2499999994075
6673.725000009796
5757.3000000038355
8340.350000012812
3828.324999999956
7122.775000009144
4910.625000002278
4447.000000001643
5742.675000003361
8423.350000016086
4248.225000000663
3522.4749999995206
4128.975000000791
4799.850000001688
8028.425000014347
10604.575000010998
5082.47500000184
4766.225000000152
4655.875000004006
10133.250000016713
6313.750000006501
5483.875000006527
9188.725000015897
4579.650000000945
4903.400000004331
6224.80000000779
9841.700000018272
6132.7500000053815
6489.400000006912
6077.900000005331
5884.300000003923
6075.075000008795
6273.925000009388
5412.650000002723
3604.5749999999694
4286.525000002646
11467.150000024187
3938.775000001058
4853.27500000291
8476.475000013306
6687.3500000078275
6843.925000009023
6507.450000009043
5486.000000003825
6200.500000008233
5664.700000003077
4892.60000000221
7154.175000011204
4309.750000001093
6350.9000000061515
4421.5000000006785
3892.550000001287
4260.600000001
5649.55000000476
4171.350000000067
6514.950000009995
4779.100000003367
7615.000000010172
4965.225000004325
7681.450000011704
4126.350000001763
4669.125000001484
6866.700000008315
3441.2750000002097
7132.725000010447
6773.1500000079195
7079.600000008224
8649.575000013936
6187.775000008039
7110.2500000083355
8585.375000015265
4341.30000000043
8892.350000014818
6719.925000008239
8784.550000015486
7397.475000011995
7871.850000012404
5633.375000003676
9115.975000015633
7230.25000001065
4743.075000002749
4794.29999999991
5793.500000004195
7207.80000000869
4781.475000002683
5002.900000003119
6525.775000007816
10801.975000021836
8898.475000018085
4206.150000001076
8824.07500001457
11721.500000025111
7189.175000010475
7209.600000011085
12936.750000029531
4651.0000000038835
6975.550000010429
5162.800000003506
5786.600000006609
3686.874999999503
8164.625000012172
6248.725000005202
3766.799999999631
7601.900000010424
5216.100000002372
4410.9000000020715
9078.625000015625
7152.650000008491
8218.375000012602
5080.175000004459
8200.825000012303
7144.700000009758
4716.80000000242
10741.100000021544
7002.150000008786
4106.950000000641
6209.725000007997
5463.175000004183
4590.000000001803
7025.775000010035
5711.450000005143
6819.300000009204
5781.6500000039105
5135.075000001765
6765.225000008642
3302.4999999990846
9133.450000016113
7074.650000010364
3237.9999999987617
5280.3250000055505
4341.200000002603
7811.525000012138
6111.025000006297
8057.175000011781
6147.5750000067255
8165.075000012583
5048.000000003436
3817.849999999826
6574.525000006386
6869.575000008659
4604.600000002332
5202.375000001453
7892.800000012296
9984.17500001925
5704.750000005588
6715.075000007683
9590.975000018643
8783.250000015412
5708.950000003238
8759.800000014337
4810.325000000903
5731.4500000033195
8067.425000011817
10276.075000019853
4099.9750000002205
7845.825000012725
4979.47500000173
4734.150000002853
5450.450000004159
8251.275000015481
7063.0000000111795
5334.625000002125
4017.3250000003404
13364.425000017549
5935.875000005327
9482.925000019328
6737.82500000698
8387.350000014703
9676.40000001746
4285.350000001484
3648.5249999991943
7778.950000010807
4844.150000003618
4502.5000000017535
6805.875000007229
4753.600000001338
5223.400000003652
6809.075000008805
4887.02500000097
6287.475000007561
4679.925000002521
7264.475000011467
5079.32500000372
6535.500000006564
8486.82500001403
5048.925000005071
7880.000000011136
5778.675000003492
6493.000000010191
5393.425000007845
10052.250000015672
8567.750000017335
7191.450000008963
3606.2750000004453
6101.725000005039
8540.275000013185
4935.3750000040145
7914.250000011472
8511.40000001586
7469.50000001206
4598.875000004134
10957.15000002233
4933.350000000688
6153.900000005657
4858.950000003651
5886.225000003882
7755.475000011998
6320.925000008809
8412.075000015493
6989.025000010168
4087.1749999996355
8277.875000013117
4600.674999999787
8331.225000013139
4662.250000001465
7625.150000011034
8579.32500001368
5822.25000000365
4754.675000000572
3961.599999999665
6914.975000009076
5832.600000007837
4862.425000002269
7712.2000000120715
7441.0000000120945
7208.150000011292
8168.37500001311
8407.10000001358
7424.275000011104
8564.450000015382
4080.874999999683
4943.725000003455
4808.125000002968
4748.400000003623
6342.050000005541
9116.075000015833
4759.850000002029
9219.650000016283
8459.925000010677
10911.125000023032
4200.950000000953
9951.575000018927
5947.650000004274
8672.90000001402
5286.975000003856
6378.3750000088385
10340.400000012658
6578.250000007762
6763.500000008535
7870.300000011295
7150.9750000103795
7598.800000010113
4145.37500000086
11755.075000025234
6054.575000008576
5643.65000000448
10041.05000001518
5767.625000008007
4612.450000001185
8234.850000013572
6800.125000009468
7037.025000009703
9067.550000015457
5421.600000002192
7449.750000011836
3931.224999999414
5646.750000007314
5476.550000002539
8052.325000014711
4902.5250000056485
6388.85000000633
8095.150000010175
3997.2999999989493
4702.52500000082
8235.375000013468
10989.725000022721
4156.149999999712
10472.675000012045
8774.40000001439
4239.549999999948
9366.750000018115
13140.725000029208
5843.450000007591
6178.7500000082155
5321.075000002917
5417.55000000236
6956.6500000092365
7737.925000012101
8031.775000012063
7023.675000008445
6099.975000008713
3847.5500000008833
5847.250000005128
2945.1249999985803
5542.350000003045
3689.749999998875
5581.025000005108
6837.275000007761
7684.075000010423
6419.8000000092
9414.350000016719
3683.3500000010495
6721.925000011124
8454.475000013226
7431.800000009505
4947.650000003249
6787.100000008009
4275.600000001601
5024.750000001776
6636.0500000070815
3821.2999999993785
5263.500000004116
5277.525000004485
8182.625000012236
8678.600000014041
10734.875000018237
5134.175000001529
5490.800000003241
6887.27500001041
10711.275000021436
6397.5000000088285
7235.050000009677
6064.675000006755
10728.375000021497
5369.700000005242
11553.100000025246
5415.900000004745
7429.025000010882
6436.275000007661
5171.725000004891
6183.550000005531
6043.725000006071
5366.525000003755
4602.225000000521
4628.825000000999
6292.42500000536
6890.775000008871
10205.50000001981
5755.950000003409
9300.425000016303
5546.375000004591
3955.150000000202
9750.42500001794
4377.6500000010765
8236.925000013947
7419.600000010121
4651.125000001915
7821.400000010923
6076.100000005004
6542.900000007061
6045.42500000479
4541.825000002911
3907.0500000016937
6432.42500000658
5537.425000004305
6570.625000009615
9907.225000018512
5167.225000003213
8530.475000011815
9414.700000011675
5172.050000002118
5767.350000005673
9460.400000019657
8182.125000012235
7691.225000010449
5208.725000003162
8303.175000015337
4024.9999999997353
6962.425000009131
6325.225000008025
6429.275000006553
9739.15000001591
5041.575000003762
6239.275000008398
8681.3250000162
6053.450000007821
4246.400000000238
8136.8500000128315
7633.200000010238
5824.7000000055305
7943.425000011366
7349.72500001076
7031.250000008578
7789.700000013181
4442.550000002457
8475.175000014417
9102.950000016503
5748.900000005167
8391.850000013512
4803.0000000009695
7285.850000010852
5800.5500000074735
4042.8000000002294
8080.825000011866
4512.000000000709
5505.800000002499
5943.925000007756
5322.500000004755
6721.925000007543
7907.750000012058
6735.575000007817
7201.6250000103355
6116.450000004802
8734.375000016598
6559.150000006415
7223.900000008749
7438.500000011505
10695.750000013588
9131.225000015687
5505.525000004327
4986.150000002435
8276.100000012577
5766.850000007105
5466.875000003753
8168.725000012186
4114.275000000324
8711.950000014163
5618.025000003303
4735.325000001783
7210.700000008701
6320.550000008348
6078.250000005883
6438.150000007225
5454.125000003147
6682.1250000091595
10123.850000019298
8548.300000013318
4821.950000002849
8396.825000014063
4844.97500000443
8146.850000012107
9927.475000019303
8124.175000014144
9343.925000016461
9198.625000015933
6102.025000004667
5471.975000002376
7272.47500001166
7565.275000013151
6906.9500000106655
3824.550000000655
8729.100000014225
6245.650000005704
6542.3000000072125
5932.975000004526
8460.175000013247
9678.175000017678
6720.475000009954
7040.500000011041
