19214.00000000089
17154.50000003086
13888.700000032995
7595.600000010101
7869.600000011098
19272.40000000004
7379.800000009316
13495.600000031565
8319.100000012733
8389.000000012988
8828.300000014586
17586.70000002457
9837.400000018257
12043.700000026283
17295.800000028805
18234.400000015146
15351.200000038316
8874.900000014755
9434.00000001679
12278.600000027138
13912.400000033082
10605.700000021052
9363.400000016532
17989.700000018707
10335.200000020068
11604.600000024686
14289.000000034452
8004.500000011589
14270.500000034384
14299.40000003449
15049.100000037217
11605.400000024689
20452.099999982875
15610.80000003926
17259.80000002933
8417.700000013092
22416.39999995429
9903.900000018499
9685.300000017703
13538.800000031722
13503.000000031592
6806.700000007231
16497.400000040423
23039.09999994523
13461.600000031442
12968.600000029648
11259.40000002343
11293.200000023553
7793.800000010822
12747.200000028843
10433.000000020424
16869.100000035014
11969.300000026013
10057.800000019059
13591.000000031912
10260.500000019796
16459.600000040973
11143.70000002301
9163.000000015803
12594.100000028286
15984.100000040618
22648.69999995091
7726.300000010577
7478.3000000096745
20298.799999985105
9880.800000018415
11287.900000023534
9893.10000001846
8529.9000000135
13425.20000003131
15647.600000039394
12273.90000002712
16084.300000040983
21289.899999970683
19557.899999995887
17046.200000032437
14275.600000034403
13191.400000030459
14426.20000003495
22895.799999947314
9453.30000001686
11591.400000024638
8380.500000012957
13527.700000031682
15458.000000038704
11418.000000024007
15094.00000003738
16303.60000004178
11668.600000024919
11746.900000025204
18358.60000001334
15642.200000039375
11227.200000023313
11498.5000000243
9285.300000016248
20646.79999998004
16387.60000004202
15238.800000037907
12770.600000028928
11889.900000025724
15111.400000037444
13468.300000031466
8268.70000001255
9457.400000016874
21248.29999997129
16220.70000004148
14627.700000035684
23245.499999942225
24055.099999930444
8211.700000012343
8470.800000013285
16950.100000033835
15243.700000037925
8133.9000000120595
14714.600000036
14259.900000034346
11086.600000022801
15596.100000039207
13915.900000033094
17817.80000002121
12254.50000002705
18097.100000017144
16069.200000040928
15293.400000038106
12648.900000028485
19055.3000000032
15200.800000037769
17367.60000002776
10337.000000020074
8311.400000012705
8826.000000014577
12771.800000028932
13469.30000003147
13463.400000031448
13089.300000030087
7961.400000011432
8504.200000013407
15823.700000040035
15272.900000038031
14843.70000003647
18543.200000010653
8254.700000012499
13386.80000003117
13970.100000033292
16234.400000041529
20899.399999976366
20234.399999986043
13194.800000030471
9620.100000017466
12629.600000028415
12174.300000026758
16227.500000041504
19374.09999999856
17528.200000025423
10590.900000020998
10545.900000020834
12264.000000027085
17290.60000002888
17768.30000002193
20139.999999987416
14699.800000035946
10711.800000021438
20094.199999988083
20680.899999979545
12121.500000026566
18376.600000013077
18274.400000014564
9392.80000001664
12388.800000027539
12669.800000028561
7421.600000009468
16366.50000004201
13932.100000033153
14051.300000033587
7692.500000010454
10486.90000002062
10908.400000022153
16111.600000041082
12818.600000029102
8907.800000014875
13267.100000030734
13750.300000032492
12096.700000026476
8847.300000014655
13592.700000031919
7461.700000009614
23445.79999993931
10888.600000022081
6663.900000006712
13858.200000032884
9557.500000017239
12085.300000026435
10742.60000002155
8187.600000012255
8241.500000012451
9294.00000001628
11954.60000002596
17837.500000020922
15344.10000003829
16002.400000040685
17008.30000003299
7552.900000009946
15675.900000039497
12269.200000027104
11810.900000025436
11377.000000023858
16567.6000000394
9293.100000016277
9710.100000017794
13212.400000030535
12971.70000002966
15608.300000039251
11644.800000024832
18725.900000007994
9870.100000018376
14929.800000036783
7404.600000009406
7223.700000008748
16343.300000041925
9053.800000015406
13881.90000003297
16667.500000037948
14592.000000035554
14199.200000034125
20811.09999997765
12142.000000026641
8197.40000001229
7542.100000009907
12056.000000026328
10512.900000020714
14801.600000036316
11303.20000002359
8335.900000012794
10833.20000002188
11292.900000023552
18412.20000001256
9708.200000017787
9720.30000001783
12545.500000028109
13461.20000003144
14395.000000034837
7955.100000011409
20066.19999998849
7977.000000011489
15645.500000039387
17062.000000032207
16329.800000041876
8771.000000014377
10023.100000018932
10246.200000019744
25297.09999991237
13877.200000032954
12110.500000026526
10994.000000022465
18032.400000018086
17125.80000003128
14419.100000034925
11716.600000025093
12522.200000028024
10993.900000022464
20347.599999984395
19648.699999994566
12222.600000026934
14833.300000036432
9559.800000017247
11211.200000023255
7219.000000008731
11778.600000025319
8121.8000000120155
13170.400000030382
8023.300000011657
7687.400000010435
9597.000000017382
18235.700000015127
18497.700000011315
12554.30000002814
14132.200000033881
20530.899999981728
7881.900000011143
13676.600000032224
12167.900000026735
10598.900000021027
9228.00000001604
8077.800000011855
11031.600000022601
14284.600000034436
8812.000000014526
8963.400000015077
6924.100000007658
14374.100000034761
7515.800000009811
16276.900000041684
12707.8000000287
16571.90000003934
19426.099999997805
12007.30000002615
8302.400000012673
10005.300000018868
19338.199999999084
11336.40000002371
14764.20000003618
15162.400000037629
18013.000000018368
10456.400000020509
12191.500000026821
15201.600000037772
9438.100000016804
11712.200000025077
9792.000000018092
11580.400000024598
12794.500000029015
10380.800000020234
14800.00000003631
18039.10000001799
11050.30000002267
11759.60000002525
13790.90000003264
10736.800000021529
12270.80000002711
16227.500000041504
12279.600000027142
7631.400000010231
10064.700000019084
14088.900000033724
13577.200000031862
9421.000000016742
20425.69999998326
6414.500000005804
8874.700000014755
15970.500000040569
18917.500000005206
7607.400000010144
13160.500000030346
7855.400000011046
9342.300000016456
9527.300000017129
20204.29999998648
13762.200000032535
14631.200000035697
11779.900000025324
16232.500000041522
15427.200000038592
9854.80000001832
21747.79999996402
10897.000000022112
12974.40000002967
11212.000000023258
17431.200000026834
7463.30000000962
10287.800000019895
8515.800000013449
10707.200000021421
8351.700000012852
12168.900000026739
13925.90000003313
18933.500000004973
17599.700000024382
12308.700000027247
12066.000000026364
14591.400000035552
10276.600000019855
7087.7000000082535
16176.000000041317
14054.500000033599
15866.50000004019
13520.900000031657
11125.900000022944
9538.90000001717
16097.600000041031
13604.800000031963
12564.100000028177
15218.900000037835
18479.700000011577
17363.000000027827
18677.5000000087
20329.099999984664
18490.900000011414
9248.100000016113
12207.100000026878
12013.500000026173
7856.50000001105
7136.700000008432
15486.200000038807
14570.300000035475
10903.200000022134
18473.100000011673
13830.000000032782
19713.899999993617
12054.400000026322
18227.100000015253
9204.300000015954
12138.600000026629
6616.70000000654
11541.500000024456
12591.400000028276
18809.40000000678
8913.700000014896
11257.700000023424
15314.200000038181
17988.70000001872
20231.19999998609
21580.19999996646
11237.000000023349
17092.500000031763
23158.899999943485
10385.20000002025
10313.80000001999
12895.800000029383
12623.900000028394
16364.600000042003
6798.700000007202
14586.100000035533
18911.900000005287
13388.500000031176
12083.500000026428
17707.200000022818
7329.6000000091335
8032.500000011691
12177.50000002677
11488.800000024265
18697.100000008413
17286.300000028943
8176.700000012215
9993.200000018824
6789.700000007169
9567.500000017275
8716.200000014178
19083.000000002798
11584.500000024613
15215.10000003782
17185.900000030404
12803.500000029047
15497.600000038849
14497.60000003521
14986.300000036988
16197.000000041393
16545.400000039725
9323.300000016387
12409.200000027613
12384.400000027523
9765.000000017993
11552.800000024497
6226.30000000512
13289.200000030814
9644.300000017554
12778.700000028957
8427.600000013128
16535.50000003987
10609.200000021065
10745.50000002156
17675.800000023275
8602.000000013762
16711.9000000373
6151.400000004847
9537.800000017167
8814.800000014537
6940.300000007717
15687.200000039538
11596.100000024655
13360.800000031075
16433.00000004136
19119.30000000227
18264.40000001471
9863.400000018351
8332.600000012782
7526.4000000098495
16118.100000041106
18098.10000001713
14752.90000003614
10180.400000019505
11128.400000022953
7857.900000011055
15679.900000039512
13858.400000032885
11026.400000022582
8690.400000014084
20196.599999986593
10106.800000019237
17242.60000002958
8985.90000001516
12408.700000027611
19378.199999998502
10565.700000020906
16809.00000003589
19151.6000000018
8717.900000014184
9756.500000017963
13257.7000000307
10013.300000018897
10021.100000018925
14958.900000036889
8430.70000001314
11788.200000025354
11954.70000002596
13024.20000002985
7527.000000009852
17611.000000024218
10041.200000018998
18013.300000018364
12237.400000026988
20999.39999997491
13100.90000003013
16732.500000037002
7864.100000011078
11495.80000002429
17851.50000002072
15857.100000040156
9919.800000018557
9190.300000015903
10205.700000019597
10717.500000021459
16689.700000037625
10363.50000002017
17796.000000021526
15747.200000039757
13694.90000003229
7862.100000011071
16026.700000040773
22268.499999956442
11596.300000024656
11286.70000002353
20290.699999985223
17853.300000020692
11468.40000002419
16493.40000004048
15345.100000038294
9220.300000016012
21959.099999960945
14856.700000036517
17863.70000002054
16603.200000038883
11881.800000025694
11891.50000002573
15321.200000038207
9869.300000018373
9626.200000017488
17833.300000020983
8375.90000001294
8155.200000012137
10832.200000021876
13579.30000003187
7320.8000000091015
18350.100000013463
16155.600000041242
13248.500000030666
8931.10000001496
11110.400000022888
11841.100000025546
9672.100000017655
8972.800000015111
11691.500000025002
7313.400000009075
13495.000000031563
12505.200000027962
14950.600000036859
7103.000000008309
17043.30000003248
10113.400000019261
10337.600000020077
10511.200000020708
16107.900000041069
8405.300000013047
7553.700000009949
8172.700000012201
8712.400000014164
14734.300000036072
22992.39999994591
8843.20000001464
8321.400000012742
10189.100000019536
22519.199999952794
10441.900000020456
15083.400000037342
14043.300000033558
8010.500000011611
11718.2000000251
15337.200000038265
18492.100000011396
14244.40000003429
13525.900000031676
13174.700000030398
10034.800000018975
15636.200000039353
13015.400000029818
9911.300000018526
7890.800000011175
9849.4000000183
18693.500000008466
9357.30000001651
9811.200000018162
14230.60000003424
12155.50000002669
18307.00000001409
15591.60000003919
11943.500000025919
17838.500000020907
10145.90000001938
9126.000000015669
14303.700000034505
7587.7000000100725
14595.600000035567
8809.400000014517
9111.900000015617
9239.20000001608
9639.300000017536
8077.500000011854
15729.900000039694
11111.20000002289
12625.800000028401
10535.200000020795
16569.20000003938
10172.700000019477
9415.20000001672
12810.300000029072
7988.30000001153
14056.400000033605
12222.500000026934
12621.200000028384
17210.700000030043
15547.60000003903
13888.100000032993
15963.000000040542
8999.80000001521
14315.90000003455
12841.500000029186
19667.199999994296
15624.800000039311
17556.900000025005
12384.100000027522
14680.100000035874
14256.600000034334
11559.300000024521
8030.700000011684
9931.000000018597
14655.400000035785
12089.40000002645
10754.600000021594
11062.500000022714
21038.199999974346
19780.99999999264
8587.000000013708
14959.700000036892
18151.500000016353
14214.600000034181
18963.100000004542
19664.399999994337
9743.800000017916
14438.700000034996
11649.400000024849
10728.8000000215
7740.0000000106265
13020.400000029837
10931.800000022238
7820.60000001092
14982.400000036974
9240.000000016084
9608.800000017425
16679.10000003778
11496.500000024293
19502.399999996695
13577.600000031864
18920.200000005167
12078.50000002641
11403.000000023952
17101.200000031637
12182.400000026788
8528.400000013495
11844.200000025558
9474.200000016936
8483.10000001333
14604.6000000356
11619.900000024742
11732.10000002515
10909.500000022157
9825.000000018212
17971.800000018968
6958.100000007782
17424.200000026936
14912.100000036718
6533.900000006239
12105.300000026507
10435.100000020431
19719.999999993528
12716.900000028732
14463.200000035085
11800.400000025398
16030.400000040787
11249.900000023395
7582.900000010055
12424.80000002767
14212.600000034174
9044.700000015373
10679.50000002132
14057.60000003361
17914.6000000198
10944.000000022283
14868.100000036558
19839.199999991793
18441.70000001213
11488.900000024265
15628.200000039324
9278.500000016224
9761.30000001798
12091.800000026458
16137.700000041177
8282.3000000126
17538.900000025267
9234.500000016063
11777.800000025316
11863.400000025627
16068.500000040925
16224.100000041492
11088.700000022809
8366.200000012905
24164.69999992885
14377.500000034774
17888.40000002018
10970.60000002238
16449.300000041123
20350.59999998435
10237.400000019712
7463.600000009621
12636.40000002844
10979.700000022412
9800.100000018121
12633.80000002843
8433.300000013149
9511.30000001707
17628.80000002396
9793.200000018096
13733.700000032431
9686.700000017709
19865.099999991417
10755.100000021595
12884.600000029342
19026.800000003615
10881.500000022055
12660.900000028529
12191.800000026822
18949.60000000474
16300.80000004177
21610.99999996601
18020.700000018256
11878.500000025682
7840.300000010991
12216.700000026913
20107.699999987886
10027.70000001895
15576.800000039137
18569.900000010264
18597.10000000987
10501.400000020672
15847.00000004012
9495.600000017013
11649.50000002485
10926.100000022218
10379.90000002023
16410.000000041695
13079.900000030053
14985.300000036985
14002.60000003341
7915.300000011264
16786.100000036222
8111.700000011979
18290.000000014337
10294.900000019921
14246.900000034299
16184.400000041347
10543.600000020826
9196.000000015923
7902.700000011218
14127.700000033865
15066.100000037279
9191.500000015907
19122.80000000222
14675.300000035857
17453.200000026514
19874.899999991274
16853.200000035245
20423.399999983292
19997.299999989493
7385.800000009338
12816.000000029093
9637.60000001753
10351.500000020127
11470.400000024198
15230.000000037875
10134.400000019337
19149.40000000183
20281.099999985363
20944.199999975714
9323.800000016388
16024.300000040765
12735.200000028799
15224.700000037856
12259.400000027068
13885.000000032982
22103.69999995884
16765.300000036525
17148.40000003095
14906.500000036698
18692.900000008474
11352.100000023767
8799.500000014481
21776.199999963606
15552.500000039048
11561.500000024529
21965.299999960855
15223.00000003785
9943.500000018643
17407.700000027176
17982.00000001882
13368.900000031104
17226.900000029807
8621.500000013833
16595.80000003899
7982.500000011509
12189.300000026813
9485.300000016976
19213.800000000894
14517.700000035284
11517.000000024367
20500.999999982163
7640.600000010265
8803.500000014496
17284.100000028975
19069.200000003
8638.000000013893
22540.69999995248
14556.800000035426
8233.900000012423
16132.700000041159
20846.09999997714
15593.500000039197
15813.200000039997
10610.50000002107
10829.800000021867
11948.300000025936
13585.900000031894
17505.400000025755
14374.00000003476
15317.300000038193
8759.600000014336
11111.00000002289
6130.600000004772
10689.900000021358
7264.600000008897
13539.300000031724
12379.100000027503
13644.500000032107
18219.900000015357
19182.50000000135
8729.900000014228
16858.000000035176
14622.600000035665
12574.500000028214
10286.700000019891
16435.500000041324
9463.100000016895
8979.100000015134
11441.500000024093
7877.7000000111275
10121.20000001929
10827.100000021857
13298.600000030849
13759.400000032525
22063.09999995943
8836.500000014616
9452.100000016855
16051.300000040863
16089.900000041003
15934.500000040438
14501.200000035224
11977.800000026044
20245.199999985885
13996.200000033386
21333.699999970046
10459.800000020521
13255.700000030693
11881.500000025693
13733.900000032432
11654.500000024867
13270.800000030747
12912.700000029445
8201.300000012305
8889.500000014808
10331.300000020054
16004.700000040693
18555.300000010477
9891.500000018454
17352.300000027983
11653.900000024865
8659.900000013973
16931.500000034106
7634.800000010244
15224.100000037854
17477.400000026162
10316.50000002
14244.100000034288
10469.600000020557
12436.900000027714
11579.900000024596
9656.400000017598
8615.700000013812
11223.000000023298
10574.500000020938
12848.30000002921
19682.299999994077
9788.500000018079
20292.2999999852
21442.69999996846
8913.100000014894
11684.900000024978
19532.599999996255
12499.00000002794
12865.200000029272
12271.10000002711
18056.80000001773
7323.300000009111
16568.50000003939
17533.90000002534
12121.500000026566
21115.59999997322
10439.700000020448
18090.900000017235
15255.90000003797
15698.300000039579
8430.000000013137
17837.200000020926
19031.100000003553
10809.900000021795
12918.800000029467
18530.800000010833
11904.900000025778
16859.600000035152
9248.600000016115
17181.200000030472
20152.09999998724
10146.500000019381
15962.50000004054
10119.200000019282
16070.400000040932
16408.600000041715
8018.400000011639
12861.300000029258
8790.000000014446
9060.800000015432
12831.80000002915
10024.800000018939
13224.60000003058
16448.300000041138
11806.800000025421
16083.40000004098
11558.80000002452
18171.900000016056
12174.50000002676
14249.400000034308
19153.70000000177
23948.399999931997
15765.800000039824
10182.400000019512
9037.000000015345
15051.200000037225
11891.80000002573
11470.300000024197
14224.200000034216
8449.90000001321
15944.100000040473
10131.100000019325
8957.300000015055
11859.100000025612
13456.200000031422
11878.500000025682
12593.900000028285
11402.20000002395
18685.300000008585
19185.700000001303
20322.299999984763
11667.800000024916
20109.199999987864
13085.200000030072
14057.80000003361
20018.599999989183
15557.100000039065
17379.40000002759
17525.900000025456
11018.500000022554
9669.400000017646
13877.600000032955
14324.800000034582
17850.60000002073
8321.900000012743
16279.500000041693
11786.100000025346
12466.00000002782
10952.800000022315
13047.100000029934
16393.500000041935
14526.900000035317
13478.100000031502
