5653.775000005292
7106.225000011125
4548.3250000049
2380.4999999989304
1603.7749999994353
8426.750000013124
1847.9499999994148
4311.9750000046815
1843.0499999994195
1786.024999999471
2226.3249999990708
8846.27500001481
3248.3250000024054
3986.300000002353
7403.35000001216
7089.750000010527
6521.975000009801
1738.0499999995682
2672.0749999992454
4321.300000000563
3236.475000002032
2873.499999999236
2011.0249999992664
6798.25000001041
2431.8249999994973
3421.999999999508
5642.550000005634
2004.5499999992724
3490.2500000030045
4537.450000000583
6636.750000006614
3165.7249999982164
6010.225000008353
4287.77500000233
6170.125000005869
2114.799999999172
9795.200000018103
3496.1250000008877
2469.27499999885
4412.400000000714
4007.000000005386
1497.6999999997333
6981.325000011393
7973.200000011637
3116.9500000028324
5477.025000008144
3864.9000000042083
3477.6250000013824
2258.824999999041
4576.47500000468
3505.3000000025995
4486.575000005372
3434.950000000792
2623.7499999987094
3830.2500000040636
3606.024999998912
6070.100000005368
2656.6749999988588
2198.049999999096
4518.800000001014
5393.675000007764
8987.300000017847
1522.5999999997107
1573.474999999585
5581.375000009335
3123.97499999998
3548.0000000023574
3627.4500000015587
1845.624999999417
4463.800000004979
4051.8250000056996
2723.4750000011563
5291.925000004724
9014.775000015265
8540.650000016458
3753.825000003396
4693.025000004797
4796.750000004483
6249.7750000095975
9105.550000015595
2676.3249999986815
2982.674999999067
3111.2749999994385
4707.30000000469
3958.6750000015545
3678.3250000009825
3626.0500000026213
5672.225000006571
3531.675000003231
3210.6499999987914
5032.100000003915
6382.050000010996
2751.2249999985934
2858.3249999993513
1878.7249999996586
6188.550000010093
4441.350000005351
4521.425000003204
4808.700000004471
2758.725000002236
4850.350000004617
4584.300000004675
2222.1749999990743
2017.9499999997206
6030.050000006575
5442.775000005515
4970.500000005074
6826.550000011592
9708.200000017787
1744.5999999994906
2427.8499999988876
5015.7000000065755
5203.350000005301
1776.3249999994798
4479.250000005026
4981.8250000043145
4059.800000004356
4721.225000005861
4653.000000004878
7266.5250000089045
5267.875000006342
4531.175000005434
4717.875000005568
4748.675000004578
3817.7250000012355
5566.77500000818
5095.0750000045255
4733.5500000052
2814.0000000009545
2460.949999999037
2702.2250000002455
5004.825000005111
3271.474999999208
3533.7749999998055
3986.7500000052187
2089.549999999145
2336.77499999897
5029.100000005739
3567.4500000041517
3976.3750000049067
6870.2000000085745
2387.4249999989242
6047.250000007195
3846.7750000055707
5495.275000007625
6560.075000011271
6093.100000008015
3573.124999999217
2349.049999998959
5239.875000005228
3746.8000000020606
4058.9500000035305
6437.750000011232
4723.300000003894
3616.249999999737
3117.0999999982605
4052.7000000044527
6712.275000011121
5458.6750000070315
6618.525000009353
4714.125000001138
2456.5249999989273
5960.3250000067965
5911.5250000070255
4104.350000005101
6976.300000011324
6894.67500001059
2727.099999999142
3205.849999999873
2958.5249999998864
2166.8499999991245
7034.8500000109325
4713.550000000056
3778.0000000024534
1691.2999999995573
3137.75000000038
2298.0749999994423
5718.225000008472
5315.8750000040045
1952.6749999993115
3015.850000001534
4833.5000000046875
3245.0250000012343
2138.074999999151
4118.07500000531
1973.524999999192
8138.300000014824
3264.900000000031
1611.44999999963
4901.350000005852
2256.874999999043
3128.524999999662
2982.074999999253
2350.224999998958
1737.4999999994852
2499.074999998823
4293.000000002678
7207.525000010588
5137.3750000041455
6010.6000000093045
5172.525000005235
1611.1749999996032
4608.175000005344
3168.649999998214
2544.249999999588
3138.125000001389
7147.275000010444
2179.3499999991122
2383.599999999343
3719.4000000005803
4627.7500000006785
4897.450000005325
3796.825000001516
7325.32500001243
2539.849999999781
7343.975000011882
2196.7999999990975
1508.9749999997011
5218.175000005767
1998.0249999992511
3105.7500000014707
4490.225000005325
3368.1250000015903
4232.675000002686
5118.8000000055945
3425.3250000004864
1850.5999999994124
1719.7749999995312
3158.5499999982226
3519.249999999814
3922.5000000056993
2445.5250000007354
2132.3249999991563
2956.549999998691
3305.1500000005117
5475.6250000048585
2093.324999999506
2856.7749999988637
4029.6750000051716
3433.650000001421
4836.025000001184
1878.9749999993865
5015.000000005863
1811.2999999994481
5711.325000005378
4534.875000004276
5916.775000006224
2591.2249999990336
2477.0749999988425
3228.7749999985713
9020.450000015422
4287.500000005148
4759.950000004512
2875.0249999984803
5473.025000006286
7765.800000013074
3457.9750000025856
5070.075000004983
4813.825000003217
2352.1000000001595
7397.150000011352
7644.20000001166
3439.299999999836
4572.950000006732
3166.0000000008718
4008.575000002619
1811.2249999994417
3707.1499999992348
1886.2749999993798
3135.7499999996535
1900.0249999992634
1929.774999999339
2798.424999998738
6894.075000007579
5925.5500000054035
3859.5250000004553
4726.45000000255
7904.40000001399
1761.1249999993731
4206.249999999269
3499.3999999992643
2560.0249999987673
2121.84999999916
2644.4999999986903
2862.699999998731
4285.100000002978
2091.849999999193
1853.274999999357
2100.0749999991854
3994.600000005431
1899.5499999993324
5300.27500000607
3457.325000000181
5873.850000004148
5998.550000006917
3373.5750000003263
2301.0499999995923
2453.7999999989993
5528.725000005063
3947.275000002198
3953.8000000057345
5686.500000006296
4839.3500000054355
2563.624999998764
3805.2000000053904
4562.550000005448
2534.049999998791
3643.2750000009105
2812.549999999836
2833.999999999006
4023.52500000105
2954.5249999993193
5154.32500000359
4378.725000005945
2447.3749999988695
4690.325000004568
3537.775000001043
3514.549999998876
3668.575000003666
4489.850000005431
3124.500000003231
2195.199999999099
2857.0249999995617
4565.975000004805
4191.600000005247
2677.5999999991345
7554.400000011729
1444.424999999782
3480.8000000007414
4515.075000005409
5419.825000004952
2119.749999999195
4136.625000002385
1852.0999999993646
2019.424999999259
2876.3499999984797
5251.750000005375
4003.4750000030917
5735.250000006061
3412.4750000006593
4509.475000005377
5622.825000005356
2857.674999998774
8477.075000014005
3823.350000002545
5829.925000004578
3509.7750000006668
4692.500000005481
1952.7749999993196
2737.0249999986063
1863.3499999994158
3048.7500000028235
2171.249999999121
2657.074999999318
3389.025000003423
5345.525000005073
5122.650000003266
4101.324999999628
3449.1500000001197
4960.425000004561
2402.9749999990936
1695.974999999463
4351.025000005419
4790.17500000526
3927.275000001811
3560.8000000031197
2737.849999998605
2460.5249999988578
4084.250000005757
4027.5000000053915
4034.375000000079
3933.700000005756
5485.675000005816
5094.450000004952
4721.000000005684
6705.800000010802
5513.825000006737
1938.2250000001463
3970.099999999757
4161.8500000050535
2694.549999998645
1646.5249999995815
5810.600000006839
5398.300000003614
3028.599999998341
4795.475000004261
6259.525000007511
5660.575000005224
3149.0749999982318
4914.275000004862
1859.1499999993698
4064.6250000026275
1740.2749999995128
3433.050000000069
4614.50000000464
6589.675000011426
2366.2500000005107
3870.799999999058
4034.450000005724
6576.975000007834
7153.125000011269
7403.07500001215
3394.300000000251
4216.850000004388
8303.100000012675
3014.475000002137
2658.3249999986774
3268.7499999981223
3640.0250000014285
5557.000000004168
1451.4249999997753
5711.075000004665
5602.075000004536
4797.800000001942
4874.975000004938
4710.775000005279
1747.8499999995056
2097.524999999188
4227.325000004999
5041.82500000285
7284.825000010581
5964.725000010055
2235.6249999991014
2433.324999999175
1521.799999999641
2417.5749999988966
3165.1249999983156
5002.100000006243
5008.900000005401
5179.425000005702
5454.775000007417
3152.300000000508
4043.8000000054635
4909.850000004622
3577.4250000028433
4360.3000000030215
5960.350000005143
2385.0749999990353
2799.5000000011155
4586.325000005606
3565.7250000023373
3111.0749999988634
1247.3249999998811
3755.8250000031016
2573.3249999998116
3046.2249999999785
2524.0499999991016
6712.350000009121
2532.724999999547
2900.8000000012803
4304.15000000588
2201.0999999990936
5767.325000005872
1351.2499999998263
2773.0999999994037
2690.849999998648
2122.4749999991654
5006.200000002383
3416.774999999786
5046.050000004851
5723.700000009623
5253.675000007357
5509.975000005019
2363.549999998946
1942.1499999993293
1967.99999999925
4495.97500000541
5035.450000007037
4737.3500000047825
2658.924999998677
4426.325000000899
2492.725000000001
7027.625000008958
3935.7750000025017
3649.45000000383
2300.9749999989285
6989.27500001143
2507.7999999988147
6714.800000011032
2665.300000000488
3502.5999999988203
5581.375000008139
2570.749999998757
3941.325000006007
4608.550000005698
1974.2249999993
2431.0999999992055
2754.4500000002436
2995.8499999983705
2505.049999998798
4264.450000004281
1758.4999999994961
3201.025000000952
3249.549999999762
4934.750000004469
1602.0499999995725
4511.800000005704
3271.0500000021757
4486.875000005516
3309.2499999980855
7448.950000012444
4272.4000000003525
4037.5750000058447
2253.299999999046
2976.7999999985213
3950.9250000059724
4751.925000005287
3499.099999999487
2372.5250000005344
2588.174999998742
2680.349999998658
5315.775000005864
3094.0999999993155
5092.325000005658
3567.450000002927
3472.8250000006274
2123.4749999990945
5857.8000000051225
6847.750000011612
3101.7250000021827
2204.6999999998693
6726.050000008417
4541.275000005533
4161.550000003921
6205.5750000084145
4494.225000004751
2505.2999999992912
6870.075000011493
4078.350000005448
4167.4250000061
6563.450000009669
3406.749999998063
3031.32499999869
6073.100000006671
2930.749999999508
2616.274999999181
4670.925000005339
1929.2249999993408
2056.349999999225
3156.225000000304
4006.70000000084
1710.9999999995393
7357.40000001084
4233.350000005603
3884.800000001428
2490.9999999998554
3164.5250000005117
4238.550000001854
3206.8000000019547
3150.525000000308
3373.524999998561
2028.0249999992511
4623.250000005903
3393.7750000002143
5691.575000003175
2132.299999999278
4494.325000005496
2610.2249999987216
2226.4249999994595
3384.299999998163
6224.750000010098
2075.9749999992073
1615.2249999996266
1834.224999999306
2631.3499999987025
4735.300000004823
7178.0500000094735
2570.9249999987574
2230.249999999067
2565.3749999991446
7423.975000012815
4142.250000002525
3473.0250000031724
6180.775000008256
2451.349999998866
2882.3750000001855
4369.375000005323
6923.000000008204
3587.6250000015434
4338.050000002613
3299.5500000008587
3073.324999999361
4008.5750000057656
4495.30000000488
2780.899999998775
1799.5249999994362
2214.4249999990816
7642.50000001212
2124.5749999992204
2952.62499999841
5032.250000002565
4112.3250000051075
4567.3000000057555
3952.750000001166
3287.7749999998555
4070.250000006132
3034.6249999983356
2421.4749999988894
4592.550000004869
2516.0999999987625
3784.175000001288
2406.199999998907
2056.0999999992255
2379.9499999989307
3542.9500000021753
1863.149999999398
4482.850000005148
2391.749999998903
4958.525000004669
2687.5249999995985
5280.000000005204
2280.074999999939
2607.9999999996317
4303.875000001066
1708.949999999435
4729.0000000044065
3705.7500000019313
4027.6500000018523
5657.9750000036165
4208.475000005615
3869.125000000186
6575.5000000111195
1925.5499999993444
6550.750000010932
4350.350000000268
6467.750000007674
4756.300000005964
5486.325000006806
2975.574999998874
6238.9750000078375
4458.050000004654
2689.75000000087
2393.7249999989185
3236.375000000546
4581.400000002592
2707.9000000004626
2991.274999999331
4462.325000003879
7858.750000011815
6660.775000011539
2201.774999999093
5172.825000004598
8312.25000001271
4598.825000004928
4926.275000006502
9515.725000017086
2848.025000000977
4603.300000004938
2610.274999998882
3944.250000002415
1792.8499999994651
3995.725000001735
3409.7749999980124
1640.5249999996036
4845.175000004752
2473.4500000005846
2469.924999998849
6660.100000011091
3773.350000003051
5673.475000008472
3061.5500000025268
5928.250000006616
4782.050000005415
2678.6250000004993
7536.850000011014
4260.3500000049735
1887.774999999358
4171.05000000348
3285.7749999998673
2334.1999999989725
4328.5000000027185
3628.399999999447
4194.125000003001
3133.5499999987005
2828.424999998523
4484.350000005785
1454.4749999997339
6466.975000011347
4083.050000005326
1419.274999999772
3464.1000000009826
2284.5499999992044
5013.100000005443
3679.2750000014953
5524.325000006073
3588.949999999784
4822.30000000489
2811.6249999987526
1764.8499999994906
3185.2499999981983
4353.225000005128
2640.09999999925
2870.0999999987243
5106.100000003004
7077.0250000094475
3538.300000000567
3870.050000001397
7071.57500001193
5703.250000005496
3023.7499999983456
5184.750000002843
2519.224999999266
3056.3499999995597
5250.375000004431
7209.425000011662
2059.274999999223
5928.075000009006
2620.9999999990428
2641.900000001122
3369.100000001924
6129.200000010367
4308.550000004061
3081.5749999991617
1970.7999999992273
9520.525000017104
3363.800000001876
6616.825000011451
3720.00000000144
5665.850000006816
6982.075000011534
2246.49999999955
1810.9999999994484
4797.200000005436
2699.3999999986404
2438.0249999988782
3942.8999999999123
2383.974999998927
2786.299999999147
4458.725000004579
2203.024999999092
4118.825000005292
2687.574999998651
4838.900000005557
3051.2749999994003
3713.275000000206
5925.525000007319
2939.0500000003804
5191.225000004113
3082.749999999241
4279.725000005936
3773.050000006009
7278.000000010981
6544.200000012243
4655.225000004602
1810.5499999993676
4086.325000001226
6013.250000007393
2893.525000000199
4941.775000004659
6257.10000001082
4672.325000003391
2769.7750000015385
7695.300000012436
2751.0999999986366
3658.900000005012
2981.024999998707
2929.699999998431
4614.200000001689
4456.475000005025
5584.2500000068485
4290.300000005162
1916.7499999993522
5727.400000006543
2080.3499999992036
5333.550000004668
2186.599999999107
4949.625000004556
5502.725000005923
3069.5249999985153
2535.09999999879
1818.5999999994415
4684.750000004829
4006.8500000057143
2564.9999999987626
5346.800000006495
4989.975000007306
4501.375000005534
5577.625000006257
5978.02500000686
4753.825000006025
6022.825000009305
2281.8249999990203
2949.2750000010933
2430.199999999381
2767.0750000012285
4185.125000004051
5728.250000006588
2191.049999999095
6315.175000009849
5569.07500000689
7569.7250000133245
2113.574999999173
6885.300000009228
3394.525000000223
5577.500000006115
3288.2750000007727
3975.6000000026725
7089.50000000826
4417.30000000421
4234.650000003694
4520.525000004763
4849.150000005437
5321.575000006579
1880.2999999993328
7745.2000000106445
4064.475000005651
2865.8499999987966
7199.150000010225
3928.2000000057205
2311.0499999989934
5343.575000005545
4678.55000000554
4275.375000003807
5849.375000005341
3187.5250000021438
5076.750000004852
1873.5749999993914
3811.5250000027827
2716.0249999986254
5767.475000009229
3065.7750000036353
3673.3999999998787
5147.325000005438
1974.9749999992937
2104.899999999181
5513.825000005712
8194.800000013178
1824.7499999994359
7262.75000000889
5962.0500000049615
1997.8499999992785
6533.475000009461
9458.300000016876
3876.7250000058534
4087.650000005702
2984.999999998584
3154.399999998605
4344.200000002522
4696.125000002857
5407.47500000784
3701.975000001954
4302.000000005444
1821.224999999412
3211.049999998273
1234.4999999999336
3218.2749999982434
1738.8249999995141
3141.725000001273
4241.125000000229
4401.6000000010035
4201.850000006035
6231.550000007354
1872.3249999992825
5136.52500000784
5561.525000005105
4201.550000005021
2657.250000000393
4903.325000004413
2003.5749999992545
2700.5999999986393
4288.575000003897
1647.6749999995968
2698.9749999989285
3246.750000002843
5166.525000003802
6403.5750000092285
7906.725000013406
2864.574999999444
3436.849999998694
4497.550000005295
7653.975000011612
4233.325000005427
4220.650000000275
3836.8000000013512
7092.075000008717
3398.4750000030745
9121.575000017687
2980.3999999993675
4818.075000002007
4246.700000004949
2868.000000001729
3661.825000000759
3867.5500000046086
3192.7500000014475
2511.8499999988107
2094.074999999191
3550.849999998843
4319.7000000025
7169.7500000107175
2612.2749999987195
6049.775000005579
3144.6249999989036
1905.2999999993626
5711.100000006535
2446.2500000000255
6295.7500000086375
4719.075000005145
2507.22499999915
5151.2250000058975
3760.825000002629
3640.5250000002097
3302.399999998423
2418.1500000004085
2206.575000000098
3329.299999998575
3352.3000000003503
4641.275000003079
7162.350000011332
2548.3749999987776
5591.775000007738
6319.550000006791
3069.2000000013877
3495.575000000517
7111.725000011743
5143.900000004432
4466.525000002683
2921.600000000373
5465.625000006343
2001.0749999992754
4600.225000005321
4369.3000000057555
4187.600000005027
6988.975000009625
2663.2000000000044
4031.1750000062557
5654.475000006735
3930.0500000027437
1920.049999999349
5229.500000007451
5133.875000005155
3227.374999998805
4705.77500000456
5030.625000005315
4346.075000001792
5559.300000005742
2390.874999998921
5929.050000008441
6714.700000011846
3213.924999999078
4882.125000004459
2714.5249999989933
5109.600000005686
3716.775000004594
1892.3249999993745
4971.725000004319
2065.349999999217
3015.249999999483
3988.7750000022
3376.525000000059
3794.8000000024595
5385.275000003482
4149.125000003536
4737.7750000034175
3151.074999998471
6226.825000010868
4087.775000005124
4056.5750000001794
5017.475000005637
7574.275000010985
5426.500000004643
3119.6999999991726
2687.524999999951
5349.325000004943
3576.1250000018235
3099.0999999987584
4978.6000000045715
1937.2749999993268
5476.7750000049155
2746.0000000002897
2660.6249999991655
4776.150000002993
4291.000000005156
3483.1499999998055
3838.5000000007185
3257.0999999989917
4479.050000005895
7030.075000008044
5724.800000009151
2898.100000000543
5562.775000004935
2897.7750000024157
4662.775000000298
6462.350000009943
5423.9000000056185
6008.450000006462
6423.075000006591
3061.2749999996813
2488.2749999988323
4634.575000004834
5175.975000006546
4916.525000005575
1971.249999999256
5081.825000004534
4097.750000002743
3573.300000003588
3473.0500000001257
5393.100000003014
5685.1000000041595
4769.275000005608
4891.475000006753
