11461.400000024165
11091.200000022818
11043.100000022643
3716.1999999977156
2654.3999999986813
11074.100000022756
2699.4999999986403
10681.100000021326
2621.3999999987113
2325.3999999989805
3318.1999999980776
11106.200000022873
7841.100000010994
8384.10000001297
11150.200000023033
11407.400000023968
11139.200000022993
4176.1999999976615
4534.199999998964
6002.2000000043045
7402.600000009399
4753.199999999761
3573.699999997845
10901.100000022127
4524.499999998929
5402.200000002122
11066.200000022727
2175.299999999117
8446.400000013196
6392.600000005725
11055.200000022687
3627.1999999977966
11748.200000025208
8274.600000012571
8685.300000014066
2922.2999999984377
11815.400000025453
6708.1000000068725
3422.299999997983
6788.1000000071635
11058.100000022698
1746.0999999995074
11311.40000002362
11839.20000002554
8133.400000012058
10900.100000022123
9924.100000018572
7121.100000008375
3807.2999999976328
10900.100000022123
8217.100000012362
11383.20000002388
6005.200000004315
3101.4999999982747
9729.100000017863
4548.299999999015
11326.400000023674
4205.299999997767
3240.2999999981485
6025.200000004388
11382.400000023878
11702.600000025042
1936.4999999993342
2058.3999999992234
11693.50000002501
5594.3000000028205
8013.00000001162
7402.100000009397
2836.299999998516
11073.200000022753
11336.000000023709
6265.100000005261
11378.400000023863
11570.20000002456
11701.000000025037
9033.600000015333
11086.2000000228
10905.100000022141
11072.200000022749
11741.500000025184
4144.199999997545
4594.699999999184
4748.299999999743
11072.200000022749
7480.800000009684
6924.200000007659
8262.400000012527
11379.100000023866
8776.100000014396
4493.3999999988155
9846.100000018288
11081.100000022781
3595.1999999978257
4712.299999999612
4244.299999997909
11081.100000022781
11380.20000002387
8021.30000001165
10907.100000022148
7257.400000008871
11028.200000022589
10900.100000022123
2889.2999999984677
4394.599999998456
11738.100000025172
11370.100000023833
11068.200000022734
11860.400000025616
11683.200000024972
2143.0999999991463
3686.199999997743
11372.10000002384
11093.200000022825
2710.4999999986303
11114.200000022902
10901.100000022127
10207.100000019602
11371.100000023836
11069.200000022738
11316.300000023637
10900.100000022123
11521.400000024383
11360.300000023797
10901.100000022127
6687.400000006797
11631.200000024783
11147.200000023022
11410.40000002398
6116.30000000472
4252.199999997938
5564.100000002711
10904.100000022137
4900.600000000297
5696.200000003191
10900.100000022123
3393.2999999980093
2957.199999998406
11353.400000023772
9513.600000017079
10581.300000020963
11050.200000022669
3509.199999997904
10173.200000019478
11100.10000002285
11285.300000023524
11397.400000023932
11708.400000025063
5301.100000001754
3291.199999998102
10905.100000022141
6731.100000006956
9384.000000016607
11089.10000002281
9873.600000018389
5776.100000003482
3915.1999999975346
10285.100000019886
11378.100000023862
9497.20000001702
11621.500000024747
5874.200000003839
4016.4999999974425
11630.60000002478
11759.60000002525
10902.10000002213
11571.400000024565
11122.20000002293
4515.499999998896
5496.100000002463
5257.400000001595
2886.2999999984704
11159.000000023065
5830.100000003678
6736.000000006974
2435.5999999988803
5954.1000000041295
4398.49999999847
11387.400000023896
10903.100000022134
3248.699999998141
6869.300000007459
11069.200000022738
6685.100000006789
2681.199999998657
11078.10000002277
3806.1999999976338
11196.2000000232
5760.100000003424
2257.1999999990426
11051.200000022673
3234.399999998154
5263.400000001617
4854.200000000128
3179.199999998204
2527.5999999987966
2877.1999999984787
6606.200000006502
10901.100000022127
10105.400000019232
10901.100000022127
11350.30000002376
2776.3999999985704
9874.300000018391
3553.4999999978636
4657.599999999413
6827.100000007305
10906.100000022145
2820.0999999985306
4524.299999998928
6519.000000006185
6103.1000000046715
11110.200000022887
7497.100000009743
11696.60000002502
4902.200000000303
11088.200000022807
3532.299999997883
1970.1999999993036
11311.100000023618
3944.599999997508
6962.300000007797
11331.400000023692
7072.3000000081975
8787.300000014437
11783.100000025335
6295.10000000537
2276.0999999990254
2690.3999999986486
3936.4999999975153
5716.200000003264
11255.300000023415
5650.600000003025
3360.2999999980393
4309.399999998146
5322.600000001832
11437.300000024077
4289.399999998073
4408.1999999985055
10901.100000022127
7050.6000000081185
6073.100000004562
2941.49999999842
11774.400000025304
2188.1999999991053
10900.100000022123
10416.500000020364
11330.100000023687
4357.29999999832
2977.2999999983876
4370.399999998368
11726.300000025129
11072.200000022749
10901.100000022127
3626.1999999977975
11449.30000002412
11317.30000002364
8144.100000012097
10901.100000022127
9018.200000015277
5063.70000000089
11647.20000002484
11380.20000002387
5437.000000002248
11236.100000023345
6388.100000005708
8628.200000013858
3023.4999999983456
5396.2000000021
2126.1999999991617
5227.700000001487
2676.499999998661
2915.299999998444
4249.199999997927
11416.200000024
11370.100000023833
6604.100000006494
7490.100000009717
11436.300000024074
2582.399999998747
5487.1000000024305
5283.100000001688
3154.3999999982266
3318.5999999980772
3691.1999999977384
4188.399999997706
7399.100000009386
2520.0999999988035
3336.599999998061
2974.1999999983905
11069.200000022738
3482.1999999979284
11354.200000023775
5964.400000004167
8547.200000013563
11694.200000025012
6041.200000004446
4559.399999999056
4135.399999997513
11768.300000025281
6667.300000006724
11298.300000023572
11088.200000022807
10901.100000022127
3964.49999999749
10901.100000022127
11320.00000002365
3059.299999998313
6835.1000000073345
5234.10000000151
4396.299999998462
7213.10000000871
4812.499999999976
8093.2000000119115
11752.100000025222
3225.299999998162
10901.100000022127
6756.2000000070475
4846.300000000099
9238.100000016077
11436.400000024074
8519.300000013462
2953.1999999984096
5051.100000000844
10903.100000022134
11055.100000022687
4509.199999998873
11858.40000002561
1693.2999999995554
5573.100000002743
11286.300000023528
11593.500000024645
4073.3999999973908
7190.200000008626
2382.199999998929
2672.399999998665
3546.1999999978702
11848.600000025574
8990.300000015175
11088.100000022807
6526.10000000621
11385.300000023888
11092.200000022822
4301.499999998117
11075.20000002276
7544.100000009914
10902.10000002213
6462.200000005978
11604.200000024684
3142.1999999982377
3659.599999997767
4011.499999997447
8080.200000011864
3016.0999999983524
4448.199999998651
8754.600000014318
11640.300000024816
7742.400000010635
5753.000000003398
5928.300000004036
11097.20000002284
4155.599999997587
2610.2999999987214
11298.300000023572
11149.000000023028
7723.5000000105665
8675.30000001403
3986.09999999747
3863.4999999975817
11398.100000023935
11101.200000022855
6282.100000005323
11281.30000002351
11433.400000024063
9974.300000018755
11815.000000025451
11088.200000022807
11382.400000023878
4875.400000000205
5021.400000000736
10901.100000022127
3608.2999999978138
2825.399999998526
11110.200000022887
7926.100000011304
3929.6999999975214
10573.600000020935
10137.200000019347
8248.700000012477
3493.499999997918
11336.30000002371
3638.3999999977864
8669.200000014007
2669.3999999986677
5784.200000003511
10900.100000022123
11344.40000002374
5598.300000002835
5208.200000001416
11318.300000023644
11427.20000002404
11671.50000002493
11799.300000025394
6037.100000004431
8265.200000012537
11710.10000002507
7425.100000009481
3236.399999998152
3906.2999999975427
7240.400000008809
8854.20000001468
1731.199999999521
11119.00000002292
11509.200000024339
8035.300000011701
10901.100000022127
11455.400000024143
2965.1999999983987
3245.299999998144
10901.100000022127
9068.100000015458
11367.300000023823
11447.200000024113
4084.199999997381
4249.699999997929
2577.1999999987515
2834.5999999985174
4178.199999997669
11351.400000023765
8825.100000014574
8390.100000012992
11459.000000024156
5945.500000004098
11124.000000022937
11072.200000022749
8332.400000012782
8065.40000001181
11123.200000022935
4216.299999997807
6261.500000005248
10901.100000022127
8034.1000000116965
4461.399999998699
1564.099999999673
8742.100000014272
5018.100000000724
5436.200000002245
4385.299999998422
11138.20000002299
4664.299999999437
6498.200000006109
11644.40000002483
3103.299999998273
9130.200000015684
1601.1999999996392
4797.199999999921
3412.199999997992
2737.199999998606
6892.200000007542
4918.500000000362
10900.100000022123
11395.400000023925
11584.200000024612
11628.200000024772
3152.4999999982283
3167.199999998215
3427.499999997978
11439.400000024085
11609.600000024704
11082.200000022785
3211.4999999981746
7454.100000009586
5087.200000000976
11085.200000022796
7228.300000008765
9417.100000016728
3217.2999999981694
11643.400000024827
3596.5999999978244
11348.300000023753
5634.200000002966
4884.300000000238
10901.100000022127
3483.0999999979276
11498.5000000243
11697.000000025022
3329.2999999980675
4290.399999998077
5502.400000002486
3772.2999999976646
3892.3999999975554
10271.200000019835
2644.69999999869
6438.200000005891
5327.300000001849
10614.100000021082
2906.499999998452
11649.60000002485
7629.200000010223
11472.000000024203
3732.099999997701
11083.100000022789
5322.400000001831
11556.000000024509
3108.1999999982686
4102.299999997393
11606.200000024692
11380.40000002387
4997.400000000649
5447.100000002285
3412.099999997992
3683.1999999977456
11340.300000023724
4942.200000000448
11552.500000024496
8443.300000013185
6351.200000005574
3877.399999997569
10907.100000022148
11574.400000024576
7441.40000000954
4766.099999999808
11685.40000002498
11571.100000024564
9893.10000001846
11351.300000023764
10904.100000022137
4488.299999998797
11781.50000002533
11106.200000022873
11719.300000025103
11391.30000002391
4085.29999999738
4299.49999999811
9681.40000001769
4953.400000000489
4504.199999998855
11484.400000024249
3156.6999999982245
3031.4999999983384
5762.400000003432
5610.200000002878
2115.5999999991714
11316.200000023637
11390.000000023905
7025.200000008026
5078.200000000943
6160.200000004879
6693.300000006819
7374.200000009296
5475.200000002387
4447.399999998648
3153.1999999982277
11058.100000022698
5947.600000004106
6523.3000000062
4276.299999998026
11501.30000002431
3402.599999998001
4335.29999999824
4221.199999997825
11321.100000023655
3208.2999999981776
2101.1999999991845
2775.0999999985715
3173.2999999982094
11139.000000022992
11795.60000002538
3408.4999999979955
3494.1999999979175
4411.4999999985175
11762.40000002526
8665.100000013992
8676.500000014034
11096.200000022836
3600.299999997821
5505.700000002498
11243.300000023371
11384.200000023884
7209.100000008695
8858.300000014695
5775.100000003478
5021.300000000736
11359.200000023793
7574.300000010024
4254.299999997946
2879.299999998477
3658.2999999977683
11092.100000022821
4051.4999999974107
3949.2999999975036
6277.200000005305
10906.100000022145
11729.60000002514
7033.400000008056
5485.200000002424
11678.200000024954
3700.19999999773
3993.2999999974636
11054.200000022684
3724.2999999977083
7141.3000000084485
3066.199999998307
3375.2999999980257
3808.4999999976317
6858.100000007418
2303.1999999990007
11311.300000023619
3602.299999997819
10903.100000022134
4837.400000000067
11421.000000024018
4812.599999999977
4954.1000000004915
7188.200000008619
3005.499999998362
9599.400000017391
7777.200000010762
7972.100000011471
10556.200000020872
11357.000000023785
6161.1000000048825
11305.300000023597
2376.2999999989343
11115.000000022905
6041.200000004446
11621.600000024748
11107.200000022876
9044.200000015371
4415.499999998532
9652.100000017583
10763.200000021625
5919.500000004004
4034.1999999974264
6163.000000004889
8992.300000015182
5598.200000002835
4719.399999999638
10110.100000019249
11081.200000022782
11577.300000024587
3042.1999999983286
10905.100000022141
11097.20000002284
11097.10000002284
10962.200000022349
11522.500000024387
6232.200000005141
11138.20000002299
4094.2999999973717
6892.400000007543
2500.699999998821
6493.10000000609
4106.199999997407
1792.4999999994652
11149.20000002303
5635.100000002969
3979.2999999974763
11367.200000023822
8818.100000014549
11749.400000025213
7680.40000001041
11500.300000024306
10901.100000022127
5629.300000002948
11060.100000022705
10903.100000022134
2460.3999999988578
9546.100000017197
5014.20000000071
3720.299999997712
8830.400000014593
4946.600000000464
6947.200000007742
4483.199999998778
3916.2999999975336
11700.200000025034
2024.3999999992543
11388.300000023899
11055.100000022687
1662.1999999995837
5922.200000004013
4191.5999999977175
11778.500000025319
7302.300000009034
11094.200000022829
5730.200000003315
11238.300000023353
4149.599999997565
2176.399999999116
3715.1999999977165
11087.200000022804
4611.299999999244
4184.399999997691
7748.400000010657
11282.400000023514
6290.200000005352
7307.500000009053
11745.200000025197
11349.300000023757
3446.6999999979607
7701.200000010485
4491.1999999988075
5187.100000001339
10900.100000022123
11080.200000022778
2585.299999998744
11526.300000024401
4375.1999999983855
6133.500000004782
7441.40000000954
11357.400000023787
7184.200000008605
4763.499999999798
3333.299999998064
11763.200000025263
7331.50000000914
11369.40000002383
7372.100000009288
11073.100000022752
11739.300000025176
4434.599999998602
2132.299999999156
10906.100000022145
3869.1999999975765
3563.4999999978545
6123.200000004745
3443.4999999979636
4544.299999999001
10612.600000021077
2726.199999998616
11072.200000022749
3806.2999999976337
11712.300000025078
5039.200000000801
5437.100000002249
11691.500000025002
5721.100000003282
10900.100000022123
4820.300000000005
11710.30000002507
11536.300000024437
11702.00000002504
11706.300000025056
10900.100000022123
2826.299999998525
5878.200000003853
11752.400000025224
5662.300000003068
11144.00000002301
11060.500000022706
8209.100000012333
6659.400000006695
11088.200000022807
4126.19999999748
10466.100000020544
4425.199999998567
3900.1999999975483
6673.400000006746
10917.200000022185
9354.200000016499
11096.100000022836
2406.199999998907
11480.200000024233
2900.1999999984578
11418.400000024008
2754.69999999859
11067.10000002273
10903.100000022134
4276.199999998025
2968.5999999983956
2488.0999999988326
11082.200000022785
11281.000000023509
3670.2999999977574
11641.50000002482
11104.200000022865
11499.100000024302
11705.300000025052
11370.300000023833
11756.600000025239
11766.400000025274
2985.1999999983805
6328.5000000054915
4477.499999998758
6351.200000005574
9989.100000018809
11078.20000002277
2852.0999999985015
10900.100000022123
11714.100000025084
11415.100000023996
3354.3999999980447
11123.200000022935
5920.500000004007
11093.100000022825
6363.500000005619
6304.400000005404
11800.100000025397
10286.20000001989
9621.500000017471
10911.100000022163
11670.300000024925
9842.100000018274
2327.5999999989785
11094.100000022829
11336.000000023709
4327.399999998212
11674.60000002494
11307.300000023604
3345.099999998053
11193.40000002319
11650.600000024853
9862.200000018347
7380.100000009317
7560.100000009972
11375.300000023852
2409.2999999989042
8547.200000013563
3383.499999998018
11654.500000024867
8771.100000014378
5393.300000002089
11886.00000002571
2479.2999999988406
2423.2999999988915
11405.00000002396
11382.200000023877
2196.6999999990976
11675.400000024943
11044.200000022647
2493.199999998828
11085.200000022796
11405.30000002396
11319.300000023648
11350.30000002376
4172.099999997647
4279.199999998036
6919.2000000076405
9127.200000015673
11418.200000024008
7740.400000010628
11308.300000023608
2893.199999998464
4160.099999997603
1565.2999999996719
4093.3999999973726
2363.199999998946
6636.500000006612
5592.400000002814
7518.100000009819
11684.000000024975
11427.20000002404
3053.1999999983186
11470.200000024197
11124.000000022937
10900.100000022123
5523.400000002563
10296.300000019926
2849.199999998504
3745.299999997689
9746.100000017925
2283.299999999019
4336.299999998244
8172.1000000121985
7790.100000010809
11078.20000002277
11772.000000025295
4933.100000000415
4730.199999999677
11322.000000023658
10333.10000002006
11306.3000000236
6160.600000004881
6294.200000005367
10900.100000022123
8433.60000001315
11611.600000024711
4881.200000000226
7522.200000009834
10902.10000002213
6847.300000007379
6039.300000004439
10235.200000019704
6898.000000007563
3454.199999997954
2722.2999999986196
4557.199999999048
8337.100000012799
11409.100000023975
3859.1999999975856
8701.400000014124
4434.499999998601
2921.5999999984383
10903.100000022134
5078.200000000943
11297.300000023568
11372.30000002384
4282.399999998048
11073.100000022752
8447.100000013199
6141.000000004809
4383.199999998415
5401.400000002119
5016.400000000718
4293.2999999980875
6034.200000004421
8827.100000014581
11218.20000002328
3173.2999999982094
11670.400000024925
11850.30000002558
6799.100000007204
6313.300000005436
11692.100000025004
10905.100000022141
9024.300000015299
5670.400000003097
11409.400000023976
2734.1999999986087
11391.000000023909
11569.100000024557
10901.100000022127
11797.300000025387
5289.10000000171
11691.300000025001
10366.20000002018
8644.600000013917
2222.1999999990744
11423.300000024026
11666.40000002491
4642.299999999357
10901.100000022127
11680.20000002496
8142.20000001209
11395.000000023923
3727.3999999977054
11469.200000024193
11615.400000024725
4509.299999998873
10914.100000022174
4324.2999999982
11314.30000002363
10087.100000019165
2452.399999998865
10900.100000022123
2835.199999998517
5079.100000000946
7005.200000007953
5644.400000003003
7658.100000010329
7405.50000000941
9555.10000001723
8178.00000001222
4256.499999997954
11214.200000023266
10900.100000022123
5720.800000003281
11740.20000002518
11793.200000025372
7137.400000008434
4847.300000000103
5179.20000000131
11100.20000002285
7542.400000009908
4365.699999998351
10901.100000022127
2400.1999999989125
7957.400000011417
5569.100000002729
4482.499999998776
7291.100000008993
11066.100000022727
5314.500000001803
6776.20000000712
4737.399999999703
11780.400000025325
11354.200000023775
11779.10000002532
5844.30000000373
10999.100000022483
7504.300000009769
6441.100000005901
11072.200000022749
11112.200000022895
10901.100000022127
11300.300000023579
5296.100000001736
3199.199999998186
11061.200000022709
11094.200000022829
11585.000000024615
2977.2999999983876
11124.200000022938
8770.100000014374
9138.100000015713
5597.400000002832
6667.200000006724
10537.100000020802
10594.30000002101
11086.2000000228
