445.5438000001889
299.33753999999885
348.3266700000436
225.02806000001564
217.7016899999951
390.69408000007553
264.74143000000396
258.97578000001533
260.90925999999723
287.5252700000105
281.39937000000833
403.77101000013965
278.6004399999936
360.0885800001056
357.5093100002307
338.91515000003847
371.340470000196
267.1783999999946
331.2557199999955
320.24585000004026
393.4456300001165
325.22284999997186
295.7997799999989
346.31115000005343
319.82495999997525
305.6933499999829
252.94787000001764
251.97219000001326
368.2505300001399
283.39460000001793
421.17828000028027
317.2362999999837
428.78847000024484
320.6056899999692
280.87116000000134
270.59089999999776
446.76750000028557
240.80197999999945
293.94449999999614
358.12083999996156
309.4383600001219
242.8965900000198
368.40862000023685
333.2402599999786
231.02035000001467
265.1998199999865
282.735770000013
351.46194999998806
250.1875500000186
389.55679000010207
275.04101000000736
425.47928000021346
360.34007000003066
290.643919999988
336.45836000018403
277.84750000000884
308.56402999997454
357.9885999999567
270.41430000000355
381.2543200000311
445.104640000309
388.4220100002253
260.74544000002487
263.0739600000072
342.45112000004417
245.9440700000116
318.32174999999523
261.4203300000045
244.68344000000718
288.4898699999884
248.68861000001573
269.6262000000077
285.85249000000897
443.38910000020434
360.236560000255
333.149459999965
289.4009300000103
389.25465999997937
353.2012800002387
401.54011000022734
243.87197000001754
310.0634899999974
246.1539900000158
282.5219099999994
391.09397000007516
310.5573599999717
307.21797999997904
359.80369000025115
341.2330600001489
294.08168999998776
324.5745199999774
316.54626000000115
310.83322000001283
307.6347200000073
247.2681600000251
365.7668700001263
504.6500200004326
319.203050000022
338.32758999998737
287.2414500000862
321.739749999963
347.73948000008863
263.3890000000074
231.97557000001896
349.0107499999719
398.44630000021294
344.8876199999727
501.48721000025597
542.1300300004002
289.2137900000176
264.6560000000088
389.4496700002302
405.57144000021754
255.89206000001758
302.4784300000126
349.7926999999706
270.11988000000457
419.95898000021873
323.7524999999851
304.10339999998456
295.69434999999606
364.99089000022747
372.30362000024354
392.01909000022954
346.36900000003266
365.61111000024675
369.0564199999753
288.43812000001145
260.30214000000126
278.76663000001116
234.39735000001576
301.7411799999908
347.5787899999983
276.6878499999937
395.7992600002442
258.2564200000124
286.2490699999996
312.008540000006
340.7986900001851
248.36367000001312
474.8012100002028
244.22534000001065
339.78460000021454
352.1507800002416
324.87336000024817
507.3217400004585
440.5020600002442
325.80405999996356
279.9956700000124
307.39800000000815
242.26733000001306
394.73727000012207
313.2566099999968
370.3724500001821
301.6340400000031
314.61972999998704
373.0873800000483
399.4041100002001
325.041200000005
284.095169999992
357.2943999999793
269.0991300000163
391.4247300000474
408.4763600002404
272.23957000001667
381.6052600002437
381.898420000065
309.8649799999883
327.7238799999835
303.42040000000486
228.87357000001796
344.5635199999724
303.15836999998993
334.02894000006853
228.6406300000183
304.59806999998955
314.77611999997845
277.5680100000013
342.5769399999622
281.2050600000022
296.72448999999415
270.570860000013
392.36739000004985
307.6818100000204
262.51388000000446
243.41303000001128
516.4484900003476
320.78893999999
250.68431000002084
245.61479000000807
283.8458499999904
302.372329999982
341.5320399999912
271.74390999999946
280.1856200000147
259.03150000001466
314.16459999998693
383.3185300000876
256.39264000000503
351.8514300001376
436.2278800001906
243.12513000000226
313.566100000014
329.4625899999425
319.4216299999829
318.48919000003923
328.89890000001316
283.34891000000385
280.06684999999993
449.059649999986
356.7994899999698
335.708769999979
314.3433399999912
355.7306000002539
316.64685000000105
258.10390000001894
255.7816000000215
267.51999000000944
265.3032300000084
221.3216200000155
316.3367200000815
278.5939799999971
298.28974000000784
258.9415300000153
456.9435900002076
365.8525199999883
262.0629000000136
260.0594800000084
363.6785299999623
319.9764199999907
346.02469000023535
327.27380000003296
288.99626000000603
329.3772499999826
296.49298000002835
425.3971200002314
258.37716999999924
312.31068999999377
320.9701199999899
329.3923200000089
302.47251999997553
291.86471000002183
429.6811400002266
276.09276000001626
402.4395500000109
302.59368999997156
281.1024300000484
283.1200499999788
299.23035999998507
211.49461000001494
740.5088000005254
254.35264000001698
297.2004300000028
324.7043499999608
436.29756000021285
314.94242000008256
295.2805399999779
271.1162700000109
383.68788000015013
255.06691000000993
395.7889000003029
439.0142600002473
422.29992000000055
410.2291500002447
248.40078999999332
284.73689999997646
229.54685000001686
336.33948999996215
274.4149000000091
359.2610899999768
278.25953999998245
257.1353700000204
318.18053000000384
456.7908800003516
444.32365000044564
308.5209399999714
362.8656799999749
546.0057500005415
250.25640999999413
325.6725999999847
327.1974699999626
374.436699999983
243.6964900000125
252.19323000001273
293.8615199999874
434.2083300001087
321.6313000000081
241.36051999999282
240.88018000000986
259.4844800000123
242.93961999999638
377.36710000023305
248.44138000001448
368.8648900001198
393.22025000023694
346.61403999999993
273.2083600000041
294.2347999999772
314.2048499999875
247.90388000001622
238.05607000001626
310.3410599999854
380.5972800002289
279.345149999992
262.7298200000192
392.9974100002098
300.50979000000876
330.2545600000322
289.17454000000566
301.856570000017
330.099669999995
319.5801499999757
360.5606800001609
498.15048000049734
319.45227999999173
260.41048000001285
388.7465900000414
271.4688200000019
277.32510000000855
293.88119000001035
343.4422300001332
268.8273000000176
280.354529999994
381.4060900001951
255.48560000000543
302.19768999998234
456.9728100002533
215.0553800000136
240.6106700000139
364.0348700002111
246.85710000000208
241.55080999999132
343.3395300001027
260.2838600000075
263.8155700000044
259.17768999999834
460.42056000022524
296.0450500000009
341.88806000000653
306.833789999973
283.92435999999327
344.9097700000307
292.3767199999996
434.6373600000868
334.8132499999975
277.7000600000182
313.785490000004
383.1853400002399
277.9116100000016
302.3667699999645
225.8352399999925
248.04107000001488
276.8003399999985
295.667389999989
231.16685000001806
382.703370000242
445.2477700001151
310.08732999998176
409.45234000000215
366.7387200001043
304.93423999998515
232.23624000001072
352.04831000024154
428.9228300002138
317.8432499999838
287.0221100000089
348.03042999995006
286.169300000008
291.42202000001555
354.9063100002415
270.3187600000012
359.97913000025153
404.1356500002241
323.65249000002007
289.0078600000248
400.2185100002083
386.12700000005344
206.5396000000088
314.53305000001194
279.7758600000114
273.84327999999425
260.1940200000049
274.643020000011
378.1361399999577
273.0132899999922
446.5314300001946
248.95818000001688
524.900000000117
380.4142899999449
328.2787099999772
257.5305700000179
312.6153799999892
242.67709000000622
294.30889000001554
283.46044000000734
353.11316000003023
254.8272499999956
263.9042600000184
353.8948700002397
320.2817800000051
373.59448000024975
352.3065399999635
300.9640599999886
421.05403000013973
467.3202200002711
333.77044000000717
329.26052000000277
366.905979999998
361.9830200000765
441.54725999994577
271.2242300000243
338.5527999999846
386.5716799999723
359.76590000009196
299.700930000006
308.1449000000048
243.75384000000355
224.29493000001682
271.94928000000596
280.67477999999954
439.0298800002035
393.03846000023543
295.70579999998165
316.6605599999742
234.1759300000193
293.2214099999963
258.59154999998714
542.0151600004807
294.6190200000013
351.66182000002317
329.31095999999957
416.86296000001175
385.2122600002309
316.7319699999815
357.4343400001296
365.2264200000848
409.0144900002163
285.66836999999884
321.7514100000471
299.3737500000083
235.9537400000167
285.1440699999776
233.3532400000135
359.49497000012985
273.45821000000444
316.9793699999928
262.31914999999685
396.4265800001677
314.7216899999823
245.65999000000176
396.74927000024087
287.93961999998834
347.05127999999064
241.17475000002173
268.140540000013
265.4385000000043
228.70566000001668
365.14837000001137
239.026199999999
359.8673399999723
386.39538000022395
374.11811000024215
370.38244000024497
347.87948999998036
294.9115000000083
235.66794000001312
341.5278999999793
381.47621000028494
307.932229999985
309.0346199999794
294.2958999999861
222.04210000001788
374.4046900000007
254.83616000001976
292.65179000000745
291.72297999997863
420.8983100002169
311.2389499999822
440.7840400003168
290.32146000000705
301.5701799999842
400.6524799999933
348.6094499999722
367.37571000022575
266.4324100000158
255.84546000001188
255.16704999998726
295.6011199999879
288.65500999999887
274.31854999999007
361.6006700001282
294.86374000000495
298.09105000000756
271.9479600000092
332.5850099999896
228.03847000001363
356.31593000026373
283.2636499999828
435.2280900002599
337.61055999995597
466.7051200001122
293.36667999999753
374.51783000022317
286.78980000000485
322.2605599999895
398.69431000022223
366.23827000023664
279.5228800000012
263.79561000001087
323.51453999998046
298.0925399999966
277.99884999998653
330.88584999998636
233.10160000002188
300.8022600000133
299.6846999999891
241.41750000001494
421.219789999947
515.5686700001917
277.4240700000011
315.6857799999902
262.97508000001
387.7263200002111
331.646899999986
454.93879000033826
381.11676000023033
319.3922899999887
460.3488700002042
307.59108000001794
266.8220100000263
321.1778799999943
360.2860099999838
332.86241999996656
362.7498600001769
286.9653100000132
281.0860799999922
369.8921499999866
226.0153300000186
310.07884999998396
304.95057000001157
329.9432199999712
240.30213000000188
363.9394100002395
364.860630000249
348.5250100000651
316.08110999999246
280.9964299999813
352.09201000004913
274.4097399999831
281.571299999985
284.8612199999905
235.57268000001156
320.1389499999999
303.7833900000507
368.07201000007245
238.0387300000119
320.3140300000261
296.7099999999923
337.15210999998584
284.0257699999839
367.43038000025075
280.2721600000099
255.17707000002335
269.88554000000306
260.49039000000613
464.7032800002375
368.2148199999436
302.27925999998854
288.7132400000066
310.2052199999872
322.4168500000089
255.5632500000109
272.52463999999713
329.7584000000524
263.78283000001085
296.2035099999962
368.43812000024855
345.3259199999756
316.2329900000013
331.9130300001469
305.7145299999965
284.6013699999891
403.81606000023834
399.6734100002375
291.6166700000004
248.2060200000043
294.8067599999849
327.176309999972
224.52803000001376
284.70113999998057
366.2966400000398
279.1988499999941
245.26149000002283
371.3529300000737
280.3158599999951
260.9651500000109
305.9200999999987
289.8956099999977
328.63660999996466
254.33629999999684
374.74689000008266
290.5691599999827
270.72138999999606
268.66183999999345
229.72656000001334
274.01255000001044
283.17325999999287
326.0011699999573
310.81827000000806
311.84200999999314
309.42082999999394
276.0039200000103
280.8013999999877
303.83030000000656
247.63853000001404
352.4303000000157
357.49140000007986
319.1370899999858
454.2131700001651
255.78897000001206
348.83546999997617
243.75149000001124
313.15776000001017
371.4318400002386
347.3772399999629
259.3837500000076
415.60115000022614
305.67769999998904
324.60052999997265
350.8316700001033
357.2346599999612
284.67202000005267
240.74763000000604
282.74761000000774
368.09551000014125
297.1875100000309
284.45814000000627
299.567669999978
388.55824000007533
408.42192000022084
297.5493299999896
358.53983999998707
343.0309900000361
487.01912000045246
444.95981000033606
431.97413000022766
300.45150000005395
309.9364199999958
313.40380000000624
295.397510000076
267.42985999999877
379.79121999999444
335.5822499999564
270.5738700000184
352.5204099999872
288.94199999999694
243.54128000001094
276.0231900000206
352.7690899999772
434.6248600002438
334.0650500001019
372.21773000021693
313.9396799999963
350.2679599999995
303.4710499999869
295.53121000001806
296.11401000000063
343.9041500001672
264.01589000001337
273.450729999999
416.4542400001163
282.14173000000045
339.80988000005425
288.5068300000081
270.5474800000142
426.57842000029143
237.32412000001423
376.815960000251
366.9888400001589
246.73367000001946
286.52959000004125
301.8647799999781
430.6213100002283
341.2168500000977
399.49912000019964
364.965790000027
415.143549999965
294.5270099999997
271.1038400000182
405.99849999996144
318.01731999998896
282.0494000000028
298.5477099999819
368.24391000010246
436.8079600002371
309.0078799999929
373.87747000008466
299.2476800000162
397.896640000021
372.3980899999476
431.5274399998979
295.2988900000032
306.5317599999988
315.39824999997916
297.6052899999983
289.3957600000005
224.5203400000202
278.50245000001553
244.44570000001667
320.8387600001059
374.4241500002411
352.70865999998057
251.3370300000216
283.0379000000044
518.6730000003201
365.2503500000917
489.31585000046965
315.0143700000087
464.01087000024273
395.41165000022795
252.92919000002084
261.7532900000135
350.015039999992
293.96348999998986
278.66671000000144
341.60213999997376
283.9017700000125
321.7969000000059
329.1730799999807
326.1669799999903
279.5068800000024
311.31321999996106
412.45672000022336
285.38101999998145
313.0711900000031
411.6772900002062
312.4241200000468
326.41691999997914
318.3011799999862
405.7101100002323
306.94098000025156
315.9952799999743
355.9191500002628
322.29896999996794
253.23195000000516
271.52733000003343
312.8275500000159
261.95125000002326
309.8637400000076
287.1369899999969
411.2956899999566
289.0085699999866
335.12960000004153
244.0374599999941
275.1709800000155
240.5056700000114
346.25612999996366
397.3361800000294
234.36244000001105
397.14001000009006
397.3822900002282
276.78731000000795
358.817130000036
277.26859000000985
399.99477000022233
331.29616999999496
301.95853000005786
337.3673099999733
326.40370999998584
257.216170000011
275.8877199999962
277.4022899999994
234.09002000001635
304.6052400000096
246.2672900000046
290.2670699999984
345.931089999993
459.4741200002312
303.40055999999055
333.68807999998864
365.6705200001236
239.7414099999989
363.4974200000265
344.2541899999831
296.53079000006835
251.87820000000158
416.7865800002222
289.98823999998933
320.7567800000116
425.52609000022005
441.2265700001743
302.2716699999972
326.1704699999925
369.5819000000316
300.3000700000025
313.60701000004775
358.4599900000503
536.2163000002645
388.6899500001707
376.8106500001706
452.44226000021393
389.5692200002244
295.65979999997444
326.8639199999938
384.7915999999548
345.76445000024154
367.7970799999698
399.15599000008376
269.51624000001067
339.2658499999776
350.3992699999539
266.59911000000426
378.12448000007544
378.7245800000459
259.4364900000016
324.7904499999732
270.7541899999986
363.4435500001052
337.52022999999014
429.5101000002259
328.6548200001532
318.8501199999522
470.6700300002331
247.04528000001227
280.2993700000115
409.8208800002341
504.05827000040745
292.129910000009
441.4662100002312
324.8677899999611
259.18240000001185
352.5968499999688
358.26768000000465
339.63120000025066
368.0595300002492
267.1781600000204
289.93982999999344
364.5891300000838
398.2528899999649
392.5580800002575
389.2116100000975
342.4312000002361
308.4842899999891
313.75165999999814
227.84744000001658
261.803770000007
244.09909000000306
330.23689999998345
333.9950799999993
376.56977999994945
287.23574000000286
405.76223000022514
230.63263000001544
231.3400800000068
343.91175000010975
325.7730899999846
317.5422500000237
252.51499000000743
288.861620000014
310.02976999997986
297.3541999999895
263.88346000001826
301.0794199999801
246.54220000001712
363.27117000002886
256.18381000000403
417.0238700002478
244.17557000001204
262.9968499999934
269.4862399999948
409.5545400001421
292.2288200000276
329.8871200000092
326.88227000001973
459.936720000279
238.32816000001839
277.11967999999166
323.9109800000022
361.31647000008684
291.7785499999698
299.3025299999958
328.5630300000483
269.33952000000545
335.9921200000788
264.29102999999526
324.8525800000064
263.1187800000083
407.2954800000938
284.513360000002
315.2940099999993
517.1112000001566
352.8573499999768
254.63352000001458
439.02182000007474
240.2612600000185
320.4883300002447
298.7581599999874
253.27265000002026
292.44052999999803
240.55328000000745
429.1335600000163
335.79038999997005
310.3279500000352
236.15215000001265
374.35812999997273
283.50737000000345
279.60349999998925
300.2013600000193
291.50936000001155
295.6124499999791
332.9176299999747
257.7031000000141
317.3812300000381
270.66399000001155
334.45758999998105
341.8642899999663
292.5726100000156
422.52609000022085
264.2713800000066
283.26058000000927
357.94592000024954
274.4257800000039
345.25378999998867
334.9288200000158
296.00301
366.85173000013145
368.82157000010454
290.6465500000163
414.1810000002234
264.8576200000039
301.20079999998575
340.1396999999846
391.9561300002404
369.4286600001201
364.39538000025453
282.9265700000031
306.73460999999736
407.1886900002144
279.0973800000132
420.51629000005465
267.581589999994
251.72239000000775
281.906830000009
257.7836600000051
335.9872099999567
298.026580000005
272.0387199999998
314.6265800000037
290.57598000004555
342.4940099999943
348.264810000071
320.2196400000029
322.696489999998
361.66890999994047
448.41093000018816
245.40664000000848
384.30629999999456
404.7769500002556
484.6532300002452
350.22565999998454
308.09846000001545
291.97576000000686
378.75962000012873
352.48611000006656
357.530699999943
327.6352199999806
241.59307000001067
384.55576000010404
315.934470000007
259.7490700000181
270.3534300000045
258.9968800000139
355.57631999996886
397.6937400000775
258.29003000001194
376.15737000024643
338.4154899999955
413.1887900002452
307.87537000003636
466.28606000018374
349.32817000008845
379.324389999948
413.4010200001392
397.600310000053
357.1885199999726
411.16399000025814
339.89039999997954
318.64646999999144
413.29808000020427
363.8499500000308
358.05683000025454
282.7085899999996
409.08105000021396
329.42118000016
315.1035600001345
325.88404000003356
338.26204999999595
408.2747400001542
243.79908000001848
242.56579000000679
