11386.200000023891
11056.20000002269
11021.200000022563
3616.0999999978067
2612.3999999987195
11058.200000022698
2665.4999999986712
10664.200000021265
2549.099999998777
2254.299999999045
3216.0999999981705
11064.10000002272
7740.0000000106265
8284.000000012606
11085.200000022796
11324.300000023666
11085.200000022796
4094.4999999973716
4485.399999998786
5946.300000004101
7308.400000009056
4644.099999999364
3493.2999999979183
10800.000000021759
4414.599999998529
5376.100000002027
11044.100000022647
2156.2999999991343
8372.200000012926
6281.000000005319
11032.200000022603
3555.199999997862
11666.00000002491
8203.300000012312
8589.300000013716
2861.599999998493
11695.200000025015
6603.00000000649
3402.199999998001
6688.000000006799
11030.200000022596
1668.1999999995783
11258.300000023426
11745.500000025198
8071.300000011832
10800.000000021759
9821.000000018197
7021.000000008011
3771.2999999976655
10800.000000021759
8114.000000011987
11311.300000023619
5970.200000004188
3010.3999999983575
9688.300000017714
4515.299999998895
11258.300000023426
4178.299999997669
3199.3999999981856
5959.100000004148
11347.40000002375
11614.500000024722
1829.999999999431
1985.2999999992899
11601.500000024675
5552.000000002667
7990.200000011537
7301.0000000090295
2757.3999999985876
11043.200000022644
11291.300000023546
6172.400000004924
11325.40000002367
11499.500000024304
11605.200000024688
8950.40000001503
11057.200000022694
10800.000000021759
11049.100000022665
11637.300000024805
4134.299999997509
4485.599999998787
4722.199999999648
11052.200000022676
7361.300000009249
6889.200000007531
8168.600000012186
11310.300000023615
8739.200000014262
4385.699999998424
9753.500000017952
11046.200000022654
3487.099999997924
4604.59999999922
4161.199999997607
11048.100000022661
11302.100000023585
7910.500000011247
10800.000000021759
7209.300000008696
11016.200000022545
10800.000000021759
2853.1999999985005
4341.3999999982625
11651.300000024856
11300.300000023579
11040.200000022633
11740.20000002518
11585.300000024616
2038.4999999992415
3584.0999999978358
11322.300000023659
11072.200000022749
2640.499999998694
11057.200000022694
10800.000000021759
10105.00000001923
11308.200000023608
11035.200000022614
11282.300000023513
10800.000000021759
11459.200000024157
11296.100000023564
10800.000000021759
6613.300000006528
11557.000000024513
11101.200000022855
11337.400000023714
6068.300000004545
4151.09999999757
5462.000000002339
10800.000000021759
4786.199999999881
5618.500000002909
10800.000000021759
3329.1999999980676
2910.3999999984485
11295.10000002356
9430.100000016775
10534.200000020792
10983.400000022426
3409.099999997995
10100.200000019213
11072.100000022749
11230.300000023324
11338.300000023717
11613.300000024718
5201.00000000139
3151.3999999982293
10800.000000021759
6631.000000006592
9304.300000016317
11065.200000022724
9785.500000018068
5665.000000003078
3833.199999997609
10183.000000019514
11323.300000023663
9379.40000001659
11538.000000024444
5847.200000003741
3907.099999997542
11558.200000024517
11654.300000024867
10800.000000021759
11494.400000024285
11082.200000022785
4435.3999999986045
5413.600000002163
5150.700000001207
2849.299999998504
11082.200000022785
5728.000000003307
6695.300000006826
2348.3999999989596
5848.0000000037435
4324.699999998202
11310.100000023614
10800.000000021759
3155.2999999982258
6794.500000007187
11054.200000022684
6629.300000006586
2580.099999998749
11056.10000002269
3798.299999997641
11124.300000022939
5659.000000003056
2152.099999999138
11030.200000022596
3152.599999998228
5186.200000001336
4754.099999999764
3079.099999998295
2456.2999999988615
2772.0999999985743
6584.200000006422
10800.000000021759
10066.30000001909
10800.000000021759
11284.30000002352
2705.299999998635
9808.300000018151
3525.2999999978892
4567.399999999085
6797.200000007197
10800.000000021759
2786.2999999985614
4460.299999998695
6468.300000006
5995.000000004278
11035.200000022614
7396.000000009375
11602.100000024677
4832.400000000049
11058.200000022698
3505.2999999979074
1884.4999999993815
11278.100000023498
3891.599999997556
6883.2000000075095
11294.300000023557
6953.000000007763
8726.300000014215
11648.300000024845
6187.000000004977
2184.4999999991087
2631.3999999987022
3817.5999999976234
5669.100000003093
11230.200000023324
5557.500000002687
3334.299999998063
4252.299999997938
5243.500000001544
11332.100000023695
4212.099999997792
4308.099999998141
10800.000000021759
6949.20000000775
6031.20000000441
2896.399999998461
11661.500000024893
2081.0999999992027
10800.000000021759
10330.20000002005
11263.300000023444
4325.399999998204
2958.299999998405
4294.599999998092
11609.300000024703
11046.100000022654
10800.000000021759
3524.0999999978903
11395.200000023924
11280.200000023506
8055.400000011774
10800.000000021759
8996.100000015196
4980.200000000586
11573.500000024573
11302.100000023585
5390.200000002078
11180.300000023142
6362.200000005614
8620.100000013828
2980.199999998385
5362.200000001976
2021.0999999992573
5122.300000001103
2602.199999998729
2853.3999999985003
4140.09999999753
11332.300000023695
11311.200000023618
6503.000000006126
7386.000000009339
11346.100000023745
2536.199999998789
5372.000000002012
5180.000000001313
3035.7999999983344
3247.0999999981423
3591.0999999978294
4093.2999999973727
7300.400000009027
2491.2999999988297
3288.199999998105
2873.0999999984824
11029.100000022592
3382.0999999980195
11311.000000023618
5887.100000003886
8475.0000000133
11616.50000002473
5971.100000004191
4519.199999998909
4075.299999997389
11662.300000024896
6618.200000006545
11240.30000002336
11033.200000022607
10800.000000021759
3873.3999999975726
10800.000000021759
11257.000000023421
3033.2999999983367
6734.000000006967
5132.000000001139
4289.299999998073
7137.000000008433
4752.399999999758
8024.5000000116615
11675.400000024943
3092.399999998283
10800.000000021759
6665.100000006716
4776.499999999845
9211.200000015979
11369.10000002383
8463.000000013257
2850.0999999985033
4947.000000000466
10800.000000021759
11046.200000022654
4405.099999998494
11737.400000025169
1619.3999999996227
5468.000000002361
11229.30000002332
11520.50000002438
4033.299999997427
7134.200000008423
2326.4999999989795
2598.699999998732
3446.0999999979613
11731.500000025148
8933.300000014968
11059.200000022702
6411.300000005793
11310.000000023614
11050.200000022669
4244.0999999979085
11062.200000022713
7530.200000009863
10800.000000021759
6427.200000005851
11526.400000024401
3073.3999999983002
3582.2999999978374
3957.3999999974963
8050.200000011755
2933.1999999984278
4353.099999998305
8681.400000014051
11557.400000024514
7642.500000010272
5687.400000003159
5853.000000003762
11063.200000022716
4082.099999997383
2588.2999999987414
11258.200000023426
11117.200000022913
7573.500000010021
8624.400000013844
3926.2999999975245
3808.099999997632
11357.100000023785
11064.10000002272
6177.00000000494
11245.300000023379
11351.200000023764
9889.300000018446
11689.200000024994
10976.5000000224
11309.00000002361
4770.499999999824
4980.400000000587
10800.000000021759
3574.3999999978446
2771.399999998575
11057.200000022694
7826.000000010939
3829.3999999976127
10434.200000020428
10084.100000019154
8050.200000011755
3421.3999999979837
11254.300000023411
3557.49999999786
8639.100000013897
2583.399999998746
5669.100000003093
10800.000000021759
11279.400000023503
5562.300000002704
5194.100000001365
11255.300000023415
11351.300000023764
11585.500000024616
11643.200000024826
6004.200000004312
8144.000000012096
11622.500000024751
7320.000000009099
3163.4999999982183
3897.199999997551
7174.3000000085685
8789.000000014443
1629.0999999996138
11092.100000022821
11432.000000024058
7996.100000011558
10800.000000021759
11392.400000023914
2862.0999999984924
3213.199999998173
10800.000000021759
8956.00000001505
11263.100000023443
11334.300000023703
4032.499999997428
4159.6999999976015
2520.2999999988033
2772.199999998574
4077.0999999973874
11273.30000002348
8723.000000014203
8289.000000012624
11400.200000023942
5849.400000003749
11081.100000022781
11051.200000022673
8261.300000012523
7948.500000011385
11076.200000022764
4196.299999997735
6163.3000000048905
10800.000000021759
7928.0000000113105
4362.59999999834
1484.2999999997455
8693.300000014095
4914.000000000346
5345.200000001914
4362.199999998338
11062.100000022712
4581.199999999135
6469.200000006003
11562.500000024533
3051.1999999983204
9095.200000015557
1498.099999999733
4784.199999999873
3312.099999998083
2694.099999998645
6875.20000000748
4852.600000000122
10800.000000021759
11299.400000023576
11495.500000024289
11528.200000024408
3053.5999999983183
3062.0999999983105
3348.39999999805
11361.1000000238
11541.500000024456
11053.20000002268
3178.199999998205
7348.0000000092
5060.2000000008775
11060.200000022705
7152.100000008488
9316.00000001636
3199.199999998186
11558.400000024518
3499.299999997913
11288.200000023535
5590.100000002805
4846.300000000099
10800.000000021759
3414.29999999799
11419.500000024012
11608.3000000247
3275.3999999981165
4199.399999997746
5395.100000002096
3755.29999999768
3816.3999999976245
10229.200000019682
2552.299999998774
6393.400000005728
5250.100000001568
10505.000000020686
2830.499999998521
11587.600000024624
7618.200000010183
11411.400000023983
3682.3999999977464
11058.200000022698
5253.500000001581
11476.40000002422
3003.099999998364
4011.1999999974473
11534.40000002443
11331.10000002369
4929.200000000401
5403.300000002126
3368.199999998032
3583.0999999978367
11260.300000023433
4883.500000000235
11491.200000024273
8353.500000012858
6258.200000005236
3834.299999997608
10800.000000021759
11454.50000002414
7403.300000009402
4708.599999999598
11607.300000024696
11500.300000024306
9786.00000001807
11298.200000023571
10800.000000021759
4477.299999998757
11676.200000024946
11070.200000022742
11618.500000024736
11364.300000023812
4027.2999999974327
4207.399999997775
9619.100000017463
4924.400000000383
4404.099999998491
11422.100000024022
3094.2999999982812
2956.199999998407
5708.400000003236
5540.000000002623
2048.4999999992324
11258.300000023426
11302.300000023586
6960.30000000779
5060.2000000008775
6143.200000004817
6640.2000000066255
7350.200000009208
5452.200000002304
4360.699999998333
3131.1999999982477
11037.200000022622
5867.400000003814
6407.600000005779
4249.199999997927
11406.400000023965
3301.399999998093
4255.0999999979485
4121.099999997461
11249.300000023393
3184.2999999981994
2028.5999999992505
2738.199999998605
3125.299999998253
11101.200000022855
11712.000000025077
3350.2999999980484
3393.0999999980095
4377.3999999983935
11670.300000024925
8560.00000001361
8613.500000013804
11070.100000022741
3561.2999999978565
5435.400000002242
11183.200000023153
11332.300000023695
7143.200000008455
8796.30000001447
5672.400000003105
5005.300000000678
11289.300000023539
7524.2000000098415
4208.299999997778
2792.199999998556
3599.199999997822
11058.200000022698
3995.199999997462
3861.2999999975837
6205.200000005043
10800.000000021759
11665.600000024908
6923.100000007655
5425.300000002206
11581.300000024601
3652.3999999977736
3940.4999999975116
11025.100000022578
3704.2999999977264
7062.500000008162
2965.0999999983987
3300.4999999980937
3726.2999999977064
6751.000000007029
2199.0999999990954
11222.000000023294
3522.5999999978917
10800.000000021759
4761.39999999979
11361.400000023801
4743.299999999725
4852.00000000012
7148.200000008474
2930.2999999984304
9540.300000017176
7754.100000010678
7869.000000011096
10489.400000020629
11296.400000023565
6049.000000004475
11233.300000023335
2279.4999999990223
11076.100000022763
6022.100000004377
11546.200000024473
11067.10000002273
9014.200000015262
4328.099999998214
9542.000000017182
10707.10000002142
5836.1000000037
3933.0999999975184
6131.100000004773
8911.400000014888
5510.300000002515
4615.399999999259
10007.000000018874
11058.200000022698
11525.200000024397
3004.399999998363
10800.000000021759
11056.10000002269
11051.200000022673
10859.300000021974
11393.000000023916
6163.3000000048905
11115.000000022905
3967.0999999974874
6832.300000007324
2434.3999999988814
6390.000000005715
4006.099999997452
1719.2999999995318
11067.10000002273
5534.000000002601
3956.1999999974973
11303.30000002359
8716.000000014177
11642.500000024824
7598.200000010111
11429.500000024049
10800.000000021759
5543.500000002636
11036.200000022618
10800.000000021759
2407.199999998906
9507.200000017056
4986.300000000609
3680.2999999977483
8798.000000014476
4880.400000000223
6859.200000007422
4382.099999998411
3884.199999997563
11602.300000024678
1950.3999999993216
11305.400000023597
11043.200000022644
1560.0999999996766
5829.400000003676
4112.299999997429
11677.500000024951
7259.200000008877
11065.100000022723
5700.200000003206
11190.000000023178
4064.6999999973987
2111.399999999175
3615.0999999978076
11047.200000022658
4576.299999999117
4089.0999999973765
7689.400000010442
11198.300000023208
6201.400000005029
7211.500000008704
11649.200000024848
11294.100000023556
3373.599999998027
7680.100000010409
4387.099999998429
5086.000000000971
10800.000000021759
11058.100000022698
2504.5999999988176
11456.400000024147
4273.099999998014
6063.300000004527
7393.400000009366
11310.300000023615
7128.200000008401
4691.399999999536
3296.2999999980975
11652.60000002486
7252.600000008853
11299.300000023575
7269.000000008913
11036.200000022618
11687.300000024987
4332.39999999823
2118.299999999169
10800.000000021759
3808.3999999976318
3493.699999997918
6043.400000004454
3372.3999999980283
4514.2999999988915
10511.60000002071
2626.099999998707
11034.20000002261
3737.2999999976964
11601.200000024673
5006.200000000681
5334.000000001874
11573.400000024572
5689.100000003165
10800.000000021759
4730.199999999677
11621.500000024747
11436.400000024074
11601.500000024675
11604.200000024684
10800.000000021759
2790.099999998558
5867.100000003813
11639.200000024812
5626.300000002937
11086.1000000228
10988.300000022444
8138.500000012076
6626.000000006574
11056.20000002269
4020.099999997439
10360.000000020158
4322.499999998194
3800.0999999976393
6542.60000000627
10895.200000022105
9347.200000016473
11058.100000022698
2300.0999999990036
11402.20000002395
2795.0999999985534
11344.200000023739
2582.299999998747
11050.200000022669
10800.000000021759
4176.099999997661
2864.59999999849
2441.299999998875
11054.200000022684
11245.100000023378
3596.3999999978246
11551.200000024492
11074.100000022756
11454.40000002414
11608.4000000247
11319.100000023647
11664.300000024903
11637.200000024804
2901.3999999984567
6223.5000000051095
4430.099999998585
6299.000000005384
9888.000000018441
11033.200000022607
2762.299999998583
10800.000000021759
11606.200000024692
11344.200000023739
3259.299999998131
11074.200000022756
5847.400000003741
11049.200000022665
6286.400000005338
6225.100000005115
11684.100000024975
10176.20000001949
9524.300000017118
10800.000000021759
11584.400000024612
9738.000000017895
2237.1999999990608
11058.100000022698
11296.200000023564
4259.099999997963
11601.300000024674
11258.300000023426
3283.599999998109
11141.100000023
11543.200000024462
9833.200000018242
7268.000000008909
7450.0000000095715
11329.200000023684
2380.1999999989307
8503.200000013403
3314.499999998081
11581.300000024601
8707.300000014146
5309.300000001784
11804.300000025412
2415.199999998899
2403.19999999891
11327.100000023676
11330.200000023688
2091.4999999991933
11554.500000024504
11020.20000002256
2392.09999999892
11058.100000022698
11348.400000023754
11249.200000023393
11303.30000002359
4073.199999997391
4174.099999997654
6874.200000007477
9021.200000015288
11362.100000023804
7640.100000010263
11250.300000023397
2807.2999999985423
4109.299999997418
1495.9999999997349
4019.4999999974398
2335.2999999989715
6558.000000006326
5517.400000002541
7411.00000000943
11573.300000024572
11364.400000023812
2949.599999998413
11398.200000023935
11089.20000002281
10800.000000021759
5474.200000002384
10192.200000019548
2738.399999998605
3698.199999997732
9640.000000017539
2168.3999999991233
4312.199999998156
8148.200000012112
7689.000000010441
11051.200000022673
11659.400000024885
4824.000000000018
4628.0999999993055
11259.30000002343
10231.000000019689
11285.100000023524
6021.600000004375
6226.200000005119
10800.000000021759
8348.20000001284
11517.500000024369
4815.199999999986
7414.400000009442
10800.000000021759
6723.200000006927
5986.300000004247
10200.200000019577
6825.300000007299
3349.0999999980495
2658.299999998678
4538.299999998979
8242.400000012454
11341.100000023727
3758.0999999976775
8601.20000001376
4348.199999998287
2826.399999998525
10800.000000021759
5072.200000000921
11231.000000023327
11286.300000023528
4203.599999997761
11046.200000022654
8341.000000012813
6066.200000004537
4283.09999999805
5339.000000001892
4964.400000000529
4220.299999997822
5976.1000000042095
8776.200000014396
11106.100000022872
3103.499999998273
11566.200000024546
11719.300000025103
6693.000000006818
6259.200000005239
11606.000000024691
10800.000000021759
8955.200000015047
5591.200000002809
11338.100000023716
2645.3999999986895
11346.000000023745
11507.200000024332
10800.000000021759
11682.300000024969
5270.100000001641
11619.50000002474
10339.200000020082
8577.200000013672
2121.0999999991664
11352.000000023767
11565.200000024543
4593.299999999179
10800.000000021759
11562.00000002453
8122.200000012017
11343.300000023735
3659.3999999977673
11406.200000023964
11532.200000024422
4448.399999998652
10800.000000021759
4252.099999997938
11281.30000002351
10029.000000018954
2388.3999999989232
10800.000000021759
2793.299999998555
4972.000000000557
6949.30000000775
5583.3000000027805
7558.000000009964
7301.20000000903
9439.000000016807
8091.300000011905
4204.399999997764
11176.200000023127
10800.000000021759
5577.400000002759
11647.300000024841
11686.600000024984
7042.100000008088
4777.199999999848
5154.200000001219
11057.100000022694
7483.100000009692
4280.599999998041
10800.000000021759
2296.099999999007
7880.100000011136
5469.000000002365
4416.499999998536
7188.000000008618
11041.200000022636
5234.2000000015105
6717.300000006906
4666.2999999994445
11629.400000024776
11306.3000000236
11682.200000024968
5756.500000003411
10849.500000021939
7421.000000009466
6340.000000005533
11045.10000002265
11059.200000022702
10800.000000021759
11233.300000023335
5195.000000001368
3095.0999999982805
11054.100000022683
11067.20000002273
11517.300000024368
2938.399999998423
11082.200000022785
8754.200000014316
9034.000000015334
5528.30000000258
6633.2000000066
10436.000000020435
10541.100000020817
11037.200000022622
