458.16089999997575
460.67825000003825
491.9262100002963
308.4323400000062
303.06045999998827
486.50286000022805
338.38170000001804
349.9090699999964
314.24225000000735
358.03179000000245
394.9509399999816
496.1908900002308
374.30801999998715
437.7037900001244
410.1120400001312
451.2341600002528
562.0564600004082
340.5673700000032
402.3508499999867
400.1884900000467
370.1440499999945
399.3520699999714
375.0712699999993
508.0752700002012
416.66242999999565
407.91764999996917
357.5036299999966
314.25774999999373
400.9562699999832
373.5017900000012
466.89220000029604
418.75973999995267
422.5809699999943
343.2329200000047
507.83309000010854
320.9077200000058
450.1543100002463
395.72444000005976
375.9105699999775
453.77302999996783
394.9895500001106
316.96636000001627
512.704510000204
467.4213800000727
397.3693500001366
456.2901000003604
420.53676000019726
407.0942499999713
327.40855000000624
416.4241200001289
336.91274999999325
525.5382600001977
423.54896000005334
411.2636199999797
417.07607000017526
352.73030000001455
594.1129600004571
405.1524599999479
377.05583999999317
490.2878000000834
442.8742500000818
475.8830300002551
339.56640000001926
321.9777100000156
407.6037700001224
390.8647800000168
436.29739000011
366.8930099999834
327.00265000000223
338.62587000000303
321.58455000000794
419.3481700000596
364.6284700000085
365.77357999998867
611.6467300006643
563.4382800002007
502.9453200002166
584.6518500001681
425.74517000025094
604.5988100002983
323.03419000000906
375.36124000000297
337.21382000002285
385.4811299999521
414.35908999996684
463.22508000005854
397.38873000014036
472.1286300002516
408.7539600001697
381.30188999997995
511.2539000001447
519.5278100002198
482.2637199999649
397.192059999993
340.2993200000138
481.44683000012424
572.3055200004765
483.8212400001493
385.85603999998784
356.1385100000974
357.80058999998585
406.00146000011324
336.9131099999966
281.2388600000274
426.8897300000171
427.8571200002639
359.69143999999085
511.1498000002341
613.6369100004586
365.8098200000095
338.8631600000175
502.9463600002941
491.6606200002178
313.01092000001955
457.4915000002371
534.4891500001745
310.54404000001654
461.79644000024246
458.1144100002472
418.44160000011107
401.43508000000577
377.50784000004455
404.30133999999407
475.3893000002204
391.0937199999589
306.9140400000073
430.8545999999702
381.70631999999637
327.2192200000025
345.1337999999902
288.9698100000228
423.7669199999561
459.39433999996885
433.38382000001553
453.04124000023234
332.07184999999413
395.15521000000285
476.0477400002117
321.0501200000136
308.7378900000225
535.2002900001357
313.6135399999885
424.7787500001237
339.2052600000293
438.17031000023707
596.3018000004513
427.58505999999187
408.6586099999763
368.8992900000169
411.7035599999831
369.1298900000389
444.85878000013776
360.20916999998536
381.8026299999876
404.1804399999749
434.32168999994343
464.3834400000449
415.236969999984
592.7840200003011
327.14552999998887
488.70541999991997
359.8473499999842
464.09281000008036
428.00865999995847
365.11117000000354
461.058850000224
541.1152300002747
352.129090000006
473.3907500000387
404.397619999988
288.2253099999988
428.06816999997864
434.16011999997687
413.91925000001504
311.7805000000179
365.7310700000207
380.33604999999216
406.2734100001199
445.97752999993014
341.70890000001293
333.5510399999824
348.06670000001543
454.78185000005476
386.22720999999626
339.88823000000383
305.7271800000166
616.7173900004827
414.47011999998614
352.7442600000195
335.7298800000252
373.7264099999831
416.1639699999341
378.87095999996814
350.07076000000137
353.68914000000564
365.1320699999944
385.02653999997005
494.0376000000641
320.2056900000099
476.3859500001282
602.2258900004475
295.20593000002197
356.8213700000072
429.2807399999271
427.34134999997195
369.27598000004843
513.2284900001972
360.8278599999934
361.7218899999874
457.24645000002863
437.90922999999947
462.1085600001869
417.86990999997636
429.32348999999505
337.28113999999294
474.3811200002815
329.34960000000467
351.5443000000138
388.2950300000111
328.65517999999406
400.1325400000442
391.61762999999445
519.6396900000589
351.29340999999914
440.3480399999604
497.0320500000361
346.167770000007
320.2692300000133
390.8980499999583
422.092010000018
395.9053200002529
368.9556800000591
358.966200000009
442.84711999996625
317.5285400000137
525.3520400001921
318.44291000000993
374.2187999999771
404.4192499999798
451.8931800001127
461.60195000006456
377.11687999999856
415.1522499999703
335.60938000001204
465.72872000002644
396.25717000022235
401.7183600000876
317.8585300000011
371.3096699999737
373.6055999999732
784.6048800004828
426.7887500002296
513.1270200001836
394.51551999995274
603.2429300002339
473.2397600003284
339.4003899999742
336.52311999999637
396.8129500000114
306.98656000000534
515.5799800002765
515.6967400002578
477.52466999998273
425.6851600002831
332.0897100000747
340.2622599999707
312.9365799999938
418.60341999996456
352.8930200000093
439.8658099999651
339.6839499999826
362.07314000000014
371.62849000000097
515.3636800001702
504.6239700002207
358.96268999996204
403.029080000011
601.3932900004536
339.21615999998636
457.8610999999242
472.995259999961
436.2824399999547
369.17235999999275
322.4362600000166
346.4148900000037
469.08077000007705
379.65390999999744
302.36534000000455
281.5577100000207
365.4087300000044
297.4281199999956
412.9374900002563
340.28082000000046
467.77514000010393
557.6111200002781
454.1357400000314
354.4172800000099
349.6949599999757
460.08771000024944
383.45139000004133
310.8509900000076
509.8104500001902
503.36008000022935
360.1272399999934
364.45072000002824
442.3074500002354
376.42148999998784
398.3992600000363
408.1672099999827
434.9834299999938
417.93489000009146
384.2286799999742
449.0874200001901
505.8370400002699
405.09745999994595
351.7374799999963
452.8837300000542
426.5572499999882
356.0956300000052
360.6253600000176
380.87632000013997
324.19827000000623
330.62599999998986
429.54649000022687
439.0173000002339
385.5335799999877
437.49046999998916
294.47099000001657
371.2698800000226
360.4642299999627
441.09700000025356
286.6584400000222
419.8467400000273
319.2859700000137
368.1541799999907
306.7011500000067
556.7400300002505
341.342950000013
414.27791000002054
374.1842100000383
375.7533500000009
431.2936299999751
390.4910299999984
519.2468800002027
427.41825000009476
315.74911000002623
439.80869000004765
336.3630400000018
363.304540000017
361.6192199999757
292.87225999999816
355.1743200001381
381.14153000001056
425.4655199999617
389.10194000017
326.0776100000042
535.9854500001047
479.1551400000097
512.7459199999904
498.66420000021253
388.4028899999741
339.4388299999983
331.7720800000172
535.9981800002159
442.6357100000818
445.35147000013313
369.9055899999665
376.30000999998765
397.33456000000524
352.19316000001345
364.2611399999979
442.52962000025036
506.56742000023434
519.775900000222
498.9926800002545
396.0131100001503
635.7960600005399
260.93749000002236
350.03144999998017
335.09421000000344
343.9387199999948
313.2511300000139
382.9449099999979
438.49721999995177
370.564259999982
467.4383400001786
461.35125000026807
614.4338800002615
426.1885999999717
473.935440000215
316.8647700000196
521.131210000085
300.54106000002844
392.29494000001375
463.6427799999764
530.9264200002339
303.5447899999852
367.81400999999977
512.6800500004712
483.25350000010184
524.8713100003887
508.90771000022755
382.4923499999788
464.41101000016243
472.91704000004
402.05606000001904
413.88612999997787
448.9832999999263
433.0643199999837
506.50197999990263
349.2489900000257
512.176770000165
521.2078699999138
395.7123499999632
453.1487399999758
583.0346300002551
334.195750000011
296.67201000001967
341.34719000000797
367.5539000000213
422.25295000006815
401.08844999999565
355.2069299999996
388.2182099999724
305.00095000000636
413.1011299999875
321.5569499999868
515.2881600002567
363.7740100000008
420.8112000000151
539.8785000002929
485.6395299999529
486.92903000023534
538.6365300002191
454.173200000125
443.22821000011464
513.8254800002019
373.11352999999707
387.7288500000583
459.5430900002513
296.36242000002284
316.4857200000099
291.1641300000188
356.4647399999973
347.0094599999904
425.97821999997046
367.7457299999673
583.8679800002083
360.7048200000032
329.21381000000713
449.49117000027354
366.02013000000244
429.0239399999783
283.5820800000165
388.7746600000147
333.0767499999854
306.3699700000114
406.3202400000719
401.25947999998624
398.89258999999555
391.3143100000277
539.7949200004939
498.06271000024526
440.4159799999636
411.1950600000036
297.9847400000142
375.2335699999985
559.3173800005195
456.6395500002275
436.8585099999456
365.55759999998685
327.78006000003273
484.94748999998245
420.9167100001017
336.5320600000116
337.1909299999993
434.6633599999436
373.8491399999884
455.9885400001092
397.7287600000399
463.82537999997714
584.4687900003212
375.0738299999838
283.29251000001227
350.9190099999853
348.27403999998984
293.01226000001043
390.2852299999793
390.83739999997715
360.7066699999847
491.10529000017823
322.842160000018
432.30901000006475
378.2806499999897
466.8497699999501
307.59117000001254
422.82968000028137
375.7477600001111
518.1435900002385
406.510839999975
504.5793000002105
403.32054000001665
337.29527999998623
331.00274000001826
465.7909499999664
460.69208000024236
451.7246100002477
413.86859000001124
319.2971500000065
393.6454699999707
436.0313999999476
400.66517000001454
421.57968999998724
334.7475200000174
403.81348999997795
395.66590999995975
324.6059999999945
422.9263399999805
671.8746600005128
328.7009100000173
433.7081099999887
358.5642500000013
470.9032200002286
509.5591800001745
541.271110000354
502.45750000020564
424.37125999998096
566.8252500002129
433.6164500002474
449.7582300002746
411.7603099999888
414.7791399999678
467.5964599999577
481.0528500001577
362.03188000001165
358.64926000001236
423.3701099999722
331.4558400000002
371.3342800000026
406.1364699999855
376.743530000039
280.84014000000525
558.0614000005469
410.06411000025764
431.00446000007685
355.12728000000914
374.0185200000483
367.24882999998704
345.19979999999936
382.81152000003283
407.1477099999792
327.74960000002716
471.0052900002501
433.7382500000591
408.70596000001757
268.3467700000108
471.8093900000025
412.1335599999509
416.8063000000066
350.16156999996144
501.3762100004335
386.6597599999947
326.77230000002396
344.3510399999982
383.0792099999811
473.55038999998925
546.8233500002111
360.65838000000724
359.0991400000018
379.8933999999841
461.8202200000596
344.12707999999407
327.7299800000011
522.3541800003466
339.1491800000006
350.2899500000014
337.03451000002855
463.3640900002467
466.44533000010364
345.17285999998813
463.0636400000309
331.82158999998285
424.550840000248
360.11068000011204
395.45924999998016
309.03220000000044
331.7652700000108
573.9080700003856
290.5048100000115
393.85364999996614
498.97310000000334
379.40160999997846
381.1251300000009
481.70688000003344
360.289929999994
338.62615000001324
368.16302000000144
421.53815999995936
369.47398999997495
302.51765000002024
437.7041600000832
283.5353800000084
327.5287099999778
327.569919999994
362.2924300000229
399.7724200000077
436.9092100002238
365.75886999997635
378.9900399999983
436.84606999997095
459.139610000255
308.10394000001446
311.50349000000097
456.91289000008413
305.0887800000207
430.18283000003
416.88218000004264
438.7468599999695
507.2195900001853
430.01410000025817
478.8715999999523
406.5078600002439
437.8553999999944
435.4356400002532
410.85086000004486
512.5212100003097
505.7293000002192
472.42813000013086
413.2009199999601
438.61506000016163
437.356849999969
389.7674100000611
333.0699300000127
383.8528300000034
384.51685999997864
399.1499200000381
372.4040200000022
335.4762200000023
615.7625000004819
440.804010000235
336.4235900000056
449.213600000011
498.53989000024603
471.0953900002258
540.7134000003069
448.29612999996635
295.88483000001486
437.4319299999794
442.4042999999649
300.0796000000245
328.0538400000189
515.3138399999788
400.065289999964
360.1346400000064
408.0037699999738
386.43455999999713
329.1596200000006
440.33930000025924
455.44226999995925
380.6528300000147
323.5641800000028
443.80241000024216
306.9152600000157
400.9896200000214
386.2449699999838
373.5578800000257
363.17150999999365
366.1575099999829
323.262870000022
377.421519999984
548.4022400000897
363.74246000003296
478.5337600000497
357.7692899999934
364.48518999999743
476.0871900003148
325.10492000001113
424.98763000018823
466.6159400002248
339.1212500000142
324.66230999998834
360.996529999989
514.2136400002402
437.88699000009206
434.63974000021955
351.46574999999194
557.4991499999147
363.6377899999937
322.8517100000206
406.58389999993307
366.9335899999852
319.629050000003
343.05871000000394
448.8008300000269
553.1078400003875
376.5309599999762
389.0768999999914
498.3226400002349
428.2945300000345
407.73634999995295
473.8898599999322
376.58452000000347
378.22026999998786
391.64340999996733
445.31297000023847
348.7431900000029
298.18697000002635
365.08663000002025
377.3169500000685
381.8569900001082
522.6491900004382
476.17347000004537
335.70116000002236
369.2370099999997
589.7214100002573
438.51811000009036
586.647030000458
467.5854899999778
406.4532599999653
406.04705999999015
354.411830000004
309.4335100000109
439.5280000000017
389.9154799999423
359.6363099999776
460.3747999999326
337.8697000000156
377.8103399999936
438.8605700002153
387.72808999999137
427.00813000024056
308.5559500000021
385.770859999961
378.7111100000059
426.5193600000052
476.60926000025955
386.27930000000197
359.73628000000537
397.0441499999784
351.26383000000266
285.32173000001933
491.8167500002421
354.7175800000107
467.6107500001989
282.6806200000205
370.3449500000888
389.24820999997894
328.33641000001654
544.1785800001934
467.70991000022246
453.8602299999568
331.1560300000196
421.47127999998867
296.70937999999626
358.71324000001727
281.9849300000029
438.5612699999707
518.6822300000542
398.44431000023746
552.069150000265
475.0229000002322
337.21734000000384
433.2919600000624
372.86988999999994
426.13897999997823
430.4177099999888
495.51024000018117
496.0549900000126
422.20934999998246
320.68994000000725
358.6443299999972
363.99412000001837
313.4237900000196
420.8616999999863
400.3824499999775
447.825970000068
438.3460399999521
530.224080000244
393.9983799999865
557.04132000025
388.4609199999842
317.8222899999862
389.28445999996444
360.192799999996
324.2017499999975
307.2437300000175
556.7988400002592
370.93337999997834
436.9752699999943
358.36655999997265
616.6660700005283
366.55476999999723
607.6932800003761
429.75169000004576
417.09268999996016
365.90311000007176
382.534949999996
630.5060100002576
446.4274200001679
437.5036500001752
518.8798100001987
507.5251800002501
334.7264899999858
386.74382999998676
535.9906000001212
358.530260000005
406.3371199999791
436.2679000000425
434.8481400002385
397.9129599999908
435.494589999962
473.5939100002417
392.42621000017874
508.3751200000863
320.82904999999505
513.3742100002153
323.3494900000167
418.05922000011464
424.7767699999762
440.89460000012417
292.92269000001534
433.7569799999978
541.4317900002311
331.1571300000143
381.48695999997864
474.74185999999725
468.76211000019555
376.844519999999
543.1601200002586
403.1751499999804
322.2974200000128
524.5997799999473
506.7157500002418
417.3502200002541
340.11522000001213
390.12511000000353
329.9976100000085
448.02090000011094
564.4357800001133
474.9959600002657
558.3913600001853
423.7957800002449
359.88213999999704
393.96678999997005
301.3346700000294
333.38428999999604
334.5635600000224
478.8137600000401
410.0554300000126
501.35167999991637
470.96694000026497
485.1963500002154
363.27634999999066
375.9701700002544
413.44384000011524
397.6127899999889
385.3115799999999
330.7671600000086
406.3880699999607
356.52163999999516
391.3651899999981
384.37461000000434
394.88411999997794
365.04057000014035
487.2488200001218
417.0890200001611
541.3841100003148
318.9248300000084
305.3565000000171
460.3346000002177
438.55884000016033
359.54619000000025
503.2167700000064
452.8168000000595
541.0676400002401
393.1438200001557
542.049800000463
369.0693299999715
400.86534999999867
355.58690999996173
402.93088999997565
400.0302400000505
426.0581000002023
448.7110800000639
366.4888099999726
368.5232799999877
408.03007999998937
403.61035999998234
546.5650800001947
395.7313899999848
576.0760800001799
408.9708699999877
354.10921000001633
499.04422000006866
309.3549900000127
377.91818000015513
416.1781299999953
369.47594000000055
383.0237300000016
368.230189999974
487.9089600000083
341.29414999999665
381.4979500000152
324.5716100000252
490.2111199999583
377.58587999999924
394.30447000015806
519.8032600002252
398.1704299999626
352.94144999997394
610.1859700002605
375.6146200000071
424.011990000017
602.3602700004718
448.3184499999799
482.7232000001353
432.5755400000437
411.75112000000996
322.6940800000115
467.0059900002372
428.8273200002636
354.21308000000266
471.17753000025107
375.63502000000136
501.59121000024913
526.9969900003082
416.7514600001398
369.1192300000106
390.5836999999937
470.23063000023154
413.12681999998154
466.86925999994094
478.7882900002521
488.2737300000956
454.67108000025326
368.8210099999869
503.10885000027343
483.6343200002154
355.98682999998414
508.8931100000616
366.72243000001123
369.0476800000064
361.7190999999873
364.06486000001087
421.55342999995395
366.54055999998434
359.74500999999776
375.8857600000602
365.2575200000465
469.4188399999844
512.0692500001645
380.2027399999838
412.8449000000338
440.6894699999461
620.3825800004398
362.1459299999992
463.9499399999481
536.993930000237
639.8488000004978
498.8602200000192
411.93302999999656
343.33777000001174
433.8746200001275
374.46666999997416
354.1124399999946
428.97599999993423
351.5928900000045
389.3106199999817
421.2066999999983
375.742569999996
379.0654000000058
445.0895300002191
421.8264000000036
411.78830000005524
375.65898000000715
447.4469400002482
428.8293700000099
498.85321000024845
362.2850700000483
427.41429999997547
352.68469000000465
483.31131999993727
520.7149300001174
443.84129000002525
494.9632799999646
520.7120000002502
470.12895999996437
394.78170999996814
454.49997000021193
478.44258000029254
326.28028999999873
344.252810000021
523.3284900002069
383.4168200001679
431.6682400001241
361.4178200000082
435.4308899999813
478.62373000015634
408.8469700002255
437.9299200002331
