527.4944199999373
539.0551100001902
414.3519700000617
323.9850900000196
327.3825799999858
547.9647200002066
366.34812000001534
425.38137999997076
390.1959199999749
359.58738999999383
397.74529999998265
602.1865400003898
398.7880299999931
498.19254000007766
467.81540000013456
490.9026300002461
468.4470099999541
346.9027000000067
387.6760499999943
410.50825999997954
368.34640999999783
426.35792999997267
409.21305000001223
497.2402300001928
389.562259999984
488.72038999994925
347.81916999999686
367.32228000000754
523.6247000001182
468.11317999996254
418.3341500000724
425.5488999999415
574.2789000003654
461.5693900001222
371.1032499999937
323.7151300000172
589.6121800003116
333.7572099999808
378.0564199999691
514.6558199999621
432.5907900002259
340.1307300000177
456.3406699999824
636.1003500004829
410.3351200001458
412.4794700001166
406.8146599999943
468.50206999996453
333.3839100000088
461.457530000125
354.77687999999876
431.3490499999677
437.4561200000524
419.14294999997134
366.4165000000119
430.7117699999866
498.767290000209
440.76464999995443
375.35586999998515
456.86572999996395
340.66433999999776
410.07153000000386
368.24567000000746
341.5495599999947
457.67421000018044
393.16206000004263
487.8652600001031
428.4146899999799
352.2804099999968
389.84633999997635
440.4266500002579
441.9708300000654
527.3722700002011
426.47283999998785
541.986120000262
462.92435000013415
530.8694100002191
602.5211799999253
542.8299600002737
580.4409500002917
345.8531199999914
453.25348999994094
359.9157400000191
428.67997999998204
475.1428299999492
436.92921999995554
373.9322499999669
457.9202000000397
459.7034000001481
440.76992999997725
515.4791600001586
468.96420999999305
472.8945499999388
473.4787099999974
384.0506800000286
533.9101100003087
535.03285000025
459.1775000001469
463.1613599999721
319.9956300000114
381.28245999997466
412.1663500001066
358.34634999999116
328.3260500000231
473.83290000000386
576.9199300002631
513.135280000233
622.9013300002915
516.2461400001798
397.85447999999604
359.05967999999143
408.5534199999861
511.56361000021127
319.05544000002095
413.0275100000014
531.578449999902
340.9172000000202
444.46827999999965
498.7414900002214
603.2920400003159
488.0822900002156
390.766210000039
462.20251000000894
499.42985000020553
452.2721600000406
492.48830000024515
535.4701200001705
470.75877000023627
307.2257199999995
353.11853999998857
368.44405000003263
487.5048899999674
473.9496099999316
401.1375399999917
524.3789100002184
396.0502999999844
389.81765999996713
383.6224399999766
386.8299100000482
354.2480400000222
492.41162999999966
318.33524000001216
522.7767700003343
426.79221000023637
373.12098000000015
654.8014200004534
587.4032400002544
405.77011999993573
341.92124999998805
438.70344000000006
374.3855199999988
434.4374100001507
537.2249700002245
460.80980000016433
448.1185499999831
456.01989999996
512.1036300000156
546.0278200002317
477.03962999994525
437.00022000012353
608.8576099999551
469.55614999996845
417.8871899999929
498.47360999999756
384.9262700000008
436.82299000025347
581.1801900000397
415.7806299999864
414.10153999999267
421.4392299999821
324.21920999999895
584.6763100002134
405.65745999997444
452.81596000006584
326.35263000000873
394.0197899999758
402.71370999998413
395.64710999999807
447.2472699999595
362.12998000000533
404.9722799999981
488.97876000020784
464.5480500000443
464.46055999999885
382.4935700000207
312.8578000000075
499.49573000010497
453.0134099999405
369.3068600000276
406.5790300000275
325.1559200000136
418.26022999994063
437.41505999993626
395.9656899999855
388.75574999999486
425.95067999997576
461.58576999995887
469.7042199999485
432.565800000206
543.6521300002862
493.1630799999884
320.9814100000043
424.52258000021885
427.87386999992145
454.2532799999618
398.3896500000264
603.3441700004232
383.1688699999805
399.5700899999956
463.2172999999275
479.3023999999868
494.43640999995716
472.4468599999712
562.5249100002635
365.2399000000041
385.86389999999903
341.66781999999125
369.8082900000103
437.6841099999913
380.64149999998654
362.4299599999953
528.1147100001958
486.60341999993676
400.2805500001609
485.43761999993876
484.8379399999529
399.79055999999224
333.87935999998626
479.427479999925
430.01251000003043
429.20922000024933
455.806620000066
354.8378400000123
490.94814999994543
308.06789000000754
596.8190300001729
362.3799599999777
373.9364399999861
372.3237599999671
405.4328200000712
476.1932500000138
348.20399999997585
525.8512400002357
382.9604000000014
517.1610300000069
382.50533999997845
402.776370000053
343.2816499999993
406.56874999995466
318.7335200000047
846.270920000299
362.8159000000155
380.13752999997007
428.27895999994473
588.9982100002436
524.1524300003252
359.11138999998934
365.91216000000003
476.5888600001703
384.4914400000239
597.3942500004888
517.5475600002619
533.7754299999652
377.5285700000578
341.7177399999988
389.7453499999535
347.23457999999306
445.1906799999826
383.0390400000018
481.72890999998276
333.09738999998467
363.04660999999993
451.45468999999576
454.3693299999932
549.8486000004069
444.0418399999419
403.96864999998104
583.9173000004346
358.9760000000057
566.2232099999169
437.52656999995
526.5113599999636
379.32417999998484
335.56654000001924
442.2193699999605
616.9194400001115
376.7236399999907
365.8357599999927
329.6416400000349
473.32096000022983
296.7878400000031
507.50935000025993
388.07515999999197
504.6751800000461
445.0080600000418
459.5944999999585
369.47852000000296
363.6254799999707
395.08440999998516
425.8295000001241
423.3365500002541
570.5505600002472
523.029720000214
424.4011099999582
395.8612400000218
344.8003500000048
423.5719199999922
458.2640300000198
427.47379999998606
483.3287699999801
524.6450400000695
425.33458999997333
343.83542000001313
537.6462400002564
434.84318999994065
369.61959000001326
462.2503300000621
420.3475999999716
357.91540000001027
432.28513999998796
411.18295000015786
340.9260599999989
348.74799000000496
470.9539500002222
433.8652300002397
400.10559999998276
616.2499000002344
325.80301000001907
374.4095800000258
469.0123500002303
370.7849699999785
342.300769999983
465.0316400000128
386.72486000001413
390.4873499999726
367.17981999998113
590.8898300002246
469.7225600001411
537.8773000002421
382.4609299999764
421.42774999998716
514.2299600000264
439.5236399999848
558.0107500001784
382.97971000000575
457.44106999999116
455.03881999998
383.7033699999984
380.6869899999965
340.8692199999966
289.00267000002293
329.1030700000043
382.0433999999869
452.8959999999636
312.8188200000288
464.21151000025776
493.46457000001016
414.0081999999853
531.0449399999368
589.6552200001877
372.76012999997647
332.37249000001015
446.25371000025336
567.0423900002096
402.7092699999588
417.58548999999874
478.5465699999558
449.7641999999554
381.27753000000865
492.60643000022094
425.35392999994474
479.0549000002689
453.0757399999445
397.48132000002994
543.2355000002519
349.1069199999849
642.2645300004399
321.48178999999675
396.7515100000256
345.53584000001206
360.00365000002375
309.13353000001297
494.7860000002053
656.9962200001164
455.79878999995424
401.07750999997495
401.1171500000094
610.5182200002682
472.24413999995573
535.0536100001739
389.98599999999306
470.9360699999445
344.5429900000127
506.2198800000359
495.00471999997325
584.7075800002065
325.26294999998913
428.6201300000196
493.3325000002344
545.7266800000506
387.05292000009814
632.3614600004705
438.7373600000363
436.2820800000424
622.9167800002929
426.5153399999983
456.1689299999606
495.86156999990556
435.6349399999726
535.1013200000846
359.21798000002076
485.65427999996894
578.6768900001871
462.8894300000733
471.2175899999704
570.2521900002683
359.8326500000092
322.8771600000247
408.09317000000294
437.338999999993
609.8712200004334
528.7827700002244
363.34377999999674
424.5613299999667
318.50317000001513
425.73673999999994
381.5845799999778
525.5593300002457
429.4006099999908
479.5257400001385
599.3833900002923
582.341939999986
419.53582999998594
546.9337000001923
469.6357400001301
478.9972800001184
483.23432999995055
375.6072300000071
334.0838899999877
346.7124000000096
356.1609800000023
346.91633999997646
306.4929200000126
437.53996000013626
388.73042999996744
446.8928499999896
336.5178199999919
625.956100000374
411.7069499999705
354.23411999999934
374.792779999993
406.5258199999773
508.29955000020595
345.39627000002275
391.91771000000085
359.3381999999903
313.36566000002034
527.649980000055
427.1873200000055
431.6293799999868
425.60221000004793
345.24326000000684
481.77101000028665
505.4984699999495
399.3448099999831
352.56832000002163
435.8553799999832
451.1906200002709
426.67040999998534
416.9288299999886
418.80978999997905
369.7933400000207
577.1356600001684
362.9988099999905
412.5515200000029
361.8644799999967
444.95636999994656
389.08962999997425
555.5346600003147
406.5471100000023
456.2010099999329
533.7334599999513
407.9306299999578
465.62782000024134
426.1327799999574
299.6535100000058
378.5459099999891
447.12888000000885
409.4681599999701
392.4105699999884
488.8449800001703
456.2514899999956
458.16969999997576
402.03849000003567
505.5122199999322
326.7812300000085
404.7818200000729
371.4156199999839
510.5921599999589
452.72582999995996
550.1430500001454
423.9542600000053
348.8569600000071
388.95948000002056
457.5162199999502
513.4136700002371
500.4893000002474
356.4137100000047
385.82702000001285
485.834179999957
414.32955999995465
396.29113999998407
449.70990999998963
394.7908399999955
578.7556600000956
468.8266000000547
350.60746000000734
499.9976099999806
471.4380899999606
415.05460000011465
375.73913999997654
384.3874799999939
349.5733300000001
395.9216599999808
550.2722500003661
550.1156600001799
470.63004999997315
630.6038800002157
531.5167500002187
385.9951100000103
541.9474200003771
494.88876999995426
453.0347999999495
514.8349700003159
378.9851800000244
359.7654399999928
455.1881199999582
345.02887000001397
413.17213000000623
417.4470799999841
439.30659999997886
311.1267200000078
496.53921000022507
472.8179200002422
424.91960999997633
388.45254000000904
401.02410999996596
352.9731899999955
381.598689999997
382.770730000006
456.1176799999781
344.25345000002676
407.5126200000164
443.9488100000558
490.9904200000866
283.30851000002707
530.4383300002123
405.9157299999838
460.9361299999806
373.7473299999853
449.60878000026014
364.81854999998643
365.6193700000168
377.5507400000055
396.0817399999952
499.9217800000424
667.4353600003494
390.5261399999978
452.0860199999934
390.2083499999941
612.0605000003105
377.200959999992
404.40932999996437
524.1292100002518
384.4799599999905
364.6880100000089
331.3710400000193
588.504320000346
362.8148899999781
353.1817200000026
446.8271499999734
371.68865999997354
474.49046000025186
495.4834700002744
394.970959999981
326.19410000002546
403.58989999997
590.0304500003875
341.6630899999963
395.9111599999819
483.5337799999493
434.06222999997686
511.2182100002658
491.47079000007466
422.0625300000214
490.48147000025165
390.2980099999773
406.2470699999953
476.0639099999642
324.9926800000174
430.4389999999855
348.5088400000034
394.4864299999888
318.38401000002136
332.2213700000264
434.13123999998794
378.62338999998695
460.91796999995626
407.43139999999966
416.93811999996194
386.1305299999759
399.19254000001484
341.7640799999878
489.94975000007673
345.40281000001966
520.2984100002014
511.0088900000353
451.29286999995713
584.2492900001511
336.91138000002417
496.8262799999354
324.69376000001796
500.83112999997434
412.65470000002625
414.6880399999848
491.5513600002476
531.8097300002157
492.8392900001572
474.6378399999713
400.13753000004033
500.17758000022377
407.2392800000684
331.7940699999883
421.6742300000328
505.6505800001385
425.72078000003575
414.3134500000235
363.4026499999927
507.20582000025615
348.027309999966
398.38657999998156
466.96239999998465
512.8681300000331
448.05971999997894
507.14744000032147
520.3218300001968
341.16867000000076
480.0000499999616
460.88088999993226
408.95931000008784
352.60679000000994
512.4361000000367
458.9687499999652
411.4308899999979
528.7279300001946
396.34602999998623
388.78023999998
377.5411399999893
420.2850499999565
504.05941000025615
445.5650400001141
462.6820100002494
414.00901000000454
439.3889100000382
524.798679999989
431.5888300000013
392.47555000000415
435.9788900001456
363.0394600000121
384.3289899999849
552.1263099998937
353.2816500000076
483.80832000006706
421.2695499999456
415.89854999995396
576.1669600003252
357.18013000002304
452.73210000024875
520.6419200001363
333.6974300000183
360.693029999984
388.8347199999746
639.7333500002434
394.2577300000012
463.07764000020865
426.52097999995584
590.794149999901
423.4452899999586
403.96079000000213
529.4097399999193
488.74166000022814
384.55031999999477
411.3845299999765
461.76078999996395
502.52978000012195
404.9057799999911
476.3075100000907
389.0199499999859
469.06237999995165
437.2991599999548
629.3890400000502
373.7401399999799
411.8633099999695
384.447259999971
387.3860199999836
385.5593899999993
333.3891700000235
389.388040000004
383.7593799999951
368.00937000002165
416.22985000003797
506.8793100000783
347.768899999997
387.2431299999824
659.8394500004383
470.83031000008276
539.3823600002066
490.3628400000704
619.2510300002501
413.21324999997654
416.7018899999917
361.95047000001114
506.2845200000073
415.2417899999862
360.7617799999934
509.1731600000101
383.72441999998296
397.9270799999899
480.1030500001792
462.70740999995513
366.04700999999966
401.5926499999666
430.1153399999782
331.49277999999265
488.3616999999972
540.0235600003214
429.8042200000371
413.19994999997124
519.8258099999655
389.55019999996205
394.4139000002704
402.52871999997353
645.2773000004869
386.67271999997007
325.004829999999
325.2991600000143
455.94492000004436
375.2038600000536
543.19994000019
382.9611999999903
511.8603600000713
395.549290000069
562.7874000002919
326.983620000007
393.9986900000037
342.8598399999966
451.71919999994316
526.3049699999891
331.90506
422.9915399999599
516.6681400002608
385.21020999999826
467.658590000056
433.9800400000022
570.3893300002053
447.2055399999691
486.929050000016
540.5737100000106
474.4500899999555
366.34884000001534
376.26604000000754
513.8852700002187
353.54609000000295
446.43629999995574
369.14072999996773
458.9763900000638
588.1265700001717
554.116310000266
380.12704999998874
571.4847300002191
446.67217000011124
337.4484199999999
406.57075999996846
440.24622999997484
469.5529300000565
378.38537000002674
572.4437800002008
431.2718699999691
508.49472000017084
507.37029000022807
611.7908200005373
397.48392999998646
601.6032600003736
401.10022000000544
394.6390999999692
359.49300999997257
541.364750000095
497.75804999994085
496.1985400001737
376.29190999997957
580.0475000001916
500.35411000021884
377.42084999999116
423.6251899999785
578.4965700001136
359.56351999998714
518.6319199999635
463.08332000004833
340.5813100000139
421.4463499999726
510.14875999997844
473.7782800002303
440.9438400000722
600.4206100000738
380.9092700001227
428.20414999998343
333.96440999998924
465.60114000010435
436.541069999958
375.47953999999294
369.12568999999615
433.558290000011
495.19481999992576
326.59498000000747
420.86038999996634
565.2124100002383
674.9001100005117
420.4890299999834
551.9171600002829
461.48268999996594
414.16639000000134
468.08402999995917
620.608610000467
360.4639800000238
407.71516000000395
404.6570600000006
420.95202999999293
442.45759000007723
525.1459400001061
400.6203499999906
593.8308000001781
459.30113000022766
450.7143799999851
448.78257999995986
332.4899300000215
472.57236999993984
355.19170000000986
490.9273399999678
458.48507999996144
516.0965899999308
418.64303000000336
617.455770000249
331.6575800000014
306.99564000000663
553.2064200003379
471.973909999976
453.0479800000485
402.05549000021836
451.43537999998256
383.2600599999911
414.1862000000113
374.5685800000072
447.971589999949
431.17297000015054
485.550989999993
420.1473100002492
443.6858499999677
356.908900000009
360.77216999999865
559.1527000002403
571.2804500002882
465.0102800002635
526.597279999957
476.25830000006624
543.263460000265
327.1057800000122
561.3003400005061
403.7991500000005
464.6265899999908
385.4453699999784
458.6791600000622
441.1527800000526
363.8834000000027
358.1741600000025
359.5714300000068
457.35679999997444
382.9807199999811
487.006740000107
458.38854999996283
481.35793999994996
552.5130800001984
436.29934999997863
364.236120000015
603.0330800001236
334.3213700000109
508.79010000039847
410.1399399999523
392.7761000000026
388.8164899999945
336.71348000000324
550.7938399999982
472.18834999997046
395.5166400000014
339.90932000002795
482.4961099999569
432.78906000005315
361.88144000000335
525.0635700002205
465.81242999995675
368.0474999999782
625.6179600002121
334.78910000002264
427.02349000005006
455.32851000025244
451.75752999997263
470.91389999995147
480.0962200000269
582.3090300002408
359.96887000000703
378.07309999999524
450.83876000025487
353.7403599999872
468.4184099999986
428.1364100000233
391.4221299999946
493.97828000013214
421.2178600001513
395.3394199999999
429.3156799999756
361.36421999999226
491.9057599999532
466.6126399999427
519.7849400002452
443.5089499999625
435.5054400000159
412.360139999991
552.6490100002216
572.4935900004697
444.6667799999687
533.5336000000489
372.79596000000174
490.3142600002417
363.2619900000067
373.36328000000196
432.71513999994136
344.94872999997546
386.0038899999839
467.3630000000918
345.7478900000298
483.53220999995756
377.359339999991
450.0441499999673
429.3522099999733
511.878569999948
464.3103700002363
358.42902000000555
502.4131999999256
449.33924999996447
685.175380000251
562.9950000000495
432.1692099999671
404.0743699999941
466.78354999997134
393.11895999998507
457.9872499999847
393.4700499999683
378.9152099999878
490.64651000008496
435.4352399999957
370.34251000001416
431.88969000005454
515.8564100002209
488.57860999999554
446.09403000006233
403.32358000001324
405.4172699999841
526.9630000001898
514.1363300000938
341.7017300000064
439.78338999997635
428.74520000011506
474.58267999993876
455.57764999994583
485.7340200002172
462.37272999995633
539.6822500002709
455.2412099999621
422.21860999997625
490.0152500002181
412.7872900000057
455.71498000025144
333.5159899999957
502.4004399999526
390.73007000001
446.1180600001219
421.7859600000348
509.07368999998675
509.60568000013615
330.54088000001195
500.9271200002746
