868.1401700000648
922.021129999877
724.7758999998358
532.6559599999256
442.45361999994566
761.6732000001049
661.5061499998897
607.2161600001466
511.4740899999093
611.4951799998703
695.6780599998195
909.2292999997715
616.9284899998598
878.2647299998663
717.3385900000397
812.8265099997759
763.6804900003405
479.88722999994917
637.3812899998989
788.7964799998466
655.7338799999919
877.2720499997143
653.1209099998897
711.9990099997968
537.7680399998753
779.7710999998163
604.8295500001842
575.0447299998775
970.7356099998982
703.1669599998266
724.448419999962
845.8272599997337
837.1816000001189
688.1869800000462
714.7494200000244
519.7521099999155
824.1614600005155
624.7100199998679
655.5669599998214
682.6188999998095
650.0981799999968
498.84438999991994
736.0392800001713
1020.5418900005722
453.5758999999396
614.1467200000423
568.1636299998747
737.3703199997647
688.8794199998612
654.6280299999959
670.9224099998421
839.9847000000808
684.230759999888
723.8462899998074
593.6368200001398
760.0084599998048
781.931800000459
716.0427899998383
519.6811299998868
872.7275499998241
733.268290000278
818.5224300001645
583.6944299998678
556.3433299998892
665.2704899999704
469.0900199999303
658.1140399999942
629.6559799998469
536.2103299999035
650.0872800001504
660.7292900001607
714.7675499999618
669.1003999998819
678.6637500002007
609.8542700000836
807.9323899999264
642.2120300001311
978.7523799996073
704.7380799998775
960.7008900000833
583.1542299999005
795.2744599998866
589.8062399999208
645.1667600001301
835.7390199996908
628.5342299999471
711.9974499998364
634.9428399998684
642.5762599998701
731.0431199998702
853.9114500000665
740.5621100000819
918.998039999707
844.7664299998361
590.8192299999049
797.9491300000929
696.1701100002134
754.619159999986
618.4002599998352
505.93924999994584
737.3708799998158
741.4422699999335
582.3270499998931
631.0649399999506
685.283079999929
754.7930300002326
646.21121999983
859.7195299999248
930.1780000004301
502.90335999987553
663.7495099998544
670.1417500002566
874.1374099997404
572.0776399999039
795.0054900000624
891.0496899996865
515.8800199999071
618.4428599999354
604.2006499998938
770.9485600001376
632.1569699999302
595.902880000093
582.4712399998855
834.9873500000325
784.1915199999191
728.5952500003169
804.7786599997395
679.2082399997945
604.6990099999872
657.9104599998573
642.1901799998973
684.0582999997747
1010.3945999997553
741.2068799998128
861.594770000022
670.5025299998663
729.4243099998109
657.0052699999088
685.313920000116
514.8951699999121
1058.4600999999536
558.1187299999101
694.5563400002792
647.0764200001555
587.5829499998754
981.4167900002983
813.1764500001592
839.5012399997776
799.9496199998069
717.5968699998167
646.6633599999668
693.808800000095
805.01591000012
616.3978499998988
745.5326799998049
637.8784299998439
918.9615399997275
727.7705300001132
956.7403600001583
696.9007099998582
916.9857799998397
740.2362799998172
629.6757199998923
750.8515500001511
597.6171799998755
743.494660000479
817.5138500001229
595.2723999998861
719.0084299999897
717.4970999997684
520.1211499999365
924.1122299996947
825.5042599997771
749.6617400000356
539.8374599999319
571.9101499998719
563.6285399998652
618.0010699998879
699.74951999982
475.96984999991315
526.993039999918
690.3826299998924
662.8172199998154
804.5762299997414
684.2627200001283
503.181599999949
963.9327900004372
958.0142999996585
645.4414799998921
578.5416599998988
601.400959999886
716.7751099998693
790.9935099997347
613.4379199998918
557.8981099998737
733.2346599998222
677.4606699998054
760.7858299999513
724.8384500001207
934.0135399998419
889.2888299999064
557.6370199999407
637.604469999983
725.5131599998356
732.854489999884
748.7198099999092
785.0788600001578
614.0816499998472
595.9177799998588
747.3052799999331
691.8862799999704
840.9445199998398
793.5299799997794
645.2880099999195
641.2116199998379
741.9859499998545
598.2837599998979
498.75067999993297
536.8801099999389
557.9288599999359
607.2062400000297
630.8932200001503
904.1328699997125
679.4071299998337
887.8264000001209
757.9769399997812
712.3314099998454
497.2284599999115
763.4609899998046
685.3459599998258
552.3106799999423
549.9884999998972
673.5798699998631
780.2204399998064
637.702209999974
842.4567899997129
479.43310999995845
597.8522299998341
613.5358599998293
582.6804900000459
680.8618799998658
765.7399799998083
796.0607000001526
578.1817099998757
838.1020199997805
585.2089999998753
676.0813100001967
508.5470299999031
710.033449999789
619.2329399999181
1228.2513600002549
699.412860000161
777.9054299997587
650.8638999998257
926.5639200000303
741.6940400001512
522.1839699999215
594.823069999922
691.5300600001091
548.5904699999231
622.6675699999711
689.1125399998627
676.7486899998108
678.0932500002654
586.2589599998998
682.9265799998492
515.1072999999254
678.570539999879
635.2438099998523
922.9088399998162
466.5418599999234
634.6930099998648
689.0702499998334
878.1908400003773
877.3788800000498
605.7355199999026
742.9222999999206
760.2377800003575
537.8273299999124
807.1616899998394
886.8351499997246
849.8605299997363
786.4959899998499
572.7971199999015
662.0138599998895
910.3240899997095
706.8889799997954
540.0051699999058
510.2747799999321
736.1220199998211
452.3596699999466
752.2043099998305
668.5040099998535
686.3954800000704
864.1151100001252
730.3865999998822
579.2947899999167
631.662179999902
836.616820000179
710.437660000081
600.3740200002104
809.1478599997848
752.6930900001307
690.0354999998465
672.0319899998627
633.43898000019
632.2023399998245
672.1442899998947
642.8454799998051
648.5245399998023
738.3819199999562
667.1881799998263
566.1404999999011
695.8431799998405
675.4636999997783
694.4129699998214
636.8278699999792
764.1072699997759
664.4343600000826
706.3690599998321
656.7766600000848
651.8396999998973
613.6287399998743
622.2004500001211
529.4189999999237
592.4296099998496
876.7488399997007
478.43908999994767
665.377959999894
685.57994000016
812.8754800001494
495.27223999994936
751.539559999806
571.5140699998998
589.8875699998632
604.4110499998727
752.6043899997732
673.8200000000699
925.6642599998065
650.2097599998267
710.2513900001582
815.3175199998991
716.2296799998513
827.4236100000828
730.6275799998963
781.0194999998344
853.9490599998568
630.7031400002121
621.5126599998842
531.6370199999
557.6565099999787
584.5948600000446
730.1931199997872
874.339239999781
638.6007200001073
611.9263199998528
762.0376500000976
800.9285999999219
907.8804699998389
1011.9899599999947
603.3425999998942
502.18075999992254
674.3955300001421
685.4478300002415
877.5747599999122
681.7603200000102
662.4295099998743
585.4092099998801
812.4068600001167
569.1524999998816
689.8726499998587
538.6700200001949
874.2358399997694
811.2452600000879
733.4290599998208
536.6174999999779
1032.802110000338
483.26243999998593
602.8777499999235
656.0912199998809
559.0900099999078
555.4337399999041
912.7546300001892
1032.9400099996776
649.2144199999134
802.2587700001499
833.3243400000268
939.6171000003201
786.8222599997586
835.6591000001047
517.1695299999255
698.5817799998133
544.8798699999201
766.0172699999006
847.2723299997685
834.692080000063
462.03991
644.3698199998789
696.0836800004471
928.1571600000752
814.2372800001585
898.2007700003959
659.4518999998386
648.6321499999642
857.3088699998261
739.955709999822
799.1928699997571
861.0791899996724
682.3914399998089
1014.01656999984
630.0707799998936
733.952409999851
853.4975500000645
710.2575799998802
779.5824699997664
932.6968900001358
546.9420799998763
561.2487699999394
697.188969999865
684.0728999998923
965.2239699997762
739.9876100000209
553.60809999992
547.486769999929
558.80965999993
703.9989099998281
580.6230799998974
810.633590000242
660.0795499999517
611.6854800000564
856.1221999998648
880.8808699996589
796.1308700000383
814.3765099997602
748.7703700000455
633.3326600001016
837.6432099998262
667.1030499998553
552.160139999884
650.6047299999327
480.32590999993016
679.4652999999084
456.1192899999512
648.6039899998813
671.3896499998341
727.1228599997988
581.8438299999012
1055.377079999953
707.7496299999027
564.2767399999008
727.4238499999251
685.4300299998307
853.7576999999587
576.9896099999202
680.384899999863
538.8772199998697
497.4192299999077
791.4834100000429
683.9989499999633
764.0834099997722
643.0711799999399
652.1397700002769
632.823379999905
838.9954199997165
630.297079999847
530.8246899999167
690.0107299998404
796.200550000562
776.9958500000711
763.3880499998155
584.8347499998678
598.2638499999462
884.0697199997512
728.9063900000749
675.374609999826
485.61263999988375
823.2638600004473
617.0864799998686
802.7596500002629
679.3143999999068
750.3468499998485
998.2834799996999
743.453809999785
638.3095600002366
571.0143599998604
526.5306499999209
550.0372899999606
802.3341499998588
731.7831999998467
612.0104399999108
890.8327200001185
729.4132299998637
783.9714999999046
667.0896899999403
1056.5225899995908
510.04435999994195
645.0196899999924
593.7311700000291
856.3329600000538
793.108779999795
860.8328800000388
655.4001799999195
557.0426299999855
661.9539899998523
565.3936899998458
657.3801700001948
831.5118299998483
675.1822699998608
560.9542099999832
687.3168899997977
643.1953499997989
680.9641400002151
829.9997699997713
477.2068899999442
819.3399799999726
597.5330099998697
560.0047499999232
723.8739999998002
1013.120169999882
661.445300000067
641.5394299998525
642.088349999958
544.5788799999078
671.6917699997849
930.5504699999841
828.4453900000555
598.9992799998536
1020.9637100000317
790.2982600000919
792.3634400001578
805.4870100000725
761.4904299998004
734.0921599998526
702.5282500000928
755.2909899998567
577.0419799999066
805.0063200000727
519.4148799999366
570.129879999893
713.33286999982
607.0248199999576
415.9721599999463
653.7228600001364
701.3682100001579
746.6965799999498
551.8451799998917
566.4687199999368
640.5771600000262
579.5005500000293
639.6722499999399
732.2041799998184
566.3775999999009
576.1758299999008
720.5800599999562
752.5127899999877
476.4429699999583
842.8650000000838
588.9081899998778
537.7215799998667
630.6937099998886
676.7290600004043
652.0990499998678
531.6809399999099
577.8753999998552
599.3501299998743
838.2519900001273
819.0069200001371
659.0912799998321
693.1240199998009
550.4459199999137
752.8193499999235
598.423919999872
556.1984299998823
713.031299999902
689.3407999998724
627.9399999998907
615.6215900002347
673.1487799997954
747.4353299998863
598.9534699998876
710.0715899998181
730.8463099997883
634.6806799999159
594.4448300000096
610.498449999867
619.7239299998877
606.0127199998749
920.5582300002349
464.93509999994257
584.7986199999203
917.4313199996936
611.4086499998446
746.3632399998095
737.7798400000347
542.7894599998722
741.8367100001733
699.1222699997887
593.840849999862
704.9178900000899
557.3480599999422
919.8223699998941
573.9099299998911
552.664059999913
583.8261599999245
505.26148999991915
699.6589799998371
586.0876799998929
686.8432399998197
751.2976199998418
587.6107899998605
773.9890200001198
572.6457899999624
591.2018599999
786.6958199999438
518.1175099999575
653.7199899998482
773.4972199998559
758.2090199997824
872.2737399998052
679.338990000183
766.9141699998198
623.983229999912
653.6403799998147
686.2266200001449
638.3155499999481
803.5280000002894
770.8921500000944
840.6133700003114
668.8499999997962
755.4333100000781
682.8969999998038
632.0393899999902
661.765379999864
760.9621499999104
732.9309099998056
708.739569999961
599.5997399998954
505.0794799999148
973.1795500000434
605.1631900001473
514.4387199999144
766.5154599998469
865.6909599998795
811.6663500000911
849.0909600004773
828.6662300000788
574.8032499999073
733.8038299998251
710.6564999997827
579.1150600000162
518.8712899999105
879.9316899997356
752.4879599997947
647.8376199998569
639.1258300000969
681.1797599998295
553.7829899999208
803.5882400001273
862.2320899997034
666.1787599998316
584.0253199998898
752.2813000002262
616.7182499999327
627.761999999901
742.2376200001734
648.7823399998913
562.803639999862
577.561040000116
578.1818699999742
623.3220299998604
686.9333299998813
645.1144199999485
676.0944899999337
747.4664799997762
659.1935899998577
533.8699499999957
576.6279099999193
877.4434400000819
797.6224900002417
577.5578099999325
543.9903500000714
555.523569999883
821.0961799998456
780.9245599999555
638.6730799998644
812.6583299997764
1148.354339999946
675.1043599998899
685.791989999864
804.2302299997458
798.0501800000549
557.8029399999324
663.0405199998753
680.0033700000073
955.2164500002945
669.2617999999864
932.5758099998857
768.3965099998065
845.8759300002462
862.2250999997917
1021.4973899997556
739.888289999825
848.5042499997755
631.4587599998879
741.4356699999194
581.19967999989
586.5045399999425
684.0689499998513
628.9378199998868
653.3074399998887
696.8184899999475
776.3174900001326
593.7834799998793
530.7840499998686
823.072190000199
689.9966299998116
777.4510299997727
720.9838399997959
791.8598900002107
725.7281199997553
535.0977999998769
440.4964799999382
941.318819999728
664.3807899998749
616.9582899998886
678.8246899999256
643.9902199998556
774.7818299997929
666.213439999868
692.1474099998004
641.4928199998888
679.7092999998983
765.9315900001292
603.8546599999004
790.4980999998446
772.3512600004941
655.5050099999614
692.2734999997989
876.9810399998291
649.2069199998443
476.1158999999398
757.744949999784
520.029999999905
601.5856199998575
461.7482199999254
610.613430000013
770.0896300002996
514.1159099999684
869.4917799997343
592.5647199998907
705.4378199998719
612.5860500000222
737.1110500000286
551.5777799998872
730.8760399998355
562.6739199999375
797.8571499997443
986.5027599997999
550.8182200001719
672.9452500000248
743.3514599998016
627.3317799998821
915.3034500001813
671.8174899998265
840.5935900000809
759.6111799997693
675.949549999828
832.412810000022
791.32762999978
510.32923999988867
492.4823999999028
616.3776599998862
651.2471300001973
739.9808399998251
795.3511100001659
771.0115600000995
803.0855899997517
734.1324699997883
793.8899700001722
764.491659999846
748.2303200003095
501.0540099999268
575.6154999999
652.7738399998373
579.5435900000134
658.4015299998983
729.3014700000937
818.4601399997663
744.8787599997735
691.3886400000079
903.324680000756
600.8387499998873
842.7847700002804
782.0180299998044
880.5283899997395
681.3212099999847
792.4871299998938
749.2412099999976
588.9406099998793
826.3324800000489
921.8068599999684
819.4564700001507
675.7439800000072
624.3228399998338
933.313709999736
674.6382500001719
740.3998599997881
734.7508200003671
579.5484600001982
714.0996299998412
743.3180000001634
801.3564400001653
735.6531599998128
768.778880000086
621.6766899999047
793.5556199998368
613.2453299998733
541.9325199999411
907.2800899997321
725.4382400000227
567.8169999999077
706.4926999998324
851.3726700001143
565.2507299999212
657.8633499997954
852.8796600001001
835.0845800005332
669.6629999998281
709.8676799998857
868.6706700001045
624.704139999896
832.3110900000241
967.984180000327
615.1559000001819
711.0094000001642
678.9219099998845
612.8233099999251
748.3870499998984
814.5076599999456
709.4145000001345
938.5545900000503
553.6437100002028
657.4066499998756
689.5393599998104
519.9169599999518
696.7463799998351
554.3785599999104
821.1395899999303
648.7116099999303
841.224619999794
655.6861099998528
1021.8290499999682
520.6759999999329
480.7371900000541
892.6603700000798
849.6719799997264
719.5042199998315
668.7316500001896
678.2204499998282
798.9154799997982
682.8566799998486
570.1441299998869
691.0857099998077
575.7783599999058
760.9051799999414
624.9341500001632
985.2990500000737
666.5307199998637
668.5249199998835
612.0315699999953
883.8140900001632
769.5332500002002
925.9637699996875
773.1782000000094
1048.5742000002747
677.1572600000644
872.573930000455
541.6521999999057
717.9573499999883
590.291499999882
693.564189999832
769.0834799998099
560.3965099998961
668.190339999876
593.0720199998797
737.6013799998061
646.4137899998541
596.1379499998832
848.4347600002673
827.3230099997141
939.3340599999693
606.1335199998787
534.1555199998642
983.6213699999881
530.034639999965
690.5560200003694
697.9635700001403
612.0442399998919
680.0836499998348
515.1737899998803
883.785629999844
770.9588399998028
593.7214199998771
470.9966999999449
823.1751699997809
660.0860099998572
644.9494000001453
829.8003599997543
677.6550099998002
819.8481000000976
955.5766700000561
605.4470099998803
689.9913000000389
667.0639400001578
676.796159999811
725.8773199997507
620.0937999998466
843.205660000104
570.6234599998886
707.8542099998367
665.7048700002159
618.5310599998678
903.1495900002287
583.6730399999046
741.2731100001691
770.7510000003002
665.0814200000801
746.8596399998066
739.7412499997856
773.9212300001382
663.6750499998706
803.8873299997211
642.787399999875
756.4676399998347
711.9955200001713
622.2472199998421
754.1853400001315
822.359670000127
762.7800499997862
854.711169999851
529.6268199999281
715.0302400001493
600.8147199998692
644.6085099998614
579.3026299998451
789.5245399997985
608.4076799998442
524.2979400000149
574.2712499999001
891.7943899998178
795.8194800000159
805.2538199997979
833.5542400000757
798.9446299997509
783.0434300001439
596.3730499998709
857.4662099998375
715.301410000171
744.4402800002284
950.9272699998252
701.3614899998277
618.6771299998514
781.8427599999691
587.862110000025
739.3875399998902
802.7292299997952
594.3737499998563
777.9818299999595
783.9601699997922
617.5937099999334
782.457689999831
703.6173799998469
684.4384299998839
740.7437400000556
725.1519699998507
649.2957799998534
862.4626500001846
727.1675299998163
659.265709999986
814.8348500001073
557.4800899998904
835.7145099997969
626.0628499998222
785.29898999999
861.9307799999692
794.539840000102
751.4637099997366
912.4186299997023
817.8444100001124
695.0639100000964
742.5440400002096
614.1016099998925
681.9333800001468
619.8962299999072
686.3256899999843
639.3332599998533
855.7267699998238
1001.4039799999421
534.8965999999765
757.1934500002168
