5877.8000000054435
7314.000000011634
4711.850000004842
2525.649999998798
1729.8999999993548
8633.050000013876
1997.424999999279
4483.625000004742
1985.07499999929
1963.6249999993095
2418.1249999988963
9040.350000015358
3409.7000000022767
4172.375000002205
7572.125000012536
7299.150000010849
6742.100000010117
1873.8999999997234
2847.074999999326
4494.425000000815
3388.175000002215
3061.274999999074
2171.97499999912
7001.000000010502
2608.5749999996833
3644.3249999994478
5797.000000005855
2158.649999999132
3682.400000003113
4718.52500000083
6794.625000007187
3360.07499999804
6184.825000008581
4455.000000002681
6352.425000006344
2247.124999999052
9999.075000018845
3643.4250000007687
2660.324999998676
4610.750000001301
4160.575000005387
1636.7749999996067
7143.500000011965
8180.250000012228
3257.6000000029576
5625.150000008256
4035.700000004107
3682.300000001239
2412.5999999989012
4724.8250000046
3685.9250000024417
4664.900000005487
3610.6000000011713
2794.8999999985535
3964.3500000041154
3763.924999999121
6210.800000005743
2831.4999999988595
2363.924999998945
4711.525000001257
5568.300000008225
9148.075000018309
1679.7999999995677
1710.6749999994636
5756.550000009567
3251.1250000001874
3710.750000002383
3810.650000001431
2007.5999999992696
4614.750000004989
4203.025000005811
2881.200000001332
5458.075000005176
9155.575000015777
8725.325000017108
3942.100000003653
4865.625000005206
5059.0000000043165
6398.550000009844
9294.725000016282
2833.8249999986715
3165.1249999992233
3268.3749999994307
4869.575000004685
4167.825000001758
3855.3750000009177
3776.950000002832
5827.7000000070175
3687.0000000032496
3391.549999999011
5234.025000004479
6567.5500000110405
3002.8249999983645
3049.3999999995176
2020.0499999997955
6369.850000010461
4593.275000005424
4706.025000003656
4999.625000004325
2889.07500000242
5023.550000004551
4768.77500000454
2362.1499999989474
2162.624999999871
6236.775000007307
5601.0750000059315
5153.9500000054
7008.800000011881
9877.050000018402
1920.249999999336
2585.624999998744
5167.250000006785
5394.400000005272
1920.6249999993488
4657.675000005011
5212.900000004122
4216.725000004221
4883.200000006241
4798.800000004957
7431.125000009503
5458.650000006341
4663.825000005614
4874.9000000060405
4916.400000004823
3981.075000001335
5751.625000008681
5311.575000004565
4927.050000005349
2959.775000001027
2632.124999998906
2845.525000000163
5217.375000005072
3488.22499999948
3714.4000000000497
4193.800000005073
2244.2749999990415
2517.5499999988056
5195.575000006151
3726.3500000042786
4119.925000004998
7076.100000009274
2527.4499999987966
6216.000000007541
3991.1500000055876
5645.350000007733
6786.450000011429
6272.350000008287
3773.499999999331
2521.499999998802
5421.125000005233
3889.125000002262
4197.800000003701
6616.900000011603
4881.100000004335
3825.0999999995643
3316.674999998234
4291.125000004243
6876.100000011236
5652.000000007536
6773.500000009565
4975.525000001588
2622.6749999991307
6120.000000007209
6092.800000007552
4262.350000004975
7122.375000011592
7091.575000010582
2898.7999999992676
3375.4750000001227
3167.225000000133
2311.849999998993
7233.9750000113945
4896.925000000581
3934.325000002842
1839.9499999994218
3313.3750000002374
2452.3499999996557
5859.950000008673
5492.000000003864
2101.9999999991815
3144.750000001687
5002.97500000491
3438.125000001338
2355.5249999989533
4266.075000005305
2098.6249999990814
8346.925000015537
3485.0749999998834
1764.9749999994901
5060.825000006104
2408.299999998905
3314.87499999979
3187.599999999081
2505.0749999988175
1900.29999999934
2682.6999999986556
4507.975000002674
7405.400000011121
5289.40000000422
6224.60000000929
5363.050000005765
1743.0499999995102
4751.050000005701
3336.6749999980607
2725.0749999998097
3313.750000001348
7336.375000010834
2342.949999998965
2534.7749999994294
3906.100000000697
4803.4750000008935
5105.625000005721
4007.875000001351
7479.700000012972
2690.124999999897
7505.975000012226
2335.6749999989715
1664.124999999582
5374.400000005942
2133.6749999993676
3249.550000001701
4659.425000005409
3593.5250000017872
4395.650000002754
5343.825000006188
3619.1000000003223
2015.1499999992627
1870.5999999993942
3356.874999998461
3704.3749999997776
4058.025000005785
2587.100000000896
2300.2749999990033
3141.974999998854
3431.025000000671
5705.600000004954
2248.424999999688
3021.3249999987333
4209.67500000502
3589.300000001616
5025.5250000018505
2041.9999999992383
5193.375000006243
1990.4999999992851
5931.925000005833
4703.975000004488
6059.400000006608
2731.29999999911
2665.674999998671
3349.3999999986954
9346.925000016596
4433.575000005151
4959.200000004348
3021.5999999983474
5669.875000006405
7940.55000001358
3596.125000002759
5217.825000004951
4984.000000003567
2511.400000000349
7567.375000011827
7830.075000011927
3625.0250000002106
4715.775000007145
3298.3500000008653
4147.300000002595
1932.5249999993334
3891.9499999995005
2064.3499999992177
3335.42499999987
2031.1249999991514
2087.499999999197
2996.674999998635
7079.600000008228
6087.025000005642
4010.8500000006507
4898.6250000030495
8093.37500001457
1895.4749999992555
4407.174999999729
3732.0999999991236
2775.1249999985716
2294.099999999009
2787.3999999985604
3020.1249999989404
4506.950000003574
2282.649999999019
1990.5749999992333
2245.0999999990536
4172.25000000541
2022.1249999992508
5460.850000006319
3628.400000000356
6082.5500000047705
6164.900000007354
3555.8250000004678
2441.1999999996847
2596.9499999991813
5705.175000005522
4091.6250000025557
4090.4500000058133
5876.675000006278
5023.600000005643
2747.874999998972
3980.2250000052654
4697.150000005847
2689.874999998649
3819.575000000772
3007.074999999668
3039.3749999992106
4204.750000001166
3121.9499999994423
5296.675000003985
4549.300000006128
2654.3999999986813
4845.325000004437
3727.8500000012527
3711.9999999989705
3835.30000000362
4667.17500000553
3274.0000000032846
2355.749999998953
3006.5499999994718
4721.425000005023
4351.4000000052565
2849.0999999989945
7766.350000012342
1574.4249999996637
3612.8750000007362
4659.400000005622
5582.175000005394
2242.7999999992244
4313.000000002738
2005.874999999231
2173.7499999991187
3024.6999999983445
5442.750000005604
4184.6750000031625
5946.50000000641
3555.6000000007057
4671.225000005451
5800.850000005998
3037.324999998872
8685.22500001443
3976.625000002753
5995.975000004718
3692.325000000648
4837.150000005608
2102.674999999183
2877.974999998478
1981.5249999995438
3190.275000002818
2353.149999998955
2857.1749999995595
3531.875000003559
5497.90000000528
5306.300000003753
4275.750000000115
3652.850000000256
5160.5500000046695
2558.2249999992814
1824.1499999993487
4509.350000005482
4970.250000005517
4132.7250000021
3740.775000003194
2895.4999999984975
2631.724999998766
4262.575000005854
4183.200000005376
4185.850000000179
4075.7500000058208
5680.350000006147
5261.100000005397
4900.475000005862
6864.825000011369
5707.525000006802
2065.075000000297
4120.650000000167
4316.300000004927
2835.399999998517
1782.2749999994624
6026.175000007307
5628.37500000375
3179.12499999844
4986.100000004502
6436.8000000077445
5844.5750000058815
3337.67499999806
5114.550000005429
2012.7999999992649
4252.875000002608
1876.8499999993883
3632.6750000002503
4801.600000004507
6794.300000011684
2473.100000000587
4032.3749999993493
4177.450000005789
6798.850000008619
7306.300000011695
7600.525000012716
3548.575000000259
4372.625000004802
8508.825000013423
3211.9750000019794
2856.249999998498
3479.1249999979923
3822.8250000015314
5817.975000004513
1606.799999999634
5886.575000005238
5824.500000004668
4968.650000002305
5070.200000004966
4917.575000005364
1931.399999999339
2223.1499999990738
4378.9000000048845
5204.175000002952
7476.475000011149
6150.850000010341
2372.4249999992135
2586.399999999335
1658.8999999995194
2571.6249999987567
3295.974999998204
5191.30000000653
5200.025000005414
5364.075000005851
5669.050000007954
3398.0250000006654
4242.4000000054275
5104.625000004679
3733.775000003054
4513.4250000033735
6153.600000005548
2545.449999999054
2952.475000001315
4749.575000005757
3715.775000002208
3271.349999999211
1370.599999999777
3909.9750000031295
2750.449999999673
3245.875000000164
2667.0999999991113
6949.125000009393
2675.099999999692
3055.375000001313
4467.600000006092
2371.849999998938
5950.625000006532
1481.0249999997484
2940.8499999993796
2869.699999998486
2265.174999999035
5175.050000002735
3543.875000000095
5246.025000005131
5874.0500000097345
5410.975000007708
5675.625000005401
2600.2499999987303
2128.999999999159
2107.524999999159
4679.850000005511
5193.750000007466
4928.725000004733
2832.6749999985195
4594.825000000756
2632.349999999981
7225.825000009199
4113.4250000029515
3835.500000003675
2435.374999998811
7155.07500001175
2662.324999998674
6884.950000011114
2835.6500000004266
3689.549999999081
5806.500000008391
2758.5749999985865
4070.850000006165
4768.375000005854
2116.7999999991703
2571.1999999993955
2927.8250000005014
3172.84999999821
2644.5499999988506
4479.500000004231
1927.9499999993418
3408.625000001097
3409.775000000099
5166.925000004712
1719.7749999994703
4665.575000005878
3422.600000002191
4705.925000005581
3503.999999997908
7620.350000012849
4455.975000000883
4168.750000006015
2436.22499999888
3191.399999998794
4082.5500000061634
4938.300000005755
3645.29999999968
2523.4750000006106
2775.324999998571
2879.349999998477
5474.925000006291
3288.8999999994276
5229.625000005924
3762.775000003186
3652.150000000836
2252.8749999990077
6074.625000005673
7076.150000012052
3238.7250000022414
2367.9750000000795
6902.550000008754
4690.850000005718
4363.450000003791
6377.550000008867
4707.325000004934
2679.3999999992616
7064.675000011785
4289.07500000545
4320.275000006262
6735.425000010275
3617.3749999982792
3238.8249999989384
6244.200000006884
3083.524999999608
2755.1999999990944
4916.800000005475
2073.07499999921
2218.5999999990777
3318.3000000003303
4158.450000001263
1847.524999999415
7540.625000011396
4386.075000005721
4068.2000000016938
2633.6499999998236
3323.9250000005063
4383.3250000022435
3350.575000001951
3303.550000000545
3541.47499999877
2172.874999999119
4777.30000000626
3558.7000000004036
5864.7500000038035
2250.924999999299
4699.275000005621
2794.074999998554
2408.9999999996426
3530.199999998066
6364.125000010285
2235.3749999990623
1764.8499999994901
1988.5499999991707
2791.299999998557
4925.000000004824
7365.875000009881
2756.999999998588
2434.374999998882
2725.0499999992116
7593.725000013255
4291.800000002411
3636.475000003396
6348.925000008249
2601.724999998729
3044.2750000003452
4492.6000000053755
7109.125000008495
3782.075000001789
4482.675000002667
3472.8500000011118
3282.549999999316
4173.800000005891
4630.075000005224
2965.149999998731
1958.9249999992976
2377.2999999989333
7849.400000012391
2260.174999999384
3099.8249999985132
5235.200000002828
4294.250000004973
4729.050000005919
4115.850000001593
3445.3750000000887
4240.325000006322
3233.9999999981933
2596.299999998988
4764.55000000483
2646.8499999986484
3963.600000001554
2549.074999998777
2197.324999999097
2531.824999998872
3671.325000002286
2035.2999999992444
4636.575000005245
2561.7749999987527
5140.075000004932
2833.324999999682
5446.500000005326
2427.05000000008
2759.049999999546
4496.350000001345
1834.3999999993575
4895.275000004822
3905.8000000019374
4230.1000000016775
5862.100000003997
4362.950000005683
4073.875000000485
6710.425000011197
2112.774999999174
6712.250000010939
4528.800000000886
6623.625000008215
4949.225000006317
5649.550000007133
3158.0749999991
6387.950000008072
4649.350000004652
2860.8000000010234
2540.199999998785
3428.825000000499
4775.300000002714
2870.450000000641
3139.1999999996283
4616.075000003761
8047.850000012495
6808.275000011855
2348.09999999896
5373.800000004876
8482.375000013326
4767.575000004908
5113.150000006897
9722.075000017836
2988.575000001083
4772.550000005009
2824.024999999106
4080.875000002734
1940.2999999993308
4231.800000001744
3590.774999998044
1808.324999999451
5044.8250000047865
2645.7000000004664
2609.699999998771
6815.10000001122
3991.2000000028806
5848.750000008715
3211.800000002688
6066.300000006897
4931.6500000055275
2841.325000000706
7736.850000011464
4436.100000004854
2054.4999999992096
4326.100000003466
3451.350000000068
2499.2249999988226
4529.950000003209
3765.82499999982
4391.225000003317
3318.6249999985516
3005.499999998362
4656.575000005959
1589.6499999996431
6644.175000011479
4289.7500000053
1558.3499999996782
3588.400000001306
2428.7249999993937
5204.4750000056465
3849.7750000015417
5668.1750000061
3749.2749999999473
5068.800000004906
2992.649999998955
1928.3999999993416
3416.1499999979887
4545.225000005103
2786.8999999992557
3033.6749999989283
5321.850000003763
7294.7750000102205
3696.4500000009907
4072.9000000016517
7244.9250000124075
5887.600000005727
3216.87499999817
5400.600000003344
2689.92499999912
3241.6749999994136
5422.225000004427
7392.325000012079
2225.1499999990715
6068.625000009299
2783.3249999989075
2803.775000001307
3519.2750000019896
6283.925000010812
4474.1500000044
3250.174999999343
2121.274999999096
9722.275000017838
3564.6500000021024
6805.8250000116395
3934.40000000125
5847.100000007169
7162.425000011876
2400.8499999997366
1962.7999999993103
5002.125000005593
2856.67499999855
2588.4999999987413
4146.599999999982
2553.4499999987734
2964.074999999135
4618.750000004769
2401.2499999989113
4267.7750000052665
2843.174999998653
5028.175000005902
3200.274999999711
3914.8000000004936
6109.925000007781
3084.5000000004593
5360.150000004374
3272.62499999943
4432.82500000614
3893.900000006194
7477.600000011325
6708.475000012717
4811.525000004473
1946.1499999992507
4230.050000001564
6191.7750000078795
3049.000000000269
5133.825000004622
6424.250000011176
4845.550000003877
2911.2250000016047
7911.5250000128
2893.8499999985156
3829.0000000048785
3099.374999998852
3124.6499999982534
4818.025000002082
4580.7750000052165
5755.600000007058
4487.075000005124
2068.649999999214
5917.375000007014
2256.8499999990427
5522.100000004846
2375.724999998935
5115.650000004616
5686.125000006155
3246.5499999983927
2703.7249999986366
1978.6999999992959
4857.750000004973
4151.350000005777
2742.824999998601
5529.325000006906
5158.37500000766
4693.600000005639
5758.600000006777
6142.825000007122
4957.925000006599
6228.925000009644
2407.3499999989062
3104.8000000012507
2589.299999999456
2914.2250000013046
4327.5000000039345
5946.850000006863
2353.349999998955
6504.825000010103
5764.1000000072
7741.425000013791
2263.624999999037
7089.6000000095355
3595.1250000004175
5782.025000006095
3434.775000000928
4164.95000000317
7298.575000009021
4587.650000004386
4416.9500000039325
4728.875000004624
5005.12500000559
5453.250000006583
2035.574999999198
7967.575000011455
4206.300000005722
3086.2999999990325
7372.350000010741
4067.1250000058026
2480.849999998839
5499.575000006025
4840.475000005697
4459.025000003764
6052.975000005943
3325.7250000020326
5280.350000005169
2035.699999999244
3946.1000000030826
2902.6999999984555
5928.825000009657
3222.275000003848
3843.1499999999496
5388.350000005681
2121.524999999166
2296.2499999990073
5734.200000006324
8348.05000001371
2018.5249999992595
7448.400000009566
6143.850000005242
2169.3499999991227
6731.475000009712
9659.22500001761
4038.6500000059586
4247.500000005772
3161.9249999987705
3317.0999999988103
4536.300000002778
4943.600000003274
5593.8500000079675
3917.8000000020324
4443.625000005552
1979.8749999992854
3395.5999999982496
1367.2749999998346
3374.624999998347
1882.7499999993831
3325.575000001474
4432.900000000787
4602.300000001318
4375.800000006262
6448.725000007713
2006.0999999992034
5250.950000008099
5741.050000005341
4398.700000004865
2826.8500000004747
5026.8250000046855
2214.024999999073
2874.6499999984812
4447.050000004068
1812.3249999994473
2877.374999998944
3388.7250000028157
5379.475000004217
6561.125000009273
8082.900000013817
3015.674999999328
3575.424999998757
4652.600000005348
7836.350000011858
4392.8500000054955
4453.675000000927
3991.400000001793
7305.000000009142
3550.1250000032433
9296.275000018306
3159.399999999471
5000.975000002647
4393.825000004902
3038.700000001919
3837.8250000008466
4020.0750000046223
3356.7500000016325
2683.299999998655
2279.0749999990226
3725.0999999990318
4523.525000003088
7358.750000011203
2816.249999998534
6255.925000006153
3316.0749999993855
2068.0249999992147
5976.200000006794
2584.125000000005
6435.850000008984
4908.0500000052
2672.9749999992873
5321.65000000594
3904.875000002515
3877.0750000002818
3506.6499999982575
2579.9750000005433
2340.0500000001794
3540.724999998889
3516.925000000403
4775.075000003548
7347.125000011736
2751.199999998593
5782.675000008055
6567.875000007389
3222.2500000012833
3650.650000000578
7287.27500001236
5341.575000004462
4663.87500000266
3090.4500000005555
5651.850000006596
2154.399999999136
4789.100000005426
4499.3250000058915
4336.825000004907
7174.800000010146
2846.0500000000384
4194.250000006421
5830.0750000069875
4069.9500000029257
2099.7999999991857
5411.600000007573
5302.875000005357
3422.774999998878
4923.675000004375
5182.325000005466
4512.1500000017495
5727.425000006334
2567.79999999876
6112.025000008597
6893.825000012388
3416.4249999993717
5099.100000004824
2879.3249999991504
5264.675000005895
3880.300000004824
2057.0999999992246
5160.7000000042735
2256.0749999990435
3196.0499999993335
4117.500000002577
3524.9750000002678
3994.5250000027163
5560.550000004108
4358.550000003382
4911.000000003742
3351.549999998573
6413.075000011215
4257.550000005003
4259.325000000396
5201.650000006068
7784.200000011371
5661.925000005287
3287.2499999991587
2838.2999999999283
5529.475000004912
3734.075000001938
3276.324999998988
5172.4750000048225
2107.124999999179
5679.775000005271
2950.800000000124
2805.5249999992675
4940.250000003114
4442.775000005162
3689.950000000351
4007.675000000805
3403.649999999171
4631.500000006124
7204.350000008678
5923.150000009431
3043.9000000007545
5766.350000005492
3045.875000002594
4879.925000000667
6654.925000010323
5595.800000005949
6221.85000000688
6623.175000007208
3291.599999999516
2701.3249999986388
4799.775000004828
5342.025000006821
5080.550000006033
2122.8499999991263
5296.8250000044845
4245.7750000027845
3726.0750000034823
3636.8000000002485
5584.050000003314
5873.900000004718
4895.225000005802
5028.000000006946
