5558.825000005255
7040.500000010974
4497.550000004902
2331.0749999989753
1564.5249999994683
8358.95000001288
1791.2249999994665
4259.700000004708
1795.024999999463
1737.2499999995157
2158.024999999133
8781.725000014712
3190.5000000024475
3930.025000002396
7353.250000012045
7037.5250000104415
6466.575000009745
1702.3999999995067
2609.9749999992196
4274.075000000538
3180.5750000019516
2821.4749999992764
1946.574999999325
6726.725000010358
2375.574999999422
3358.774999999526
5591.025000005636
1954.524999999318
3420.87500000293
4484.775000000501
6590.075000006444
3098.5749999982772
5949.400000008275
4241.5750000022335
6114.50000000573
2072.2499999992106
9727.97500001786
3449.300000000928
2403.7999999989092
4351.525000000601
3953.2500000054097
1450.4749999997762
6918.525000011168
7908.750000011459
3067.800000002778
5434.175000008126
3810.650000004255
3411.350000001432
2214.5999999990813
4513.775000004725
3449.2750000026435
4413.450000005366
3385.7500000006835
2562.8499999987644
3781.225000004003
3544.099999998804
6020.1000000052045
2599.699999998855
2149.3499999991404
4462.950000000966
5320.225000007562
8919.600000017657
1459.4999999997672
1519.2249999996313
5526.925000009267
3063.7999999999397
3472.725000002366
3580.525000001597
1789.0249999994683
4408.000000005019
4006.1500000056826
2668.4500000010885
5241.225000004608
8971.925000015108
8488.32500001627
3698.150000003345
4636.225000004826
4726.400000004538
6192.2750000095175
9027.55000001531
2626.074999998679
2932.0499999989956
3062.3249999994478
4653.800000004707
3874.5750000014195
3630.8000000010084
3567.225000002567
5609.700000006405
3468.3250000032394
3138.299999998693
4959.450000003672
6321.525000011022
2675.2249999986625
2783.5249999992643
1830.8749999995855
6133.675000009978
4382.250000005347
4463.450000003029
4743.875000004524
2721.000000002175
4796.075000004615
4519.07500000472
2167.3249999991244
1971.2499999996364
5967.475000006364
5378.975000005365
4900.275000004947
6754.750000011516
9655.950000017598
1681.2249999995465
2373.824999998936
4942.925000006484
5126.85000000527
1718.7749999995322
4418.950000005056
4919.075000004357
4010.925000004395
4671.225000005719
4589.500000004849
7197.500000008653
5204.550000006359
4484.250000005372
4663.000000005419
4686.57500000457
3769.6000000011827
5520.2750000080305
5031.000000004537
4663.10000000517
2749.0000000008918
2411.54999999908
2655.075000000277
4930.7750000051265
3186.324999999112
3483.5499999997464
3911.400000005274
2043.7499999991733
2273.524999999028
4973.775000005578
3518.075000004055
3931.7500000048926
6813.300000008371
2338.874999998968
6003.600000007131
3785.2250000056156
5448.250000007584
6499.200000011222
6037.075000007944
3495.3749999992865
2282.9249999990193
5182.00000000525
3684.9250000019574
4005.5000000034643
6379.050000011144
4659.575000003719
3551.6499999997754
3057.174999998315
3977.775000004514
6653.700000011063
5377.425000006802
6565.600000009245
4646.775000001084
2383.8749999989273
5917.525000006663
5839.600000006827
4055.500000005144
6933.300000011242
6825.775000010611
2673.5499999991407
3151.9499999998206
2889.299999999788
2118.2749999991693
6965.975000010817
4636.524999999881
3720.900000002274
1646.274999999598
3080.350000000406
2242.499999999377
5660.325000008423
5265.800000004045
1907.8249999993511
2961.025000001478
4775.7750000046535
3163.9250000011616
2074.124999999209
4066.950000005334
1932.9749999992282
8075.70000001462
3191.350000000085
1556.52499999968
4849.075000005791
2205.949999999089
3062.5499999996373
2918.624999999303
2294.224999999009
1681.5249999995349
2443.574999998873
4243.20000000271
7150.500000010402
5090.575000004102
5936.975000009309
5116.27500000506
1563.9999999996362
4564.450000005243
3101.7749999982743
2476.524999999481
3075.825000001403
7090.250000010323
2126.2499999991587
2339.2249999993187
3647.4750000005156
4581.600000000606
4852.600000005226
3729.2750000015703
7265.050000012222
2486.449999999712
7304.700000011804
2142.499999999147
1466.7249999997355
5162.225000005677
1945.7499999992933
3056.4750000014023
4433.3250000052885
3299.0250000014785
4171.450000002635
5052.975000005403
3362.5750000005373
1791.9249999994659
1668.5249999995779
3100.549999998276
3452.3249999997975
3874.775000005645
2387.2000000006733
2070.2249999992123
2892.8499999987066
3241.8500000004356
5417.0250000048445
2050.524999999445
2795.224999998908
3952.900000005237
3389.6000000013664
4784.225000001006
1810.299999999449
4958.050000005755
1751.2999999995027
5647.550000005262
4491.350000004196
5870.725000006094
2539.7499999990005
2417.2749999988973
3180.7999999985145
8906.125000015007
4234.775000005175
4701.450000004556
2816.4749999985333
5399.225000006207
7709.075000012884
3413.20000000252
5021.750000004987
4763.975000003102
2313.3250000000917
7348.025000011198
7589.450000011595
3371.4999999996994
4525.350000006583
3120.7250000008626
3947.8250000026574
1763.7499999994843
3662.2999999992426
1838.1749999994238
3081.799999999579
1859.0249999992984
1877.8249999993845
2736.89999999878
6826.300000007346
5871.775000005356
3801.02500000049
4666.300000002382
7839.975000013843
1714.0249999994148
4150.324999999177
3430.474999999325
2485.8749999988345
2072.874999999178
2597.0749999987333
2799.799999998654
4231.425000002839
2032.7999999992467
1813.274999999392
2044.5249999992361
3947.5500000054326
1855.8999999993648
5248.7000000059925
3404.800000000123
5814.27500000397
5946.4500000067455
3308.050000000298
2257.2499999995634
2400.799999998945
5469.000000004891
3892.00000000205
3915.500000005697
5629.2750000063
4770.500000005369
2518.8249999988047
3745.200000005426
4508.0250000053
2451.524999998866
3568.5750000009634
2739.999999999897
2765.699999998921
3951.0750000010457
2887.574999999284
5104.000000003431
4309.000000005881
2389.774999998922
4624.5750000046255
3478.0500000009565
3451.3749999988095
3613.7250000036547
4430.100000005411
3084.0250000031915
2151.549999999139
2807.299999999594
4523.600000004733
4138.9250000052425
2619.324999999183
7472.3500000115455
1398.7249999998191
3436.4750000007193
4474.050000005362
5367.825000004821
2071.5249999991584
4077.5750000022817
1799.9999999994097
1960.5499999993121
2816.3999999985335
5157.825000005218
3953.575000003064
5663.250000005973
3368.2000000006237
4445.4500000053395
5548.500000005126
2806.049999998777
8404.225000013788
3777.4000000025017
5782.575000004557
3426.075000000669
4637.275000005398
1891.7499999993752
2689.799999998649
1817.274999999423
2991.500000002804
2120.399999999167
2579.5249999991497
3341.1000000033528
5285.0000000049495
5052.800000003033
4029.04999999941
3376.025000000108
4897.9500000046
2342.124999999033
1651.6999999995007
4301.300000005372
4733.400000005194
3854.8750000017135
3504.500000003114
2683.8499999986543
2403.2499999989095
4031.400000005717
3980.1500000053975
3984.600000000073
3880.975000005715
5424.700000005776
5028.550000004787
4649.425000005642
6658.875000010645
5448.77500000673
1899.4750000000972
3917.074999999587
4104.425000005099
2649.7499999986853
1603.7499999996196
5757.325000006733
5326.725000003627
2975.874999998389
4734.850000004153
6200.525000007443
5576.650000004938
3079.124999998295
4839.000000004781
1820.4999999994009
3995.5500000026605
1698.9999999995503
3363.2750000000515
4558.075000004685
6532.525000011336
2320.2750000004708
3817.4999999989473
3982.0000000056843
6507.000000007765
7105.050000011119
7340.450000011955
3348.8500000002564
4167.150000004246
8234.975000012428
2957.1000000021736
2587.5499999987424
3180.5749999982027
3587.900000001407
5476.025000004074
1390.49999999983
5642.550000004541
5532.100000004491
4753.075000001885
4823.800000004961
4636.300000005245
1704.3499999995456
2045.7749999992348
4172.425000005037
4990.2750000028145
7221.750000010529
5913.9000000100195
2181.7749999990956
2372.5499999991125
1473.6499999996836
2360.099999998949
3126.624999998345
4918.525000006095
4952.85000000542
5123.175000005653
5376.9500000071885
3067.0500000004085
3970.9750000054655
4832.80000000463
3499.8000000027287
4311.525000002934
5893.850000005001
2328.524999999074
2747.5250000010583
4538.2500000055725
3523.2500000023683
3058.074999998764
1207.1499999999169
3691.2250000030203
2507.5249999998628
2981.1249999999077
2472.2999999991152
6631.325000009023
2487.224999999479
2850.7250000012336
4252.07500000581
2132.0499999991566
5704.800000005652
1297.6749999998556
2717.0499999994213
2640.5499999986937
2085.049999999199
4953.225000002276
3365.5749999996224
4971.800000004747
5669.50000000959
5213.175000007273
5466.300000004899
2293.24999999901
1874.2499999993909
1916.7499999992876
4445.250000005401
4982.575000006891
4677.075000004784
2592.3999999987377
4371.050000000938
2438.925000000004
6961.5750000088665
3886.8250000023645
3594.8250000038756
2241.324999998981
6928.30000001127
2441.0999999988753
6666.250000011012
2600.800000000479
3442.274999998861
5502.750000008056
2509.249999998813
3904.050000005951
4550.725000005597
1925.674999999344
2390.549999999142
2679.475000000126
2942.2999999984195
2460.4999999988236
4194.250000004301
1697.5499999995516
3129.7250000009117
3195.4999999996526
4859.550000004414
1556.2749999996101
4463.050000005624
3221.1000000021822
4407.475000005472
3233.299999998155
7392.450000012326
4224.375000000219
4001.9250000057955
2200.2999999990943
2902.4999999984625
3902.4500000059134
4694.050000005108
3442.024999999397
2327.925000000514
2526.299999998798
2622.199999998711
5258.775000005717
3020.3249999993104
5050.300000005582
3482.80000000287
3419.2500000005493
2076.774999999131
5801.400000004982
6764.000000011419
3043.5250000021306
2143.1749999998083
6664.275000008274
4493.150000005471
4097.20000000396
6147.050000008252
4431.275000004805
2431.04999999933
6795.575000011398
4000.7000000054263
4104.27500000603
6487.975000009406
3329.3749999980673
2970.574999998625
6015.500000006643
2869.34999999946
2573.199999999213
4588.825000005321
1884.1249999993818
2010.7499999992665
3066.050000000201
3960.575000000708
1671.3499999995752
7299.025000010666
4186.250000005576
3820.3250000013686
2442.474999999881
3110.025000000539
4188.975000001708
3144.950000001962
3096.775000000221
3308.349999998486
1981.3999999992934
4568.975000005797
3336.350000000166
5637.725000002978
2084.724999999305
4410.950000005502
2552.599999998774
2170.3749999993934
3329.974999998209
6175.50000001008
2021.7999999992567
1563.999999999673
1784.7499999993458
2574.849999998754
4669.700000004811
7096.05000000929
2513.5499999988097
2179.3249999991135
2501.599999999087
7360.975000012623
4089.5500000025704
3420.300000003077
6125.350000008256
2402.97499999891
2831.8250000001226
4323.300000005289
6861.5750000081935
3523.67500000143
4298.0000000026
3238.7250000008003
3032.849999999389
3960.725000005718
4452.225000004772
2736.2499999987867
1759.9999999994695
2160.174999999124
7594.175000012081
2084.3249999991995
2907.7749999984508
4955.750000002489
4050.4750000051536
4511.100000005671
3885.275000000969
3221.724999999745
4022.7250000060567
2958.8749999984043
2365.8249999989316
4519.775000004895
2473.5499999988006
3709.5000000011837
2359.07499999895
2009.2249999992582
2336.8249999989703
3492.300000002123
1807.0749999994382
4434.725000005123
2331.049999998954
4885.750000004578
2618.5249999995567
5215.975000005185
2232.04999999988
2553.3249999996624
4245.525000000997
1661.9499999994641
4669.300000004225
3640.5000000019695
3958.2250000019017
5598.775000003569
4157.45000000557
3813.2250000001122
6529.250000011097
1851.6999999994114
6492.4000000109245
4300.300000000094
6411.625000007475
4700.975000005852
5440.5000000067
2919.874999998803
6185.950000007782
4400.225000004673
2624.3000000007814
2344.349999998951
3179.1000000005542
4518.575000002553
2652.2750000003907
2933.5499999992353
4416.325000003916
7803.475000011616
6598.725000011424
2159.224999999132
5106.350000004497
8252.30000001249
4534.60000000493
4878.975000006394
9451.875000016855
2804.450000000973
4531.550000004981
2539.5749999987856
3900.5500000022917
1738.874999999514
3913.100000001751
3348.4249999980616
1576.324999999662
4782.0250000047645
2417.4000000006117
2415.8249999988952
6612.200000011086
3698.6250000031
5615.025000008388
3013.5000000024297
5882.525000006524
4731.775000005385
2633.550000000443
7472.175000010842
4202.300000005012
1826.249999999412
4117.97500000351
3239.199999999797
2286.5749999990157
4240.050000002621
3582.0999999993
4121.950000002878
3060.349999998752
2780.4999999985666
4431.775000005709
1401.4499999997754
6404.5500000113
4005.0500000053644
1368.2249999998073
3412.52500000084
2229.8499999991063
4929.750000005346
3616.3500000014515
5475.050000006048
3504.0499999997664
4736.625000004907
2747.874999998657
1698.049999999551
3096.9249999982794
4301.000000005131
2595.2249999992478
2816.574999998634
5029.100000002727
6991.075000009161
3479.9500000004246
3796.825000001293
7009.100000011768
5652.800000005454
2966.099999998398
5109.500000002695
2459.074999999308
2998.049999999609
5193.5500000044285
7141.750000011525
2014.0499999992637
5885.9500000089165
2548.5999999990945
2599.975000001047
3304.2500000018936
6079.050000010251
4248.0500000039265
3032.5999999990963
1902.6999999992863
9461.97500001689
3305.750000001767
6535.350000011364
3657.0000000014943
5588.075000006633
6906.775000011396
2187.0249999994912
1764.5499999994909
4735.025000005389
2638.9749999986952
2384.8249999989266
3875.4749999998753
2333.2749999989737
2714.749999999136
4400.650000004502
2147.974999999142
4070.750000005324
2633.4749999987007
4781.800000005405
2995.699999999443
3646.3750000001273
5868.775000007183
2887.5000000003165
5121.750000004173
3008.249999999183
4221.300000005873
3723.2750000059814
7219.975000010915
6491.0250000120795
4594.8500000046515
1760.4499999994127
4037.75000000116
5951.275000007236
2839.100000000147
4872.700000004676
6204.475000010727
4581.475000003105
2720.450000001505
7640.550000012374
2703.349999998671
3610.2000000050543
2944.7499999986503
2856.999999998497
4521.075000001473
4405.800000004949
5519.800000006796
4242.450000005195
1860.4749999994033
5664.950000006365
2016.2999999992617
5259.350000004637
2121.174999999166
4885.325000004577
5424.575000005814
3010.2249999985625
2487.0499999988338
1760.8249999994941
4634.025000004824
3958.4000000056635
2503.4999999988186
5293.775000006377
4941.675000007212
4423.950000005489
5531.725000006127
5929.575000006802
4684.700000005873
5959.525000009167
2233.7499999990637
2893.225000001002
2373.099999999371
2716.0250000011893
4123.725000004045
5668.600000006496
2132.5499999991343
6253.625000009759
5510.2250000068
7504.200000013137
2061.2749999992207
6820.5000000091295
3328.3000000001425
5506.7000000061
3241.0500000007255
3918.3000000024936
7020.9000000080105
4370.775000004158
4167.325000003587
4449.050000004797
4790.550000005349
5275.225000006596
1804.0999999993978
7671.275000010376
3994.250000005601
2795.099999998816
7129.5250000100295
3877.250000005683
2249.774999999049
5274.800000005339
4631.1250000054715
4223.600000003809
5782.7500000051205
3145.9500000021726
5009.975000004814
1823.9999999994366
3761.5500000027346
2643.4499999986915
5720.7500000091095
3020.9250000035654
3623.9749999998357
5080.650000005331
1927.3249999993166
2043.8249999992368
5459.65000000554
8127.000000012939
1774.7749999994815
7212.700000008732
5891.775000004855
1952.24999999932
6458.275000009378
9397.300000016658
3829.5250000058245
4030.7500000056766
2917.1999999985287
3102.2249999985233
4285.700000002444
4623.900000002764
5344.800000007778
3640.8000000019074
4253.775000005426
1765.1249999994493
3151.5249999983016
1190.9249999999681
3162.8749999982188
1691.2999999995573
3086.5250000011574
4190.550000000087
4344.025000001035
4133.725000005962
6153.750000007275
1827.72499999931
5099.1750000077855
5492.150000005001
4130.875000005073
2597.1000000003564
4862.275000004343
1951.7749999992975
2640.574999998694
4232.975000003817
1590.449999999649
2638.324999998969
3197.00000000282
5098.950000003706
6352.500000009231
7853.175000013284
2823.574999999479
3388.3249999987347
4447.700000005266
7592.700000011518
4175.300000005425
4141.350000000071
3775.0250000011915
7039.975000008591
3349.3250000029802
9075.825000017529
2925.0499999993276
4768.275000001842
4201.025000004981
2815.650000001662
3605.050000000719
3813.5000000046066
3136.9250000013626
2468.99999999885
2022.6999999992559
3489.44999999873
4265.500000002341
7096.700000010695
2541.449999998784
5980.75000000542
3079.099999998749
1844.249999999418
5627.375000006446
2399.9500000000294
6247.30000000851
4650.050000005139
2449.22499999908
5087.300000005942
3703.8250000026733
3563.900000000179
3240.049999998475
2370.000000000393
2160.55000000008
3246.6249999984557
3293.5750000003036
4598.525000002931
7084.850000011217
2484.9499999988357
5524.55000000764
6249.975000006654
3010.4500000014305
3445.750000000482
7057.725000011564
5085.325000004449
4392.375000002703
2854.250000000289
5400.000000006272
1955.4749999993169
4532.2750000052665
4321.150000005661
4141.300000005065
6928.250000009439
2612.2250000000377
3965.025000006124
5601.075000006705
3881.3250000026546
1859.0499999994047
5171.750000007374
5085.550000005077
3173.3499999988303
4617.900000004633
4984.300000005258
4280.750000001803
5496.050000005518
2327.299999998979
5869.475000008382
6663.525000011679
3159.749999999027
4817.550000004466
2670.999999998926
5059.600000005619
3666.1750000045245
1829.8499999994312
4912.525000004363
2002.7499999992738
2974.4249999995077
3926.4750000019926
3323.8249999999875
3723.4000000023743
5333.800000003301
4083.175000003588
4690.875000003309
3090.9749999984665
6159.300000010725
4030.950000005165
3995.8750000001032
4951.050000005508
7516.975000010864
5331.375000004333
3057.524999999169
2620.2749999999437
5286.600000004941
3526.0500000018064
3027.3999999986486
4912.525000004462
1891.7999999993626
5417.650000004852
2683.0750000003295
2599.0499999991316
4707.825000002956
4238.00000000516
3430.699999999669
3780.750000000704
3207.5249999989073
4418.325000005813
6964.650000007807
5662.3500000090535
2849.3000000004913
5496.025000004765
2835.275000002351
4603.725000000314
6394.325000009785
5368.075000005489
5914.475000006298
6371.850000006421
2985.524999999744
2419.699999998895
4562.950000004864
5096.750000006469
4867.950000005436
1925.474999999295
5014.500000004525
4043.2500000027208
3518.575000003628
3405.9750000000886
5333.725000002959
5617.875000003972
4721.45000000551
4835.475000006651
