11569.300000024557
11133.200000022971
11081.200000022782
3721.199999997711
2722.4999999986194
11119.20000002292
2773.1999999985733
10700.200000021396
2723.3999999986186
2419.499999998895
3335.199999998062
11159.200000023066
7847.100000011016
8391.100000012995
11179.300000023139
11489.400000024267
11155.200000023051
4250.599999997932
4606.499999999227
6043.300000004454
7517.400000009817
4759.199999999782
3687.4999999977417
10926.100000022218
4635.699999999333
5437.300000002249
11082.200000022785
2201.2999999990934
8567.300000013636
6499.000000006112
11076.200000022764
3697.5999999977325
11858.50000002561
8378.300000012949
8809.600000014518
3005.499999998362
11939.400000025904
6710.10000000688
3445.299999997962
6806.100000007229
11079.200000022774
1831.19999999943
11391.40000002391
11975.200000026034
8215.300000012356
10904.100000022137
9926.10000001858
7130.100000008408
3827.0999999976148
10910.10000002216
8223.100000012384
11447.500000024114
6035.2000000044245
3233.099999998155
9820.200000018194
4597.099999999193
11381.400000023874
4254.299999997946
3300.4999999980937
6038.200000004435
11482.10000002424
11822.400000025478
2013.5999999992641
2163.299999999128
11787.40000002535
5674.200000003111
8065.30000001181
7405.100000009408
2979.6999999983855
11083.200000022789
11387.400000023896
6365.400000005626
11440.000000024087
11641.30000002482
11798.20000002539
9122.400000015656
11102.200000022858
10913.10000002217
11117.200000022913
11898.400000025755
4184.299999997691
4698.1999999995605
4776.299999999845
11096.200000022836
7667.000000010361
6939.200000007713
8354.500000012862
11420.400000024016
8818.000000014548
4637.69999999934
9988.700000018807
11094.200000022829
3603.1999999978184
4848.700000000108
4335.19999999824
11119.20000002292
11429.300000024048
8156.7000000121425
10912.100000022167
7327.500000009126
11074.200000022756
10912.100000022167
2942.3999999984194
4501.199999998844
11828.3000000255
11462.200000024168
11127.000000022948
11979.60000002605
11819.400000025467
2245.3999999990533
3696.199999997734
11476.200000024219
11177.200000023131
2782.6999999985646
11137.000000022985
10913.10000002217
10212.10000001962
11437.100000024077
11145.200000023015
11416.100000024
10907.100000022148
11610.200000024706
11394.30000002392
10920.100000022196
6763.100000007073
11727.500000025133
11189.200000023175
11493.20000002428
6223.300000005109
4254.199999997945
5568.100000002725
10914.100000022174
5053.200000000852
5788.400000003527
10912.100000022167
3443.299999997964
3022.4999999983465
11430.400000024052
9638.300000017533
10629.400000021138
11139.000000022992
3515.1999999978984
10203.200000019588
11110.200000022887
11344.300000023739
11481.100000024237
11811.400000025438
5302.1000000017575
3418.2999999979866
10910.10000002216
6739.100000006985
9485.100000016975
11141.300000023
9976.400000018763
5794.100000003547
3986.29999999747
10291.100000019907
11466.500000024183
9656.300000017598
11752.400000025224
5894.200000003912
4154.299999997582
11731.600000025148
11907.100000025786
10903.100000022134
11649.300000024848
11154.000000023047
4559.499999999056
5585.700000002789
5399.500000002112
2915.299999998444
11195.300000023197
5831.100000003682
6832.100000007324
2520.399999998803
5977.100000004213
4485.399999998786
11456.200000024146
10908.100000022152
3336.299999998061
6961.600000007795
11116.000000022908
6814.400000007259
2682.199999998656
11098.100000022843
3828.1999999976138
11313.300000023626
5772.100000003467
2258.1999999990417
11067.20000002273
3326.69999999807
5338.300000001889
4861.2000000001535
3180.199999998203
2623.4999999987094
2886.1999999984705
6614.200000006531
10925.100000022214
10169.400000019465
10929.100000022228
11408.200000023971
2856.3999999984976
9954.200000018682
3631.5999999977926
4805.3999999999505
6864.20000000744
10909.100000022156
2846.299999998507
4577.399999999121
6632.5000000065975
6107.100000004686
11131.000000022963
7503.100000009765
11801.600000025403
5000.50000000066
11099.200000022847
3590.29999999783
2047.2999999992335
11412.100000023986
4047.2999999974145
7059.500000008151
11408.100000023971
7225.900000008756
8881.100000014778
11899.200000025758
6300.100000005388
2407.6999999989057
2755.3999999985895
4068.599999997395
5784.200000003511
11341.100000023727
5750.400000003388
3394.2999999980084
4346.399999998281
5415.700000002171
11495.400000024289
4372.499999998376
4418.199999998542
10905.100000022141
7132.700000008417
6089.200000004621
3036.299999998334
11881.300000025692
2210.1999999990853
10904.100000022137
10521.500000020746
11382.300000023877
4427.199999998575
3089.4999999982856
4458.4999999986885
11931.000000025873
11090.100000022814
10909.100000022156
3631.199999997793
11572.200000024568
11398.300000023935
8236.300000012432
10908.100000022152
9047.200000015382
5154.600000001221
11766.700000025276
11444.400000024103
5468.300000002362
11326.400000023674
6432.200000005869
8643.200000013912
3082.499999998292
5425.200000002205
2134.1999999991544
5336.400000001882
2760.5999999985847
2993.0999999983733
4261.199999997971
11515.400000024361
11434.400000024067
6610.100000006516
7494.100000009732
11507.400000024332
2636.3999999986977
5491.100000002445
5285.100000001696
3295.1999999980985
3405.3999999979983
3702.1999999977284
4306.299999998135
7460.000000009608
2563.399999998764
3423.399999997982
2981.199999998384
11105.200000022869
3485.1999999979257
11427.400000024041
6057.500000004506
8624.400000013844
11804.300000025412
6118.500000004728
4615.299999999259
4220.399999997822
11869.300000025649
6742.400000006997
11358.20000002379
11130.20000002296
10903.100000022134
4066.699999997397
10918.100000022188
11363.400000023808
3156.299999998225
6848.100000007382
5238.100000001525
4525.599999998933
7275.000000008935
4897.300000000285
8193.600000012277
11864.20000002563
3357.6999999980417
10903.100000022134
6880.300000007499
4955.600000000497
9292.200000016273
11501.50000002431
8584.400000013698
2962.1999999984014
5058.10000000087
10911.100000022163
11101.200000022855
4513.1999999988875
11988.00000002608
1775.199999999481
5580.100000002769
11348.400000023754
11693.300000025009
4165.499999997623
7203.000000008673
2448.3999999988687
2809.79999999854
3557.1999999978602
12062.20000002635
9055.10000001541
11134.000000022974
6591.200000006447
11470.000000024196
11153.300000023044
4340.59999999826
11183.200000023153
7564.200000009987
10911.100000022163
6527.000000006214
11719.200000025103
3222.299999998165
3760.3999999976754
4112.6999999974305
8141.200000012086
3063.1999999983095
4658.399999999416
8854.40000001468
11793.200000025372
7923.100000011293
5879.200000003857
5997.0000000042855
11113.200000022898
4257.399999997957
2633.2999999987005
11380.40000002387
11192.000000023185
7867.30000001109
8725.400000014211
3991.0999999974656
3927.4999999975234
11467.200000024186
11132.200000022967
6284.10000000533
11358.40000002379
11515.300000024361
10119.100000019282
11909.400000025795
11189.500000023176
11437.400000024078
4940.200000000441
5117.500000001086
10907.100000022148
3670.1999999977575
2883.499999998473
11150.200000023033
7942.100000011362
4022.399999997437
10717.200000021458
10149.200000019391
8372.300000012927
3578.299999997841
11466.400000024183
3734.1999999976993
8695.200000014102
2726.399999998616
5846.500000003738
10906.100000022145
11417.100000024004
5661.300000003064
5226.200000001481
11395.200000023924
11497.500000024296
11780.100000025324
11933.400000025882
6069.200000004548
8369.700000012917
11868.700000025647
7429.1000000094955
3312.299999998083
4022.0999999974374
7301.20000000903
8885.200000014793
1740.1999999995128
11134.000000022974
11604.200000024684
8104.2000000119515
10905.100000022141
11545.20000002447
2970.199999998394
3276.2999999981157
10912.100000022167
9072.100000015473
11406.100000023964
11481.200000024237
4139.599999997528
4353.4999999983065
2661.499999998675
2963.2999999984004
4183.199999997687
11513.400000024354
8828.100000014585
8393.100000013003
11559.500000024522
6101.200000004665
11173.200000023116
11126.200000022945
8495.300000013374
8164.30000001217
11159.200000023066
4225.29999999784
6353.400000005582
10901.100000022127
8041.100000011722
4576.399999999117
1629.5999999996134
8865.500000014721
5025.10000000075
5550.400000002661
4414.299999998528
11184.200000023156
4760.199999999786
6579.200000006404
11748.60000002521
3144.2999999982358
9174.200000015844
1609.199999999632
4826.300000000027
3418.1999999979867
2796.1999999985524
6938.20000000771
5030.500000000769
10915.100000022177
11451.400000024129
11678.200000024954
11741.300000025183
3239.499999998149
3189.199999998195
3480.1999999979303
11488.100000024262
11713.200000025081
11129.200000022956
3304.69999999809
7465.1000000096265
5127.200000001121
11112.200000022895
7325.300000009118
9421.100000016742
3271.2999999981203
11797.500000025388
3733.2999999977
11391.40000002391
5694.300000003184
4897.2000000002845
10902.10000002213
3501.299999997911
11575.60000002458
11831.400000025511
3424.0999999979813
4378.599999998398
5664.200000003075
3792.2999999976464
3968.499999997486
10309.200000019973
2742.2999999986014
6530.400000006226
5434.70000000224
10625.100000021122
2972.499999998392
11758.600000025246
7663.200000010347
11574.200000024575
3807.2999999976328
11099.100000022847
5374.500000002021
11619.50000002474
3114.199999998263
4213.2999999977965
11681.300000024965
11449.500000024122
5077.30000000094
5500.400000002479
3462.2999999979465
3684.1999999977447
11406.400000023965
5005.600000000679
11641.30000002482
8561.100000013614
6462.600000005979
3945.399999997507
10911.100000022163
11741.100000025182
7534.1000000098775
4864.400000000165
11822.400000025478
11661.400000024893
9911.100000018525
11410.40000002398
10906.100000022145
4513.299999998888
11905.30000002578
11187.000000023167
11832.200000025514
11506.100000024328
4154.099999997581
4405.199999998495
9747.50000001793
5044.200000000819
4505.199999998858
11565.400000024543
3253.4999999981364
3093.499999998282
5925.000000004024
5668.200000003089
2199.2999999990952
11355.000000023778
11451.000000024127
7104.400000008314
5092.200000000994
6178.200000004945
6770.400000007099
7417.200000009452
5527.200000002576
4565.299999999077
3177.2999999982057
11095.000000022832
6036.3000000044285
6627.300000006579
4290.199999998076
11562.400000024532
3524.29999999789
4438.099999998614
4224.199999997836
11352.200000023768
3255.099999998135
2178.3999999991142
2794.0999999985543
3194.2999999981903
11202.300000023222
11993.600000026101
3484.4999999979264
3505.1999999979075
4511.499999998881
11870.200000025652
8667.100000014
8800.600000014485
11139.200000022993
3637.2999999977874
5601.700000002847
11310.400000023616
11437.100000024077
7360.200000009245
8901.300000014851
5869.500000003822
5029.300000000765
11432.40000002406
7611.300000010158
4280.0999999980395
2943.5999999984183
3719.4999999977126
11101.200000022855
4146.599999997554
4030.6999999974296
6364.400000005622
10915.100000022177
11848.600000025574
7156.300000008503
5635.40000000297
11782.400000025333
3825.2999999976164
4057.2999999974054
11089.10000002281
3759.2999999976764
7292.600000008999
3068.199999998305
3453.6999999979544
3895.199999997553
6864.10000000744
2319.199999998986
11371.300000023837
3726.0999999977066
10921.1000000222
4929.300000000401
11485.100000024251
4902.7000000003045
4959.10000000051
7265.200000008899
3104.299999998272
9707.300000017784
7796.200000010831
7984.100000011515
10631.100000021144
11438.20000002408
6167.100000004904
11353.300000023772
2491.799999998829
11162.300000023077
6058.200000004508
11765.20000002527
11139.200000022993
9060.20000001543
4522.499999998921
9662.10000001762
10793.200000021734
6049.400000004476
4039.199999997422
6202.000000005031
9077.400000015492
5705.700000003226
4810.399999999969
10114.100000019263
11111.00000002289
11714.600000025086
3093.399999998282
10913.10000002217
11158.300000023062
11146.000000023017
11057.300000022695
11582.200000024604
6270.40000000528
11158.000000023061
4237.299999997884
6936.100000007702
2608.599999998723
6494.100000006094
4112.199999997429
1925.5999999993442
11189.000000023174
5648.100000003016
4000.2999999974572
11407.300000023968
8835.10000001461
11862.400000025624
7804.400000010861
11602.100000024677
10905.100000022141
5714.600000003258
11077.200000022767
10915.100000022177
2579.4999999987494
9560.200000017248
5035.300000000787
3736.0999999976975
8985.100000015156
5032.700000000777
7032.000000008051
4496.199999998826
3957.2999999974963
11808.500000025428
2068.3999999992143
11473.100000024207
11084.200000022793
1671.1999999995755
6025.500000004389
4315.399999998168
11930.20000002587
7391.200000009358
11147.000000023021
5813.200000003617
11291.000000023545
4284.699999998056
2228.3999999990688
3720.199999997712
11125.200000022942
4646.299999999372
4306.699999998136
7874.100000011114
11397.400000023932
6338.500000005528
7457.400000009598
11881.300000025692
11409.400000023976
3552.2999999978647
7756.2000000106855
4502.1999999988475
5190.10000000135
10904.100000022137
11105.000000022868
2676.2999999986614
11622.500000024751
4387.199999998429
6233.000000005144
7520.200000009827
11408.200000023971
7195.200000008645
4860.400000000151
3357.199999998042
11875.20000002567
7473.500000009657
11460.400000024161
7375.100000009299
11116.200000022909
11906.400000025784
4533.499999998961
2191.2999999991025
10911.100000022163
3921.499999997529
3670.1999999977575
6209.400000005058
3522.499999997892
4611.399999999245
10727.100000021494
2738.199999998605
11082.200000022785
3909.39999999754
11891.70000002573
5046.200000000827
5447.100000002285
11803.300000025409
5818.200000003635
10903.100000022134
4931.200000000408
11811.300000025438
11600.40000002467
11799.400000025395
11811.100000025437
10905.100000022141
2891.4999999984657
5889.200000003893
11894.30000002574
5749.200000003384
11184.300000023157
11156.600000023056
8474.400000013298
6722.300000006924
11109.200000022884
4134.199999997509
10468.100000020551
4502.299999998848
3905.1999999975437
6889.8000000075335
10939.100000022265
9382.1000000166
11104.200000022865
2412.1999999989016
11565.200000024543
2915.199999998444
11505.200000024324
2862.2999999984922
11099.200000022847
10912.100000022167
4282.199999998047
3066.3999999983066
2512.2999999988106
11128.200000022953
11364.400000023812
3731.4999999977017
11779.400000025322
11138.000000022988
11601.500000024675
11808.500000025428
11459.200000024157
11872.40000002566
11911.700000025803
3044.2999999983267
6453.600000005947
4532.199999998957
6427.10000000585
10044.100000019009
11098.200000022844
2936.299999998425
10914.100000022174
11833.600000025519
11513.500000024354
3458.69999999795
11178.200000023135
6044.300000004458
11155.00000002305
6442.500000005906
6385.600000005699
11926.400000025857
10369.200000020192
9769.000000018008
10938.100000022261
11793.500000025373
9848.100000018296
2436.2999999988797
11156.200000023055
11434.400000024067
4366.399999998353
11819.200000025467
11379.100000023866
3467.499999997942
11285.400000023525
11748.50000002521
9901.200000018489
7387.100000009343
7568.100000010001
11462.100000024167
2458.09999999886
8629.200000013861
3455.399999997953
11745.200000025197
8867.400000014728
5457.4000000023225
12033.600000026247
2510.0999999988126
2464.299999998854
11452.200000024131
11481.400000024238
2307.299999998997
11793.200000025372
11090.200000022814
2497.1999999988243
11134.200000022975
11499.500000024304
11382.400000023878
11418.100000024007
4275.199999998022
4286.199999998062
6947.000000007742
9159.30000001579
11520.50000002438
7824.000000010932
11363.300000023808
2977.3999999983876
4182.299999997684
1624.2999999996182
4162.199999997611
2390.2999999989215
6779.00000000713
5651.500000003029
7533.100000009874
11802.500000025406
11523.40000002439
3120.699999998257
11526.500000024402
11184.000000023156
10910.10000002216
5604.2000000028565
10366.300000020181
2949.6999999984127
3828.4999999976135
9759.100000017972
2389.799999998922
4349.199999998291
8231.200000012414
7796.100000010831
11112.200000022895
11893.300000025736
4935.100000000422
4733.199999999688
11388.4000000239
10342.100000020093
11351.400000023765
6290.600000005354
6348.400000005564
10905.100000022141
8555.400000013593
11707.50000002506
4960.500000000515
7569.400000010006
10905.100000022141
6947.500000007743
6113.400000004709
10280.000000019867
7009.500000007969
3455.199999997953
2832.5999999985193
4622.299999999284
8462.400000013255
11477.200000024222
3865.19999999758
8797.500000014474
4495.299999998822
3038.299999998332
10907.100000022148
5112.200000001067
11347.30000002375
11434.100000024066
4390.399999998441
11079.200000022774
8454.100000013224
6229.20000000513
4387.199999998429
5448.300000002289
5066.4000000009
4400.199999998476
6122.400000004742
8887.2000000148
11315.600000023634
3263.2999999981275
11807.200000025423
11977.700000026043
6808.100000007236
6383.400000005691
11806.40000002542
10921.1000000222
9065.300000015448
5797.60000000356
11485.400000024252
2778.2999999985686
11493.20000002428
11690.400000024998
10904.100000022137
11927.40000002586
5300.10000000175
11860.100000025615
10385.20000002025
8760.60000001434
2264.399999999036
11519.500000024376
11773.6000000253
4663.099999999433
10908.100000022152
11758.500000025246
8186.000000012249
11489.100000024266
3807.3999999976327
11564.200000024539
11713.200000025081
4585.4999999991505
10918.100000022188
4418.499999998543
11373.300000023844
10182.400000019512
2533.4999999987913
10908.100000022152
2877.2999999984786
5090.100000000986
7069.3000000081865
5713.400000003254
7665.100000010354
7497.400000009744
9562.100000017255
8280.700000012594
4308.499999998143
11258.300000023426
10910.10000002216
5829.300000003675
11843.300000025554
11911.200000025801
7274.200000008932
4900.300000000296
5239.000000001528
11137.000000022985
7597.400000010108
4519.7999999989115
10911.100000022163
2403.19999999891
8031.400000011687
5584.100000002783
4542.299999998993
7306.100000009048
11104.200000022865
5372.300000002013
6835.300000007335
4851.500000000118
11900.300000025762
11415.500000023998
11898.500000025755
5928.600000004037
11126.300000022946
7608.300000010147
6445.100000005916
11107.200000022876
11172.000000023112
10908.100000022152
11369.40000002383
5301.100000001754
3208.1999999981776
11091.200000022818
11148.000000023025
11689.200000024994
3038.499999998332
11186.000000023163
8799.00000001448
9147.100000015746
5679.5000000031305
6683.200000006782
10543.100000020824
10663.10000002126
11124.000000022937
