11871.300000025656
11273.30000002348
11160.20000002307
3731.199999997702
2853.4999999985002
11289.200000023538
2964.599999998399
10828.200000021861
3013.5999999983546
2743.4999999986003
3346.199999998052
11305.100000023596
7863.100000011074
8410.100000013064
11367.100000023822
11744.400000025194
11335.300000023706
4477.799999998759
4817.299999999994
6278.400000005309
7797.700000010836
4767.199999999812
3977.399999997478
11120.100000022923
4940.600000000442
5562.300000002704
11214.300000023266
2349.4999999989586
8816.500000014543
6818.300000007273
11193.30000002319
3944.299999997508
12180.700000026782
8683.300000014058
9148.700000015751
3245.6999999981435
12312.500000027261
6723.100000006927
3585.1999999978348
6828.100000007309
11201.300000023219
2082.3999999992016
11592.20000002464
12377.400000027497
8432.400000013145
10920.100000022196
9974.100000018754
7168.100000008546
3954.299999997499
10958.100000022334
8229.100000012406
11690.300000024998
6131.200000004774
3526.499999997888
9965.300000018722
4770.299999999823
11544.200000024466
4394.399999998455
3494.599999997917
6150.1000000048425
11746.300000025201
12142.600000026643
2328.399999998978
2424.79999999889
12109.500000026523
5830.50000000368
8213.200000012348
7440.1000000095355
3266.4999999981246
11212.300000023259
11606.300000024692
6644.20000000664
11683.100000024971
11899.70000002576
12108.500000026519
9499.500000017028
11244.300000023375
10976.1000000224
11242.200000023367
12296.400000027203
4295.299999998095
4981.6000000005915
4871.30000000019
11216.300000023273
8012.500000011618
7024.2000000080225
8656.10000001396
11619.30000002474
8954.100000015043
4976.000000000571
10384.200000020246
11258.300000023426
3611.199999997811
5147.500000001195
4568.599999999089
11286.300000023528
11612.300000024714
8452.400000013218
10936.100000022254
7572.400000010017
11155.300000023051
10941.100000022272
3039.399999998331
4748.799999999745
12311.400000027257
11654.300000024867
11250.300000023397
12360.300000027435
12150.500000026672
2458.2999999988597
3717.1999999977147
11668.300000024918
11293.300000023553
3060.599999998312
11266.300000023455
10929.100000022228
10219.100000019645
11632.200000024786
11275.300000023488
11601.500000024675
10923.100000022207
11871.600000025657
11587.500000024624
10944.100000022283
6948.400000007747
12095.400000026471
11396.200000023928
11779.300000025321
6403.400000005764
4276.199999998025
5580.100000002769
10951.100000022308
5465.900000002353
6147.600000004833
10950.100000022305
3637.2999999977874
3272.3999999981193
11602.400000024678
9877.300000018402
10824.500000021848
11398.500000023936
3523.199999997891
10363.30000002017
11240.10000002336
11538.200000024444
11764.300000025267
12145.700000026654
5331.100000001863
3720.399999997712
10918.100000022188
6764.100000007076
9746.300000017925
11463.600000024173
10259.400000019792
5809.100000003602
4232.399999997866
10297.10000001993
11679.600000024959
10011.40000001889
12052.100000026314
6276.500000005302
4465.799999998715
12029.400000026231
12253.500000027047
10919.100000022192
11893.700000025738
11276.10000002349
4807.299999999957
5940.900000004081
5783.70000000351
3052.3999999983193
11355.000000023778
5835.100000003697
7024.300000008023
2818.799999998532
5992.100000004268
4791.3999999999
11645.200000024834
10925.100000022214
3599.299999997822
7194.300000008641
11224.300000023302
7060.100000008153
2701.1999999986388
11211.200000023255
3941.299999997511
11707.100000025059
5818.100000003635
2280.1999999990217
11203.300000023226
3613.399999997809
5599.500000002839
4874.200000000201
3227.1999999981604
2893.399999998464
2906.1999999984523
6772.100000007105
10947.100000022294
10345.200000020104
10944.100000022283
11613.200000024717
3074.4999999982992
10206.5000000196
3872.899999997573
5145.200000001187
6969.100000007822
10929.100000022228
2964.1999999983996
4770.599999999824
6815.500000007263
6120.100000004733
11257.100000023422
7527.100000009852
12079.800000026415
5194.500000001366
11246.300000023382
3698.399999997732
2320.7999999989847
11570.400000024561
4304.699999998129
7373.400000009293
11617.500000024733
7579.400000010042
9071.30000001547
12382.400000027515
6311.100000005428
2712.6999999986283
2984.599999998381
4464.39999999871
5900.300000003934
11521.200000024382
6000.800000004299
3552.199999997865
4495.499999998823
5649.20000000302
11743.500000025191
4656.79999999941
4435.199999998604
10916.100000022181
7425.300000009482
6211.100000005064
3235.299999998153
12240.600000027
2224.1999999990726
10941.100000022272
10843.700000021918
11576.500000024584
4604.199999999219
3431.6999999979744
4664.399999999438
12436.500000027712
11210.200000023251
10925.100000022214
3644.199999997781
11826.400000025493
11641.50000002482
8496.500000013379
10920.100000022196
9171.100000015833
5448.700000002291
12076.300000026402
11704.400000025049
5634.100000002965
11475.500000024216
6532.300000006233
8733.20000001424
3224.299999998163
5585.300000002788
2321.599999998984
5686.700000003157
2989.5999999983765
3196.3999999981884
4329.199999998218
11736.300000025165
11645.200000024834
6617.100000006541
7508.100000009783
11781.100000025328
2803.299999998546
5513.100000002525
5347.100000001921
3660.3999999977664
3687.5999999977416
3721.199999997711
4616.399999999263
7781.600000010778
2728.399999998614
3652.2999999977737
2992.199999998374
11228.100000023316
3499.199999997913
11637.300000024805
6348.600000005565
8960.300000015066
12127.500000026588
6388.60000000571
4808.199999999961
4489.799999998802
12207.60000002688
6913.400000007619
11531.200000024419
11242.300000023368
10928.100000022225
4426.399999998572
10948.100000022298
11567.30000002455
3233.299999998155
6867.100000007451
5246.100000001554
4869.800000000185
7521.600000009832
5139.700000001167
8450.600000013212
12162.600000026716
3777.6999999976597
10912.100000022167
7216.700000008723
5196.700000001374
9385.300000016612
11730.500000025144
8747.500000014292
2997.1999999983695
5073.100000000924
10929.100000022228
11237.20000002335
4527.199999998938
12441.700000027731
2010.0999999992673
5584.100000002783
11534.40000002443
12035.500000026253
4285.499999998059
7330.300000009136
2648.5999999986866
3092.6999999982827
3562.1999999978557
12416.70000002764
9262.200000016164
11307.300000023604
6744.400000007005
11664.100000024902
11303.100000023589
4570.499999999096
11319.200000023648
7698.300000010475
10951.100000022308
6656.100000006683
11938.700000025901
3412.399999997992
4038.799999997422
4316.399999998172
8247.300000012472
3324.499999998072
5030.70000000077
9088.400000015532
12073.700000026392
8242.200000012454
6095.100000004642
6280.200000005316
11261.300000023437
4546.89999999901
2759.399999998586
11562.400000024532
11340.100000023724
8286.200000012614
8934.300000014971
4127.199999997483
4152.599999997576
11692.200000025005
11237.100000023349
6298.100000005381
11527.400000024405
11784.30000002534
10418.50000002037
12209.100000026885
11541.500000024456
11637.300000024805
5139.600000001166
5353.5000000019445
10919.100000022192
3816.2999999976246
3068.399999998305
11320.300000023652
7958.10000001142
4303.699999998125
11081.900000022784
10298.300000019934
8730.40000001423
3923.599999997527
11674.200000024939
3969.3999999974853
8829.30000001459
2909.2999999984495
6121.700000004739
10938.100000022261
11705.400000025053
5791.400000003538
5355.300000001951
11566.200000024546
11876.500000025675
12104.300000026504
12380.200000027507
6199.3000000050215
8663.900000013988
12253.400000027046
7443.100000009546
3570.699999997848
4123.49999999747
7538.200000009892
9023.200000015295
1921.1999999993482
11274.100000023484
11882.100000025695
8296.30000001265
10953.100000022316
11785.200000025343
2975.1999999983896
3380.399999998021
10932.10000002224
9095.100000015556
11653.100000024862
11731.600000025148
4341.499999998263
4616.699999999264
2817.599999998533
3230.5999999981573
4189.199999997709
11800.300000025398
8861.100000014705
8420.1000000131
11811.300000025438
6436.300000005884
11300.300000023579
11332.100000023695
8806.100000014505
8501.600000013397
11274.100000023484
4363.3999999983425
6651.100000006665
10941.100000022272
8047.100000011744
4899.500000000293
1846.699999999416
9013.200000015258
5045.100000000823
5873.700000003837
4531.399999998954
11325.30000002367
5001.500000000664
6731.300000006957
12065.500000026363
3250.3999999981393
9340.300000016448
1707.099999999543
4939.300000000438
3430.1999999979757
2963.4999999984
7055.100000008135
5238.500000001526
10932.10000002224
11662.300000024896
11987.300000026078
12012.40000002617
3503.2999999979093
3228.1999999981595
3657.1999999977693
11724.200000025121
12031.300000026238
11239.100000023356
3627.899999997796
7473.100000009656
5221.300000001464
11236.300000023346
7636.40000001025
9433.100000016786
3337.2999999980602
12069.700000026378
4005.4999999974525
11583.50000002461
5776.300000003483
5016.200000000717
10932.10000002224
3632.399999997792
11813.500000025446
12096.600000026476
3710.399999997721
4657.799999999414
6025.400000004389
3971.3999999974835
4237.299999997884
10437.30000002044
3049.1999999983223
6824.300000007295
5735.400000003334
10645.100000021195
3188.3999999981957
12035.300000026253
7797.200000010835
11806.40000002542
4042.299999997419
11219.100000023283
5628.400000002945
11844.200000025558
3229.3999999981584
4580.699999999133
11923.500000025846
11722.200000025114
5267.400000001631
5688.200000003162
3612.39999999781
3701.1999999977293
11594.50000002465
5260.500000001606
11891.70000002573
8945.200000015011
6789.500000007169
4090.599999997375
10925.100000022214
12210.70000002689
7695.200000010464
5172.500000001286
12136.500000026621
11933.500000025882
9957.100000018692
11638.300000024808
10924.10000002221
4626.299999999299
12282.900000027154
11358.30000002379
12097.400000026479
11727.500000025133
4330.499999998223
4789.699999999893
9985.100000018794
5254.600000001585
4540.199999998986
11882.400000025696
3530.3999999978846
3288.299999998105
6077.300000004578
5854.100000003766
2481.4999999988386
11572.400000024569
11674.50000002494
7341.500000009177
5177.200000001303
6297.300000005378
6960.40000000779
7529.100000009859
5669.300000003093
4883.600000000235
3327.3999999980692
11203.200000023226
6334.600000005514
6921.100000007647
4396.299999998462
11836.300000025529
3829.5999999976125
4745.499999999733
4255.199999997949
11520.200000024379
3361.2999999980384
2461.5999999988567
2919.1999999984405
3322.199999998074
11346.100000023745
12372.40000002748
3761.1999999976747
3513.1999999979002
4693.599999999544
12128.20000002659
8687.100000014072
9121.200000015651
11252.300000023404
3747.1999999976874
5871.500000003829
11454.50000002414
11665.200000024906
7731.500000010596
9064.300000015444
6217.500000005088
5156.400000001227
11653.100000024862
7776.400000010759
4388.3999999984335
3182.599999998201
3940.4999999975116
11233.300000023335
4398.799999998471
4304.499999998128
6586.300000006429
10942.100000022276
12122.200000026569
7471.50000000965
5966.800000004176
12085.300000026435
4130.499999997495
4319.599999998183
11192.300000023186
3891.3999999975563
7670.300000010373
3173.599999998209
3730.4999999977026
4165.599999997623
6880.100000007498
2485.399999998835
11574.300000024576
4024.2999999974354
10937.100000022258
5119.3000000010925
11701.300000025038
5144.500000001184
4974.100000000564
7542.000000009906
3327.699999998069
9903.100000018496
7961.300000011432
7992.100000011544
10897.300000022113
11622.20000002475
6178.100000004944
11507.500000024333
2837.299999998515
11274.100000023484
6197.1000000050135
12083.500000026428
11264.300000023448
9175.200000015848
4867.300000000176
9674.100000017663
10944.300000022284
6321.300000005465
4053.199999997409
6314.30000000544
9340.100000016448
5992.6000000042695
5086.900000000975
10133.100000019333
11498.3000000243
11997.500000026115
3271.49999999812
10942.100000022276
11264.300000023448
11264.200000023448
11452.600000024133
11830.600000025508
6476.40000000603
11310.100000023614
4605.399999999223
7109.500000008333
2873.499999998482
6502.100000006123
4247.499999997921
2217.5999999990786
11379.100000023866
5659.100000003056
4139.399999997528
11630.30000002478
8859.100000014698
12186.600000026803
8066.400000011814
11824.500000025486
10928.100000022225
6026.500000004393
11185.20000002316
10951.100000022308
2799.1999999985496
9664.300000017627
5148.400000001198
3855.299999997589
9170.10000001583
5323.500000001835
7182.100000008597
4513.1999999988875
4091.1999999973746
12099.400000026486
2248.5999999990504
11694.600000025013
11226.20000002331
1865.4999999993988
6253.600000005219
4570.799999999097
12262.70000002708
7568.300000010002
11256.200000023418
5897.2000000039225
11503.100000024317
4607.39999999923
2416.5999999988976
4083.899999997381
11257.300000023422
4760.399999999787
4616.799999999264
8117.4000000119995
11731.100000025146
6565.100000006352
7843.800000011004
12233.200000026973
11625.500000024762
3944.699999997508
7875.200000011118
4510.199999998877
5210.100000001423
10917.100000022185
11268.300000023462
2976.3999999983885
11890.600000025726
4398.199999998469
6525.3000000062075
7698.2000000104745
11627.200000024768
7409.600000009425
5154.700000001221
3468.299999997941
12214.500000026905
7833.600000010967
11665.400000024907
7380.100000009317
11230.300000023324
12254.60000002705
4821.500000000009
2496.299999998825
10976.1000000224
4142.3999999975385
3901.8999999975467
6434.200000005876
3730.4999999977026
4743.199999999724
11022.80000002257
2846.299999998507
11179.200000023138
4222.59999999783
12283.800000027157
5175.300000001296
5480.100000002405
12130.9000000266
6004.200000004312
10915.100000022177
5249.500000001566
12108.60000002652
11858.70000002561
12257.30000002706
12075.300000026398
10917.100000022185
3053.4999999983183
5999.300000004294
12231.300000026966
5929.200000004039
11305.100000023596
11463.300000024172
8836.200000014614
6889.300000007532
11251.3000000234
4142.199999997538
10487.10000002062
4720.499999999642
3921.199999997529
7259.400000008878
11049.200000022665
9485.200000016976
11229.30000002332
2428.199999998887
11799.500000025395
2937.199999998424
11779.300000025321
3165.799999998216
11217.200000023277
10916.100000022181
4316.199999998171
3368.8999999980315
2623.1999999987097
11278.200000023498
11534.50000002443
3996.299999997461
12183.600000026792
11278.200000023498
11847.40000002557
12174.200000026758
11643.500000024827
12305.300000027235
12260.500000027072
3234.5999999981536
6716.500000006903
4725.299999999659
6611.500000006521
10055.100000019049
11268.300000023462
3160.499999998221
10939.100000022265
12243.60000002701
11737.60000002517
3735.399999997698
11357.300000023786
6375.600000005663
11271.200000023473
6696.40000000683
6699.20000000684
12312.700000027262
10660.500000021251
10124.900000019303
10983.100000022425
12053.70000002632
9865.100000018358
2712.2999999986287
11276.10000002349
11603.20000002468
4528.199999998942
12137.400000026624
11559.400000024521
3786.399999997652
11477.500000024223
12016.700000026185
10011.100000018889
7400.10000000939
7581.1000000100485
11741.200000025183
2576.3999999987523
8793.50000001446
3697.3999999977327
12058.300000026336
9169.300000015826
5641.400000002992
12440.700000027728
2617.399999998715
2564.2999999987633
11720.600000025108
11689.500000024995
2613.4999999987185
12229.70000002696
11216.100000023273
2702.4999999986376
11294.100000023556
11718.2000000251
11604.500000024686
11607.200000024695
4580.599999999133
4531.499999998954
7077.300000008216
9346.10000001647
11756.600000025239
8054.30000001177
11570.500000024562
3236.6999999981517
4309.399999998146
1774.1999999994819
4378.299999998397
2527.199999998797
7089.50000000826
5933.200000004053
7543.10000000991
12141.200000026638
11886.30000002571
3328.699999998068
11760.300000025252
11289.100000023538
10930.100000022232
5811.30000000361
10596.400000021018
3342.199999998056
4027.2999999974327
9779.100000018045
2679.5999999986584
4505.399999998859
8320.300000012738
7812.100000010889
11244.100000023374
12255.500000027054
4954.1000000004915
4738.199999999706
11559.300000024521
10359.100000020155
11536.500000024438
6733.700000006966
6569.400000006368
10943.10000002228
8825.600000014576
12051.500000026312
5194.600000001366
7807.500000010872
10929.100000022228
7251.200000008848
6313.300000005436
10414.300000020356
7269.200000008914
3473.1999999979366
3029.59999999834
4719.399999999638
8831.300000014597
11680.300000024961
3889.1999999975583
9054.300000015408
4730.399999999678
3362.2999999980375
10926.100000022218
5204.300000001402
11514.500000024358
11632.500000024787
4644.199999999364
11231.300000023328
8469.100000013279
6482.200000006051
4405.199999998495
5689.300000003166
5240.300000001533
4674.599999999475
6300.50000000539
9050.500000015394
11672.800000024934
3542.299999997874
12206.600000026876
12470.500000027836
6839.100000007349
6561.500000006339
12108.400000026519
10947.100000022294
9202.400000015947
6093.500000004637
11707.30000002506
2969.5999999983947
11736.400000025165
11914.400000025813
10919.100000022192
12235.30000002698
5468.100000002361
12136.20000002662
10485.200000020614
9028.700000015315
2607.299999998724
11725.100000025124
12086.60000002644
4798.199999999924
10919.100000022192
12005.100000026143
8281.300000012596
11673.400000024936
4058.2999999974045
11821.100000025473
12124.400000026577
4866.600000000173
10983.100000022425
4688.499999999525
11553.3000000245
10484.30000002061
2774.599999998572
10918.100000022188
3002.199999998365
5103.100000001034
7202.20000000867
5902.500000003942
7698.100000010474
7844.300000011006
9594.100000017372
8586.200000013705
4558.699999999053
11412.300000023986
10940.100000022268
6164.4000000048945
12213.600000026901
12287.100000027169
7566.400000009995
5022.40000000074
5340.100000001896
11242.100000023367
7824.500000010934
4863.4000000001615
10939.100000022265
2582.4999999987467
8301.200000012668
5602.100000002849
4732.399999999685
7314.100000009077
11230.100000023323
5653.600000003036
7046.500000008104
5126.400000001118
12224.20000002694
11655.500000024871
12284.300000027159
6231.500000005139
11510.200000024342
7881.500000011141
6463.100000005981
11197.200000023204
11273.10000002348
10926.100000022218
11625.600000024762
5340.100000001896
3224.199999998163
11219.100000023283
11283.100000023516
12056.200000026329
3222.3999999981647
11314.100000023629
8929.300000014953
9176.100000015851
5900.300000003934
6853.2000000074
10570.100000020922
10820.300000021833
11230.100000023323
