6264.97500000587
7649.950000012372
4989.200000004827
2752.699999998592
1922.674999999187
8983.42500001515
2247.774999999051
4728.775000005202
2200.0249999990947
2196.149999999098
2721.8499999986198
9367.475000016548
3682.2000000020416
4502.300000002044
7859.52500001323
7601.800000011342
7049.050000010985
2068.6499999999296
3138.399999999509
4782.400000001178
3618.250000002484
3460.2749999987955
2414.1999999992336
7326.125000010704
2848.8999999999205
4001.049999999397
6041.425000006189
2405.149999998908
4008.775000003289
5005.8750000013515
7084.150000008241
3735.224999997983
6499.150000008911
4740.000000003264
6643.700000007078
2480.2499999988395
10313.80000001999
3904.9750000005747
2916.6499999984426
4936.725000002214
4430.225000005356
1883.899999999382
7406.300000012896
8505.57500001341
3467.9250000031902
5886.675000008408
4304.575000003914
4030.025000000986
2673.924999998765
5027.850000004501
3974.7500000022023
4943.625000005588
3878.175000001769
3076.974999998297
4172.0750000042635
4030.599999999513
6458.200000006445
3120.0499999988724
2622.024999998711
5058.925000001735
5834.175000008913
9450.375000019154
1948.3499999993232
1945.1249999992583
6044.175000009926
3491.8250000008065
4009.8250000023404
4087.600000001217
2228.4999999990687
4824.8500000049835
4448.375000005936
3110.900000001595
5717.7750000058295
9389.900000016629
8990.72500001805
4267.175000004031
5158.050000005762
5506.1250000044865
6638.375000010205
9666.125000017633
3053.9749999986457
3422.199999999587
3500.124999999428
5144.875000004915
4556.450000002143
4188.200000001265
4056.500000003218
6102.400000007798
3939.3000000032766
3705.57499999937
5525.425000005358
6872.225000011045
3339.7249999981755
3335.299999999786
2249.3750000000164
6645.100000011061
4864.60000000583
5003.800000004441
5289.975000004628
3077.650000002619
5326.600000004508
5104.775000004257
2632.4249999987014
2386.325000000077
6572.725000008488
5853.475000006633
5434.02500000597
7363.0000000122745
10194.925000019557
2197.649999999087
2833.399999998518
5423.30000000714
5739.275000005309
2147.2999999991425
4968.575000004966
5657.400000004081
4451.975000004017
5128.050000006873
5043.825000005362
7708.475000010512
5788.300000006365
4890.77500000586
5164.225000006823
5219.750000005226
4276.100000001574
5998.700000009339
5642.700000004516
5255.200000005515
3190.7750000011556
2931.549999998682
3074.1000000000267
5575.875000005004
3900.074999999958
3996.0500000004963
4538.550000004831
2492.874999998828
2803.3749999985457
5467.625000006894
3981.3250000045578
4383.925000005169
7465.175000010659
2755.899999998589
6476.700000007976
4245.600000005588
5901.650000007904
7154.150000011649
6568.7750000087135
4169.549999999988
2822.1499999986972
5730.500000005218
4138.175000002606
4427.475000004084
6893.375000012156
5152.125000005064
4134.899999999364
3634.3999999984126
4680.200000003932
7167.5000000114305
5964.100000008382
7056.975000009936
5347.525000002051
2911.1249999994825
6382.200000007881
6409.425000008388
4530.575000004763
7353.650000012159
7490.425000010699
3167.0749999994296
3666.975000000436
3560.7000000004855
2523.8499999988003
7646.175000012359
5217.925000001491
4193.725000003449
2070.1749999992126
3599.9500000004164
2728.8749999999773
6116.650000009018
5778.800000003756
2345.6249999989623
3364.0500000019547
5231.450000005254
3755.5500000015236
2696.9999999986426
4496.300000005277
2325.424999998899
8665.42500001665
3860.549999999584
2010.8499999992666
5312.150000006522
2649.174999998686
3663.8500000003046
3540.3999999987986
2744.3249999985997
2136.149999999132
2958.774999998405
4840.925000002642
7732.875000012069
5544.575000004601
6585.650000009333
5658.200000006598
1953.7249999993187
4970.9500000063
3677.2749999984844
3014.6000000001586
3613.500000001304
7631.075000011453
2621.1249999987117
2778.2499999995803
4247.375000001397
5120.925000001298
5454.100000006523
4342.2500000014825
7754.1500000139
2943.2250000000404
7773.725000012772
2603.0499999987283
1873.5999999993915
5632.125000006281
2356.4249999996528
3485.6500000021733
4926.000000005588
3936.5250000020965
4660.700000002951
5652.925000007068
3964.7500000000955
2262.349999999038
2121.499999999166
3660.824999999224
3990.0749999997684
4261.825000005892
2841.325000001214
2563.499999998764
3477.0749999995473
3679.8750000009372
6074.225000005797
2483.8749999999645
3317.9499999985383
4522.5000000047585
3832.3500000018967
5308.900000002846
2308.6499999989956
5467.5500000068
2295.9499999990076
6318.900000006697
4956.675000004798
6297.250000007272
2966.5749999992086
2963.2749999984007
3575.774999998981
9900.600000018538
4683.9500000051485
5257.400000004099
3312.6999999980826
6018.575000006638
8208.150000014353
3817.675000003072
5470.250000004963
5244.850000004126
2729.2500000005944
7845.350000012661
8136.07500001235
3956.3250000008948
4915.32500000775
3527.6250000008376
4418.12500000252
2166.8999999991247
4185.525000000057
2316.2749999989887
3649.3500000002605
2246.8249999989594
2352.8999999989555
3307.6499999984067
7352.750000009218
6385.800000005929
4277.775000001057
5213.350000003842
8463.075000015491
2136.1999999990503
4742.500000000418
4091.4749999992046
3147.3249999984423
2539.5499999988206
3024.224999998345
3312.3499999993505
4848.950000004408
2574.3499999987544
2212.874999999035
2458.3749999988595
4469.850000005361
2235.349999999062
5725.000000006676
3888.6250000007335
6385.850000005699
6455.525000008174
3863.375000000603
2677.8999999998223
2845.8249999995032
6004.225000006335
4316.775000003194
4307.6250000059235
6192.675000006317
5358.375000006103
3001.2749999992975
4249.550000005069
4944.500000006479
2983.749999998382
4130.350000000497
3358.5499999993644
3369.974999999545
4503.200000001361
3394.8999999995704
5564.700000004685
4868.325000006425
2965.0249999987395
5141.550000004198
3982.550000001541
4028.524999999387
4079.6750000036077
4941.575000005699
3496.9250000034244
2597.274999998733
3249.8249999994146
4984.42500000535
4578.40000000528
3150.374999998756
8140.20000001327
1794.6499999994633
3834.1000000007807
4887.600000005921
5871.225000006224
2457.974999999321
4615.675000003316
2239.874999999029
2424.52499999889
3275.8249999981163
5833.225000006507
4464.40000000331
6270.750000006884
3815.775000000921
4931.800000005573
6132.600000007153
3382.174999999074
9071.350000015469
4242.425000003137
6264.050000005256
4009.475000000785
5055.50000000613
2341.7749999989655
3128.4749999987416
2178.424999999752
3438.9000000027872
2665.699999998671
3192.474999999956
3765.850000003825
5776.825000005721
5601.8500000045515
4600.725000000956
4023.475000000664
5482.250000005054
2826.7499999995885
2020.6249999991717
4778.475000005638
5236.925000005944
4440.60000000255
4016.8500000033814
3189.899999998837
2895.049999998946
4554.875000006008
4441.500000005366
4475.000000001029
4302.175000005945
6036.6750000071825
5539.175000006158
5181.500000006205
7149.550000012399
6056.900000007166
2232.6250000005352
4381.725000000863
4584.150000004708
3062.2499999983147
2009.7999999992594
6359.775000007978
6018.400000004363
3438.6249999987754
5348.22500000495
6696.600000008139
6197.325000007115
3675.2249999984747
5495.575000006613
2244.9499999994246
4572.925000002649
2093.7249999991914
3968.950000000555
5140.200000004315
7115.450000012001
2677.3500000007125
4268.39999999986
4410.750000005897
7174.575000009932
7587.150000012509
7938.200000013731
3828.550000000297
4623.225000005383
8838.475000014623
3523.875000001717
3173.3999999982098
3889.099999998882
4138.475000001703
6367.350000005633
1850.6499999994123
6204.125000006346
6211.925000005067
5259.850000003344
5388.475000004988
5247.150000005542
2209.324999999086
2431.1499999988846
4639.650000004712
5486.02500000322
7830.875000012233
6434.000000010732
2603.6999999993354
2814.0749999995915
1854.7499999993456
2841.3749999985116
3541.6249999980046
5499.125000006924
5508.625000005513
5694.800000005997
6005.425000008829
3775.9500000009134
4604.3000000052925
5418.175000004763
3998.3750000033215
4758.900000003868
6485.225000006271
2804.3499999990863
3207.275000001633
5007.475000005911
3955.6250000020063
3508.6999999997674
1580.2999999995968
4172.300000003269
3086.499999999389
3556.850000000506
2902.6999999990962
7349.7000000101725
2912.37499999995
3277.1250000014657
4717.050000006397
2664.599999998672
6236.300000007537
1719.1999999995319
3213.474999999359
3131.3499999982478
2497.399999998824
5460.70000000339
3777.4500000007033
5595.1750000055235
6135.2000000098915
5656.3750000082055
5913.225000006027
2970.524999998394
2431.474999998884
2339.149999998968
4948.150000005685
5426.600000008064
5252.675000004682
3102.5999999983183
4849.425000000692
2883.4499999999944
7583.000000010055
4383.275000003585
4148.075000003464
2695.64999999858
7457.150000012339
2920.1749999989383
7157.325000011291
3127.950000000461
3984.6499999999705
6241.600000008928
3059.9749999983123
4276.525000006431
5077.725000006381
2352.1249999989827
2797.7249999996893
3244.6500000009137
3434.674999998424
2902.62499999912
4867.150000004176
2181.149999999112
3728.125000001258
3673.9250000006327
5554.225000004935
1920.949999999299
4912.1000000061495
3654.850000002188
5030.875000005839
3853.8499999984565
7949.05000001362
4792.9500000018415
4368.125000006306
2704.924999998635
3525.4749999994624
4326.600000006502
5191.05000000638
3890.4749999999804
2742.2500000007876
3117.69999999826
3204.3499999981814
5808.025000007259
3579.7499999995835
5433.100000006341
4050.200000003513
3925.9000000013025
2499.174999999179
6398.65000000654
7442.97500001277
3482.2500000023247
2604.300000000346
7175.300000009304
4918.025000006173
4704.525000003523
6654.225000009609
5017.950000005312
2987.224999999202
7446.0750000123035
4597.1500000055685
4616.400000006547
7001.875000011232
3968.474999999002
3535.9749999993205
6512.075000007575
3331.399999999715
3010.09999999892
5276.225000005758
2291.1249999990114
2464.4749999988544
3621.5750000005114
4431.1750000019665
2050.97499999923
7851.625000012274
4637.07500000585
4394.000000002133
2862.624999999782
3576.025000000669
4616.2000000028675
3598.825000001912
3520.100000000847
3824.3749999991446
2429.5749999988857
5029.00000000677
3852.800000000746
6154.100000004857
2453.49999999935
5029.825000005809
3067.9249999986027
2670.5249999999223
3775.84999999817
6610.45000001063
2485.174999998835
2012.2999999992653
2251.84999999894
3043.774999998327
5242.62500000506
7725.1000000106305
3051.824999998462
2764.499999998581
2986.9249999996828
7904.750000014179
4557.475000002227
3877.1750000036654
6649.07500000827
2861.8749999984925
3296.2250000006507
4714.900000005466
7420.725000009465
4069.100000002119
4704.100000002808
3809.2750000014216
3589.5249999992034
4402.975000005992
4838.675000005793
3277.174999998654
2172.624999999108
2630.54999999895
8237.275000012984
2487.474999999649
3316.9749999988803
5640.925000003355
4559.125000004769
5006.600000006234
4418.200000002453
3696.9250000003767
4516.200000006629
3543.699999998423
2888.3999999991474
5066.1500000048
2862.924999998454
4296.625000002003
2772.8749999985735
2406.9749999989062
2750.849999999101
3912.625000002453
2315.02499999899
4872.02500000561
2861.849999999071
5439.550000005251
3116.899999999775
5715.450000006049
2653.7250000003733
2999.7499999993915
4816.500000001841
2069.3499999991654
5156.650000005531
4278.175000001889
4581.375000001826
6207.475000005227
4596.475000005829
4426.4500000008975
6935.500000011313
2436.2749999988796
6972.600000011021
4805.200000001879
6896.275000009178
5242.050000006922
5914.675000007688
3507.6999999996224
6668.625000008461
4966.675000004558
3102.0750000012704
2797.599999998551
3736.1500000005335
5089.975000003156
3136.9750000009785
3405.6500000001465
4843.575000003844
8390.425000013718
7043.8500000124095
2610.674999998721
5755.275000005313
8830.325000014593
5058.425000004934
5371.200000007422
10099.32500001921
3211.8500000011786
5062.800000005425
3131.974999999413
4316.800000003286
2187.549999999106
4649.850000001709
3922.7499999982706
2081.3499999992023
5387.675000004996
2960.2250000002314
2837.6999999990876
7101.650000011349
4403.250000002548
6139.125000009001
3463.875000002944
6293.600000007391
5193.75000000573
3096.150000000963
8082.950000012264
4715.050000004623
2309.4249999989843
4558.225000003575
3711.3500000004024
2764.199999998582
4852.575000004077
4016.625000000498
4686.150000003755
3596.3499999983105
3291.4249999984027
4939.450000006242
1825.924999999435
6954.825000011673
4658.375000005181
1770.824999999485
3826.625000001938
2680.02499999974
5570.675000006007
4158.575000001715
5926.325000006145
4067.8750000005616
5477.050000005627
3260.724999999351
2182.6999999991103
3854.9749999984156
4827.4000000050855
3024.999999999295
3303.049999999247
5646.800000004905
7644.450000011437
3966.90000000166
4417.2250000020385
7563.175000013249
6232.475000006687
3517.3249999983623
5756.275000004119
2970.2749999989137
3558.4499999991835
5715.150000004813
7704.350000012744
2479.5999999988403
6314.2000000098205
3073.7499999986967
3059.825000001561
3777.400000002099
6561.2750000115075
4783.025000005115
3518.1749999996478
2372.674999998873
10068.675000019099
3897.8500000024414
7116.15000001208
4267.825000001284
6142.05000000784
7487.500000012562
2674.425000000009
2189.9749999991036
5332.900000005807
3096.6249999989213
2839.4499999987593
4471.57500000075
2825.0999999985265
3243.649999999158
4919.95000000513
2758.024999998587
4522.125000005302
3098.4999999989127
5325.900000006771
3439.700000000224
4250.675000000952
6398.925000008524
3345.575000000817
5674.0000000047185
3599.2999999997974
4685.4000000064525
4080.7500000064406
7769.62500001188
6952.000000013362
5091.150000004228
2169.3249999990585
4447.050000002011
6503.100000008731
3268.2500000004698
5505.575000004624
6672.6500000116175
5156.025000004795
3133.8500000016925
8192.900000013135
3131.4749999983296
4132.525000004634
3330.9499999991713
3482.9999999979277
5217.775000003486
4805.7750000054675
6073.200000007526
4766.850000005128
2337.4749999989695
6217.575000007731
2558.274999998769
5834.500000005286
2704.4999999986358
5430.125000005282
6023.525000006652
3530.174999998145
2976.0999999983887
2228.9249999990684
5134.150000005534
4373.350000005877
3028.5999999986157
5802.3750000074215
5440.350000008187
5019.775000005933
6081.725000007647
6412.175000007868
5271.35000000743
6543.550000010221
2622.77499999871
3360.525000001564
2863.8999999995567
3147.6250000014343
4575.375000003773
6312.250000007267
2677.3499999986607
6869.575000010551
6074.6500000076085
8049.075000014629
2532.6999999989503
7470.225000010723
3891.100000000666
6096.02500000652
3676.4750000011754
4462.375000004022
7652.875000010309
4820.425000004705
4729.300000004401
5079.4000000044825
5300.3750000059335
5685.825000006549
2326.349999998948
8421.025000013105
4467.32500000582
3398.4249999996487
7679.800000011619
4304.650000005942
2755.1499999987427
5822.000000006935
5095.475000005996
4745.800000003726
6444.82500000708
3563.0000000018354
5556.150000005891
2292.4499999990103
4153.000000003632
3249.8749999982274
6213.700000010398
3442.575000004099
4112.9250000001275
5756.250000006601
2359.4499999989494
2641.124999998693
6064.575000007283
8644.275000014746
2294.949999999008
7743.075000010637
6445.125000005915
2456.899999998861
7035.625000010388
10050.37500001903
4275.0500000061475
4506.425000005926
3426.3499999990718
3579.949999999258
4847.450000003219
5336.975000004255
5904.550000008241
4317.775000002164
4646.50000000568
2216.07499999908
3739.224999998368
1575.9999999996523
3636.149999998494
2129.274999999159
3634.1000000017852
4753.52500000156
4946.525000002074
4654.27500000661
6811.525000008351
2235.749999999015
5438.375000008488
6023.925000005787
4762.900000004584
3117.0000000006994
5248.975000005095
2469.1499999988455
3155.9749999986316
4721.950000004412
2075.1249999992083
3183.3249999989216
3638.800000002835
5688.550000004713
6785.150000009243
8412.200000014487
3283.32499999912
3798.0499999988615
4905.950000005434
8139.450000012319
4642.000000005623
4811.950000001989
4271.675000002524
7621.200000010193
3782.400000003483
9570.300000019293
3424.2249999995574
5296.0750000036915
4617.400000005171
3318.6250000022465
4135.775000001083
4281.400000004616
3596.75000000191
2919.0249999984408
2585.7999999987437
4025.1499999995112
4821.02500000387
7672.375000012072
3191.774999998193
6611.125000007198
3640.8000000001393
2322.724999998983
6384.35000000712
2818.625000000028
6657.850000009574
5254.025000005524
2928.199999999621
5639.200000005997
4184.325000002325
4227.700000001153
3837.4999999985876
2828.2000000006165
2560.025000000296
3945.874999999499
3781.725000000569
4990.700000004322
7663.4750000124395
3071.674999998302
6106.600000008506
6927.800000008372
3471.9000000011006
3950.4500000007365
7539.950000013261
5659.7250000044805
5066.450000002689
3371.1500000008245
5949.825000007379
2397.9749999989144
5075.275000005562
4731.375000006168
4604.050000004712
7507.600000011111
3127.9250000000184
4466.075000006657
6115.87500000736
4322.850000003303
2389.899999998922
5731.0500000077955
5574.850000005692
3717.5999999993255
5288.525000004049
5458.875000005804
4824.150000002395
5991.125000007242
2832.424999998877
6421.775000008843
7163.325000013188
3711.999999999849
5449.775000005277
3106.774999999411
5531.52500000626
4122.800000005074
2318.9749999989863
5465.350000004242
2542.874999998783
3460.4249999991202
4342.100000003231
3767.4750000006757
4329.700000003175
5853.0250000051465
4648.650000003745
5215.92500000441
3698.6499999987886
6686.075000011745
4537.375000004785
4632.075000000811
5503.350000006669
8118.375000012284
6081.250000006454
3596.049999999178
3128.5249999999573
5833.225000004974
3991.425000002332
3557.7249999993164
5531.200000005265
2366.874999998943
6027.275000005729
3250.674999999898
3041.0249999994066
5207.525000003276
4671.350000005139
4004.925000001165
4338.675000000917
3666.999999999536
4904.1750000064185
7523.57500000984
6262.000000009826
3286.1750000010043
6132.700000006596
3298.975000002917
5270.975000001645
7080.050000011275
5904.875000006799
6619.35000000774
6937.57500000811
3633.999999999248
3078.199999998296
5076.925000005295
5635.550000007306
5309.050000006688
2352.599999998921
5682.45000000446
4477.900000002815
4019.200000003263
3924.050000000445
5927.925000004035
6276.500000005792
5129.475000006121
5289.075000007273
