16359.400000041984
13355.700000031056
12738.600000028811
5197.900000001378
5624.40000000293
13507.400000031608
5272.700000001651
12218.90000002692
6046.400000004465
6030.700000004408
6200.4000000050255
13295.900000030839
8326.40000001276
9264.300000016172
13102.600000030136
14943.500000036833
13025.900000029857
7028.400000008038
7433.00000000951
9344.400000016463
11009.20000002252
7401.400000009395
6929.900000007679
14818.000000036376
7965.000000011445
8017.600000011636
12679.800000028597
5631.000000002954
11765.500000025271
11114.600000022903
12954.200000029596
7986.700000011524
16630.100000038492
12656.900000028514
13615.300000032
6136.800000004794
17433.400000026802
7224.400000008751
6783.000000007145
9531.900000017145
12535.800000028074
4772.999999999833
14040.700000033548
18544.400000010635
11230.000000023323
11491.400000024274
10652.300000021221
7940.300000011355
5460.7000000023345
11559.300000024521
8738.400000014259
14363.800000034724
8752.200000014309
7162.900000008527
12060.700000026345
7385.700000009338
13901.400000033042
7696.500000010468
6268.400000005273
9633.400000017515
14145.80000003393
17282.000000029006
5397.2000000021035
5332.6000000018685
16167.700000041286
7968.900000011459
9873.500000018388
8006.400000011596
6230.500000005135
12423.000000027663
13925.100000033128
9771.900000018019
14099.700000033763
16922.30000003424
15927.700000040413
13596.900000031934
12970.500000029655
12156.200000026693
12672.600000028571
18414.30000001253
6730.500000006954
8820.900000014559
6053.000000004489
12520.400000028018
12359.500000027432
8957.400000015055
12374.700000027487
14076.300000033678
10541.80000002082
8740.500000014266
14875.900000036587
13247.00000003066
7973.000000011474
8813.10000001453
7247.300000008834
15386.700000038445
14089.900000033727
12194.400000026832
11627.300000024768
10032.000000018965
13172.40000003039
11566.300000024547
6040.7000000044445
7421.900000009469
17376.900000027625
14148.000000033939
13086.800000030078
17280.100000029033
18286.700000014385
5661.300000003064
5898.400000003927
14332.40000003461
13423.400000031303
5948.80000000411
13075.600000030037
11493.400000024281
10714.400000021447
13938.200000033175
12834.40000002916
15019.200000037108
11582.300000024605
15440.900000038642
14102.800000033774
11750.300000025216
10238.400000019716
15689.100000039545
13434.400000031343
14712.500000035992
8684.800000014064
5670.100000003096
6213.6000000050735
11545.40000002447
10149.900000019394
10229.000000019681
12037.20000002626
5840.200000003715
5983.100000004235
14033.300000033521
12862.900000029264
13141.200000030276
14819.800000036383
6035.900000004427
11974.500000026032
12594.400000028287
13939.40000003318
15721.600000039663
16627.800000038525
9478.800000016952
7088.100000008255
11440.400000024089
9093.20000001555
13905.800000033058
15409.200000038527
14314.900000034546
7354.900000009226
7439.100000009532
11246.300000023382
14758.100000036158
14414.300000034907
16369.30000004202
10117.400000019275
8020.400000011647
16542.40000003977
16828.8000000356
11510.300000024343
15163.400000037633
13907.600000033064
7464.200000009623
9675.300000017667
9795.600000018105
5210.600000001425
14238.100000034266
10195.40000001956
9830.400000018231
5495.10000000246
7578.500000010039
8125.200000012028
14112.000000033808
11500.300000024306
6632.000000006596
10707.800000021423
12699.70000002867
9977.000000018765
6160.50000000488
12565.500000028182
5197.200000001376
17742.9000000223
7430.3000000095
4593.099999999178
12715.500000028727
6884.400000007514
8755.600000014321
7415.500000009446
5829.6000000036765
5940.200000004079
6466.800000005995
8896.600000014834
12845.4000000292
12999.700000029761
12237.000000026987
14851.500000036498
5616.1000000029
13199.80000003049
8739.100000014261
9032.000000015327
8561.500000013615
11713.900000025084
6532.100000006232
7040.00000000808
10397.900000020296
8930.700000014958
13286.800000030806
8534.300000013516
15592.500000039194
7712.100000010525
12806.90000002906
5229.8000000014945
5097.100000001012
14061.200000033623
7080.200000008226
11017.50000002255
14156.900000033971
11610.800000024708
12165.300000026726
17160.80000003077
8437.600000013164
5863.300000003799
5166.600000001265
8684.200000014062
7741.400000010632
13362.10000003108
8953.30000001504
5832.800000003688
7811.800000010888
8736.800000014253
15482.500000038794
7581.900000010051
6844.700000007369
11534.30000002443
10911.300000022164
10422.100000020384
5855.40000000377
16225.900000041498
5435.500000002243
11770.300000025289
14270.000000034383
14243.100000034285
6681.200000006775
7306.400000009049
7881.800000011142
18137.700000016554
12697.700000028663
11471.400000024201
7898.900000011205
15327.70000003823
14456.500000035061
11873.400000025664
11361.400000023801
10752.700000021587
8383.300000012967
16166.900000041283
15125.800000037496
8861.700000014707
13397.000000031207
7727.800000010582
10108.700000019244
5133.6000000011445
8473.300000013294
5674.200000003111
9508.40000001706
5971.500000004193
5503.3000000024895
6827.700000007308
15068.200000037286
14793.000000036285
9273.600000016206
9722.90000001784
15851.800000040137
5480.300000002406
9735.700000017887
8724.300000014207
7730.300000010591
6733.000000006963
5459.700000002331
8394.400000013007
10703.800000021409
6073.000000004562
6608.200000006509
4709.599999999602
13015.500000029819
5252.500000001577
14283.900000034433
10017.800000018913
12370.400000027472
16497.60000004042
9551.300000017216
6798.500000007201
7714.600000010534
16302.700000041777
8975.900000015123
13383.700000031158
13036.500000029895
12180.700000026782
7941.2000000113585
11562.300000024532
13600.200000031946
6772.400000007106
8149.300000012116
6854.400000007405
8754.500000014317
10636.000000021162
7940.300000011355
12113.500000026537
15505.000000038875
8043.500000011731
11358.40000002379
10868.600000022008
8377.700000012946
11044.400000022648
14096.500000033751
10780.800000021689
5377.200000002031
7279.700000008952
11501.40000002431
12615.600000028364
6795.600000007191
16927.80000003416
4596.899999999192
6500.600000006118
13539.900000031726
15922.000000040392
6146.900000004831
9809.200000018154
5521.100000002554
6616.70000000654
6778.2000000071275
16914.80000003435
11875.700000025672
13152.900000030319
9703.100000017768
14145.70000003393
13069.800000030016
7514.100000009805
15503.40000003887
8864.600000014718
11700.300000025034
8575.700000013667
15107.70000003743
5757.3000000034135
7568.800000010004
6654.400000006677
9471.700000016926
5993.7000000042735
9083.500000015514
11955.800000025964
16158.000000041251
13213.200000030538
9343.000000016458
9435.700000016795
13078.800000030049
7798.400000010839
4998.500000000653
14197.100000034117
12810.600000029073
12641.100000028457
11631.900000024785
8023.500000011658
6761.800000007068
14300.700000034494
12608.600000028338
9068.40000001546
13601.700000031951
15709.90000003962
14291.600000034461
15901.000000040316
16260.500000041624
15443.400000038651
7484.800000009698
9266.50000001618
11591.300000024637
6057.500000004506
5119.000000001091
13714.600000032362
10113.400000019261
7905.100000011227
15458.500000038706
11788.800000025356
14644.300000035744
8539.200000013534
15264.000000037999
6877.7000000074895
10660.500000021251
5033.200000000779
9169.000000015825
11719.300000025103
15370.900000038388
7492.700000009727
8250.900000012485
13774.800000032581
15282.000000038064
16250.300000041587
17592.30000002449
7712.5000000105265
12940.200000029545
17822.300000021143
8239.300000012443
7141.500000008449
9254.100000016135
10595.500000021015
11642.300000024823
4732.299999999685
12877.400000029316
15803.900000039963
11134.100000022974
11642.300000024823
15301.600000038135
4927.800000000396
5905.500000003953
11640.300000024816
9693.400000017733
15446.900000038664
14499.800000035219
6400.400000005753
7678.7000000104035
4653.199999999397
6996.300000007921
6171.600000004921
15252.500000037957
9607.30000001742
11585.100000024615
14906.8000000367
10049.400000019028
13570.400000031837
13184.300000030433
12286.800000027168
12727.900000028772
13337.800000030991
6616.400000006539
9892.900000018459
11620.300000024743
8597.400000013746
8896.000000014832
4375.499999998387
11461.700000024166
6760.700000007064
9838.30000001826
5741.9000000033575
13872.300000032936
8160.200000012155
9014.800000015264
15368.90000003838
5902.10000000394
12301.00000002722
4199.099999997745
6637.700000006616
6143.80000000482
5235.200000001514
11852.500000025588
8779.200000014407
11609.300000024703
14156.300000033969
15971.100000040571
15599.200000039218
6919.500000007642
5665.50000000308
5836.0000000037
14258.000000034339
15109.500000037437
13237.400000030626
7135.600000008428
7986.400000011523
6761.400000007066
13247.00000003066
10978.90000002241
10249.300000019755
6029.900000004405
16482.300000040643
7516.000000009812
14339.900000034637
7444.600000009552
8994.700000015191
13977.600000033319
7577.700000010036
14548.400000035395
16068.800000040927
6499.600000006114
7604.300000010133
10263.600000019807
7406.800000009414
7499.800000009753
13032.40000002988
6013.800000004347
9747.50000001793
9179.800000015864
11516.300000024365
5639.1000000029835
15048.200000037214
9077.400000015492
15176.30000003768
8506.100000013414
16150.400000041223
9771.200000018016
14613.10000003563
5842.200000003722
8520.000000013464
15280.300000038058
14070.000000033655
7909.000000011241
7676.200000010394
7207.0000000086875
7462.200000009616
14635.900000035714
8064.200000011806
14872.800000036576
12932.100000029515
10562.600000020895
6107.300000004687
11485.400000024252
17416.30000002705
9776.500000018035
8393.800000013005
16772.60000003642
15371.80000003839
10728.300000021498
14359.80000003471
11432.40000002406
6345.900000005555
17460.40000002641
13489.600000031543
15377.900000038413
14224.500000034217
8609.70000001379
8941.100000014996
12624.100000028395
8019.200000011642
7039.400000008078
15227.900000037867
6270.700000005281
5596.400000002828
8760.100000014338
9448.300000016841
5179.10000000131
15036.900000037173
14023.700000033487
10450.100000020486
6339.800000005533
7930.50000001132
9202.200000015946
8731.800000014235
6957.60000000778
8909.40000001488
4995.700000000643
12460.4000000278
9942.70000001864
11229.00000002332
5498.00000000247
14904.600000036691
7523.80000000984
7944.000000011369
7850.80000001103
13881.50000003297
5818.6000000036365
5434.000000002237
5673.80000000311
6119.500000004731
12877.400000029316
18594.100000009912
6738.400000006983
5610.000000002878
7352.4000000092165
17240.50000002961
9347.300000016474
12292.400000027188
12732.400000028789
5439.8000000022585
9180.200000015866
13577.900000031865
15195.40000003775
11566.000000024545
11591.100000024637
10254.800000019775
7175.200000008572
13897.200000033026
10697.400000021385
6639.500000006623
5879.000000003856
6815.900000007265
15539.200000039
7213.900000008713
7446.600000009559
10928.900000022228
11623.300000024754
15672.900000039486
12064.300000026358
9453.50000001686
15334.900000038257
7249.6000000088425
7071.700000008195
12730.900000028783
5659.000000003056
11601.500000024675
6462.200000005978
6792.70000000718
7086.70000000825
7578.000000010037
5572.000000002739
13972.000000033298
8164.000000012169
11620.300000024743
7536.3000000098855
14352.900000034684
7984.200000011515
6839.700000007351
10498.300000020661
6070.000000004551
12302.700000027226
9638.400000017533
8805.400000014502
14416.600000034916
13722.900000032392
9838.000000018259
13764.000000032542
6332.700000005507
12673.500000028575
8800.100000014483
15972.800000040577
12978.600000029684
13003.700000029776
9236.700000016071
10216.400000019636
12614.40000002836
9345.700000016468
5510.200000002515
8077.800000011855
12468.200000027828
9271.000000016196
8120.500000012011
10614.400000021084
16234.70000004153
16183.700000041345
6092.200000004632
11513.400000024354
13051.900000029951
12998.100000029755
15105.00000003742
15681.300000039517
8338.800000012805
13015.80000002982
8601.40000001376
9110.900000015614
5645.000000003005
8824.800000014573
7605.700000010138
5396.600000002101
13273.600000030758
6410.300000005789
7025.500000008027
14225.40000003422
9739.3000000179
16102.400000041049
11119.30000002292
15862.500000040176
11603.300000024681
9035.100000015338
12930.40000002951
11626.300000024765
5835.300000003697
10827.80000002186
7192.300000008634
5647.600000003014
12324.200000027304
8892.70000001482
9372.500000016566
7482.100000009688
7027.700000008035
15521.200000038934
4869.900000000185
14652.000000035772
13401.600000031223
4633.499999999325
9441.100000016815
8042.500000011727
16349.400000041947
10620.800000021107
12865.900000029274
8238.30000001244
14178.70000003405
8293.70000001264
5243.700000001545
8897.400000014837
12958.900000029613
6347.30000000556
8189.800000012263
11424.700000024031
15070.300000037294
9026.500000015307
11918.400000025827
16408.30000004172
14839.600000036455
8190.000000012264
11097.40000002284
6560.800000006337
6897.5000000075615
11436.400000024074
13035.700000029892
5997.600000004288
14989.600000037
6610.600000006518
9429.100000016771
10065.500000019087
14064.900000033636
12388.000000027536
8612.3000000138
5781.900000003503
19361.299999998748
11549.800000024487
15131.900000037518
8241.30000001245
12823.800000029121
16757.40000003664
7846.500000011014
5342.700000001905
11923.300000025845
7806.300000010868
7216.700000008723
9912.50000001853
6480.000000006043
6512.700000006162
14805.000000036329
6792.400000007179
12627.600000028408
7204.100000008677
16252.800000041596
7836.2000000109765
9681.000000017688
16013.300000040725
8103.80000001195
11672.300000024932
9282.200000016237
15978.200000040597
14405.300000034875
17124.000000031305
15305.60000003815
11458.400000024154
5437.60000000225
9406.50000001669
16581.300000039202
8180.600000012229
13755.10000003251
15257.200000037974
14541.60000003537
8794.800000014464
12961.900000029624
6871.600000007467
11210.300000023251
8228.800000012405
7074.5000000082055
12650.700000028492
12146.900000026659
12314.000000027267
12798.50000002903
5579.800000002768
14704.900000035965
5494.400000002457
15452.700000038685
6999.2000000079315
12752.400000028862
11565.300000024543
7556.600000009959
6793.100000007182
5561.000000002699
12845.4000000292
13519.00000003165
6577.600000006398
15955.700000040515
12917.600000029463
14734.700000036073
16555.100000039583
14433.600000034978
16761.60000003658
16107.600000041068
5231.000000001499
10020.200000018922
7307.200000009052
8758.500000014332
10850.300000021942
13457.400000031426
7038.400000008074
15138.700000037543
16948.700000033856
15838.400000040088
6940.900000007719
13423.900000031304
10014.1000000189
13474.600000031489
9833.00000001824
10750.000000021577
18017.500000018303
14216.100000034186
14224.900000034218
11952.30000002595
15956.000000040516
10319.40000002001
6310.800000005427
16180.800000041334
13798.900000032669
8417.00000001309
17223.40000002986
13680.400000032238
7203.500000008675
14904.30000003669
15497.100000038847
11537.800000024443
13098.800000030122
8078.400000011858
14399.000000034852
5726.800000003303
10763.400000021626
6992.100000007906
15816.300000040008
12022.900000026208
8835.10000001461
16884.50000003479
5402.7000000021235
6081.1000000045915
15113.800000037452
14665.900000035823
6084.800000004605
18258.600000014794
12984.900000029707
5949.600000004113
13068.30000003001
16618.200000038665
13867.700000032919
14041.500000033551
8078.600000011858
8248.500000012476
9329.60000001641
11861.800000025622
14722.90000003603
11625.600000024762
13662.800000032174
6444.400000005913
7824.1000000109325
4239.599999997892
7257.700000008872
5094.700000001003
10924.900000022213
9411.300000016707
9726.800000017854
15606.400000039244
15776.700000039864
6414.300000005804
14418.000000034921
12988.60000002972
11903.300000025773
8378.90000001295
13733.000000032429
6737.100000006978
6879.000000007494
10422.300000020385
5642.800000002997
7068.2000000081825
9757.500000017966
9407.200000016692
12583.800000028248
17106.50000003156
6089.500000004622
6663.800000006711
13871.200000032932
12326.600000027312
13917.200000033099
11161.200000023073
9125.300000015666
14429.000000034961
11848.500000025573
16540.600000039794
8006.700000011597
10915.60000002218
11434.400000024067
10907.000000022148
9085.900000015523
12013.700000026174
10538.700000020808
5763.400000003436
6006.000000004318
7942.400000011363
12838.000000029173
14706.900000035972
6905.500000007591
13151.100000030312
8442.10000001318
6418.90000000582
12068.400000026373
6565.400000006353
13565.50000003182
15045.700000037205
7987.1000000115255
12926.600000029495
9057.40000001542
9823.700000018207
8399.300000013025
7908.900000011241
7153.100000008491
8221.500000012378
8785.100000014429
10951.30000002231
15842.000000040101
6709.2000000068765
16774.900000036385
17493.000000025935
7402.400000009398
9129.400000015681
16387.800000042018
11597.30000002466
11165.80000002309
9450.100000016848
15447.900000038668
5278.600000001672
14409.100000034889
15251.300000037952
11513.300000024354
16821.100000035713
7057.400000008143
15393.50000003847
11913.900000025811
12728.600000028775
6019.8000000043685
15145.400000037567
16180.800000041334
7422.20000000947
11583.300000024608
15746.700000039755
10172.400000019476
13970.200000033292
6496.500000006103
14621.800000035662
16795.90000003608
7694.000000010459
11809.30000002543
7827.4000000109445
13991.300000033369
13712.300000032354
5449.7000000022945
11507.400000024332
6160.40000000488
6281.200000005319
9576.90000001731
8172.300000012199
9505.300000017049
12523.300000028028
10405.300000020323
12762.600000028899
7911.900000011252
14703.80000003596
11633.30000002479
10930.000000022232
16004.100000040691
18097.50000001714
11906.100000025783
6973.800000007839
7136.400000008431
13057.900000029973
10247.90000001975
8472.20000001329
11778.300000025318
5989.600000004259
12104.900000026506
7065.600000008173
7110.000000008335
9377.600000016584
12478.700000027866
8739.700000014263
10009.400000018883
8768.000000014366
15756.000000039789
15692.100000039556
16591.70000003905
9236.10000001607
16223.400000041489
10904.100000022137
10274.600000019847
15825.00000004004
12924.400000029487
12419.700000027651
14823.800000036397
7768.700000010731
6571.600000006376
12732.80000002879
12920.400000029473
15282.000000038064
5549.000000002656
14022.500000033482
10355.400000020141
9732.400000017875
8683.80000001406
9043.500000015369
11258.300000023426
12848.00000002921
12428.600000027684
