12745.500000028836
11706.100000025055
11511.400000024347
3943.299999997509
3269.6999999981217
11751.40000002522
3550.899999997866
11157.200000023058
3715.1999999977165
3519.899999997894
3526.2999999978883
11689.300000024994
7987.200000011526
8640.200000013901
11761.100000025255
12478.500000027865
11746.300000025201
5061.800000000883
5502.2000000024855
6840.500000007354
8583.700000013696
4979.300000000583
4708.499999999598
11832.800000025516
5675.600000003116
5987.400000004251
11523.20000002439
2970.5999999983937
9516.50000001709
7827.700000010946
11510.300000024343
4723.399999999652
13069.400000030015
9583.800000017334
10123.000000019296
3969.699999997485
13346.600000031023
6878.200000007491
3845.599999997598
7006.200000007957
11544.400000024467
2800.099999998549
12185.400000026799
13516.700000031642
9082.900000015512
11077.200000022767
10138.200000019351
7337.200000009161
4333.599999998234
11093.200000022825
8400.200000013028
12266.600000027094
6567.30000000636
4416.299999998535
10465.400000020541
5376.700000002029
12019.200000026194
4792.599999999904
4085.39999999738
6676.800000006759
12306.50000002724
13080.100000030054
3098.5999999982773
3144.4999999982356
13032.700000029881
6332.400000005506
8629.400000013862
7606.20000001014
3994.5999999974624
11485.500000024253
12158.2000000267
7415.700000009447
12220.400000026926
12721.000000028747
12995.500000029746
10449.700000020484
11623.100000024753
11239.100000023356
11583.200000024608
13516.20000003164
4579.499999999129
5946.4000000041015
5132.30000000114
11460.400000024161
9110.800000015613
7445.200000009554
9609.600000017428
12253.400000027046
9370.300000016558
5971.500000004193
11452.100000024131
11656.400000024874
4698.299999999561
6083.600000004601
5245.600000001552
11666.40000002491
12200.600000026854
9382.600000016602
11108.20000002288
8168.000000012184
11488.500000024263
11118.200000022916
3594.2999999978265
5384.900000002059
13498.300000031575
12202.600000026861
11650.200000024852
13379.100000031141
13304.200000030869
3220.4999999981665
3844.299999997599
12311.700000027258
11789.100000025357
3702.2999999977283
11622.10000002475
11072.200000022749
10367.200000020184
12199.200000026849
11644.10000002483
12176.500000026766
11099.200000022847
12592.000000028278
12318.400000027283
11144.200000023011
7659.900000010335
12968.400000029647
11853.10000002559
12542.600000028098
6952.500000007762
4476.299999998753
5744.200000003366
11114.200000022902
6831.900000007323
7230.500000008773
11206.100000023236
4145.699999997551
3966.8999999974876
12161.500000026712
10629.70000002114
11380.50000002387
12172.900000026753
3657.299999997769
10752.200000021585
11575.100000024579
12113.800000026538
12724.40000002876
13185.200000030436
5586.6000000027925
4618.499999999271
11088.200000022807
6902.200000007579
10495.500000020651
12423.900000027666
11149.50000002303
6019.200000004366
5015.700000000716
10479.200000020592
12325.500000027308
11007.800000022515
12958.900000029613
7207.100000008688
5428.800000002218
12976.900000029678
13428.20000003132
11054.200000022684
12632.700000028426
11818.200000025463
5484.700000002422
6908.600000007602
6839.000000007349
3316.599999998079
11953.600000025956
6202.6000000050335
7603.1000000101285
3519.6999999978943
6150.200000004843
5677.000000003121
12183.300000026791
11069.200000022738
4345.899999998279
7936.300000011341
11623.100000024753
7808.200000010875
3394.899999998008
11467.400000024187
4222.299999997829
12872.100000029297
6007.200000004323
2439.5999999988767
11625.500000024762
4339.599999998256
6293.700000005365
5044.30000000082
3398.2999999980048
3616.0999999978067
3755.0999999976802
7194.100000008641
11071.200000022745
10933.200000022243
11079.200000022774
12288.400000027174
3696.6999999977334
10910.000000022159
5168.10000000127
6081.600000004593
7319.300000009096
11084.200000022793
3632.8999999977914
5267.400000001631
7602.400000010126
6291.200000005356
11611.10000002471
7719.200000010551
12855.500000029237
5724.900000003296
11584.500000024613
4050.5999999974115
3023.4999999983456
12159.100000026703
5010.500000000697
8174.700000012208
12244.300000027013
8653.40000001395
9787.700000018076
13528.400000031685
6522.200000006196
3513.9999999978995
3541.999999997874
5511.60000000252
6245.2000000051885
11972.700000026025
6782.100000007142
3877.499999997569
5137.400000001158
6363.000000005617
12623.400000028392
5379.400000002039
4639.299999999346
11053.20000002268
8160.700000012157
7120.400000008372
3894.3999999975536
13227.70000003059
2928.1999999984323
11138.20000002299
11665.800000024909
12177.900000026772
5064.700000000894
4366.6999999983545
5380.900000002044
13610.300000031983
11539.500000024449
11066.200000022727
4579.599999999129
12680.100000028599
12350.6000000274
9277.50000001622
11056.20000002269
9523.500000017115
6160.40000000488
13029.60000002987
12390.800000027546
6128.400000004764
11929.400000025867
6805.500000007227
9047.300000015382
3703.499999997727
5942.500000004087
3152.0999999982287
6693.100000006818
3682.899999997746
3726.699999997706
4498.299999998833
12351.500000027403
12204.600000026869
6751.200000007029
7669.200000010369
12574.300000028214
3301.5999999980927
5920.800000004008
5507.200000002504
4765.7999999998065
4505.799999998861
3866.299999997579
5632.300000002959
8483.10000001333
3391.599999998011
4352.499999998303
3131.2999999982476
11641.50000002482
3633.299999997791
12220.600000026927
7243.900000008822
9680.300000017685
13219.800000030562
7040.300000008081
5362.400000001977
5233.500000001508
13263.900000030722
7448.300000009565
11973.700000026029
11636.2000000248
11070.200000022742
5278.500000001672
11094.200000022829
12051.600000026312
3923.799999997527
6984.200000007877
5375.200000002023
5803.500000003582
8289.500000012626
5755.500000003407
9256.900000016145
12990.700000029728
4908.800000000327
11049.200000022665
8108.400000011967
5958.400000004145
9787.100000018074
12339.200000027358
9288.800000016261
3354.199999998045
5201.20000000139
11104.200000022865
11603.10000002468
4716.299999999626
13591.800000031915
2652.499999998683
5765.200000003442
11964.400000025995
13062.000000029988
4714.3999999996195
7657.300000010326
3161.0999999982205
3866.399999997579
3809.9999999976303
13572.100000031844
9856.900000018328
11756.500000025238
7408.40000000942
12195.600000026836
11666.20000002491
5273.100000001652
11805.100000025415
8014.200000011624
11126.200000022945
7199.50000000866
12674.600000028579
4009.599999997449
4947.300000000467
4894.600000000275
8520.100000013465
4042.7999999974186
6048.900000004474
9826.200000018216
12974.200000029668
9369.600000016555
6780.500000007136
7082.500000008235
11692.500000025006
5347.800000001924
3027.599999998342
12231.400000026966
11677.600000024951
9370.700000016559
9621.700000017472
4746.099999999735
4789.699999999893
12276.40000002713
11598.300000024663
6469.200000006003
12054.500000026323
12560.700000028164
11398.800000023937
13126.300000030222
12650.50000002849
12472.800000027844
5687.800000003161
6349.600000005568
11065.200000022724
4293.399999998088
3568.49999999785
11900.600000025763
8085.200000011882
5184.800000001331
12264.500000027087
10587.200000020985
9939.400000018628
5058.400000000871
12498.800000027939
4687.699999999522
9269.40000001619
3389.5999999980127
6827.700000007308
11169.200000023102
12340.700000027364
6171.600000004921
5719.300000003275
12125.600000026581
12709.500000028705
13070.90000003002
13627.800000032046
6546.100000006283
9519.700000017101
13401.600000031223
7670.200000010373
4252.399999997939
5478.7000000024
8270.500000012556
9477.100000016946
2630.599999998703
11624.300000024758
12710.200000028708
8958.70000001506
11101.200000022855
12644.70000002847
3128.2999999982503
3724.699999997708
11121.200000022927
9275.200000016212
12559.300000028159
12319.700000027287
4858.400000000143
5346.400000001919
3293.7999999981
4141.399999997535
4319.299999998182
12407.400000027606
9021.200000015288
8885.000000014792
12642.300000028461
7373.3000000092925
11668.200000024917
11724.10000002512
9637.40000001753
9407.700000016694
11735.300000025161
4729.299999999674
7461.900000009615
11095.200000022833
8210.200000012337
5793.600000003546
2476.9999999988427
9615.40000001745
5202.200000001394
6810.300000007244
4836.500000000064
11843.400000025555
5729.400000003312
7249.300000008841
12869.500000029288
3639.2999999977856
9688.500000017715
2258.699999999041
5290.300000001715
3721.5999999977107
3484.899999997926
7833.900000010968
6047.3000000044685
11086.2000000228
12249.900000027033
12873.900000029304
12813.600000029084
4412.499999998521
3381.29999999802
4162.199999997611
12311.300000027257
12700.800000028674
11698.500000025027
4519.49999999891
7601.200000010122
5606.300000002864
11601.300000024674
8490.800000013358
9628.200000017496
3878.8999999975676
13147.500000030299
4943.900000000454
12124.500000026577
6211.4000000050655
5389.700000002076
11229.10000002332
4501.899999998846
12588.900000028267
13199.700000030489
4449.999999998658
5470.900000002372
7174.70000000857
4765.7999999998065
5018.7000000007265
10859.500000021975
3801.499999997638
7597.500000010108
6581.500000006412
10800.20000002176
3769.599999997667
12793.600000029011
8140.2000000120825
12476.500000027858
5103.700000001036
11668.100000024917
6618.000000006545
12471.900000027841
3910.299999997539
5541.700000002629
12697.700000028663
12298.700000027211
5828.000000003671
6261.200000005247
4051.4999999974107
4290.199999998076
12291.400000027184
5885.800000003881
12567.70000002819
9903.500000018497
7641.700000010269
4608.899999999236
11075.20000002276
13371.200000031113
8168.400000012185
6000.700000004299
13007.60000002979
12704.600000028688
10107.200000019238
12362.400000027443
11060.200000022705
4966.300000000536
13585.500000031892
12024.400000026213
12911.20000002944
12284.60000002716
5350.800000001935
5875.5000000038435
10535.400000020796
5831.8000000036845
4705.299999999586
12811.200000029075
4211.699999997791
3801.599999997638
6694.400000006823
6624.700000006569
3225.9999999981615
12392.800000027553
12223.800000026939
8046.800000011743
5454.400000002312
6542.200000006269
7501.80000000976
7782.20000001078
5961.400000004156
5810.400000003607
3628.4999999977954
11467.400000024187
7260.6000000088825
7762.600000010709
4677.499999999485
12597.400000028298
4759.399999999783
5534.700000002604
4685.699999999515
12146.500000026657
3696.3999999977336
3176.799999998206
3217.599999998169
3783.2999999976546
11656.100000024873
13644.500000032107
4447.399999998648
3659.2999999977674
5321.500000001828
13222.500000030572
8850.200000014665
9928.80000001859
11634.100000024793
4143.199999997541
6637.600000006616
11992.700000026098
12433.600000027702
8693.500000014095
9598.600000017388
7100.700000008301
5482.600000002414
12201.400000026857
8522.300000013473
4875.300000000205
3857.8999999975867
4526.199999998935
11678.600000024955
5131.500000001137
5017.700000000723
7524.600000009843
11090.200000022814
12972.800000029663
8518.70000001346
6807.700000007235
12926.000000029493
4953.900000000491
4968.300000000543
11546.400000024474
4157.599999997594
8713.80000001417
3950.999999997502
4442.699999998631
4850.700000000115
7022.200000008015
3076.4999999982974
12160.300000026707
5042.600000000813
11101.200000022855
5665.50000000308
12346.300000027384
5851.600000003757
5106.200000001045
8312.60000001271
3986.19999999747
10447.900000020478
8344.500000012826
8143.200000012093
11656.500000024875
12135.500000026617
6381.200000005683
11977.100000026041
3741.3999999976927
11626.500000024766
6576.500000006394
12985.80000002971
11636.1000000248
9707.900000017786
6105.000000004678
9823.200000018205
11291.200000023546
7067.800000008181
4194.299999997727
6770.100000007098
10066.40000001909
6821.700000007286
5850.000000003751
10262.200000019802
12540.50000002809
12878.000000029318
3822.299999997619
11080.200000022778
11638.50000002481
11695.600000025017
12269.700000027105
12587.700000028262
6919.700000007642
11691.300000025001
5562.000000002703
7603.60000001013
3569.8999999978487
6651.2000000066655
4948.10000000047
2998.2999999983685
11807.200000025423
5825.2000000036605
4633.999999999327
12172.400000026752
9028.200000015313
13105.500000030146
8820.800000014558
12630.700000028419
11111.20000002289
6783.800000007148
11618.500000024736
11103.200000022862
3382.499999998019
9949.100000018663
5453.600000002309
4224.399999997837
9892.400000018457
6073.600000004564
7591.600000010087
4655.2999999994045
4564.299999999073
12945.800000029565
2750.299999998594
12397.30000002757
11540.100000024451
2548.7999999987774
7062.300000008161
5352.100000001939
13328.400000030957
8219.900000012372
11629.300000024776
6297.500000005379
12135.100000026616
5530.000000002587
3039.2999999983313
5403.900000002128
11624.500000024758
5082.2000000009575
5503.50000000249
8949.500000015027
12653.400000028501
7165.900000008538
8965.100000015083
13306.500000030877
12340.300000027362
4918.800000000363
8416.100000013086
4665.299999999441
5371.200000002009
11058.200000022698
11676.300000024947
3780.0999999976575
12680.200000028599
4576.299999999117
7272.200000008925
8217.500000012364
12256.600000027058
8548.90000001357
5964.600000004168
3701.499999997729
13535.900000031712
8815.300000014538
12450.700000027764
7599.200000010114
11551.500000024493
13258.300000030702
5598.900000002837
3190.7999999981935
11148.200000023025
4752.599999999758
4674.699999999475
7060.400000008154
4433.399999998597
5191.200000001354
12000.500000026126
3910.8999999975385
11538.400000024445
4987.800000000614
13178.10000003041
5526.300000002573
6292.800000005362
13035.00000002989
6534.500000006241
11084.200000022793
6212.900000005071
12957.800000029609
12510.800000027983
13366.300000031095
12875.60000002931
11056.20000002269
3466.4999999979427
6736.800000006977
13328.700000030958
6492.300000006087
11824.400000025485
12237.700000026989
10073.900000019117
7359.400000009242
11673.500000024937
4284.299999998055
10638.20000002117
5496.7000000024655
4211.999999997792
8376.600000012942
11307.400000023605
9911.200000018525
11596.100000024655
3003.399999998364
12466.900000027823
3198.6999999981863
12610.500000028345
4158.499999997597
11518.500000024373
11123.200000022935
4453.29999999867
4192.099999997719
3117.3999999982602
11607.500000024696
12009.500000026159
4622.499999999285
13152.600000030317
11669.10000002492
12603.30000002832
13260.50000003071
12191.600000026821
13415.700000031275
13142.50000003028
3725.699999997707
7576.400000010031
5365.500000001988
7137.300000008434
10257.200000019784
11691.300000025001
3844.7999999975987
11473.70000002421
13349.600000031034
12428.500000027683
4567.499999999085
11826.200000025492
7226.300000008758
11672.500000024933
7486.900000009706
7576.700000010032
13372.900000031119
11604.700000024686
11238.900000023355
11208.200000023244
13059.200000029978
9993.200000018824
3640.899999997784
11763.200000025263
12143.900000026648
5276.000000001663
13127.600000030227
12104.200000026503
4568.399999999088
12261.600000027076
12877.100000029315
10370.100000020195
8545.700000013558
7723.200000010565
12417.400000027643
3311.7999999980834
9287.200000016255
4447.399999998648
12965.500000029637
9866.500000018363
6296.200000005374
13582.700000031882
3151.599999998229
3296.0999999980977
12523.200000028028
12317.60000002728
3480.59999999793
13437.800000031355
11639.300000024812
3496.5999999979153
11682.100000024968
12652.8000000285
12231.700000026967
12182.200000026787
5433.600000002236
5425.200000002205
7416.50000000945
9925.100000018576
12469.200000027831
8830.300000014593
12005.400000026144
3988.0999999974683
4744.599999999729
2291.4999999990114
5009.400000000693
2888.1999999984687
8090.400000011901
6636.200000006611
7747.200000010653
13054.600000029961
12730.20000002878
4034.799999997426
12395.800000027564
11657.600000024879
11151.200000023036
6536.500000006248
11304.900000023596
4142.69999999754
4745.1999999997315
9924.200000018573
3399.6999999980035
4867.600000000177
8727.200000014218
8048.200000011748
11514.200000024357
13328.800000030958
5105.200000001041
4869.300000000183
12097.200000026478
10545.200000020832
12003.700000026138
7758.4000000106935
7184.600000008606
11076.200000022764
9534.600000017155
13097.100000030116
5821.200000003646
8560.600000013612
11056.20000002269
8108.500000011967
6995.300000007917
10801.300000021763
8078.900000011859
3878.0999999975684
3698.299999997732
5359.900000001968
9856.300000018326
12348.700000027393
4280.899999998042
9930.500000018596
5531.500000002592
4134.59999999751
11127.20000002295
5542.400000002632
11972.800000026025
12430.60000002769
5463.300000002344
11688.30000002499
8644.200000013916
7408.40000000942
4972.8000000005595
6157.400000004869
5695.600000003189
5472.900000002379
6907.400000007598
9477.200000016946
12613.800000028357
4213.599999997798
13215.800000030547
13580.500000031874
6990.200000007899
7170.400000008554
12943.600000029557
11072.200000022749
9600.200000017394
6924.400000007659
12412.000000027623
3555.7999999978615
12378.400000027501
12678.800000028594
11074.200000022756
13368.700000031104
5787.200000003522
12903.10000002941
10846.500000021928
9913.600000018534
3428.4999999979773
12526.80000002804
13063.100000029992
5194.600000001366
11032.200000022603
12790.800000029001
8604.500000013772
12215.400000026908
4667.599999999449
12458.300000027792
13212.700000030536
5591.50000000281
11166.200000023091
5418.700000002182
12161.400000026711
11244.600000023376
3464.4999999979445
11103.200000022862
3419.799999997985
5265.200000001623
7706.500000010505
6506.9000000061405
7918.200000011275
8871.600000014743
9759.200000017972
9523.600000017115
5382.9000000020515
11811.200000025437
11081.200000022782
7301.20000000903
13121.600000030205
13506.400000031605
8636.000000013886
5424.300000002202
5706.300000003228
11651.500000024856
8344.300000012825
5807.300000003595
11098.200000022844
3452.799999997955
8946.200000015015
5767.2000000034495
5293.600000001727
7468.200000009638
11496.400000024292
6341.600000005539
7719.800000010553
5962.50000000416
13079.700000030052
12528.500000028047
13318.30000003092
6934.900000007698
12630.500000028418
8709.100000014152
6600.20000000648
12028.500000026228
11654.200000024866
11121.200000022927
12379.400000027505
5493.200000002453
3467.499999997942
11585.400000024616
11655.40000002487
12848.700000029212
3726.599999997706
11804.600000025413
9260.400000016158
9326.200000016397
6568.400000006364
7306.100000009048
10756.2000000216
11301.400000023583
11520.100000024378
