5486.450000005119
6956.450000010744
4428.250000004941
2274.7499999990264
1504.4999999994893
8288.20000001263
1734.0249999995183
4189.2250000047525
1734.8499999995176
1669.9999999995766
2077.249999999206
8697.750000014537
3122.2000000023872
3840.925000002363
7282.475000011847
6958.000000010268
6386.7750000096885
1636.974999999431
2543.5249999992247
4198.2750000004735
3110.7250000018794
2729.449999999236
1879.649999999386
6655.950000010252
2306.54999999936
3281.2749999995663
5526.175000005553
1879.2499999993865
3351.4750000029085
4405.700000000326
6516.250000006175
3027.1999999983423
5883.375000008128
4181.000000002176
6037.275000005602
2015.5249999992625
9635.575000017521
3390.2250000008626
2334.1749999989725
4275.675000000474
3886.72500000541
1385.4499999998338
6852.425000011017
7823.700000011264
3006.2500000027335
5375.9750000080185
3740.675000004202
3324.4500000013973
2143.549999999146
4439.250000004679
3382.075000002587
4346.250000005345
3308.800000000586
2499.2999999988224
3720.9000000039823
3475.0749999987793
5957.675000005007
2521.524999998888
2084.7999999991994
4382.625000000888
5260.200000007464
8848.700000017427
1383.7999999998074
1452.9499999996633
5447.000000009104
3003.9249999999174
3400.1750000023767
3509.4500000015473
1726.0249999995258
4348.925000005038
3944.9750000056874
2595.1750000010206
5179.100000004603
8911.500000014888
8422.475000016144
3616.550000003325
4555.225000004867
4619.250000004517
6123.400000009487
8950.950000015033
2567.2999999986923
2859.59999999891
3002.699999999356
4585.300000004717
3785.0500000013653
3556.775000001036
3502.0250000024907
5535.6750000061775
3408.900000003223
3065.5999999986366
4888.550000003448
6253.95000001093
2593.524999998737
2703.6249999992147
1754.6499999995128
6057.475000009899
4300.900000005304
4380.525000002877
4673.650000004466
2664.450000002161
4736.475000004655
4450.250000004669
2102.2499999991833
1909.449999999612
5899.400000006239
5307.250000005253
4826.950000004879
6670.95000001134
9575.725000017304
1605.1749999995873
2293.774999999009
4884.400000006439
5052.825000005191
1654.424999999591
4337.7250000050635
4826.500000004327
3950.450000004334
4599.400000005611
4521.925000004871
7135.225000008426
5128.475000006259
4426.425000005325
4598.925000005323
4612.800000004521
3699.750000001036
5456.4250000079255
4952.275000004555
4595.750000005149
2692.4750000008885
2341.4249999990284
2601.6500000002034
4852.725000005049
3094.899999999065
3416.274999999719
3828.5250000052347
1972.624999999227
2207.474999999088
4910.275000005483
3441.950000004029
3866.650000004898
6725.80000000817
2279.5249999990224
5925.275000006947
3719.4000000056435
5373.200000007477
6421.00000001111
5956.750000007793
3399.9999999992597
2205.2749999990897
5102.475000005164
3613.875000001807
3938.950000003434
6305.500000011052
4581.575000003623
3476.9749999997166
2983.174999998382
3876.65000000449
6584.150000010945
5294.200000006675
6493.175000009103
4561.425000000943
2304.899999998999
5842.225000006577
5768.750000006717
3982.5250000050946
6864.500000011189
6753.200000010517
2589.724999999126
3084.274999999788
2790.3749999997567
2061.7999999992203
6886.575000010591
4565.249999999654
3653.7250000021722
1582.4749999996561
3004.7500000003374
2173.849999999345
5578.600000008318
5190.475000003997
1835.7249999993876
2895.9750000014233
4711.250000004664
3094.0500000011616
1997.2249999992791
3999.0250000053707
1871.1999999992531
8003.375000014474
3115.5000000000387
1488.9749999997412
4791.550000005776
2134.774999999154
2983.174999999599
2823.9999999992756
2223.724999999073
1615.6749999995664
2373.7999999989365
4171.400000002629
7077.5000000101445
5029.750000003991
5850.22500000925
5042.250000004931
1496.4499999996906
4502.425000005156
3041.774999998329
2401.674999999447
3002.5250000014357
7014.550000010103
2057.299999999193
2269.7249999992805
3573.8250000004955
4503.250000000452
4754.700000005081
3652.425000001525
7189.675000012066
2413.7249999996884
7234.800000011606
2075.1249999992083
1392.5249999997923
5098.200000005661
1894.2249999993114
2998.175000001337
4368.975000005305
3199.4000000014335
4094.7500000026353
4979.200000005278
3270.725000000498
1717.5249999995335
1595.2249999996448
3016.8749999983515
3379.47499999981
3818.175000005639
2320.175000000598
2001.749999999275
2812.0749999987156
3177.5500000002608
5326.775000004686
1989.6249999994
2714.4999999988677
3873.500000005194
3322.7250000012828
4715.475000000871
1735.6999999995169
4882.525000005668
1666.2499999995803
5547.525000005129
4425.975000004158
5805.7250000059375
2481.799999998988
2345.024999998963
3117.8499999984856
8771.300000014633
4174.0000000052005
4625.77500000451
2743.8249999986
5327.500000006092
7643.425000012689
3348.7500000024493
4965.725000004915
4698.200000003067
2243.925000000051
7286.025000011121
7514.475000011414
3289.4749999996106
4464.875000006468
3042.925000000904
3881.725000002708
1706.974999999507
3584.0749999992754
1766.8999999994885
3004.7249999995292
1791.9499999993309
1805.7999999994213
2655.9249999987296
6757.15000000721
5794.950000005293
3737.7000000004323
4567.450000002078
7757.850000013557
1648.6999999994448
4075.949999999013
3341.324999999289
2377.0999999989335
2009.199999999221
2538.6999999987866
2730.949999998612
4138.025000002691
1958.799999999314
1759.6249999994125
1989.4249999992862
3870.650000005457
1800.4749999994083
5180.425000005958
3343.4250000000907
5730.975000003745
5875.2250000066415
3222.3750000002965
2190.2249999995693
2343.2499999989445
5396.775000004789
3830.2250000019935
3854.2250000056547
5551.525000006191
4688.425000005162
2443.5499999988733
3670.975000005378
4444.125000005213
2374.524999998936
3497.725000000913
2668.449999999846
2682.774999998875
3880.625000001023
2818.9749999992778
5045.525000003245
4235.02500000586
2305.7999999989984
4546.175000004582
3406.150000000918
3371.7999999988024
3545.500000003686
4352.425000005405
3021.5750000031558
2080.274999999193
2747.7249999995247
4457.750000004635
4080.17500000527
2546.5999999991304
7389.750000011395
1333.724999999848
3372.9500000006406
4411.250000005305
5306.525000004744
2009.1749999991866
4008.1000000021872
1726.0499999994445
1898.374999999369
2758.424999998587
5068.250000005166
3879.2750000030665
5589.975000005829
3286.775000000539
4366.900000005325
5452.550000005063
2726.9749999987835
8326.52500001362
3697.775000002409
5702.675000004431
3346.750000000702
4568.975000005343
1825.4999999994352
2615.9999999987162
1766.1749999994613
2927.1250000027994
2038.4749999992414
2509.124999999106
3272.975000003332
5217.750000004833
4975.02500000293
3946.624999999315
3297.425000000094
4821.4750000046315
2273.9499999990276
1581.9499999995355
4236.225000005385
4666.20000000515
3768.800000001621
3438.4750000031163
2610.0749999987215
2332.4249999989743
3962.9000000057245
3907.9500000053918
3919.199999999936
3824.450000005697
5328.700000005654
4957.750000004678
4571.4500000055705
6583.500000010456
5365.200000006607
1834.7500000000032
3841.5749999994728
4036.7250000050453
2589.2999999987405
1540.8999999996422
5673.800000006628
5232.725000003551
2907.0499999984513
4645.675000004076
6131.250000007399
5476.700000004704
3002.299999998365
4761.02500000473
1748.5249999994503
3912.8750000027017
1626.7749999996092
3264.249999999915
4463.950000004657
6465.025000011276
2262.500000000443
3750.1749999989333
3908.950000005673
6423.775000007718
7030.7750000108645
7249.000000011669
3275.5000000002856
4081.625000004128
8164.30000001217
2875.4500000021117
2508.3499999988144
3088.5749999982863
3507.5000000014047
5371.475000003875
1316.774999999885
5571.725000004502
5446.425000004482
4693.1750000018765
4742.275000004848
4561.825000005241
1633.2499999996103
1986.9499999992884
4102.175000004986
4909.225000002681
7142.775000010368
5830.650000009931
2113.999999999129
2311.2999999990507
1409.149999999714
2291.7749999990115
3071.0999999983023
4839.70000000606
4869.250000005324
5037.0750000054995
5299.275000007086
2976.225000000382
3905.2500000054633
4761.500000004672
3441.9750000027007
4241.525000002834
5818.350000004804
2264.3749999990814
2679.425000001009
4465.250000005442
3452.4750000023123
2993.3249999986956
1145.6999999999425
3624.2000000030257
2432.9999999998126
2910.4499999998684
2403.6999999991226
6533.175000008955
2411.174999999454
2781.5000000012637
4169.000000005792
2057.2999999992244
5631.750000005506
1234.6249999999077
2636.8249999994796
2578.97499999875
2016.9249999992612
4878.97500000221
3299.824999999509
4894.950000004594
5593.200000009426
5134.775000007223
5391.750000004781
2195.4999999990987
1802.7999999994558
1854.1999999993395
4360.775000005388
4920.025000006814
4609.275000004813
2531.6499999987927
4306.750000000875
2373.2750000000333
6884.725000008716
3819.2250000022664
3518.0500000038305
2174.7499999990114
6868.000000011219
2377.9999999989327
6598.275000010893
2524.2250000004983
3363.774999998889
5411.900000007882
2434.7999999988624
3842.5250000058877
4486.725000005556
1864.9999999993993
2321.7249999991013
2606.4250000000416
2879.224999998477
2392.0249999988805
4109.25000000433
1624.9249999996177
3050.275000000933
3125.624999999598
4760.500000004257
1493.9249999996384
4390.850000005619
3166.75000000222
4326.250000005478
3149.7499999982306
7319.200000012117
4145.649999999981
3935.725000005733
2124.274999999164
2827.7499999985234
3835.650000005853
4624.975000005114
3374.4249999993476
2264.675000000522
2456.824999998861
2550.499999998776
5186.5250000055985
2953.4749999993046
4983.25000000553
3401.3000000028424
3343.7500000005125
2021.4999999991755
5725.625000004729
6678.3000000113225
2982.5000000021428
2075.474999999776
6594.700000008092
4424.450000005425
4000.5750000039257
6087.150000008163
4357.5250000047545
2369.499999999374
6712.950000011229
3917.025000005462
4017.7500000059936
6428.675000009308
3235.774999998153
2899.324999998585
5951.875000006516
2803.749999999487
2508.4749999991473
4504.250000005328
1829.1999999994318
1931.6999999993386
3000.0250000002
3881.4250000005895
1614.0499999996275
7233.800000010448
4114.675000005513
3745.475000001331
2373.6749999998938
3042.9750000005515
4120.775000001597
3087.7250000019862
3030.7250000001577
3237.374999998452
1920.9749999993483
4502.00000000572
3273.4750000001322
5541.550000002629
2022.249999999301
4330.225000005468
2480.4749999988394
2094.874999999371
3261.299999998158
6107.7000000100015
1953.4499999992966
1499.5249999997318
1713.0249999993805
2509.8499999988126
4596.325000004803
7019.700000009091
2440.499999998876
2098.424999999187
2442.2249999990727
7282.450000012408
4024.00000000251
3356.050000003034
6054.925000008171
2335.4999999989714
2763.275000000076
4260.500000005278
6800.775000008075
3458.6250000014143
4230.275000002592
3153.0000000006366
2956.54999999944
3893.7250000056906
4390.675000004684
2664.2499999988
1688.6749999995059
2094.424999999157
7498.525000011923
2029.4499999992408
2841.674999998486
4871.425000002319
3982.9750000050944
4439.100000005664
3808.4500000008147
3164.974999999728
3950.700000006012
2887.774999998469
2294.2999999989834
4440.175000004934
2405.2249999988335
3635.100000001162
2293.4999999990096
1949.4249999993044
2274.9749999990263
3433.225000002
1729.3249999994991
4354.450000005065
2255.8249999989935
4814.825000004414
2539.274999999526
5152.825000005061
2167.8749999998595
2499.1999999995896
4161.050000000942
1590.9249999994884
4602.975000004111
3563.2750000020137
3885.7500000018504
5523.000000003525
4087.5000000055634
3720.099999999933
6463.9750000109525
1763.4749999994917
6417.275000010815
4238.724999999986
6342.950000007339
4630.200000005772
5361.4500000066055
2847.14999999877
6116.400000007633
4324.250000004678
2551.1750000007532
2282.0499999989906
3106.925000000583
4443.850000002528
2584.7500000003524
2862.999999999146
4354.275000003855
7719.8000000114425
6549.42500001136
2095.54999999919
5023.875000004298
8167.725000012182
4456.075000004949
4800.975000006321
9356.95000001651
2743.475000000951
4464.900000005007
2459.4999999988586
3841.2500000022046
1679.9999999995675
3816.9750000016543
3267.1249999981237
1510.9249999997214
4693.400000004752
2340.4250000005536
2347.9749999989235
6547.250000010955
3605.2750000030683
5537.500000008223
2955.1250000023892
5814.0500000063785
4667.475000005267
2556.800000000416
7398.925000010631
4127.275000004964
1752.1999999994464
4055.550000003494
3178.699999999776
2210.2749999990856
4167.175000002651
3518.2749999992084
4033.1250000027785
2990.6249999987003
2696.099999998637
4352.250000005671
1327.674999999819
6321.025000011165
3926.750000005422
1302.4249999998578
3351.3000000007423
2160.7499999990696
4849.050000005304
3556.9500000014564
5411.900000005957
3424.274999999805
4651.92500000493
2680.0749999986583
1631.9999999996112
3008.874999998359
4223.475000005156
2527.0999999992396
2733.949999998609
4956.075000002576
6910.750000008986
3402.3250000003945
3723.6750000012507
6936.375000011654
5581.475000005428
2893.499999998464
5033.675000002475
2390.424999999252
2935.7499999995507
5122.450000004356
7079.72500001136
1940.099999999331
5825.7750000088545
2476.4749999990445
2533.200000001028
3242.275000001895
6014.7750000101805
4173.300000003813
2968.2249999990727
1834.899999999319
9377.275000016583
3228.2750000017477
6458.52500001132
3579.4500000014473
5518.050000006575
6848.275000011371
2104.7499999994498
1697.7249999995515
4653.700000005258
2578.9999999987303
2319.074999998984
3783.524999999868
2259.2499999990387
2637.749999999172
4323.850000004457
2051.22499999923
3998.5000000053465
2575.9999999987526
4706.500000005348
2934.6749999994495
3562.4749999999513
5789.425000007042
2819.150000000338
5039.775000004133
2928.2499999991533
4156.775000005801
3661.025000005896
7153.550000010744
6412.950000011947
4531.050000004596
1691.4499999994468
3984.2250000011263
5870.925000007101
2777.0000000001332
4790.3250000046855
6142.97500001068
4511.025000003014
2662.9250000014863
7568.40000001224
2640.5249999986936
3531.1750000050047
2874.724999998569
2779.2999999985677
4431.775000001397
4344.675000004912
5446.950000006765
4170.225000005218
1796.7749999994612
5584.175000006251
1938.2749999993325
5185.45000000462
2028.7749999992504
4818.325000004619
5347.475000005634
2923.5499999985273
2408.3499999989053
1691.9249999995504
4567.525000004852
3898.1750000056777
2431.274999998884
5228.200000006311
4866.925000007128
4338.600000005515
5462.5750000060225
5862.425000006688
4620.425000005787
5873.675000009054
2170.049999999122
2823.000000000947
2311.9749999993487
2646.4250000011857
4054.725000003992
5579.225000006463
2042.2749999992
6176.000000009572
5435.200000006623
7430.450000012905
1979.9749999992946
6739.775000009069
3247.500000000133
5432.7000000060025
3185.025000000689
3824.200000002332
6935.125000007698
4296.9750000041
4093.275000003544
4353.450000004757
4727.775000005309
5214.000000006513
1729.4499999994368
7585.300000010074
3933.9000000055808
2713.6249999988127
7066.450000009831
3818.7000000056514
2183.02499999911
5206.250000005124
4556.975000005417
4154.825000003839
5706.37500000486
3075.925000002111
4954.650000004813
1748.4749999995051
3703.000000002713
2549.549999998777
5647.700000009016
2954.6750000035227
3553.599999999683
5007.9750000053045
1855.7999999993676
1965.1499999993084
5387.700000005429
8051.950000012788
1702.2749999995474
7136.250000008527
5817.800000004713
1876.8499999993887
6367.825000009312
9324.275000016389
3762.5000000058058
3969.4500000056737
2847.4999999985057
3036.974999998422
4212.525000002392
4520.375000002663
5272.175000007656
3545.675000001859
4193.0250000053875
1691.7499999994689
3065.824999998322
1127.1249999999923
3094.749999998281
1626.6749999996161
3007.075000001119
4108.874999999945
4253.050000000996
4063.200000005898
6069.250000007114
1762.7749999993384
5038.150000007695
5424.575000004849
4053.52500000503
2523.950000000367
4789.750000004251
1877.9999999993356
2572.249999998756
4165.725000003662
1513.7749999997172
2564.8249999990085
3127.6500000028277
5025.450000003543
6283.225000009142
7780.925000013097
2758.699999999414
3329.5499999986723
4381.275000005255
7520.450000011357
4114.4000000054275
4051.2999999999342
3699.500000001086
6961.150000008385
3283.1750000029433
8999.950000017372
2857.9749999993137
4688.325000001671
4144.67500000491
2728.6500000016003
3526.1750000006114
3751.2500000046234
3058.9500000013304
2400.0999999989126
1944.7499999993267
3413.549999998696
4192.000000002228
7023.7000000105645
2456.999999998861
5889.875000005122
2992.199999998661
1775.4999999994807
5522.62500000635
2341.650000000075
6183.450000008428
4567.575000005116
2374.0249999990583
5020.650000005859
3638.0250000026126
3474.6750000001753
3151.6249999984416
2292.4750000003623
2098.1750000000484
3161.72499999837
3223.475000000301
4534.250000002783
7009.700000010989
2403.07499999891
5453.47500000747
6163.700000006527
2948.000000001367
3379.4500000004814
6994.650000011463
5012.025000004381
4302.675000002707
2778.675000000268
5326.125000006231
1880.0749999993857
4459.000000005282
4254.450000005651
4069.9250000050156
6842.000000009182
2539.100000000054
3875.550000006124
5526.675000006671
3816.4500000026073
1773.2499999994827
5097.175000007233
5009.425000005031
3101.7749999988396
4537.05000000459
4892.925000005103
4213.52500000184
5437.200000005421
2265.824999999035
5783.17500000827
6607.4250000115935
3081.9999999989886
4736.3000000044085
2601.6749999988933
4999.000000005603
3601.4000000045103
1760.2249999994947
4832.000000004322
1927.4499999993425
2894.099999999459
3861.7000000018625
3258.5499999999247
3629.6750000021793
5260.900000003152
4006.9500000035255
4612.750000003227
3018.549999998473
6093.125000010658
3968.6500000051074
3894.8249999999125
4875.525000005442
7432.350000010763
5238.650000004032
2969.9499999991685
2555.449999999965
5216.0750000048365
3462.7500000017744
2963.8749999986094
4831.675000004322
1818.2249999994233
5339.925000004674
2617.4500000002763
2528.9999999991096
4639.975000002835
4174.62500000516
3341.5749999995364
3702.0000000007085
3137.9249999988897
4330.775000005721
6886.975000007523
5589.150000008896
2787.8250000004477
5413.775000004611
2772.9000000022843
4516.57500000023
6320.400000009705
5290.750000005392
5830.475000006065
6297.925000006179
2916.524999999692
2334.5249999989724
4499.975000004913
5021.700000006399
4806.7500000053515
1867.1499999993196
4927.975000004555
3976.7750000027527
3441.7500000035793
3328.0749999999584
5251.025000002786
5530.525000003845
4653.700000005447
4769.475000006575
