6602.600000006827
7944.825000013005
5212.975000004861
2956.074999998407
2083.999999999074
9277.075000016219
2467.699999998851
4967.000000005573
2386.599999998925
2423.949999998891
2977.5499999983876
9649.675000017574
3898.4500000019734
4756.025000001936
8083.550000013758
7867.650000011845
7289.400000011732
2251.250000000084
3381.099999999619
5027.150000001393
3838.925000002706
3785.074999998657
2642.699999999388
7639.950000010993
3074.2000000000953
4306.099999999566
6260.450000006616
2626.299999998707
4289.200000003357
5259.225000002052
7334.850000009153
4048.924999998447
6754.675000009522
4961.90000000367
6896.275000007739
2667.04999999867
10629.600000021139
4136.525000000496
3152.9749999982278
5205.575000002978
4662.900000005322
2087.499999999197
7663.650000013682
8773.225000014385
3646.7000000033836
6088.450000008597
4532.425000003842
4303.775000000866
2905.199999998723
5259.950000004749
4202.850000002167
5216.7000000060525
4115.9000000021715
3319.72499999844
4380.700000004336
4258.999999999823
6655.775000006992
3365.724999998826
2832.5249999985194
5342.725000002185
6038.925000009395
9684.450000019862
2169.149999999123
2132.3999999991192
6312.175000010286
3701.900000001303
4294.200000002747
4350.275000001129
2450.6749999988665
5026.475000004924
4664.875000006018
3322.025000001846
5963.70000000637
9594.750000017375
9210.97500001873
4504.225000004222
5392.8250000061635
5908.500000004872
6850.825000010434
9965.450000018722
3245.8249999986638
3665.574999999865
3691.1999999994805
5353.900000005562
4866.800000002416
4440.350000001715
4278.875000003704
6336.950000008473
4166.525000003302
3956.074999999657
5807.950000006176
7161.800000011144
3621.6499999984862
3595.400000000085
2458.3250000001663
6897.200000011491
5098.575000006392
5253.62500000504
5520.425000005084
3235.0250000027827
5574.625000004959
5411.1750000041575
2846.349999998507
2573.95000000022
6858.975000009372
6063.000000007099
5703.7000000065145
7636.325000012677
10456.400000020509
2450.9499999988666
3066.1999999983063
5653.950000007388
6051.600000005437
2342.949999998965
5237.775000004887
6029.900000004984
4687.025000003962
5350.350000007356
5262.4750000056065
7973.6500000114775
6054.275000006404
5080.400000006102
5359.925000007271
5502.625000005595
4543.750000001954
6221.350000009856
5915.4750000048425
5531.3500000056665
3397.7750000012525
3182.3249999986338
3251.5750000000116
5881.950000005101
4270.625000000322
4252.700000000791
4854.400000004764
2674.9499999987192
3051.84999999832
5685.500000007354
4188.425000004714
4582.400000005209
7784.425000011664
2951.2999999984117
6685.175000008362
4450.175000005551
6101.575000008102
7489.8750000120635
6832.775000009132
4527.050000001049
3063.799999998903
6005.72500000531
4357.875000002901
4649.4250000045995
7136.225000012644
5405.925000005642
4394.749999999681
3914.7499999988754
4990.5000000038135
7423.725000011689
6239.025000008969
7270.075000010296
5690.250000003169
3210.97499999969
6621.35000000843
6713.625000009087
4739.225000004695
7559.775000012747
7857.950000011208
3403.7999999995786
3891.6750000007532
3882.6500000006827
2708.1499999986327
7952.425000013001
5500.875000002481
4394.650000003915
2239.2499999990587
3853.8750000007267
2987.275000000176
6335.275000009265
6054.800000004496
2548.049999999062
3566.350000002193
5459.575000005717
4012.175000001667
2963.3249999984
4709.375000005192
2491.6999999989084
8986.900000017671
4197.5749999994505
2216.6499999990792
5530.625000006797
2844.0999999987857
3925.025000000948
3864.6749999986587
2966.549999998397
2334.824999998972
3207.9249999981776
5132.750000002754
8022.650000012982
5787.625000005306
6927.650000009449
5919.67500000728
2139.2499999991496
5164.975000006752
3950.6499999991406
3255.450000000392
3855.5500000012535
7912.275000012138
2815.4499999985346
2987.9749999996984
4545.975000002345
5396.475000002101
5727.725000006965
4600.675000001811
7974.225000014512
3184.2750000000515
8000.225000013346
2803.7499999985457
2084.8749999991996
5839.825000006788
2542.3999999998227
3675.4500000026374
5167.07500000566
4246.125000002415
4899.22500000311
5924.6500000076885
4270.575000000091
2503.2999999988187
2313.2749999989915
3936.049999999871
4241.9249999998665
4426.050000006
3034.1000000013896
2803.4999999985457
3738.4249999999456
3880.4250000012476
6417.27500000684
2682.975000000114
3562.749999998473
4777.97500000466
4020.6500000020596
5553.375000003599
2542.4249999987833
5754.200000007293
2532.1249999987926
6626.025000007401
5174.125000005204
6514.100000007931
3150.5249999992993
3227.0749999984682
3748.324999999257
10361.450000020164
4882.300000005117
5524.250000003995
3578.84999999839
6357.775000006968
8444.025000015039
4028.900000003302
5671.075000005019
5484.700000004486
2926.275000000781
8088.375000013303
8421.700000013107
4222.975000001402
5086.400000008158
3728.7000000007847
4653.600000002492
2352.0249999989564
4451.850000000523
2542.8999999987827
3936.600000000468
2437.074999998816
2562.6999999987647
3586.574999998291
7605.3000000101365
6656.450000006696
4520.250000001455
5447.700000004514
8768.225000016373
2325.174999998913
5008.8250000010285
4392.099999999793
3452.8999999987163
2771.5749999990403
3226.6749999981607
3549.6499999996136
5095.375000004967
2853.1999999985005
2393.1749999991935
2665.574999998671
4715.1000000053855
2431.0749999988843
5967.7250000069635
4110.375000000936
6668.725000006729
6702.175000008785
4132.7000000007265
2865.8749999999286
3027.774999999635
6262.800000006895
4515.80000000363
4480.975000005976
6479.375000006728
5672.15000000659
3211.249999999519
4483.750000004973
5146.875000006903
3232.249999998156
4397.0500000003985
3618.9999999992583
3636.0999999997293
4795.650000002013
3642.449999999669
5756.125000005255
5079.925000006588
3262.9749999990518
5372.675000004114
4224.750000001814
4302.700000000005
4315.025000003641
5175.075000005761
3688.3000000035663
2811.924999998538
3464.649999999811
5216.025000005713
4783.075000005279
3388.024999998719
8441.700000014054
1973.6499999993005
4051.625000000899
5092.525000006104
6116.200000006856
2647.724999999381
4905.750000003778
2443.124999998873
2662.6499999986736
3520.4499999978934
6109.850000007375
4682.800000003799
6565.950000007355
4050.2750000013775
5166.500000005604
6394.775000007947
3628.6749999991334
9379.450000016592
4458.475000003372
6482.175000006051
4271.05000000124
5263.725000006561
2555.4749999987716
3352.699999999014
2338.9749999998758
3652.7000000027506
2900.6249999984575
3473.4250000001566
3976.050000003994
6012.875000006232
5875.725000005254
4873.250000001524
4308.525000001375
5801.575000005704
3040.1749999997537
2216.2999999990275
5010.725000005787
5498.900000006202
4736.0250000027845
4256.625000003506
3413.549999999186
3139.199999999029
4775.975000006052
4656.50000000539
4707.050000001676
4502.875000006047
6353.275000008085
5771.400000006715
5419.400000006433
7368.425000013105
6367.825000008092
2403.7750000006895
4644.225000001485
4790.325000004662
3254.1749999983604
2214.1499999990815
6665.375000008512
6438.675000005893
3658.2249999990063
5630.450000005261
6913.900000008336
6477.150000007929
3962.124999999099
5779.4750000074055
2437.674999999551
4847.575000002886
2285.9499999990167
4236.750000000809
5421.000000004664
7412.27500001222
2842.5750000007583
4523.725000000264
4611.0250000060305
7491.325000010962
7823.775000013204
8235.725000014652
4061.50000000067
4849.87500000593
9131.450000015688
3826.5000000016785
3450.5749999981354
4178.424999999417
4406.3750000018335
6769.775000007096
2049.924999999231
6461.400000007077
6561.100000006338
5515.7750000041515
5682.950000005061
5598.275000005722
2446.3999999988705
2623.22499999871
4855.000000004667
5734.575000003471
8138.675000013126
6664.350000010961
2801.2499999994143
3032.8999999997586
2031.0749999992179
3095.5999999983314
3732.2999999981175
5768.0500000071825
5773.250000005615
5934.000000006218
6283.600000009479
4126.150000001068
4903.950000005244
5710.675000005254
4247.450000003532
4965.100000004301
6785.375000007154
3025.9249999990634
3420.0500000018114
5211.22500000614
4171.175000002297
3729.575000000119
1761.3499999994642
4399.725000003369
3352.2499999993042
3808.6750000007173
3107.5499999991007
7687.925000011237
3110.6250000001232
3460.9750000015324
4945.475000006572
2897.84999999846
6497.550000008359
1903.8249999993639
3452.424999999313
3356.6749999980425
2677.64999999866
5724.500000003869
3968.075000001152
5910.150000006175
6352.350000010136
5878.025000008591
6121.725000006474
3294.324999998459
2691.5249999986477
2530.474999998869
5173.975000006062
5611.425000008489
5535.1750000050615
3325.4249999985523
5072.650000000923
3093.8999999999987
7863.700000011077
4610.200000004111
4422.525000003363
2926.799999998404
7712.625000012837
3161.249999999184
7444.000000011407
3395.850000000412
4240.250000000777
6599.675000009514
3308.5249999985476
4471.7750000066835
5318.950000006607
2554.199999999175
3002.5749999999275
3541.4500000012963
3660.2749999987886
3098.0249999993266
5159.800000004092
2399.1499999989137
3999.9000000014385
3892.2500000010173
5880.07500000524
2094.074999999179
5138.15000000631
3866.375000002177
5286.525000006518
4188.8749999993
8225.775000014193
5041.6500000025535
4545.200000006484
2919.87499999844
3791.8999999998705
4524.750000006697
5429.175000006937
4123.950000000223
2941.125000000882
3381.6749999980198
3544.7749999980924
6043.225000007838
3831.7749999996454
5615.300000006652
4321.575000003768
4155.525000001819
2696.699999999226
6709.425000007426
7769.800000013303
3682.325000002376
2815.375000000659
7400.82500000983
5123.675000006538
4982.575000003398
6894.750000010158
5295.200000005628
3259.0499999991207
7773.70000001285
4873.675000005676
4829.100000006725
7202.950000011822
4250.1249999998745
3821.224999999657
6725.675000008208
3552.224999999838
3206.299999999106
5587.875000006171
2486.774999998965
2674.949999998663
3854.10000000089
4648.250000002433
2244.799999999054
8162.925000013256
4851.425000005923
4644.8750000024065
3077.774999999771
3788.475000001062
4833.475000003327
3810.2000000018206
3730.475000001163
4096.374999999534
2626.9249999987064
5212.525000007039
4083.525000000979
6411.525000005793
2613.4749999993264
5292.975000005946
3334.599999998817
2903.4500000000903
4002.9499999985105
6824.95000001093
2711.7499999986294
2196.949999999097
2485.474999998759
3254.5749999981354
5535.950000005979
8020.275000011647
3310.0249999984844
3022.0499999983467
3184.2000000002245
8161.375000014834
4755.725000002301
4074.850000003956
6911.950000008388
3081.1749999983467
3492.6500000009655
4926.125000005593
7693.200000010456
4352.500000002363
4922.350000002912
4075.600000001811
3885.399999999138
4638.725000006091
5053.575000006336
3571.2999999987333
2353.549999998955
2836.324999999005
8564.200000013625
2674.0249999998405
3512.6999999992936
5985.700000004244
4793.800000004687
5241.37500000642
4679.175000003132
3905.775000000626
4726.675000006835
3836.899999998737
3149.4749999992227
5331.750000005204
3033.0499999984763
4575.925000002184
2981.499999998384
2599.4749999991254
2954.524999999266
4112.175000002665
2538.474999998787
5074.975000006145
3112.149999999341
5717.500000005739
3348.249999999983
5938.225000006743
2830.6500000005167
3196.1749999995964
5087.550000002471
2245.3249999990417
5402.625000006076
4566.350000001772
4880.150000002259
6501.600000006174
4795.2500000058735
4726.600000001343
7131.875000011504
2682.124999998656
7198.225000011139
5036.825000002598
7136.525000009907
5488.52500000739
6137.700000008105
3777.049999999944
6902.8000000088905
5215.325000004532
3321.1750000014536
3040.624999998442
4016.5000000004825
5349.675000003766
3353.600000001144
3597.075000000445
5053.650000004077
8672.775000014593
7252.700000012772
2822.274999998529
6085.325000005776
9115.50000001563
5313.775000004903
5588.17500000775
10363.32500002017
3391.300000001221
5303.125000005732
3381.049999999687
4495.750000003667
2387.2999999989242
4985.000000001785
4197.499999998563
2307.099999998997
5669.625000005509
3216.600000000136
3032.8999999994458
7348.525000011579
4722.075000002408
6403.550000009433
3676.450000003123
6507.050000007919
5431.300000005989
3314.5750000011367
8367.525000012942
4952.350000004557
2565.724999998762
4755.15000000394
3906.5750000006037
2985.3999999985263
5107.500000004623
4201.875000000917
4945.425000004077
3895.6999999987147
3508.3749999987263
5157.225000006466
2027.149999999252
7214.450000011919
4933.0500000050715
1972.7249999993014
4011.750000002391
2857.124999999925
5854.975000006597
4396.500000001785
6160.200000006302
4321.275000000964
5810.500000006185
3500.0749999995423
2398.699999998914
4198.674999998764
5084.775000005029
3207.024999999283
3546.19999999947
5931.175000005815
7932.200000012316
4185.125000002105
4720.100000002505
7811.400000013809
6529.700000007633
3779.0249999985936
6126.550000005069
3196.174999998836
3819.7999999990707
5982.900000005233
7975.150000013397
2703.4749999986366
6506.425000010195
3299.2999999986405
3272.75000000173
3975.500000002165
6788.475000012049
5049.5250000056
3745.799999999813
2594.9999999987017
10413.675000020354
4154.600000002682
7389.3000000123575
4522.225000001432
6410.300000008288
7746.625000013069
2877.2500000001874
2361.199999998948
5616.27500000605
3328.5999999995083
3054.624999998975
4754.300000001355
3073.9249999986832
3489.5999999991664
5171.325000005378
3018.0249999983507
4722.500000005261
3307.3749999992374
5558.150000007312
3651.4000000006317
4505.550000001313
6656.375000009137
3567.775000001314
5934.77500000514
3849.9750000000004
4909.500000006705
4270.550000006628
8052.950000012548
7164.725000013806
5333.400000004322
2352.89999999893
4639.575000002363
6771.425000009425
3485.150000000555
5794.550000005116
6896.175000012006
5434.675000005502
3314.775000001791
8468.00000001365
3355.8749999983174
4376.400000004553
3518.549999999479
3795.649999997775
5495.750000004353
4992.750000005716
6343.9750000083695
5028.900000005222
2575.399999998753
6452.775000008283
2832.774999998519
6140.800000005727
2959.4749999984747
5685.125000005734
6341.85000000716
3829.2999999983113
3192.9999999983006
2463.074999998855
5349.050000005944
4557.500000005946
3259.6999999987293
6062.6750000078555
5668.375000008565
5283.775000006529
6342.500000008297
6648.825000008559
5539.075000008013
6791.150000010611
2820.4749999985306
3566.4250000018083
3139.1499999996836
3354.425000001502
4772.07500000376
6637.775000007646
2915.299999998444
7126.075000010926
6353.3500000081
8350.950000015451
2780.149999999103
7732.500000011536
4145.850000000892
6374.60000000716
3895.775000001407
4686.3750000045275
7939.9750000113545
5069.275000005022
4986.150000004681
5403.575000004987
5547.6000000062395
5890.300000006646
2574.474999998754
8773.250000014385
4674.000000005959
3690.5500000001266
7921.950000012323
4494.125000006075
2992.474999998911
6114.425000007817
5311.0500000062475
5004.450000003817
6740.750000008002
3777.8250000017833
5777.650000006415
2520.4499999988034
4343.650000004027
3534.3499999982805
6458.200000010946
3643.9250000042975
4384.525000000378
6044.075000007249
2563.2249999987644
2940.0749999984214
6355.625000008038
8905.55000001556
2529.199999998795
8018.675000011641
6723.275000006927
2676.924999998661
7332.42500001131
10352.925000020132
4487.775000006263
4707.625000006006
3662.499999999285
3789.774999999566
5115.475000003542
5630.900000005172
6164.675000008433
4643.375000002255
4829.4250000056945
2428.4749999988867
4005.2249999989526
1771.4749999994842
3861.7999999987655
2327.7749999989783
3891.5000000020973
5022.70000000218
5283.900000002875
4893.55000000683
7099.125000008807
2404.5249999988973
5603.200000008826
6291.500000006247
5100.450000004477
3347.000000000826
5426.325000005405
2709.799999998684
3393.9999999987467
4955.40000000479
2309.9749999989945
3437.2499999988463
3840.5250000028673
5964.150000005191
6977.800000009345
8671.525000015099
3493.8499999990654
4009.249999999096
5141.950000005632
8400.325000013028
4824.300000005685
5120.525000002939
4513.150000003018
7936.875000011343
3991.0500000036486
9831.450000020113
3678.3999999997113
5563.40000000454
4832.9500000055195
3552.650000002426
4399.075000001337
4509.200000004617
3833.525000002137
3121.2749999982566
2838.499999998514
4290.299999999863
5081.3000000045195
7981.450000013048
3545.9249999980875
6926.200000008113
3869.550000000654
2549.4499999988207
6761.775000008088
3005.2500000000064
6835.150000009948
5497.550000005736
3155.24999999978
5905.450000006068
4405.725000002578
4552.950000001909
4106.474999999247
3056.3500000006593
2728.0750000003854
4225.999999999771
4009.8000000007755
5187.02500000494
7917.375000013043
3336.7249999981946
6399.675000008816
7231.800000009322
3679.3250000010394
4163.77500000124
7765.600000013962
5938.350000004525
5368.725000002748
3615.325000001023
6236.100000008275
2601.3999999987295
5328.525000005665
4945.500000006356
4835.87500000463
7788.075000011868
3381.6500000000815
4687.2750000068445
6401.850000008277
4537.77500000369
2628.549999998705
6014.2500000081
5833.775000005984
3977.4749999995684
5577.675000004298
5667.275000006192
5065.300000002752
6202.350000007877
3031.3999999989883
6673.625000009368
7395.55000001376
3949.0250000001365
5744.350000005832
3313.6999999995855
5734.1500000064825
4341.975000005274
2546.999999998779
5764.5750000045655
2802.4499999985464
3711.524999999049
4529.975000003707
3972.8250000009657
4646.52500000353
6087.925000005853
4905.750000004155
5441.7500000047785
3995.1749999993
6928.925000012147
4783.425000004686
4939.100000001292
5748.525000007065
8382.200000013127
6440.825000007337
3820.8249999991303
3347.4499999998816
6097.550000005349
4208.325000002867
3794.4999999996
5806.700000005662
2597.2999999987333
6327.700000006155
3527.474999999787
3262.2999999994895
5444.4250000035645
4881.850000005069
4260.725000001712
4598.525000001096
3890.699999999935
5146.575000006627
7848.12500001102
6557.325000010289
3486.2250000011522
6374.525000007332
3511.2500000031464
5597.4750000028325
7411.5750000118405
6159.500000007589
6916.475000008442
7189.825000008837
3922.37499999923
3372.1999999980285
5325.950000005771
5848.575000007575
5527.575000007168
2540.399999998785
6047.050000004643
4683.325000002921
4247.125000003179
4182.0500000007705
6212.300000005069
6612.550000006788
5318.000000006334
5513.7250000074855
