5750.875000005369
7191.975000011331
4622.600000004892
2450.5749999988666
1650.8499999994083
8527.150000013491
1918.224999999351
4390.7500000046975
1916.5249999993525
1864.7749999993994
2304.3249999989994
8924.575000014936
3328.475000002336
4058.3250000022927
7474.300000012308
7195.550000010678
6624.550000009937
1806.274999999628
2749.474999999307
4402.375000000685
3294.1250000021128
2958.4499999991667
2083.2999999992007
6880.550000010453
2504.1749999995463
3524.9499999994596
5717.325000005752
2063.124999999219
3592.400000003078
4613.12500000071
6711.325000006884
3258.8249999981317
6091.5750000084645
4369.675000002515
6256.850000006103
2175.499999999117
9897.175000018475
3564.6250000008336
2549.8249999987765
4498.725000000998
4072.5750000054045
1560.1999999996765
7057.825000011659
8048.425000011791
3167.800000002918
5542.225000008196
3941.2750000041774
3558.9500000013086
2330.6499999989755
4643.950000004631
3579.375000002533
4559.275000005393
3511.100000000952
2696.849999998643
3881.7000000040916
3683.0999999990117
6130.225000005534
2739.3249999988625
2275.6749999990257
4604.550000001114
5469.175000007947
9051.57500001803
1594.1999999996456
1632.0499999995318
5655.075000009443
3176.000000000009
3615.525000002353
3718.8500000014965
1913.574999999355
4522.600000004964
4114.725000005765
2788.3250000012445
5370.250000004926
9081.800000015508
8624.200000016752
3846.625000003539
4760.925000004929
4907.875000004409
6310.3500000096765
9183.800000015879
2743.574999998673
3072.2999999991234
3191.0499999994627
4782.625000004663
4054.175000001647
3754.95000000095
3699.0750000027406
5727.350000006748
3602.750000003229
3282.799999998879
5113.575000004175
6475.500000011029
2857.3499999984965
2931.124999999447
1948.27499999973
6270.525000010244
4503.0250000054175
4615.400000003428
4879.17500000441
2813.800000002331
4930.050000004588
4657.650000004611
2280.9249999990207
2083.4999999998013
6126.025000006914
5509.075000005696
5051.500000005244
6914.450000011737
9780.52500001805
1824.5249999994207
2483.4499999988366
5083.475000006678
5281.600000005292
1844.8499999994176
4552.850000005023
5095.425000004216
4131.300000004296
4797.550000006047
4725.100000004894
7334.300000009151
5351.025000006316
4595.775000005518
4792.300000005794
4817.075000004694
3887.300000001279
5655.82500000839
5191.825000004534
4820.475000005232
2882.32500000101
2533.399999998979
2769.000000000211
5103.875000005086
3371.8999999993243
3618.5749999999043
4078.825000005146
2154.7499999990955
2419.599999998895
5105.825000005938
3644.1000000041995
4046.275000004961
6968.675000008907
2444.3999999988723
6114.500000007326
3916.125000005592
5554.575000007643
6651.0500000113225
6163.600000008132
3658.124999999159
2429.874999998886
5330.525000005271
3812.725000002163
4117.375000003605
6521.300000011436
4794.350000004106
3699.02499999967
3207.599999998199
4151.375000004366
6781.350000011171
5533.525000007261
6685.250000009456
4858.725000001363
2520.4249999990243
6026.750000006943
5997.025000007279
4174.900000005041
7043.825000011445
6993.025000010582
2795.949999999193
3288.3750000000155
3051.5749999999807
2223.574999999073
7126.950000011174
4793.800000000313
3851.0000000026107
1748.2999999995054
3217.8500000003187
2370.0999999995283
5783.525000008565
5393.250000003945
2026.2999999992494
3070.9500000016205
4900.125000004772
3320.750000001252
2245.2499999990537
4183.9750000053
2022.5249999991493
8239.825000015186
3351.9249999999624
1677.3749999995698
4972.425000005981
2333.574999998973
3219.3499999996893
3065.8999999991884
2409.874999998904
1798.99999999943
2584.499999998745
4378.300000002673
7303.625000010805
5202.100000004192
6118.150000009302
5260.825000005458
1680.549999999556
4658.975000005497
3227.6499999981597
2627.924999999722
3209.82500000137
7243.000000010639
2261.3499999990386
2463.074999999395
3803.5500000006036
4706.250000000762
4991.1500000054875
3878.7500000014466
7398.600000012682
2605.524999999822
7422.825000012059
2260.774999999039
1566.6999999996624
5284.150000005824
2054.124999999273
3186.2750000016067
4569.125000005349
3466.350000001681
4303.625000002709
5204.550000005796
3510.8750000004115
1928.0749999993418
1788.5749999994687
3249.274999998322
3597.124999999784
3975.575000005742
2506.200000000807
2205.7749999990892
3039.824999998714
3356.62500000058
5585.825000004943
2167.524999999612
2924.59999999882
4110.2750000051
3500.1500000015017
4922.475000001497
1959.0999999993137
5082.800000006013
1880.649999999385
5818.200000005551
4620.775000004377
5975.325000006389
2648.8249999990708
2569.0499999987587
3282.924999998629
9138.000000015847
4351.700000005146
4857.425000004434
2944.899999998417
5562.400000006329
7841.325000013307
3523.3000000026495
5123.62500000499
4888.67500000334
2424.750000000247
7478.100000011596
7725.425000011782
3521.7749999999996
4631.250000006923
3217.100000000857
4066.375000002629
1865.2999999993945
3788.1999999992727
1971.5499999993021
3223.8999999997327
1963.6249999992087
2005.7749999992714
2886.299999998716
6961.050000007814
5993.350000005501
3927.7500000005407
4795.475000002767
7987.35000001425
1823.049999999319
4277.0749999993905
3591.4999999992
2646.5999999986884
2197.8999999990965
2709.749999998631
2925.1999999988193
4390.600000003287
2175.049999999117
1923.574999999294
2157.824999999133
4068.6000000053946
1955.4749999992919
5370.000000006166
3538.6000000002105
5957.525000004403
6069.500000007109
3451.0750000004077
2367.37499999969
2512.7749999990842
5614.825000005254
4009.850000002355
4025.2750000057554
5782.1250000062555
4918.575000005497
2642.1749999988033
3877.3000000053444
4622.650000005637
2604.9999999987263
3710.1000000008635
2899.024999999758
2928.399999999095
4102.675000001074
3013.824999999369
5218.95000000378
4452.300000006018
2529.6999999987947
4754.575000004511
3619.825000001097
3594.549999998883
3738.35000000364
4571.600000005508
3196.000000003245
2274.299999999027
2915.524999999533
4638.0750000049
4275.65000000529
2750.349999999081
7645.000000012027
1511.249999999721
3535.3250000007306
4577.150000005515
5488.425000005154
2171.574999999209
4212.325000002535
1921.574999999305
2085.9249999991985
2936.4999999984248
5344.875000005494
4086.0250000031137
5818.025000006187
3472.55000000067
4565.7000000053995
5703.9750000056465
2939.8499999988044
8584.300000014222
3898.9500000026783
5901.375000004664
3595.7250000006206
4738.000000005518
2016.124999999262
2792.5999999985556
1917.7999999994825
3118.1750000027987
2247.874999999051
2745.674999999458
3448.0250000034894
5410.25000000517
5191.0500000034535
4183.24999999984
3535.350000000169
5053.475000004544
2474.6499999991756
1756.0499999994097
4417.825000005452
4860.525000005369
4005.00000000197
3641.8750000031714
2809.3749999985403
2535.14999999879
4172.325000005792
4098.825000005383
4094.6250000001282
3990.550000005811
5567.525000005901
5165.475000005159
4795.025000005761
6781.350000011069
5602.100000006764
2008.2500000002265
4041.8499999999476
4230.775000005001
2750.049999998594
1708.2499999995275
5904.250000007014
5509.775000003645
3097.099999998321
4880.775000004408
6334.500000007615
5736.250000005495
3224.8499999981623
5023.350000005153
1923.0499999993244
4142.125000002636
1797.2999999994609
3519.8750000001305
4705.500000004568
6675.625000011505
2409.075000000522
3939.8499999991895
4112.825000005727
6665.525000008152
7223.575000011446
7490.17500001243
3473.7500000002474
4279.675000004565
8384.27500001297
3094.3000000020775
2749.049999998595
3348.59999999805
3719.1000000014883
5692.750000004382
1506.0499999997257
5797.075000004912
5686.825000004581
4879.075000002055
4971.950000004948
4814.125000005319
1831.5999999994297
2153.4749999991373
4290.4500000049575
5122.125000002903
7369.950000010815
6043.675000010167
2291.674999999159
2497.999999999242
1584.049999999586
2490.3249999988307
3225.849999998264
5090.900000006385
5089.800000005413
5262.575000005755
5556.350000007686
3252.7000000005633
4126.525000005462
4992.250000004628
3658.2500000029595
4431.350000003169
6047.575000005307
2466.4499999990767
2870.8250000012195
4652.075000005681
3628.825000002285
3182.149999999022
1308.8499999998317
3815.450000003113
2655.124999999757
3122.0000000000523
2584.5999999990936
6816.475000009227
2592.7999999996305
2961.8750000012915
4368.800000005986
2278.649999999023
5853.275000006182
1407.0249999997923
2853.2749999994
2766.1749999985796
2183.5749999991094
5078.275000002552
3482.499999999934
5140.250000005002
5791.175000009664
5310.000000007469
5582.625000005208
2468.82499999885
2024.9999999992538
2038.8499999992036
4584.500000005456
5117.500000007286
4813.425000004752
2738.274999998605
4500.625000000836
2553.000000000005
7122.775000009087
4015.275000002675
3734.000000003754
2366.7999999988697
7072.775000011585
2570.999999998757
6786.0250000110955
2735.850000000466
3585.8249999988966
5672.725000008253
2642.574999998692
4009.0250000061033
4666.600000005781
2042.0499999992383
2491.324999999278
2832.6000000003346
3069.399999998304
2564.299999998756
4346.275000004252
1834.0499999994272
3282.8500000010044
3334.7499999999604
5034.250000004577
1648.8249999995317
4579.9000000057895
3346.525000002189
4582.050000005557
3380.4249999980207
7528.550000012625
4356.000000000627
4094.32500000592
2333.9749999989726
3060.499999998613
4005.025000006048
4841.300000005478
3555.4749999995447
2434.2000000005623
2673.5749999986638
2765.99999999858
5392.300000006085
3190.5749999993695
5155.150000005777
3651.325000003042
3554.350000000711
2186.8749999990514
5967.625000005366
6954.3750000118325
3155.400000002188
2268.799999999953
6801.325000008603
4617.075000005591
4247.325000003864
6287.625000008633
4588.300000004785
2587.1749999992962
6950.25000001162
4159.725000005439
4237.3750000061655
6629.500000009895
3490.924999998034
3119.549999998826
6151.100000006715
3000.1249999995784
2673.0249999991647
4794.150000005389
1996.9999999992792
2133.749999999155
3221.250000000289
4070.0500000010547
1774.3499999994817
7430.47500001107
4304.7750000056585
3979.2500000015743
2547.974999999857
3233.3500000004988
4294.1000000020085
3266.7750000019296
3222.000000000385
3452.6999999986688
2099.524999999186
4702.625000006106
3477.3750000003092
5771.575000003466
2183.5749999992936
4589.625000005524
2689.5999999986493
2313.299999999557
3437.0999999981254
6290.50000001021
2142.6999999991467
1680.574999999567
1916.2999999992335
2712.074999998629
4823.05000000481
7264.02500000967
2650.2499999986853
2318.2749999989874
2639.5749999991585
7495.500000012995
4211.750000002478
3533.725000003242
6255.100000008264
2522.574999998801
2953.0750000002654
4418.075000005347
7002.750000008273
3665.875000001646
4403.625000002632
3380.6000000009767
3156.074999999319
4084.575000005816
4550.52500000504
2873.2249999987475
1868.8249999993764
2286.3499999990163
7733.450000012204
2191.0749999993127
3018.674999998425
5119.3250000026965
4188.375000005068
4638.70000000582
4019.425000001361
3354.299999999946
4139.8500000062195
3121.9499999982563
2502.2499999989313
4648.80000000485
2574.4999999987112
3850.325000001387
2460.5499999988574
2120.7749999991665
2448.1249999988686
3602.0000000022264
1931.399999999339
4556.975000005195
2459.0999999988435
5035.825000004785
2753.0749999996274
5345.225000005265
2348.1500000000087
2674.54999999959
4386.375000001186
1766.8249999993977
4805.850000004629
3798.1500000019637
4109.075000001782
5757.35000000378
4270.225000005651
3945.5000000003006
6633.97500001118
2014.7499999992629
6614.4750000109225
4428.8250000005355
6531.525000007903
4853.975000006112
5547.475000006933
3042.6749999989474
6318.525000007974
4539.100000004627
2766.5750000009525
2460.4999999988577
3319.3000000005422
4669.7250000026115
2778.150000000544
3056.074999999437
4527.875000003826
7953.700000012154
6722.27500001165
2266.9749999990336
5261.350000004715
8381.97500001296
4664.725000004892
4996.750000006639
9607.57500001742
2919.9250000010093
4683.4500000049575
2701.2749999989787
4007.3750000025493
1867.0749999993973
4098.450000001736
3489.1249999979646
1726.5999999995252
4934.2000000047165
2545.3250000005346
2531.524999998793
6735.300000011166
3860.65000000298
5745.775000008558
3129.5750000025946
5986.775000006723
4845.800000005458
2755.8250000005937
7646.92500001125
4333.100000004934
1955.7999999992976
4248.400000003487
3354.4999999999222
2418.8249999988957
4416.225000002942
3691.6499999996513
4278.275000003098
3214.3249999986397
2900.924999998457
4568.300000005869
1518.4249999996864
6548.375000011376
4182.8750000053105
1474.4499999997315
3517.1000000011195
2343.2999999992917
5096.050000005544
3767.2500000015084
5586.025000006057
3668.649999999772
4921.400000004866
2888.8249999988275
1837.799999999424
3280.1999999981117
4424.225000005095
2711.299999999257
2941.149999998816
5200.900000003331
7163.775000009751
3608.9500000007656
3955.4000000015003
7141.27500001212
5775.4000000055785
3105.824999998271
5286.150000003057
2592.149999999205
3129.199999999501
5320.97500000444
7294.37500001186
2145.624999999144
5989.800000009129
2695.5749999989816
2706.550000001187
3435.850000001935
6208.000000010616
4378.750000004184
3155.274999999232
2032.0499999991744
9594.975000017375
3452.350000001982
6702.250000011534
3812.5250000013575
5748.075000006977
7056.325000011676
2318.049999999629
1875.07499999939
4879.050000005505
2770.5749999985755
2503.5249999988187
4024.5999999999353
2468.5999999988503
2868.74999999913
4532.050000004678
2285.224999999017
4183.000000005312
2758.8499999985866
4923.150000005682
3123.3249999995596
3795.850000000341
6008.625000007518
3010.4000000004203
5259.0750000042
3166.049999999349
4357.225000006042
3825.600000006065
7362.825000011127
6628.700000012494
4726.275000004544
1868.3749999993165
4142.300000001373
6107.100000007643
2962.275000000255
5021.225000004643
6329.1000000109725
4746.875000003603
2838.2250000015506
7795.5750000126045
2806.2999999985946
3745.325000004942
3041.89999999877
3017.374999998351
4705.575000001837
4513.375000005108
5667.575000006968
4382.925000005151
1982.5749999992922
5805.8000000067395
2152.749999999138
5418.000000004732
2264.8999999990356
5023.650000004509
5568.050000006007
3152.8249999984446
2611.024999998721
1894.1249999993727
4757.550000004812
4070.6000000057347
2652.7749999986827
5430.350000006671
5071.725000007447
4577.025000005584
5653.050000006504
6055.325000006893
4854.200000006326
6115.375000009448
2336.74999999897
3010.6250000011432
2495.524999999449
2837.225000001271
4241.600000004007
5815.5500000066895
2259.0749999990408
6398.825000009974
5652.500000007015
7640.975000013529
2182.6999999991103
6970.575000009319
3483.875000000304
5675.950000006107
3350.0250000008355
4045.8000000028755
7176.7500000085765
4487.100000004306
4320.300000003831
4611.025000004721
4910.575000005519
5385.4500000065755
1945.2999999992762
7842.725000011001
4131.825000005653
2946.224999998806
7271.050000010437
3986.825000005783
2396.6499999989155
5408.975000005756
4750.000000005612
4361.000000003789
5945.350000005648
3245.5250000021024
5167.800000004911
1948.4999999993233
3878.3250000028715
2796.4249999985523
5846.550000009428
3154.00000000371
3745.6249999999277
5262.425000005533
2036.7249999992432
2178.774999999114
5593.075000005945
8264.050000013425
1910.7749999993575
7349.575000009207
6047.7000000051175
2077.8749999992056
6619.175000009566
9544.775000017195
3948.8250000058933
4163.2000000057305
3057.6999999986847
3225.2499999986717
4436.725000002615
4815.350000003072
5482.650000007898
3795.1750000020056
4361.800000005496
1878.3999999993712
3293.374999998252
1303.3749999998886
3284.3499999982882
1802.8999999994558
3218.0500000013544
4339.000000000522
4487.950000001141
4286.625000006128
6315.875000007483
1934.7749999992488
5191.550000007975
5635.350000005203
4282.150000004968
2731.275000000426
4953.575000004519
2092.824999999176
2770.8249999985755
4365.2750000039905
1729.874999999522
2774.924999998944
3312.5250000028245
5266.75000000403
6459.325000009219
7979.100000013563
2935.074999999389
3497.4249999987123
4575.325000005333
7731.750000011732
4304.400000005454
4301.4250000005195
3901.0000000015657
7202.550000008947
3476.0750000031417
9202.800000017967
3045.324999999404
4900.425000002299
4317.800000004909
2932.700000001782
3736.3250000008184
3926.950000004573
3258.20000000152
2581.6249999987476
2174.349999999118
3629.4249999988956
4405.225000002741
7254.025000010932
2694.099999998645
6147.000000005872
3218.099999999128
1975.6749999992985
5835.325000006619
2505.549999999992
6345.325000008801
4797.250000005162
2580.749999999242
5220.750000005937
3828.350000002578
3748.225000000224
3379.049999998359
2491.2750000004658
2275.7250000001413
3420.3249999987183
3414.3750000003774
4684.275000003234
7243.050000011501
2631.599999998702
5657.375000007863
6444.95000000708
3131.7750000013325
3563.3000000005422
7184.500000011998
5243.200000004439
4545.800000002632
2994.6750000004517
5541.450000006437
2067.8499999992146
4686.325000005376
4425.550000005796
4245.05000000498
7070.850000009872
2749.100000000067
4099.000000006321
5730.900000006837
4001.82500000282
2006.8749999992701
5310.825000007493
5213.85000000526
3316.9749999987775
4796.300000004481
5093.4750000053955
4420.9750000017875
5633.575000006002
2467.799999998851
6000.225000008507
6787.550000012057
3288.2249999991777
4987.150000004635
2795.5749999990694
5169.87500000575
3793.000000004701
1958.3499999993144
5060.475000004295
2145.2999999991443
3086.3999999994253
4041.025000002347
3447.475000000186
3886.150000002625
5459.575000003743
4240.275000003477
4813.575000003564
3244.0749999985433
6319.250000011023
4161.25000000507
4146.17500000029
5100.825000005856
7660.050000011137
5523.800000004889
3194.824999999162
2759.124999999936
5432.62500000493
3641.5500000018696
3173.0499999988488
5063.35000000471
2022.9499999992559
5559.875000005062
2851.050000000201
2713.7249999992023
4851.450000003079
4340.500000005134
3570.3000000000566
3912.7250000007443
3325.174999999068
4542.8250000059925
7106.675000008323
5833.875000009288
2963.0750000006337
5662.175000005211
2961.7750000025085
4767.050000000399
6549.10000001011
5493.600000005741
6107.675000006639
6511.350000006842
3170.7749999995904
2575.924999998753
4701.275000004841
5258.2250000067
4976.075000005747
2044.0749999991936
5161.625000004491
4165.9000000027645
3634.475000003538
3548.7000000002076
5477.775000003171
5754.02500000438
4816.200000005669
4947.700000006814
