12013.500000026173
11363.300000023808
11264.300000023448
3747.1999999976874
2919.59999999844
11388.300000023899
3106.2999999982703
10899.30000002212
3224.6999999981626
2955.3999999984076
3362.1999999980376
11384.400000023885
7874.100000011114
8426.100000013123
11450.400000024125
11892.100000025732
11435.30000002407
4628.799999999308
5054.200000000856
6424.600000005841
7997.200000011562
4807.199999999957
4156.799999997591
11268.700000023464
5109.700000001058
5656.400000003046
11312.300000023622
2507.6999999988147
9021.300000015288
7035.500000008064
11272.300000023477
4097.499999997375
12377.800000027499
8870.400000014739
9341.600000016453
3433.299999997973
12542.400000028098
6735.100000006971
3627.3999999977964
6837.100000007342
11275.100000023487
2249.09999999905
11771.300000025292
12608.500000028338
8600.500000013757
10929.100000022228
9990.100000018812
7185.100000008608
4060.3999999974026
10974.100000022392
8240.100000012446
11847.50000002557
6334.100000005512
3740.4999999976935
10113.600000019262
4924.200000000383
11666.30000002491
4523.199999998924
3626.499999997797
6268.3000000052725
11877.400000025678
12390.500000027545
2515.3999999988077
2619.1999999987133
12347.70000002739
5954.600000004131
8257.100000012508
7460.100000009608
3441.799999997965
11269.300000023466
11747.400000025205
6823.400000007292
11801.400000025402
12134.400000026613
12345.900000027383
9755.70000001796
11295.30000002356
10984.100000022429
11331.300000023692
12589.500000028269
4352.3999999983025
5209.800000001422
4958.400000000507
11260.300000023433
8298.600000012659
7142.300000008452
8940.400000014994
11805.200000025416
9047.100000015382
5238.700000001527
10601.400000021036
11363.300000023808
3863.3999999975817
5368.700000002
4745.499999999733
11417.200000024004
11741.300000025183
8695.200000014102
10945.100000022287
7736.400000010613
11235.300000023342
10950.100000022305
3128.1999999982504
4895.500000000278
12571.600000028204
11800.600000025399
11341.300000023728
12607.600000028335
12432.800000027699
2614.3999999987177
3728.1999999977047
11834.10000002552
11409.300000023975
3211.8999999981743
11358.30000002379
10939.100000022265
10225.100000019667
11769.600000025286
11382.300000023877
11745.300000025198
10932.10000002224
12040.600000026272
11762.60000002526
10957.10000002233
7134.400000008423
12299.800000027215
11498.100000024298
11919.30000002583
6544.300000006277
4285.199999998058
5592.1000000028125
10957.10000002233
5789.700000003531
6391.700000005721
10974.100000022392
3735.399999997698
3457.199999997951
11771.400000025293
10075.300000019122
10941.500000022274
11609.300000024703
3528.1999999978866
10456.300000020508
11341.100000023727
11681.600000024966
11929.100000025866
12374.300000027486
5342.100000001903
3962.7999999974913
10927.100000022221
6775.100000007116
9935.300000018613
11702.200000025041
10462.20000002053
5860.1000000037875
4431.699999998591
10308.10000001997
11838.400000025536
10244.500000019738
12310.700000027255
6475.400000006026
4704.299999999583
12264.400000027086
12508.400000027974
10932.10000002224
12060.700000026345
11461.100000024164
4984.400000000602
6169.700000004914
6066.300000004538
3102.399999998274
11552.500000024496
5845.100000003733
7150.400000008482
2999.5999999983674
6025.100000004388
4996.800000000647
11771.400000025293
10945.100000022287
3779.8999999976577
7391.300000009358
11332.100000023695
7192.400000008634
2718.1999999986233
11273.10000002348
3998.399999997459
11946.40000002593
5823.100000003653
2296.199999999007
11311.300000023619
3776.9999999976603
5742.300000003359
4888.200000000252
3241.1999999981476
3066.7999999983062
3090.6999999982845
6812.100000007251
10950.100000022305
10480.300000020596
10956.100000022327
11757.500000025242
3233.199999998155
10365.600000020178
4162.9999999976135
5381.400000002046
7035.300000008063
10947.100000022294
3036.199999998334
4901.6000000003005
7012.60000000798
6133.100000004781
11367.300000023823
7564.100000009987
12262.400000027079
5332.500000001868
11331.300000023692
3807.3999999976327
2501.5999999988203
11715.200000025088
4464.599999998711
7619.300000010187
11785.400000025344
7807.500000010872
9229.600000016046
12650.800000028492
6342.100000005541
2904.499999998454
3084.69999999829
4791.4999999999
5976.1000000042095
11630.30000002478
6175.600000004935
3633.199999997791
4614.499999999256
5830.7000000036805
11971.40000002602
4833.7000000000535
4444.1999999986365
10935.10000002225
7600.400000010119
6445.300000005916
3395.699999998007
12482.50000002788
2291.899999999011
10950.100000022305
11043.600000022645
11686.600000024984
4710.599999999606
3666.7999999977606
4895.700000000279
12729.500000028778
11294.300000023557
10933.100000022243
3737.4999999976962
12043.400000026282
11838.300000025536
8717.500000014183
10927.100000022221
9268.400000016187
5630.700000002953
12304.300000027231
11891.50000002573
5790.200000003533
11577.300000024587
6590.300000006444
8799.30000001448
3353.5999999980454
5678.300000003126
2513.6999999988093
5956.700000004139
3161.8999999982198
3348.69999999805
4363.199999998342
11860.200000025616
11769.600000025286
6620.100000006552
7527.100000009852
11982.800000026062
2925.199999998435
5543.100000002634
5364.100000001983
3897.7999999975505
3900.8999999975476
3734.1999999976993
4881.900000000229
7932.100000011325
2812.199999998538
3840.4999999976026
3000.199999998367
11297.300000023568
3505.1999999979075
11774.600000025304
6603.1000000064905
9121.400000015652
12371.400000027475
6565.200000006353
4948.700000000472
4719.499999999638
12467.300000027824
7071.500000008195
11664.500000024904
11325.100000023669
10944.100000022283
4627.899999999305
10984.100000022429
11695.600000025017
3356.399999998043
6870.100000007462
5253.100000001579
5113.8000000010725
7717.300000010544
5277.500000001668
8633.700000013878
12391.500000027549
4052.39999999741
10936.100000022254
7452.30000000958
5390.80000000208
9478.30000001695
11900.200000025761
8861.300000014706
3079.4999999982947
5079.100000000946
10942.100000022276
11350.30000002376
4548.199999999015
12731.300000028785
2179.4999999991132
5597.100000002831
11643.300000024827
12314.600000027269
4392.399999998448
7445.300000009554
2740.399999998603
3260.59999999813
3572.1999999978466
12810.400000029073
9442.60000001682
11408.300000023972
6985.300000007881
11793.100000025372
11384.400000023885
4754.599999999766
11451.400000024129
7806.300000010868
10998.10000002248
6807.300000007233
12129.300000026595
3585.3999999978346
4248.799999997926
4460.899999998697
8297.100000012653
3494.2999999979174
5352.30000000194
9287.100000016255
12312.700000027262
8496.000000013377
6311.200000005429
6483.300000006055
11349.100000023756
4815.399999999987
2799.3999999985494
11733.300000025154
11413.40000002399
8596.400000013742
9095.400000015557
4258.399999997961
4327.699999998213
11833.200000025518
11339.10000002372
6306.10000000541
11659.200000024885
11992.500000026097
10679.700000021321
12437.100000027714
11886.700000025712
11842.20000002555
5258.8000000016
5590.700000002807
10926.100000022218
3933.299999997518
3184.699999998199
11400.300000023943
7972.100000011471
4515.499999998896
11408.200000023971
10363.30000002017
9017.600000015274
4222.699999997831
11795.60000002538
4155.399999997586
8953.30000001504
3028.399999998341
6311.200000005429
11002.100000022494
11899.300000025758
5916.400000003992
5462.400000002341
11697.500000025024
12111.800000026531
12325.600000027309
12687.400000028625
6282.300000005323
8837.50000001462
12536.300000028075
7448.100000009565
3738.4999999976953
4572.699999999104
7728.200000010584
9163.300000015804
2102.3999999991834
11365.300000023815
12096.400000026475
8461.600000013252
10974.100000022392
12007.30000002615
2995.1999999983714
3451.1999999979566
10957.10000002233
9115.10000001563
11776.20000002531
11895.300000025743
4491.79999999881
4807.499999999958
2911.2999999984477
3434.5999999979717
4210.199999997785
11942.800000025916
8882.100000014781
8434.100000013152
11961.300000025984
6654.300000006677
11417.100000024004
11429.200000024048
8994.800000015191
8759.700000014336
11361.400000023801
4423.19999999856
6882.600000007507
10962.100000022348
8052.100000011762
5124.700000001112
1988.499999999287
9183.700000015879
5050.100000000841
6115.700000004717
4619.399999999274
11431.300000024055
5156.600000001228
6857.300000007415
12249.500000027032
3366.3999999980338
9442.100000016819
1846.499999999416
5046.400000000827
3449.3999999979583
3094.599999998281
7122.100000008379
5457.900000002324
10947.100000022294
11793.600000025373
12211.600000026894
12229.90000002696
3710.299999997721
3249.1999999981404
3802.699999997637
11862.100000025623
12189.600000026814
11312.300000023622
3862.6999999975824
7480.100000009681
5319.30000000182
11356.300000023783
7848.400000011021
9457.100000016873
3456.5999999979517
12307.200000027242
4245.399999997913
11727.500000025133
5911.200000003973
5071.2000000009175
10936.100000022254
3683.3999999977455
11974.600000026032
12424.200000027668
3917.6999999975324
4866.900000000174
6344.400000005549
4151.699999997572
4429.999999998585
10585.300000020978
3251.699999998138
6961.700000007795
5954.500000004131
10655.100000021232
3318.5999999980772
12243.40000002701
7906.3000000112315
11964.400000025995
4242.199999997902
11336.30000002371
5825.00000000366
11982.50000002606
3371.699999998029
4850.400000000114
12183.700000026793
11868.300000025645
5395.700000002098
5865.100000003806
3733.3999999977
3711.19999999772
11779.600000025323
5402.500000002123
12041.600000026276
9133.600000015696
6971.30000000783
4204.599999997765
10936.100000022254
12466.20000002782
7782.10000001078
5362.400000001977
12350.7000000274
12107.700000026516
9972.100000018747
11772.300000025296
10935.10000002225
4733.199999999688
12556.400000028148
11468.40000002419
12331.40000002733
11851.600000025584
4599.699999999202
4996.600000000646
10119.400000019283
5395.600000002098
4559.199999999055
12103.600000026501
3683.5999999977453
3412.499999997992
6224.300000005112
6008.700000004328
2671.8999999986654
11738.100000025172
11792.60000002537
7504.200000009769
5246.3000000015545
6372.10000000565
7081.1000000082295
7581.300000010049
5715.300000003261
5127.200000001121
3433.399999997973
11277.300000023495
6551.400000006302
7112.400000008343
4481.399999998772
11986.400000026075
4053.6999999974087
4949.7000000004755
4292.1999999980835
11697.300000025023
3450.1999999979575
2688.4999999986503
2976.3999999983885
3392.69999999801
11413.40000002399
12685.600000028619
3948.3999999975044
3533.199999997882
4819.600000000002
12499.800000027943
8723.100000014203
9270.500000016194
11357.300000023786
3895.199999997553
6088.700000004619
11574.300000024576
11849.400000025576
7971.600000011469
9192.10000001591
6420.500000005826
5192.400000001358
11766.100000025273
7969.500000011461
4495.399999998823
3351.599999998047
4073.199999997391
11322.300000023659
4632.899999999323
4459.799999998693
6813.400000007256
10953.100000022316
12340.700000027364
7724.200000010569
6153.700000004856
12281.500000027148
4344.399999998273
4457.299999998684
11305.300000023597
3950.3999999975026
7947.600000011382
3399.7999999980034
3890.399999997557
4330.799999998224
6884.100000007513
2638.299999998696
11697.300000025023
4302.699999998122
10950.100000022305
5219.700000001458
11862.400000025624
5328.500000001854
4974.100000000564
7739.100000010623
3488.7999999979224
10043.300000019006
8098.30000001193
7996.100000011558
11058.100000022698
11758.400000025245
6194.100000005003
11610.600000024708
3040.59999999833
11396.300000023928
6273.10000000529
12307.400000027243
11391.30000002391
9261.300000016161
5264.000000001619
9683.100000017695
10993.100000022461
6516.5000000061755
4068.1999999973955
6437.400000005888
9512.100000017073
6192.7000000049975
5287.300000001704
10141.100000019362
11774.200000025303
12222.800000026935
3421.299999997984
10946.10000002229
11332.300000023695
11381.300000023874
11642.600000024824
12042.80000002628
6563.500000006346
11431.400000024056
4846.4000000001
7246.10000000883
3039.599999998331
6523.1000000061995
4434.799999998602
2428.499999998887
11497.100000024295
5690.100000003169
4249.399999997928
11740.40000002518
8893.100000014821
12401.500000027585
8265.700000012539
12010.400000026162
10943.10000002228
6214.400000005076
11282.300000023513
10952.100000022312
2921.3999999984385
9726.100000017852
5254.400000001584
3957.3999999974963
9338.300000016441
5520.500000002552
7267.400000008907
4517.199999998902
4241.499999997899
12318.600000027283
2372.299999998938
11854.600000025595
11313.300000023626
2020.0999999992582
6498.40000000611
4808.6999999999625
12580.400000028236
7759.400000010697
11357.300000023786
6009.10000000433
11691.200000025001
4866.800000000174
2576.499999998752
4472.59999999874
11316.300000023637
4876.400000000209
4831.400000000045
8332.200000012781
11918.700000025829
6727.600000006943
8085.300000011883
12520.400000028018
11795.40000002538
4178.299999997669
7969.10000001146
4529.199999998946
5249.100000001565
10932.10000002224
11383.10000002388
3152.899999998228
12052.600000026316
4415.199999998531
6690.200000006807
7821.400000010923
11776.40000002531
7683.20000001042
5353.900000001946
3535.39999999788
12460.6000000278
8092.200000011908
11879.100000025684
7406.100000009412
11303.30000002359
12525.700000028037
5052.70000000085
2657.3999999986786
10981.100000022418
4273.399999998015
4068.899999997395
6588.600000006438
3891.499999997556
4866.300000000172
11274.900000023486
3093.499999998282
11295.30000002356
4353.399999998306
12512.400000027988
5240.400000001533
5572.700000002742
12337.10000002735
6130.3000000047705
10926.100000022218
5506.500000002501
12312.600000027262
11999.600000026123
12467.600000027825
12269.400000027104
10919.100000022192
3157.5999999982237
6153.800000004856
12515.400000028
6073.300000004563
11424.30000002403
11650.700000024854
9104.20000001559
7008.300000007965
11331.300000023692
4149.199999997563
10507.100000020693
4943.500000000453
3944.1999999975083
7597.6000000101085
11102.300000022859
9614.100000017444
11336.30000002371
2451.199999998866
11960.40000002598
2942.1999999984196
11948.500000025937
3426.699999997979
11262.30000002344
10942.100000022276
4317.1999999981745
3581.399999997838
2682.4999999986558
11350.30000002376
11636.600000024802
4141.2999999975345
12413.300000027628
11376.100000023855
12008.300000026155
12439.600000027724
11785.200000025343
12665.400000028545
12496.000000027929
3359.39999999804
6916.40000000763
4856.300000000136
6743.300000007001
10093.100000019187
11335.300000023706
3348.29999999805
10943.10000002228
12475.900000027856
11872.60000002566
3947.699999997505
11415.300000023997
6572.500000006379
11395.100000023924
6886.600000007522
6930.900000007683
12575.400000028218
10864.300000021993
10417.500000020367
10988.100000022443
12317.60000002728
9873.100000018387
2946.8999999984153
11430.300000024052
11743.500000025191
4657.4999999994125
12402.000000027587
11709.400000025067
3964.39999999749
11690.200000024997
12222.400000026933
10108.100000019242
7569.800000010007
7592.1000000100885
11889.400000025722
2714.3999999986268
8904.300000014862
3925.799999997525
12278.500000027138
9331.300000016416
5790.500000003534
12715.700000028728
2683.199999998655
2673.399999998664
11842.400000025551
11830.600000025508
2874.699999998481
12496.600000027931
11321.300000023655
2932.799999998428
11355.100000023778
11967.600000026006
11721.40000002511
11767.500000025278
4764.6999999998025
4741.799999999719
7156.300000008503
9510.300000017067
11946.40000002593
8271.30000001256
11693.200000025008
3389.6999999980126
4462.399999998703
1917.2999999993517
4494.4999999988195
2645.1999999986897
7312.300000009071
6116.30000000472
7551.100000009939
12369.90000002747
12135.200000026616
3518.5999999978953
11888.80000002572
11374.100000023847
10934.100000022247
5989.400000004258
10771.200000021654
3547.2999999978692
4179.599999997674
9800.100000018121
2844.5999999985083
4621.399999999281
8414.30000001308
7852.100000011034
11282.300000023513
12491.200000027911
4971.100000000553
4744.199999999728
11689.600000024995
10374.10000002021
11668.500000024918
6985.400000007881
6750.500000007027
10952.100000022312
9013.300000015259
12258.800000027066
5299.400000001748
7982.600000011509
10939.100000022265
7450.400000009573
6474.400000006022
10481.3000000206
7456.200000009594
3479.199999997931
3201.5999999981836
4831.300000000045
9076.80000001549
11847.300000025569
3899.199999997549
9237.500000016074
4904.30000000031
3579.59999999784
10971.100000022381
5298.300000001744
11635.500000024798
11902.70000002577
4868.800000000181
11362.300000023804
8481.100000013323
6637.400000006615
4444.1999999986365
5799.300000003566
5319.40000000182
4862.400000000158
6469.400000006004
9150.500000015758
11897.600000025752
3694.799999997735
12497.200000027933
12739.200000028814
6843.100000007364
6720.500000006918
12294.300000027195
10955.100000022323
9322.400000016383
6292.700000005361
11900.600000025763
3104.699999998272
11884.500000025704
12119.80000002656
10959.100000022338
12505.300000027963
5554.300000002675
12293.400000027192
10568.300000020916
9256.500000016144
2780.5999999985665
11934.700000025887
12363.500000027447
4887.200000000248
10920.100000022196
12236.700000026985
8392.300000013
11791.500000025366
4188.699999997707
11980.100000026052
12386.40000002753
5027.5000000007585
10998.10000002248
4884.700000000239
11705.500000025053
10646.6000000212
2965.3999999983985
10944.100000022283
3056.3999999983157
5118.100000001088
7305.500000009046
6084.600000004604
7722.100000010561
8102.500000011945
9605.100000017412
8775.600000014394
4792.499999999904
11526.1000000244
10944.100000022283
6464.400000005986
12453.100000027773
12690.500000028636
7875.5000000111195
5098.400000001016
5455.400000002315
11372.30000002384
7936.10000001134
5073.600000000926
10948.100000022298
2798.59999999855
8470.100000013283
5615.100000002896
4864.400000000165
7329.100000009132
11263.100000023443
5823.600000003655
7211.200000008703
5355.600000001952
12426.300000027675
11914.100000025812
12510.600000027982
6413.600000005801
11819.400000025467
8072.300000011835
6469.100000006003
11308.300000023608
11368.300000023826
10959.100000022338
11769.600000025286
5350.100000001932
3226.1999999981613
11330.300000023688
11415.300000023997
12225.400000026944
3384.799999998017
11431.200000024055
9022.300000015292
9196.100000015924
6076.400000004574
6983.300000007874
10578.100000020951
10952.300000022313
11300.100000023578
