418.85914999997493
461.01125000019783
361.7178900000535
251.73269000001696
291.21235999998265
346.2784600000112
287.1102100000218
361.5850199999867
279.698
304.961210000014
303.7430900000073
499.5053300003757
310.2946099999909
417.73334000008157
412.3698200002382
439.6820700002785
359.33240000000643
283.73925999999335
316.88991000001903
373.06550000000476
362.34747000008196
371.3450799999656
299.21863000001827
427.9722600002203
349.47492999999236
367.7794899999888
308.46754999999797
290.1834800000055
366.38895000001236
389.7165100000509
442.26088000026385
395.57701999992867
335.6484200000012
416.8353900001116
326.3628699999948
255.19453000001403
475.89386000025695
286.2768200000213
327.6324999999715
408.5595399999593
379.43842000012296
263.2174200000242
425.97266000019283
548.1650000002734
272.9922700000134
354.45185000009764
294.0385500000182
369.8093399999826
291.1946600000008
389.7142700001195
294.8389600000127
362.84539999996827
306.8918600000021
320.06519999999557
361.5551300001913
296.92770000001485
417.96397000022307
376.3562499999662
333.89366999998146
372.0331600000347
313.100860000023
350.0874599999765
306.1118700000138
264.7702900000159
362.94537000004885
327.17461000003317
435.0036800000986
330.71821999998537
260.1767200000151
284.09584000000797
251.0705300000262
356.5686400000588
447.20945000021743
475.1505000004836
323.7496700000033
412.5323200000403
432.3295400002135
427.9607299999557
432.482820000263
458.70617000022355
300.885339999974
379.93875999998215
269.74625000002425
367.6846199999559
400.0928700000851
391.55794000004767
401.06630000010387
397.7028700002558
340.7659999999946
294.2887200000059
363.72936999998143
354.6778300000007
398.3204799999956
390.66800000000245
281.2109500000317
459.73558000018676
448.6225600002514
339.50115000000886
313.79932000000184
315.81362000010427
317.97673999998113
388.1634600001011
304.9600400000094
277.43002000001684
405.9495800000002
437.9049200002517
463.6369100002178
438.52465000002087
410.465650000214
318.33906000000405
308.1990800000107
431.9533900002368
433.3639800002344
292.9327700000207
316.44194000001704
399.1191999999563
295.8765500000021
355.8599999999967
396.1635000002432
476.6252500003495
306.2699100000113
443.2199500002412
401.45529000022526
425.01644000022753
356.2393799999589
321.06538000000296
363.692559999997
341.2608199999818
283.27640999999437
307.0391199999968
251.54685000002502
370.478350000002
429.1375199999809
360.91216000002225
448.04101000024457
276.4608600000137
321.97890000001826
469.8787000002212
375.8260300001904
353.55059000020714
582.6160400003428
281.77018000000027
302.8095600000317
295.4698000000263
291.6333799999999
567.0014100004653
463.77851000021275
357.4360299999534
285.8572400000092
341.6110999999972
284.8609900000081
317.6730899999881
452.0367400002218
444.6210100001624
365.7851499999869
331.8943700000058
416.14670000005907
527.7055100004461
536.0418300002827
307.07578000000467
427.7312099999843
356.18221999998207
516.4531000003403
369.797050000045
298.6124100000102
309.8979600000041
516.690280000282
345.0712999999934
389.77254000001136
412.3515200000166
253.75663000001333
390.1086599999815
409.5839099999696
436.31070000007895
241.1149300000203
317.4128200000121
330.71868999999504
446.18203000035396
360.8454699999548
282.27858000001385
339.31538999997497
345.0031999999849
390.58738000006264
383.23604000001086
300.21181000000166
256.8445400000084
587.0342000004226
355.5775099999734
294.2601900000248
411.82942000024894
320.7568299999886
393.09115999997636
352.9354900000053
271.20363000002055
336.01373000000467
315.34732000001003
342.8817299999793
424.79414000008296
396.82361000017676
470.5895300003003
478.18048000019985
277.9882800000088
292.8636700000385
362.47071999994455
334.1440599999905
366.0224100000564
375.51538000002887
314.4337199999966
281.7602099999988
443.7161900000135
388.68054999995934
357.68701999997523
389.9589499999713
574.0854500004795
352.7982500000001
333.33299000004786
291.07777000001704
265.58790000002244
332.89794000000825
257.9067400000129
277.96006000001114
392.4823200002148
443.8004000000884
286.5099800000224
387.1619399999807
366.9206299999826
349.66345000000365
266.65187000002106
407.15605999995853
346.3605999999877
252.61404000000718
285.1496400000203
323.49185999999503
351.87091000000675
318.0885500000341
495.91945000020735
270.21875000001927
367.9858099999778
336.967049999991
394.9600200000439
394.2046100000324
325.9523600000231
378.83118999997697
334.7159600000141
441.42356000004634
356.1639399999702
279.5076500000222
328.1050699999796
382.2092699999924
284.446830000002
627.4091100003203
276.11908000002046
346.5157499999912
321.7422999999552
477.05190000023936
427.05645000030796
348.1260600001148
268.1117100000033
374.7403800001648
290.27438000000586
426.8117900002985
454.1896100002352
391.49231999999955
306.01560000004434
297.75726000006193
310.8518099999786
265.70526000001087
326.1941499999856
325.009780000006
412.6885299999864
265.09948000000657
307.96970000001124
315.3985400000001
422.6770200001487
460.09829000020125
327.23605999995794
326.09659000002955
486.30631000046594
294.22465000000034
446.6149299999072
376.46983999997826
424.921499999998
338.0544399999932
255.63508000002247
325.0578899999658
443.4096200000779
362.03489000001514
266.0771899999982
270.0573400000254
380.924440000235
280.4400199999942
405.43077000023624
373.9317700000447
424.796840000115
479.193740000266
432.45647000002117
330.42465999999126
292.6234699999957
495.0558300001961
276.43729000002037
242.79017000002443
429.23615000020936
413.9349700002211
308.2681999999973
316.59791000003054
389.68376000022516
335.2608300000074
349.9941200000548
347.9410000000069
400.35752999997305
388.92802999999753
327.84064999998355
373.58544000017434
442.10164000027515
365.3382099999599
299.411809999998
406.30170000004347
337.6676100000136
371.25436000016873
359.0609499999989
330.62427000014634
274.44499000000826
277.62893000000656
392.0938400002007
296.0779800000128
351.071779999996
499.35351000023985
252.2811400000171
312.0179100000172
373.03281000024634
313.12993999997923
285.47004999998416
361.70558000001887
294.48710000001466
281.04195000000146
296.8313000000134
501.4959900002028
394.35346000013783
384.76750000000885
324.0808399999815
354.2902400000154
444.7193200002059
368.1397699999902
387.54890000000836
365.86644999999606
398.23242999996364
432.82574000005957
293.6858000000021
303.8195699999967
311.58816999998646
291.31659999997044
274.7765000000215
369.7220999999902
373.76496999997295
270.486060000012
386.303980000264
454.0698000000609
395.37305000001464
463.5981600000161
428.7214700002202
318.1202999999822
266.6186000000054
365.1488300002364
441.35042000023464
383.6822899999725
318.59634999999713
310.0940099999987
372.90037999994865
304.3074100000111
310.57019000000923
374.9938099999458
291.93149000000767
376.40092999997796
411.5375800001837
443.13004000027956
386.4184800002274
522.8626100002941
269.97691999998693
315.55041000002285
285.8250000000169
300.0764199999928
275.2658600000206
339.41228999999737
452.8243000000224
312.468399999987
441.02047000018365
394.52257000019506
427.5333199999482
364.2652599999819
362.7712399999641
303.12564000001055
492.7955000001047
241.38562000002182
383.11651000005725
373.1819999999936
480.4121800002564
300.71633000004005
341.4799600000231
406.9442000002459
457.02124000022536
293.6565900000042
471.3616900002198
374.2846699999653
393.58039000010837
504.07219000027095
347.5186000000143
328.5175200000027
420.88764999992884
337.22922000000443
550.4154200000743
264.80857000002646
473.83658000021103
531.2611600002015
294.3478600000087
356.2940099999941
418.29261000000986
290.842690000012
309.4736899999854
322.89705000001015
338.4781999999931
375.6584500000726
417.4341200001847
284.4241700000123
274.3126100000145
262.33054000000743
322.41990000000465
326.78195999996797
458.5746100002634
344.69415999999916
432.1273100001237
536.4133900002971
379.8472999999933
408.82045000022487
366.6224300000008
314.82342000001756
403.19219000009036
488.7376700001955
303.1280000000112
285.74077999999594
265.6036700000296
251.87300000001994
323.2008799999605
243.15396000001573
389.6189500001328
347.1883899999822
362.14076999998343
294.17948000000104
417.8521499999936
307.4469399999821
293.77770999999683
407.0913900002693
297.6553300000202
362.6666200000015
280.19504000002644
319.8449100000112
318.5526199999714
263.64211999999736
351.7952800000168
309.6428499999922
397.79894999997254
402.91924000023107
418.44521000023553
318.9915099999863
392.8409200000017
335.54475000001435
296.62089000002277
333.1949400000077
507.51945000051137
351.23781999997954
351.1386599999758
319.55023999999685
264.3267800000218
423.31982000001017
288.70556000002745
336.26158000001107
302.54649999997844
435.0578300002354
318.2546199999972
512.1967900003308
358.7091000000359
310.6424800000118
373.45836999999864
396.9234299999402
391.3774000002318
423.89807000023967
281.2553800000114
321.3984799999781
375.4407300000237
284.8000400000191
315.29860999998317
494.75670000032943
341.31696000000636
343.58706000001155
299.34596000001847
421.4605299999722
281.02950000001505
485.96905000030006
320.8055699999814
396.87911000002873
370.8626299999732
496.26080000040173
399.5575800000272
377.6087800002494
281.0425100000227
393.4725099999576
445.42556000023717
424.2968500002446
349.30396999999243
314.4260600000371
331.8110799999893
372.60576999997966
413.18423000020516
394.1756400000099
322.37444999999735
353.5436499999935
322.76738999997855
304.5100899999791
453.7507299999508
592.7792700004592
334.18766000010714
341.56494000001
374.4304800000744
308.5985299999949
351.9326799999814
353.24476999996995
420.8222800002022
338.749559999988
400.9593299999649
354.65813000002674
445.23878000026065
568.5169700003555
409.84170999995615
387.77743999996375
406.6189800001684
290.91267000000346
301.6044499999837
382.15171999998483
296.20095000000356
324.33948000000595
395.0478800000256
381.90200000001727
259.4111600000012
452.9732900003157
392.8037300002359
301.6398300000024
273.7756300000053
386.6544500000224
334.60871000006875
250.83076000002137
308.11851000004435
367.90792999999263
294.74030999999405
331.6930700000092
362.3955000000572
443.4011200000682
279.1934899999932
443.1233200002545
304.7111300000039
317.6645200000149
315.78179999999577
421.40363000021193
342.13034999999553
302.86168000001857
285.1903399999972
303.54148999999944
420.0896900000506
526.8729400002015
318.72931000000926
332.5601500000129
283.5639100000162
423.1523400000493
320.5462099999849
315.02293999998585
431.349080000206
296.0510600000142
306.7979400000208
361.80928000023994
449.08289000023
384.32962000009314
397.34022000013283
397.9872000000209
318.5182999999814
419.87306000025274
362.60639000015084
359.88748999999075
287.1059700000092
315.8439499999887
527.0164700003797
250.6179800000076
305.7739499999915
413.7848900000306
359.6411599999846
315.27087000001916
423.7112600000444
340.449750000032
406.55739000025096
314.17656999997547
366.5833999999706
417.52271000020585
303.8940999999961
344.5856799999914
271.7387600000101
291.86514999999196
300.8079999999816
347.782310000022
280.7168100000146
291.4646099999996
346.2667099999929
340.47819000000214
351.42777999997367
385.51155999997735
282.2727100000159
300.9668099999863
374.93519000010883
284.6849000000218
332.3260600000319
446.1603200001752
348.49945999998613
408.1635599999335
405.3741800002415
454.7438699999178
356.88809000025356
389.4090200000118
309.2835400000176
393.840640000025
323.9207499999989
568.1063900004617
346.90194000016817
338.68048999998314
342.0409300000849
467.21661000017525
292.57596000002724
275.66177000001284
380.06029000004486
434.4133000001158
352.31508000002674
350.62992999998374
277.42821000000083
437.5315500002238
385.0361500002621
322.88987999999665
389.1579800000088
423.43083000002275
427.72451000022744
324.94705999998354
489.97887000019796
296.85084000000296
451.9015700002102
401.51839999997674
284.7317200000146
306.2411199999972
415.116389999985
341.2656999999685
346.3724200000146
382.58344999998803
330.8181699999925
292.04297000001554
291.35516000001496
382.56402999998204
328.8532700000038
294.57002000000375
399.8126600002425
318.6280800000112
281.92296000001056
457.02593000022694
353.07066000003454
369.98583999999
310.3534600000025
281.51179000001446
301.5958900000157
489.06685000009514
301.41349000001
379.70423000002273
349.7337099999872
284.03988000002045
298.2443600000231
287.09062000002814
331.06884000001895
425.92917000021754
250.88094000002036
271.90719999999027
291.92393000001516
420.8995299999848
335.95762000000474
404.1528500002089
401.9598400000269
449.1697799999528
352.538339999969
293.7370600000143
420.2139199999801
422.9893600002073
315.623559999984
309.8399199999982
443.58585000009884
400.3187000000019
325.05747000000173
331.02821999998145
565.139420000474
512.2142800003109
395.7498499999555
424.56805999994117
333.13785000000325
343.0615099999889
351.43810999998766
411.3360400002338
325.5456399999999
432.6266100003845
329.86428000001166
304.6872399999934
287.5634000000261
445.816600000213
421.9714400000845
327.9433700000155
314.8189099999792
474.59807000007197
330.55426000000415
478.57453000022076
358.35178999998845
378.13031999996963
399.12757000021384
350.3711699999881
275.4288500000201
398.54049000001555
370.0706999999583
269.8919800000127
409.3592100000143
292.9672700000163
337.01317000000694
442.53320000019113
358.91806000000105
382.69546000022905
322.30022999997726
354.47649999997816
355.7409899999998
378.9033099999657
533.2424400003844
339.9477099999859
340.4982999999896
407.67910999998634
349.55516000002154
250.68980000001696
356.07166999996366
403.7473400002368
337.6563699999742
294.80193999999136
260.58730000001424
345.46758999998855
306.93463999999926
343.72374999999556
461.9384700004472
374.1943199999359
368.29368000006485
440.2009600002304
300.21874999999153
292.3183600000169
283.72209999998256
352.585169999975
483.4730400000512
362.4601900002357
493.21137000025027
397.993320000228
303.96919999999756
372.88728000004727
303.95430000001426
493.60497000020933
368.0419499999841
325.4371499999931
403.11764000004075
326.3729499999949
299.2218400000032
294.29973000000786
283.6986200000268
370.5833900002488
319.71352000000616
350.86869000001917
503.33140000027487
411.2548499999494
514.8964700002737
334.71794999998696
380.99102999997245
483.5691600003757
269.149519999987
354.58914000005075
369.44692999998296
345.9483700000467
313.9637800000261
442.49131000021856
360.8588399999899
324.3240599999937
513.3329900003306
428.87523000019746
306.64916000001756
424.34231000016814
418.6974700000386
432.39644000021985
375.5441800000337
394.9987400000586
473.0374200000169
330.93199999998086
425.18663000013606
438.75958000023087
317.3067899999952
325.76471000008803
344.5259800000027
502.5133600001027
384.6927700002545
366.12032999998286
472.04459000027475
303.75812000001594
356.62670000000037
344.83713999996735
280.8885000000066
452.2214200002532
397.09706999998656
289.51778000000667
441.0624000002359
323.00227999999873
331.8043799999775
361.10846999999393
325.5030899999982
379.09640000014724
368.9195999999687
477.04362000024406
276.3918600000094
313.9183700000013
504.1345100002122
547.4877900003831
341.25727999999594
380.14245999999764
354.34865999999244
285.1571500000035
466.7725600001437
445.48943000024906
354.96397000025564
291.81852000000436
298.53472000000016
278.4126400000184
356.1397100000823
446.099879999979
322.5072300000236
459.4044400000872
395.95330000022085
332.78509999999113
407.59163999996184
258.7709900000192
362.20322999995074
274.5790899999967
435.27374000005295
380.4777600000109
407.9623399999502
427.4760400002575
368.2097000000021
315.82389999999725
305.8631400000746
307.55728000002796
352.043779999993
321.1424700000076
363.8847600002028
358.8870800000002
303.65646000001385
358.92975000000087
317.06398000002014
362.7002599999764
279.63259000001614
361.5669700000281
372.1215800002403
483.00250000031446
287.24844999999436
279.47961000000885
451.70423000027256
395.2015900001533
405.97826000022974
399.63465999997214
301.8626300000185
427.91517000021537
279.26520000001887
314.43386999999205
340.8157299999701
403.15699999997514
312.86585999995873
376.9986700000703
391.39077000003795
365.2775600002169
359.79429000009213
269.9237500000096
371.98255000000745
346.3380699999787
389.21622000011206
487.0031800002718
360.13272999997906
391.6850399999669
338.5023900000023
291.9466500000003
481.28375000007674
291.90569000002915
281.50132000000343
450.5098500002238
322.47298000000325
406.77380000023385
331.45729999997207
426.37789999998074
360.1497599999877
335.7685300000148
309.16767000001664
476.3596899999523
275.22677000001613
323.9234200001592
324.2866200000254
380.2926299999687
353.2011799999762
353.9643500000235
307.4608600000172
342.6341500000602
537.872070000458
393.0504999999876
363.9281999999831
381.5090200000354
430.60052000022654
288.8602500000155
322.9689100000062
361.550990000263
306.5075700000092
348.3582899999907
334.89437999999666
411.60017000027597
507.34084000029975
270.2200800000157
314.70454000001
439.00992000023115
450.0450100002345
386.4798899999643
364.7168799999595
440.20796000024274
416.8812200000996
466.08512000024035
320.644229999979
327.3629400000318
334.26665999996453
364.5801499999823
460.30294000008075
312.4772100000022
277.6271500000144
338.9577500000098
317.6941300000044
379.7941099999399
327.76333000000324
329.80606999999924
275.68211000000116
327.85742999998985
418.7381199999828
401.0143100001702
391.6164399999762
354.3444300000454
365.06861999999114
458.2783600002076
295.3350300000074
369.4005499999717
341.864950000004
430.22763999998983
446.57037000001975
374.588969999997
359.0556900000201
500.35272000035434
330.77458999997157
288.32375999999226
392.4022599999535
321.24990999999994
348.2642999999875
373.15017000001427
281.4413000000183
326.20471999999853
379.689990000237
407.7543600000141
335.7366799999815
301.46212999999193
326.04862999999455
508.25379000021826
368.5743100000067
264.85582000000113
481.8727600001839
382.57477000009584
403.01606999995283
486.4947000001364
447.58722000004144
438.8482500000337
472.9897500002563
389.25086999997916
345.436389999996
298.03693000001465
449.4559800002221
277.832259999999
313.61300999999895
362.08690000000536
274.7694300000224
391.2423400001134
377.94841000004305
388.33368999999567
480.199560000139
389.16470000021303
320.1505800000069
