11320.10000002365
11034.10000002261
10987.10000002244
3616.0999999978067
2582.399999998747
11042.20000002264
2597.399999998733
10654.200000021228
2492.199999998829
2181.2999999991116
3216.0999999981705
11038.200000022625
7740.0000000106265
8284.000000012606
11061.100000022709
11291.300000023546
11043.200000022644
4032.499999997428
4395.199999998458
5906.200000003955
7239.200000008805
4644.099999999364
3419.5999999979854
10800.000000021759
4341.599999998263
5324.1000000018375
11033.100000022607
2142.299999999147
8302.300000012672
6215.50000000508
11017.200000022549
3527.0999999978876
11571.500000024565
8114.300000011988
8503.200000013403
2773.499999998573
11592.500000024642
6603.00000000649
3373.1999999980276
6688.000000006799
11021.200000022563
1591.499999999648
11196.0000000232
11631.500000024784
7994.200000011551
10800.000000021759
9821.000000018197
7021.000000008011
3745.1999999976892
10800.000000021759
8114.000000011987
11248.20000002339
5948.100000004108
2950.599999998412
9628.200000017496
4501.299999998844
11202.000000023221
4149.299999997564
3115.399999998262
5929.200000004039
11289.300000023539
11530.500000024416
1755.0999999994992
1894.1999999993727
11522.300000024386
5486.200000002427
7967.200000011453
7301.0000000090295
2688.2999999986505
11030.200000022596
11196.2000000232
6075.400000004571
11269.300000023466
11439.400000024085
11529.500000024413
8845.100000014647
11033.200000022607
10800.000000021759
11024.200000022574
11549.500000024485
4106.299999997407
4413.299999998524
4712.299999999612
11010.100000022523
7248.600000008839
6861.100000007429
8085.100000011882
11254.300000023411
8705.200000014138
4309.199999998145
9628.000000017495
11030.100000022596
3487.099999997924
4514.199999998891
4104.099999997399
11032.200000022603
11262.20000002344
7843.200000011002
10800.000000021759
7145.100000008462
11003.200000022498
10800.000000021759
2833.2999999985186
4283.299999998051
11581.2000000246
11257.300000023422
11021.100000022563
11632.500000024787
11512.10000002435
1985.19999999929
3584.0999999978358
11233.200000023335
11035.200000022614
2573.399999998755
11044.200000022647
10800.000000021759
10105.00000001923
11261.300000023437
11023.20000002257
11236.300000023346
10800.000000021759
11395.300000023924
11226.30000002331
10800.000000021759
6566.200000006356
11475.400000024216
11063.200000022716
11269.300000023466
6029.200000004403
4151.09999999757
5462.000000002339
10800.000000021759
4699.499999999565
5532.200000002595
10800.000000021759
3286.1999999981067
2850.399999998503
11246.000000023381
9379.10000001659
10471.300000020563
10927.300000022222
3409.099999997995
10083.10000001915
11057.100000022694
11192.200000023186
11291.100000023545
11529.400000024412
5201.00000000139
3081.299999998293
10800.000000021759
6631.000000006592
9226.400000016034
11039.200000022629
9690.600000017723
5665.000000003078
3758.3999999976772
10183.000000019514
11253.300000023408
9280.50000001623
11458.400000024154
5827.200000003668
3844.599999997599
11478.200000024226
11573.200000024572
10800.000000021759
11438.10000002408
11051.200000022673
4373.099999998378
5312.200000001794
5058.20000000087
2846.199999998507
11048.200000022662
5728.000000003307
6620.100000006552
2311.3999999989933
5848.0000000037435
4256.399999997953
11251.1000000234
10800.000000021759
3077.199999998297
6732.000000006959
11037.200000022622
6542.300000006269
2580.099999998749
11025.100000022578
3779.2999999976582
11013.300000022535
5659.000000003056
2152.099999999138
11020.20000002256
3060.299999998312
5110.40000000106
4754.099999999764
3079.099999998295
2392.19999999892
2772.0999999985743
6545.20000000628
10800.000000021759
10016.300000018908
10800.000000021759
11219.200000023284
2645.1999999986897
9730.100000017866
3437.2999999979693
4476.199999998753
6779.200000007131
10800.000000021759
2777.2999999985695
4417.299999998539
6380.100000005679
5995.000000004278
11028.100000022589
7396.000000009375
11518.500000024373
4786.399999999881
11037.200000022622
3482.1999999979284
1810.4999999994488
11200.300000023215
3825.499999997616
6783.200000007146
11235.000000023341
6840.100000007353
8669.300000014007
11590.500000024635
6187.000000004977
2126.5999999991614
2588.3999999987414
3689.19999999774
5650.1000000030235
11186.300000023164
5505.200000002496
3326.1999999980703
4197.299999997738
5170.600000001279
11285.300000023524
4138.399999997524
4308.099999998141
10800.000000021759
6882.000000007505
6011.200000004337
2837.199999998515
11552.300000024496
2081.0999999992027
10800.000000021759
10248.400000019752
11210.200000023251
4274.399999998019
2931.2999999984295
4242.499999997903
11508.400000024336
11020.10000002256
10800.000000021759
3524.0999999978903
11333.100000023698
11227.300000023313
7982.000000011507
10800.000000021759
8959.200000015062
4922.400000000376
11490.40000002427
11272.300000023477
5355.200000001951
11151.300000023037
6350.2000000055705
8598.100000013748
2911.3999999984476
5350.2000000019325
2021.0999999992573
5061.600000000883
2547.4999999987785
2797.3999999985513
4140.09999999753
11241.200000023364
11256.000000023418
6503.000000006126
7386.000000009339
11284.400000023521
2490.3999999988305
5372.000000002012
5180.000000001313
2939.399999998422
3173.599999998209
3591.0999999978294
4031.5999999974288
7245.2000000088265
2435.1999999988807
3206.1999999981795
2873.0999999984824
11015.200000022542
3382.0999999980195
11260.400000023434
5789.500000003531
8444.300000013189
11530.500000024416
5900.100000003933
4443.299999998633
4014.4999999974443
11592.00000002464
6579.200000006404
11185.20000002316
11015.200000022542
10800.000000021759
3805.4999999976344
10800.000000021759
11197.200000023204
3016.299999998352
6734.000000006967
5132.000000001139
4201.599999997754
7051.300000008121
4705.299999999586
7949.400000011388
11604.000000024684
2977.3999999983876
10800.000000021759
6580.300000006408
4716.199999999626
9191.200000015906
11307.000000023603
8419.200000013097
2850.0999999985033
4947.000000000466
10800.000000021759
11032.200000022603
4405.099999998494
11643.100000024826
1549.2999999996864
5468.000000002361
11183.200000023153
11455.300000024143
3991.3999999974653
7121.200000008375
2282.3999999990197
2527.5999999987966
3446.0999999979613
11636.500000024802
8888.000000014803
11023.10000002257
6373.3000000056545
11266.300000023455
11039.200000022629
4170.39999999764
11030.200000022596
7512.200000009798
10800.000000021759
6400.200000005752
11463.200000024171
3031.3999999983384
3503.2999999979093
3917.4999999975325
8040.100000011718
2824.199999998527
4256.399999997953
8613.300000013804
11484.300000024248
7538.300000009893
5644.100000003002
5778.30000000349
11025.200000022578
4017.3999999974417
2577.2999999987514
11212.300000023259
11038.200000022625
7484.100000009696
8518.300000013458
3905.2999999975436
3711.39999999772
11292.100000023549
11030.200000022596
6177.00000000494
11189.200000023175
11299.300000023575
9820.100000018194
11615.200000024724
10901.000000022126
11249.200000023393
4736.3999999996995
4933.300000000416
10800.000000021759
3516.2999999978974
2711.2999999986296
11037.200000022622
7826.000000010939
3772.4999999976644
10353.300000020134
10076.100000019125
7965.100000011445
3353.1999999980458
11212.200000023258
3461.2999999979475
8602.200000013763
2553.399999998773
5609.100000002874
10800.000000021759
11240.00000002336
5528.30000000258
5156.200000001227
11199.300000023211
11286.100000023527
11525.200000024397
11547.200000024477
5983.100000004235
8085.100000011882
11535.100000024433
7320.000000009099
3115.1999999982622
3879.2999999975673
7134.300000008423
8771.100000014378
1629.0999999996138
11070.200000022742
11352.000000023767
7920.3000000112825
10800.000000021759
11309.400000023612
2862.0999999984924
3192.299999998192
10800.000000021759
8956.00000001505
11224.000000023301
11292.40000002355
3956.399999997497
4066.299999997397
2464.399999998854
2749.299999998595
4077.0999999973874
11211.300000023255
8723.000000014203
8289.000000012624
11353.100000023771
5792.300000003541
11073.100000022752
11027.200000022585
8169.100000012188
7880.200000011137
11063.100000022716
4169.199999997636
6106.300000004683
10800.000000021759
7928.0000000113105
4272.499999998012
1425.399999999799
8643.300000013913
4914.000000000346
5264.40000000162
4340.2999999982585
11052.100000022676
4501.299999998844
6434.300000005876
11505.100000024324
3026.199999998343
9082.100000015509
1498.099999999733
4776.199999999844
3312.099999998083
2663.2999999986732
6866.100000007447
4797.599999999922
10800.000000021759
11262.00000002344
11435.20000002407
11477.100000024222
2991.4999999983747
3062.0999999983105
3307.2999999980875
11311.000000023618
11474.00000002421
11031.2000000226
3115.0999999982623
7348.0000000092
5052.100000000848
11034.10000002261
7063.400000008165
9316.00000001636
3190.199999998194
11489.000000024265
3433.099999997973
11223.200000023298
5580.200000002769
4837.300000000067
10800.000000021759
3398.199999998005
11360.300000023797
11512.50000002435
3200.3999999981847
4125.499999997477
5281.500000001683
3721.299999997711
3736.3999999976973
10207.200000019602
2493.199999998828
6331.300000005502
5168.600000001272
10505.000000020686
2763.399999998582
11494.400000024285
7599.100000010114
11348.100000023753
3586.199999997834
11027.200000022585
5193.300000001362
11409.300000023975
3003.099999998364
3892.0999999975556
11453.300000024135
11271.300000023473
4871.30000000019
5343.200000001907
3334.299999998063
3583.0999999978367
11214.200000023266
4813.49999999998
11424.10000002403
8241.20000001245
6185.500000004971
3793.2999999976455
10800.000000021759
11353.300000023772
7349.300000009205
4637.199999999339
11529.500000024413
11438.10000002408
9786.00000001807
11242.000000023367
10800.000000021759
4445.2999999986405
11601.000000024673
11041.200000022636
11559.400000024521
11332.300000023695
4004.1999999974537
4136.199999997516
9542.100000017183
4853.400000000125
4404.099999998491
11343.000000023734
3023.4999999983456
2905.399999998453
5659.000000003056
5476.1000000023905
1974.1999999993
11187.300000023168
11240.30000002336
6900.200000007571
5020.100000000732
6130.20000000477
6599.200000006476
7317.200000009088
5443.1000000022705
4263.299999997978
3127.299999998251
11015.100000022541
5748.20000000338
6388.000000005708
4243.299999997906
11363.200000023808
3247.299999998142
4170.599999997641
4121.099999997461
11213.000000023261
3160.299999998221
1949.4999999993224
2719.1999999986224
3086.2999999982885
11066.200000022727
11552.200000024495
3279.099999998113
3393.0999999980095
4319.3999999981825
11581.2000000246
8560.00000001361
8538.20000001353
11049.200000022665
3526.1999999978884
5345.200000001914
11157.300000023059
11283.300000023517
7054.200000008132
8747.300000014291
5591.0000000028085
4989.200000000619
11224.300000023302
7481.200000009685
4193.299999997724
2729.299999998613
3553.299999997864
11035.200000022614
3924.499999997526
3820.399999997621
6147.300000004832
10800.000000021759
11576.200000024583
6839.200000007349
5343.6000000019085
11504.500000024322
3588.399999997832
3861.3999999975836
11007.100000022512
3688.199999997741
6987.300000007888
2965.0999999983987
3232.2999999981557
3671.3999999977564
6751.000000007029
2199.0999999990954
11191.300000023182
3443.3999999979637
10800.000000021759
4708.399999999598
11298.300000023572
4677.499999999485
4852.00000000012
7085.400000008245
2856.3999999984976
9444.300000016827
7720.2000000105545
7869.000000011096
10419.200000020373
11258.400000023426
6049.000000004475
11190.000000023178
2188.699999999105
11051.200000022673
5998.20000000429
11479.10000002423
11035.200000022614
8996.200000015197
4220.599999997823
9542.000000017182
10702.100000021403
5771.200000003464
3933.0999999975184
6109.200000004694
8878.000000014767
5429.20000000222
4542.5999999989945
10007.000000018874
11019.100000022556
11464.400000024176
2930.3999999984303
10800.000000021759
11036.200000022618
11024.100000022574
10790.500000021724
11336.40000002371
6130.20000000477
11093.100000022825
3891.2999999975564
6764.300000007077
2368.5999999989413
6390.000000005715
4006.099999997452
1640.4999999996035
11045.10000002265
5534.000000002601
3947.1999999975055
11210.300000023251
8716.000000014177
11576.600000024584
7538.5000000098935
11355.40000002378
10800.000000021759
5463.500000002345
11019.200000022556
10800.000000021759
2344.1999999989634
9492.100000017
4954.300000000492
3662.1999999977647
8720.100000014192
4779.299999999856
6830.200000007317
4382.099999998411
3871.2999999975746
11525.500000024398
1914.2999999993544
11261.300000023437
11040.200000022633
1560.0999999996766
5775.300000003479
4045.599999997416
11594.50000002465
7195.200000008645
11037.200000022622
5677.100000003122
11123.000000022934
3997.29999999746
2070.0999999992127
3615.0999999978076
11039.200000022629
4558.199999999051
4002.4999999974552
7630.300000010227
11135.100000022978
6156.200000004865
7126.2000000083935
11557.300000024514
11228.200000023317
3315.2999999980802
7636.200000010249
4387.099999998429
5086.000000000971
10800.000000021759
11020.20000002256
2426.3999999988887
11378.400000023863
4273.099999998014
5998.30000000429
7334.10000000915
11240.30000002336
7106.10000000832
4600.5999999992055
3282.1999999981103
11556.40000002451
7147.400000008471
11242.200000023367
7269.000000008913
11027.100000022585
11548.10000002448
4260.399999997968
2084.2999999992
10800.000000021759
3747.3999999976872
3410.299999997994
5998.000000004289
3310.3999999980847
4479.299999998764
10444.400000020465
2626.099999998707
11008.100000022516
3669.2999999977583
11516.400000024365
4987.300000000612
5334.000000001874
11505.200000024324
5616.1000000029
10800.000000021759
4651.599999999391
11550.300000024488
11371.300000023837
11481.400000024238
11533.400000024427
10800.000000021759
2738.399999998605
5843.200000003726
11549.400000024485
5555.100000002678
11058.200000022698
10913.500000022172
8015.500000011629
6582.2000000064145
11028.200000022589
4020.099999997439
10360.000000020158
4242.299999997902
3800.0999999976393
6456.600000005958
10882.200000022058
9321.200000016379
11027.200000022585
2300.0999999990036
11326.100000023673
2795.0999999985534
11287.300000023532
2489.3999999988314
11021.200000022563
10800.000000021759
4176.099999997661
2786.599999998561
2414.2999999988997
11029.200000022593
11190.300000023179
3506.3999999979064
11454.40000002414
11047.200000022658
11385.100000023887
11511.500000024347
11253.300000023408
11600.10000002467
11539.500000024449
2863.3999999984912
6161.300000004883
4377.199999998393
6266.200000005265
9888.000000018441
11019.100000022556
2711.0999999986298
10800.000000021759
11517.200000024368
11282.000000023512
3195.599999998189
11052.200000022676
5758.000000003416
11041.200000022636
6226.30000000512
6172.300000004923
11594.300000024648
10126.300000019308
9462.200000016892
10800.000000021759
11502.200000024313
9738.000000017895
2139.29999999915
11040.200000022633
11246.200000023382
4234.299999997873
11503.500000024318
11221.300000023291
3167.4999999982147
11087.300000022804
11478.500000024227
9820.100000018194
7268.000000008909
7450.0000000095715
11282.300000023513
2353.299999998955
8445.200000013192
3236.499999998152
11474.300000024212
8629.400000013862
5261.200000001609
11688.10000002499
2394.199999998918
2383.299999998928
11269.100000023465
11255.200000023415
2002.2999999992744
11468.20000002419
11006.100000022509
2392.09999999892
11045.20000002265
11268.100000023462
11184.200000023156
11246.200000023382
3992.4999999974643
4174.099999997654
6852.100000007396
8998.200000015204
11319.100000023647
7584.100000010059
11176.300000023128
2730.1999999986124
4095.199999997371
1447.1999999997793
3982.3999999974735
2326.19999999898
6474.400000006022
5437.200000002249
7411.00000000943
11513.200000024353
11298.10000002357
2905.599999998453
11344.40000002374
11049.200000022665
10800.000000021759
5396.400000002101
10140.200000019358
2660.399999998676
3646.399999997779
9640.000000017539
2079.1999999992045
4290.299999998077
8128.200000012039
7689.000000010441
11017.100000022549
11555.200000024506
4824.000000000018
4628.0999999993055
11200.300000023215
10231.000000019689
11210.00000002325
5926.500000004029
6164.000000004893
10800.000000021759
8257.300000012508
11454.50000002414
4767.099999999811
7324.300000009114
10800.000000021759
6645.200000006644
5929.300000004039
10182.200000019511
6750.400000007026
3349.0999999980495
2609.1999999987224
4510.299999998877
8169.400000012189
11269.200000023466
3758.0999999976775
8535.30000001352
4280.399999998041
2753.599999998591
10800.000000021759
5040.200000000805
11182.30000002315
11244.300000023375
4117.599999997448
11020.20000002256
8341.000000012813
5982.400000004232
4283.09999999805
5293.3000000017255
4918.300000000361
4131.499999997499
5912.100000003977
8714.300000014171
11070.100000022741
3050.1999999983213
11488.500000024263
11619.30000002474
6693.000000006818
6225.200000005116
11508.300000024336
10800.000000021759
8934.200000014971
5496.600000002465
11303.30000002359
2604.099999998727
11291.100000023545
11418.100000024007
10800.000000021759
11595.400000024652
5260.100000001605
11551.500000024493
10313.100000019987
8506.200000013414
2121.0999999991664
11300.100000023578
11496.300000024292
4555.299999999041
10800.000000021759
11508.300000024336
8096.100000011922
11278.100000023498
3588.299999997832
11360.200000023797
11459.200000024157
4396.299999998462
10800.000000021759
4177.499999997666
11220.200000023287
9950.200000018667
2313.3999999989915
10800.000000021759
2768.2999999985777
4972.000000000557
6917.300000007634
5524.2000000025655
7558.000000009964
7179.500000008587
9439.000000016807
8007.5000000116
4141.099999997534
11080.200000022778
10800.000000021759
5478.500000002399
11568.500000024555
11596.300000024656
6991.400000007903
4770.299999999823
5141.200000001172
11036.100000022618
7429.000000009495
4210.499999997786
10800.000000021759
2296.099999999007
7815.400000010901
5469.000000002365
4389.299999998437
7188.000000008618
11029.200000022593
5174.400000001293
6672.300000006742
4588.09999999916
11546.400000024474
11250.300000023397
11616.400000024729
5697.300000003195
10764.200000021629
7357.500000009235
6340.000000005533
11031.1000000226
11046.200000022654
10800.000000021759
11187.200000023167
5195.000000001368
3095.0999999982805
11031.2000000226
11028.200000022589
11453.000000024134
2859.199999998495
11055.200000022687
8715.200000014174
9034.000000015334
5481.300000002409
6590.200000006444
10436.000000020435
10503.30000002068
11028.200000022589
