5423.475000005102
6912.700000010672
4389.550000004937
2243.9749999990545
1481.1999999995078
8239.550000012536
1691.0249999995576
4152.4000000047745
1711.9499999995387
1630.7249999996125
2028.6749999992505
8660.17500001448
3082.9750000024173
3803.2500000023974
7241.625000011766
6913.150000010206
6339.925000009618
1601.1999999994405
2488.2749999991725
4163.725000000447
3081.2000000018274
2690.9749999992714
1843.7999999994186
6612.22500001023
2265.574999999314
3221.299999999562
5490.225000005571
1843.5749999994187
3299.000000002877
4367.275000000287
6480.225000006044
2977.5749999983873
5832.475000008068
4126.200000002065
5998.475000005494
1974.9999999992992
9589.725000017355
3352.2250000008967
2300.4499999990035
4225.475000000428
3840.2500000054315
1346.2499999998608
6808.950000010858
7773.975000011171
2972.6750000026764
5340.72500000798
3693.275000004245
3274.025000001443
2103.949999999182
4399.675000004716
3345.650000002621
4295.75000000532
3270.9500000005164
2460.349999998858
3682.500000003949
3437.024999998716
5924.9250000049105
2483.2499999988895
2042.9999999992374
4335.275000000819
5221.250000007352
8811.500000017306
1334.8999999998518
1415.1749999996975
5408.900000009047
2967.3999999998755
3358.900000002388
3469.4750000015833
1689.4749999995588
4313.000000005056
3893.700000005626
2559.250000000943
5134.050000004581
8878.97500001477
8381.525000015996
3573.900000003244
4511.475000004879
4562.175000004569
6092.47500000944
8901.700000014853
2532.974999998692
2813.22499999887
2966.024999999378
4549.425000004701
3728.5500000012885
3517.97500000104
3461.6250000024324
5499.70000000606
3364.000000003225
3029.999999998582
4826.125000003261
6220.4750000109425
2542.924999998783
2664.924999999147
1719.149999999456
6012.6500000098085
4269.700000005287
4344.750000002764
4628.975000004507
2630.650000002104
4693.300000004678
4412.975000004703
2060.4999999992215
1871.4249999995607
5850.7000000060625
5271.57500000516
4791.175000004785
6616.7750000112665
9538.65000001717
1564.4999999996244
2259.74999999904
4834.975000006367
5003.275000005195
1617.949999999624
4303.50000000508
4783.300000004367
3922.20000000436
4567.9250000055135
4488.5000000048885
7101.950000008305
5084.650000006278
4393.500000005282
4556.950000005177
4560.725000004569
3650.450000001021
5421.250000007808
4901.550000004559
4548.525000005113
2659.4000000008746
2302.224999999064
2561.125000000234
4803.7000000050675
3046.5499999990107
3376.1749999996573
3765.4000000052924
1943.8999999992488
2162.5499999991284
4869.2000000053895
3409.175000004001
3831.2250000048584
6672.775000007978
2246.0499999990525
5881.75000000689
3684.425000005658
5345.200000007459
6367.425000011106
5917.800000007732
3352.224999999303
2162.9499999991285
5060.750000005197
3584.2000000017874
3895.3000000033853
6269.800000010986
4539.525000003489
3434.124999999756
2926.824999998433
3833.1250000045293
6545.500000010901
5244.750000006538
6451.275000009051
4511.82500000092
2271.5999999990295
5795.975000006441
5728.47500000659
3944.900000005129
6831.375000011118
6697.850000010532
2550.024999999091
3034.399999999718
2740.1499999996972
2029.9749999992491
6841.950000010499
4526.69999999952
3618.9250000020556
1556.7249999996798
2962.475000000361
2137.949999999296
5547.925000008271
5151.275000004032
1800.949999999419
2861.6250000013833
4671.200000004681
3050.9750000011018
1933.0999999993373
3962.150000005369
1843.4999999992783
7959.9250000143165
3061.8750000000873
1450.2499999997763
4753.550000005727
2092.449999999192
2936.7249999995556
2781.9499999993136
2193.4749999991004
1581.3999999995976
2333.8499999989726
4129.125000002623
7035.925000010015
4996.700000003964
5801.875000009249
5003.500000004811
1463.8999999997109
4465.850000005037
2996.5749999983705
2358.1749999993826
2966.000000001448
6965.150000009997
2006.2499999992392
2229.524999999268
3525.5000000004397
4461.72500000038
4710.5250000049855
3590.4250000015754
7146.425000011908
2380.92499999966
7197.025000011537
2026.999999999252
1349.974999999817
5053.450000005591
1854.4999999993474
2959.925000001258
4330.200000005273
3151.4750000013487
4056.7500000026052
4935.825000005172
3220.825000000543
1688.7749999995594
1562.724999999674
2959.6999999984037
3334.2749999998296
3783.7000000056205
2287.925000000568
1966.4499999993068
2757.2749999987027
3139.5750000001963
5285.025000004671
1951.749999999333
2665.2499999989127
3827.7500000052355
3284.6250000012415
4673.000000000717
1694.924999999554
4832.000000005559
1627.2749999996156
5502.425000005141
4388.025000004099
5771.000000005832
2447.7499999989614
2284.7999999990175
3089.7999999984518
8707.675000014402
4130.0000000052105
4573.825000004557
2707.9749999986325
5283.125000006063
7605.450000012577
3317.1250000023942
4924.975000004892
4653.725000002972
2209.7250000000163
7245.025000010987
7473.475000011373
3247.4249999995736
4435.250000006376
3017.9750000009135
3852.25000000271
1670.1999999995403
3542.0499999993
1727.1499999995249
2964.499999999494
1761.0499999993592
1764.6999999994587
2611.2499999987704
6711.450000007046
5758.70000000525
3699.6250000004675
4530.750000001952
7708.175000013411
1616.2249999994744
4033.6999999989675
3293.974999999332
2327.6999999989785
1971.7999999992385
2508.2249999988144
2693.2499999986458
4091.5000000025602
1906.6999999993614
1713.4249999994545
1954.274999999318
3823.0000000054843
1770.9499999994323
5145.275000005913
3302.750000000017
5691.47500000363
5842.050000006526
3178.975000000255
2153.5249999995126
2312.024999998966
5354.9500000047465
3791.9500000018897
3819.2000000056178
5499.025000006219
4637.625000005111
2409.2999999989042
3634.875000005411
4410.025000005102
2336.6999999989703
3462.2000000009457
2626.4749999998844
2634.0749999988197
3828.750000000973
2784.249999999256
5009.000000003121
4185.200000005825
2257.2999999990425
4499.025000004625
3366.9500000008575
3331.249999998771
3505.775000003686
4304.150000005378
2982.8750000031414
2038.2499999992174
2710.4999999995525
4422.725000004659
4047.450000005284
2511.024999999163
7342.92500001127
1299.4249999998792
3335.2500000006644
4386.725000005265
5272.775000004666
1979.7249999992134
3962.2750000020897
1689.9499999994773
1862.849999999401
2722.449999998619
5018.575000005103
3842.025000003049
5543.275000005766
3241.2500000005366
4335.750000005304
5416.375000005002
2678.299999998744
8279.050000013543
3663.7000000023736
5661.8750000044
3301.3500000007125
4530.175000005305
1789.7999999994677
2583.274999998746
1738.69999999947
2894.3500000028175
1983.1999999992918
2467.4749999990336
3238.450000003286
5180.000000004784
4928.000000002792
3914.7999999992953
3244.525000000057
4763.100000004641
2234.2749999990633
1550.749999999564
4205.225000005361
4599.950000005004
3719.975000001564
3369.925000003058
2577.0499999987514
2289.574999999013
3911.1500000056867
3868.225000005389
3875.524999999936
3787.4000000056667
5288.025000005632
4918.92500000459
4528.750000005524
6547.375000010325
5324.725000006577
1809.3999999999833
3812.0249999993835
3999.900000005079
2552.749999998774
1503.749999999672
5623.525000006522
5175.750000003576
2872.549999998483
4609.175000004017
6098.375000007369
5439.175000004603
2961.299999998402
4716.225000004723
1694.3999999994835
3867.7750000027004
1599.249999999612
3216.0249999998905
4424.2750000046935
6406.4000000112665
2225.2000000004286
3720.149999998917
3878.6750000056322
6373.750000007663
6994.675000010764
7210.125000011549
3226.2500000003065
4046.625000004033
8115.675000011994
2832.9500000021376
2464.2249999988544
3037.624999998333
3476.7500000013874
5310.875000003832
1278.3999999999132
5533.70000000441
5391.67500000444
4649.5750000018115
4697.025000004832
4497.000000005206
1597.0249999996286
1956.2749999993055
4066.000000005019
4875.300000002676
7104.150000010359
5792.9000000098795
2076.2499999991633
2262.7249999990227
1376.4249999997437
2255.3499999990445
3027.049999998342
4797.975000006005
4817.200000005326
4998.475000005474
5252.42500000696
2911.450000000376
3854.9500000054713
4707.975000004692
3392.200000002641
4215.400000002762
5781.925000004721
2222.6499999990883
2648.200000000972
4427.925000005406
3416.3000000023444
2949.799999998613
1112.6749999999727
3583.1500000030055
2392.02499999985
2862.9499999998197
2373.1999999991253
6484.400000008892
2374.9249999993963
2743.225000001259
4133.925000005758
2022.9499999992556
5596.550000005379
1201.9749999999353
2590.4499999995087
2536.4999999987886
1990.7749999992848
4852.475000002171
3275.274999999428
4843.2250000045215
5560.6500000094065
5103.950000007149
5356.900000004685
2146.2999999991434
1762.9249999994922
1822.5249999993605
4321.225000005368
4883.650000006707
4565.025000004828
2489.774999998831
4265.475000000913
2337.4000000000565
6835.65000000867
3783.725000002153
3470.1750000038737
2143.24999999904
6820.575000011166
2346.699999998961
6559.975000010853
2484.175000000523
3320.0999999989185
5352.800000007801
2390.699999998903
3811.7250000058484
4437.050000005492
1831.2499999994297
2291.7749999990447
2556.0249999999583
2830.9749999985206
2352.4999999989154
4068.175000004343
1585.1749999996537
3004.500000000904
3094.7249999995242
4703.525000004216
1460.7249999996686
4348.275000005551
3131.37500000223
4271.425000005455
3088.724999998286
7273.425000012045
4104.799999999857
3903.975000005681
2087.549999999197
2770.224999998576
3798.1250000057917
4589.325000005078
3337.274999999303
2225.4000000004894
2405.074999998908
2506.499999998816
5144.525000005479
2906.3499999992673
4950.1750000054435
3358.1500000027536
3305.050000000465
1982.474999999206
5682.275000004577
6636.4500000112275
2949.1750000021116
2042.1999999997252
6550.975000008026
4391.625000005384
3950.1250000039718
6050.125000008043
4313.250000004794
2319.9999999993825
6661.90000001119
3860.67500000548
3987.000000005954
6391.675000009172
3183.5249999982
2855.524999998544
5901.650000006474
2763.2249999994433
2463.7749999991734
4447.700000005289
1792.4499999994644
1895.5499999993717
2962.500000000178
3839.9000000004444
1589.2249999996502
7192.275000010304
4075.025000005478
3706.900000001286
2341.9749999998767
3000.4250000005754
4087.1250000014975
3045.450000001987
2993.700000000113
3189.9999999983843
1890.0499999993765
4468.3750000056425
3224.9750000000404
5505.725000002498
1995.2499999993192
4290.925000005454
2449.174999998868
2049.9999999993156
3230.9499999981854
6076.375000009978
1916.9999999993297
1460.474999999767
1679.7499999994106
2469.8499999988494
4546.7500000048085
6958.7000000089465
2394.424999998918
2056.3499999992255
2396.749999999048
7243.175000012296
3989.225000002542
3327.200000002975
6014.9500000081825
2294.749999999008
2719.200000000014
4238.500000005268
6761.250000008055
3418.2000000013495
4189.725000002572
3107.1500000005753
2916.974999999458
3852.2000000056505
4361.975000004602
2617.4999999988254
1659.6999999995323
2055.6999999991817
7448.950000011848
1985.7749999992675
2814.69999999851
4827.95000000226
3934.4250000051384
4382.175000005614
3754.9750000007175
3120.524999999676
3917.0000000059554
2847.9999999985052
2244.724999999019
4399.225000004952
2378.6499999988578
3592.525000001115
2265.699999999035
1913.174999999334
2245.9999999990528
3402.275000001949
1693.4249999995232
4328.775000005054
2218.724999999027
4758.950000004389
2498.199999999503
5114.225000005024
2133.2749999998164
2469.974999999613
4120.750000000889
1555.4749999995133
4560.6750000039765
3511.0000000020223
3838.2500000018945
5484.050000003467
4059.500000005546
3679.724999999969
6427.150000010936
1718.5249999995324
6379.675000010821
4196.04999999983
6308.925000007215
4576.750000005655
5325.250000006541
2798.299999998692
6078.700000007581
4277.125000004715
2513.925000000713
2248.7249999990095
3060.525000000601
4408.475000002522
2538.975000000302
2825.574999999086
4319.925000003886
7667.725000011253
6515.925000011306
2055.7499999992256
4983.525000004234
8119.200000012006
4416.475000004955
4772.750000006265
9316.250000016393
2716.175000000938
4424.600000005019
2414.974999998899
3801.550000002092
1635.274999999608
3765.100000001675
3220.5999999981664
1468.2499999997601
4647.450000004769
2290.175000000585
2315.724999998939
6503.20000001089
3557.5000000031123
5500.725000008181
2917.7250000023555
5776.250000006328
4630.25000000523
2520.275000000358
7355.525000010562
4078.400000005008
1714.9999999994802
4019.3750000035097
3128.4499999997097
2167.724999999124
4120.400000002604
3480.1499999990933
3980.525000002707
2941.0499999987455
2659.724999998657
4313.975000005618
1288.924999999841
6273.950000011157
3888.4750000054537
1268.9249999998765
3321.7500000006557
2122.299999999072
4794.75000000526
3511.700000001425
5371.750000005962
3375.499999999823
4593.100000004907
2640.174999998694
1599.6749999996405
2953.2749999984094
4191.925000005176
2491.974999999251
2697.2999999986423
4907.7250000024
6861.950000008808
3367.425000000375
3677.900000001195
6887.475000011521
5530.225000005377
2849.749999998504
4980.700000002458
2349.949999999289
2876.2249999996047
5074.975000004382
7030.725000011269
1906.2749999993616
5789.975000008791
2437.57499999908
2485.7000000009875
3205.1500000018614
5968.425000010022
4126.975000003715
2921.0499999990125
1793.2249999993574
9329.67500001641
3170.9250000016805
6412.775000011275
3526.675000001495
5478.025000006506
6793.675000011255
2074.749999999395
1668.274999999578
4605.625000005266
2540.0499999987655
2274.999999999024
3746.92499999985
2219.2499999990687
2593.4999999991724
4288.5250000044125
2006.4999999992706
3961.6500000053506
2540.0249999987855
4664.050000005289
2897.5249999994617
3508.7749999999114
5739.125000006919
2781.3750000002838
4996.025000004173
2884.7499999991032
4112.250000005761
3628.2250000058516
7106.52500001065
6378.7500000118325
4485.800000004638
1666.7249999994692
3952.425000001043
5825.95000000694
2734.225000000091
4743.275000004696
6109.7500000106165
4461.775000002852
2631.47500000146
7529.70000001217
2613.724999998718
3495.725000005037
2842.1999999985073
2728.7499999986135
4383.85000000129
4317.975000004869
5409.725000006696
4123.4750000052245
1759.2499999994955
5543.850000006134
1900.4999999993615
5148.225000004589
1983.5499999992917
4781.5500000046195
5297.450000005567
2883.7499999985635
2373.324999998937
1662.4499999995774
4527.00000000486
3865.1500000056453
2381.6749999989293
5191.250000006223
4830.95000000704
4294.400000005477
5411.30000000586
5824.050000006648
4575.175000005673
5830.72500000895
2141.7999999991475
2795.425000000901
2268.899999999328
2609.650000001173
4016.625000004027
5542.200000006407
2009.9249999992223
6124.675000009509
5397.900000006555
7386.85000001276
1940.9999999993302
6688.200000008993
3199.9250000000748
5386.750000006035
3146.975000000655
3779.7500000021955
6882.125000007505
4261.500000004075
4054.5000000035084
4305.8750000048
4677.225000005261
5172.225000006497
1680.1749999994818
7537.050000009969
3901.4250000055536
2661.1499999988323
7013.025000009689
3781.2500000056434
2133.5249999991547
5167.300000005006
4525.550000005373
4118.800000003856
5653.150000004691
3040.7000000021385
4907.800000004801
1710.9499999995396
3667.4250000026796
2500.8499999988207
5605.200000008881
2915.7250000034696
3522.699999999656
4957.475000005217
1821.8999999993844
1922.499999999347
5339.950000005278
8012.625000012646
1654.9499999995903
7093.9250000084285
5773.750000004653
1836.1999999994255
6332.550000009249
9271.475000016198
3719.7250000057707
3928.700000005646
2802.2499999985466
2996.224999998459
4167.450000002315
4469.800000002604
5230.875000007645
3490.150000001832
4155.525000005338
1647.4249999994968
3016.9749999983514
1093.900000000017
3059.0999999983133
1587.14999999963
2963.7750000010515
4067.774999999817
4215.07500000103
4034.400000005856
5997.350000007039
1732.774999999362
5010.175000007637
5375.750000004765
4008.775000005071
2471.7500000003256
4760.2250000041895
1834.2749999993753
2535.22499999879
4121.225000003649
1468.999999999745
2514.4999999990296
3085.9500000028424
4980.9250000034635
6244.750000009137
7726.200000012985
2724.249999999445
3293.2499999987053
4340.750000005224
7469.175000011291
4076.8250000053763
3999.024999999782
3663.4250000009743
6912.350000008306
3240.4500000028793
8969.275000017262
2817.9749999992955
4635.725000001479
4108.00000000494
2682.7000000015537
3487.5000000005816
3709.200000004641
3018.725000001272
2367.999999998942
1894.6749999993722
3365.7499999986057
4151.450000002115
6980.6500000105225
2393.024999998919
5837.275000004982
2942.9499999986283
1743.2749999995099
5458.500000006299
2296.72500000008
6148.275000008319
4529.750000005102
2329.324999999001
4971.700000005873
3599.9250000026473
3417.5250000001315
3097.674999998491
2255.5000000003442
2066.450000000025
3099.224999998317
3188.200000000261
4501.475000002663
6955.42500001091
2355.249999998953
5414.050000007417
6113.775000006453
2913.9500000013977
3351.525000000468
6945.425000011308
4953.22500000437
4260.450000002721
2723.350000000211
5294.800000006198
1842.24999999942
4419.975000005255
4214.925000005586
4033.2000000050366
6801.750000009065
2503.4250000000748
3847.0000000060727
5494.675000006619
3782.650000002557
1738.2749999995144
5047.425000007206
4973.500000004986
3044.5749999988484
4486.150000004637
4858.0000000050695
4165.175000001855
5403.150000005297
2217.4999999990787
5743.125000008245
6568.425000011464
3048.749999998944
4678.500000004462
2563.4999999988286
4963.975000005553
3559.125000004454
1715.2749999995353
4800.4750000043505
1889.2499999993772
2858.4499999994914
3829.9500000017856
3223.1499999998687
3585.6750000021225
5214.525000002983
3958.700000003569
4568.275000003143
2978.249999998438
6035.925000010506
3925.1500000051465
3850.2499999998404
4838.250000005381
7388.000000010663
5188.500000003896
2932.449999999195
2516.999999999964
5172.550000004851
3429.700000001743
2928.5499999985623
4788.07500000436
1782.0499999994495
5294.975000004622
2567.750000000321
2502.174999999096
4599.525000002785
4133.500000005183
3296.7499999993993
3668.300000000688
3094.92499999884
4297.250000005657
6848.700000007384
5544.7250000088625
2758.725000000407
5369.500000004502
2732.7250000022486
4450.97500000027
6279.025000009631
5255.875000005307
5781.650000005953
6254.750000006032
2846.149999999757
2287.9749999990145
4461.900000004922
4976.175000006338
4773.675000005241
1817.3749999993647
4877.700000004571
3938.450000002725
3411.6750000036063
3294.2749999999355
5213.050000002711
5496.850000003834
4624.425000005411
4734.975000006533
