5383.975000005063
6878.125000010594
4355.275000004935
2219.424999999077
1452.4749999995197
8210.375000012471
1665.4999999995807
4117.450000004762
1665.7499999995805
1584.1749999996546
1999.9999999992765
8620.475000014405
3049.9750000024296
3764.4500000024327
7212.4250000117045
6875.425000010164
6300.200000009549
1564.7249999994594
2450.749999999158
4123.950000000399
3036.2250000017616
2651.9999999993065
1802.9499999994557
6576.600000010202
2231.799999999266
3187.224999999578
5460.675000005566
1818.5249999994414
3262.225000002856
4329.200000000245
6453.2750000059605
2932.8749999984284
5797.875000008031
4095.7000000019775
5965.650000005382
1945.4499999993263
9562.650000017256
3326.50000000092
2258.4499999990417
4181.450000000402
3814.325000005418
1317.8999999998816
6783.675000010778
7733.0000000110795
2938.150000002651
5306.450000007967
3662.650000004273
3242.2000000014714
2069.9749999992127
4367.675000004745
3317.675000002646
4266.2500000053105
3238.6750000004295
2422.6749999988924
3648.4750000039444
3406.9749999986702
5888.02500000484
2442.724999998907
2001.3749999992754
4302.650000000774
5190.975000007266
8778.450000017217
1303.3749999998804
1388.224999999722
5375.100000008984
2944.974999999841
3317.7750000024153
3438.7000000016114
1664.7749999995813
4277.975000005021
3862.7250000056365
2522.6500000009246
5099.450000004558
8842.225000014638
8344.67500001586
3536.500000003183
4471.975000004844
4514.525000004611
6057.700000009395
8864.075000014716
2502.774999998708
2787.049999998814
2931.2249999993664
4502.125000004699
3689.825000001213
3475.225000001031
3426.4500000024022
5469.250000005955
3332.325000003233
2981.6249999985303
4781.200000003131
6177.7000000109665
2500.774999998821
2615.5749999990767
1682.8249999994584
5973.900000009728
4236.900000005234
4315.500000002671
4590.525000004542
2610.6750000020616
4668.475000004673
4383.500000004729
2030.749999999242
1840.4499999994964
5808.475000005908
5236.700000005072
4760.7000000047055
6575.8750000111795
9502.725000017039
1522.8749999996621
2218.0249999990783
4803.875000006318
4962.050000005217
1588.174999999651
4266.025000005093
4728.675000004417
3891.450000004387
4528.225000005405
4459.125000004896
7067.15000000818
5050.475000006298
4363.7000000052485
4521.500000005106
4524.7250000046015
3619.475000000982
5389.150000007713
4860.200000004543
4520.000000005108
2623.675000000875
2274.499999999089
2533.7250000002578
4766.4250000050815
2994.99999999893
3354.1999999996137
3729.450000005325
1904.4749999992769
2122.1999999991654
4842.500000005295
3368.6000000039367
3804.475000004858
6631.675000007828
2204.99999999909
5849.425000006837
3655.200000005658
5307.450000007466
6330.975000011071
5880.97500000769
3317.324999999335
2123.524999999164
5032.2500000052005
3549.6750000017482
3866.7500000033474
6225.475000010894
4509.975000003398
3396.9499999997897
2889.524999998467
3787.1500000045708
6499.500000010883
5202.975000006436
6410.750000009027
4457.9250000008215
2234.499999999063
5772.225000006374
5683.425000006455
3904.4500000051657
6802.40000001105
6669.125000010545
2513.5249999990656
3000.424999999683
2699.8999999996327
1993.7499999992824
6795.62500001041
4485.549999999384
3585.2000000019607
1526.1999999997074
2925.0500000003794
2105.6999999992377
5515.925000008211
5110.400000004069
1773.649999999444
2830.950000001346
4637.825000004668
3012.7000000011003
1902.9249999993647
3933.650000005368
1807.474999999311
7907.625000014126
3027.1500000001192
1417.1999999998066
4718.5000000056825
2062.2499999992197
2903.2499999995525
2745.5499999993463
2161.5749999991294
1550.9749999996252
2297.4499999990057
4077.3500000025824
6998.750000009919
4965.250000003953
5762.62500000926
4972.750000004711
1437.1499999997295
4432.400000004953
2970.9749999983933
2328.1749999993363
2939.2250000014587
6927.92500000994
1977.724999999265
2193.4499999992704
3487.7500000003947
4426.950000000338
4670.525000004898
3554.50000000159
7115.400000011796
2348.4999999996394
7151.375000011418
2002.4749999992744
1325.699999999838
5009.625000005506
1821.9249999993715
2920.925000001188
4292.175000005257
3119.025000001285
4017.6750000026004
4892.450000005038
3173.4500000005864
1654.7499999995905
1527.249999999703
2921.524999998438
3297.74999999983
3753.9250000056268
2252.6750000005095
1934.9249999993358
2719.2499999987213
3113.725000000164
5247.925000004632
1918.4749999993066
2627.2249999989467
3780.1250000052787
3251.9250000011825
4634.375000000575
1656.4499999995892
4795.950000005485
1594.7249999996452
5466.475000005161
4362.525000004064
5737.350000005767
2419.9999999989373
2254.499999999045
3060.749999998427
8640.775000014157
4099.925000005218
4537.77500000459
2674.0249999986636
5245.3500000060285
7568.450000012474
3293.7250000023537
4891.97500000489
4620.750000002901
2162.22499999993
7207.700000010906
7442.500000011341
3206.699999999588
4399.550000006291
2994.1500000009146
3821.5000000026967
1638.1499999995694
3504.4499999992986
1697.2499999995518
2933.0249999994176
1725.2249999993915
1729.2249999994906
2575.7499999988027
6670.450000006895
5725.350000005201
3660.6500000005026
4494.550000001851
7667.000000013264
1583.7249999995038
3985.1749999989215
3249.724999999372
2290.3499999990127
1944.2499999992533
2474.674999998845
2657.2999999986787
4043.1250000023997
1870.724999999394
1688.6999999994769
1923.599999999346
3790.97500000546
1737.2249999994515
5103.125000005828
3266.250000000002
5646.275000003494
5795.700000006445
3134.3750000002183
2116.9749999994892
2276.774999998991
5322.500000004694
3760.0000000017885
3790.2000000056078
5459.450000006236
4602.675000005078
2374.7749999989355
3592.875000005449
4381.500000005039
2304.974999998999
3438.025000000968
2575.499999999931
2590.1749999987733
3794.275000000936
2736.799999999248
4975.750000003047
4154.2000000057615
2202.699999999092
4471.9250000046495
3333.2750000008155
3289.7749999987414
3465.4750000036765
4269.700000005347
2953.1000000031354
2008.4249999992346
2679.2249999995684
4395.250000004681
4018.725000005277
2476.1749999991825
7291.250000011127
1267.899999999908
3308.6500000006554
4351.375000005224
5238.000000004609
1947.224999999243
3930.475000002031
1661.1749999995031
1816.2499999994436
2684.0249999986545
4976.975000005043
3802.4250000030247
5510.450000005728
3213.000000000525
4292.6250000052605
5378.675000004908
2637.0499999986987
8229.600000013452
3632.1750000023103
5629.225000004383
3262.1500000007363
4497.975000005288
1758.6499999994958
2550.4499999987756
1706.9499999994841
2861.7000000028174
1955.9499999993166
2435.2749999989824
3209.925000003249
5147.725000004735
4898.175000002697
3859.449999999254
3200.700000000008
4722.925000004634
2205.42499999909
1513.4249999995977
4172.500000005349
4568.975000004976
3684.3750000015066
3323.4250000030647
2537.449999998788
2256.699999999043
3878.7000000056655
3836.225000005397
3841.024999999968
3754.975000005659
5247.700000005612
4882.175000004481
4484.17500000548
6511.925000010196
5290.925000006558
1788.9249999999429
3775.449999999265
3962.900000005113
2523.9249999987996
1461.1749999996964
5587.900000006457
5141.4000000035785
2851.0499999985022
4570.975000003988
6064.175000007293
5395.275000004462
2902.6749999984554
4687.475000004721
1662.9499999994937
3823.175000002715
1565.924999999615
3176.224999999863
4371.975000004741
6364.200000011206
2199.1750000004135
3674.774999998893
3849.700000005608
6330.250000007596
6961.425000010674
7161.450000011445
3192.725000000277
4009.6750000039074
8077.600000011855
2794.92500000217
2429.424999998886
2998.2999999983685
3427.7000000013322
5272.725000003788
1234.624999999935
5505.425000004332
5344.1500000044325
4611.025000001741
4663.42500000485
4466.200000005203
1564.9999999996414
1931.199999999319
4027.6750000050533
4838.000000002633
7069.500000010348
5749.650000009792
2044.9249999991916
2226.7749999990556
1350.9499999997668
2218.9749999990777
3004.4499999983627
4758.275000005986
4776.1000000053555
4961.500000005443
5216.175000006864
2853.650000000315
3827.150000005462
4674.475000004681
3360.000000002612
4175.500000002652
5740.475000004657
2192.499999999084
2620.475000000911
4394.92500000537
3385.0000000023733
2918.5249999985554
1081.0750000000014
3554.175000002968
2359.1999999998793
2823.649999999755
2344.4499999991335
6448.70000000885
2347.224999999357
2710.9000000012393
4100.175000005724
1987.2249999992882
5561.775000005253
1173.7249999999533
2556.199999999485
2500.2499999988217
1960.2499999993129
4828.225000002116
3232.9249999993344
4808.5000000044765
5525.625000009383
5070.725000007053
5324.500000004586
2108.424999999178
1721.4999999995298
1786.899999999389
4290.275000005343
4850.625000006617
4523.775000004836
2458.5249999988596
4229.000000000946
2306.6750000000666
6790.42500000859
3744.2250000020745
3441.1750000039
2109.3999999990706
6792.975000011089
2302.2499999990014
6526.500000010841
2449.9750000005406
3281.4999999989022
5311.750000007745
2349.2499999989404
3780.675000005822
4402.9000000054675
1793.4999999994643
2265.474999999035
2525.4499999999
2797.1499999985517
2319.699999998944
4029.9000000043393
1546.9749999996884
2965.400000000841
3062.024999999445
4659.925000004195
1437.899999999689
4315.775000005502
3109.7000000022445
4240.50000000545
3064.2999999983085
7233.175000011934
4061.724999999735
3872.6250000056416
2048.974999999232
2732.64999999861
3770.675000005743
4554.250000005041
3310.9999999992547
2189.1750000004804
2367.774999998942
2470.4499999988484
5112.475000005367
2868.749999999245
4922.225000005374
3314.500000002714
3277.4750000004146
1957.699999999223
5645.475000004502
6590.475000011145
2921.6500000020947
2009.6749999996946
6511.475000007935
4365.650000005339
3905.5000000040127
6013.450000007955
4274.700000004829
2290.799999999394
6627.975000011125
3819.450000005494
3945.6250000058967
6349.825000009021
3139.7749999982398
2823.9499999985273
5871.475000006457
2742.2249999994283
2439.099999999195
4409.075000005278
1760.6499999994808
1866.6749999993976
2916.2500000001633
3807.2750000003457
1561.4499999996754
7146.000000010241
4035.4500000054563
3676.250000001237
2304.424999999862
2972.4750000005506
4053.9750000014014
3015.9500000019984
2957.4500000000735
3157.5249999983525
1850.4249999994126
4437.975000005583
3194.200000000016
5466.275000002355
1963.9499999993122
4247.725000005428
2403.1499999989096
2010.499999999274
3200.9749999982123
6045.400000009952
1876.8999999993662
1413.9249999998092
1641.9749999994453
2434.699999998881
4511.500000004827
6922.50000000886
2362.2499999989473
2019.7249999992584
2354.474999999041
7207.075000012186
3964.7500000025643
3290.950000002943
5987.7250000081885
2262.9499999990376
2688.924999999971
4196.22500000529
6718.450000008045
3379.750000001302
4152.200000002544
3076.725000000528
2882.22499999942
3814.950000005635
4330.900000004541
2585.4749999988435
1623.9999999995648
2019.9999999992124
7407.950000011787
1953.1749999992887
2777.2249999985443
4787.250000002216
3901.200000005169
4344.550000005587
3708.400000000669
3089.0249999996204
3880.6750000058914
2794.199999998554
2210.1999999990435
4366.725000004952
2342.4999999988904
3561.150000001056
2227.974999999069
1885.1999999993518
2211.724999999084
3363.2000000019143
1645.42499999956
4296.25000000505
2180.0249999990624
4728.700000004416
2467.524999999483
5072.175000004988
2099.72499999978
2428.724999999639
4074.000000000816
1533.7499999995302
4521.225000003875
3483.9000000020387
3797.2500000019313
5448.4500000034295
4015.675000005536
3623.25000000002
6398.475000010918
1681.1999999995664
6345.65000001083
4163.624999999753
6287.150000007136
4547.925000005602
5289.475000006441
2750.649999998678
6050.150000007538
4232.675000004706
2478.1750000006514
2207.2499999990378
3022.72500000063
4362.775000002503
2501.4500000002326
2794.924999999019
4288.475000003915
7633.2000000111275
6476.250000011218
2028.249999999251
4951.2000000042135
8084.675000011881
4386.675000004972
4733.175000006166
9270.775000016343
2676.4500000009443
4387.475000005014
2372.274999998938
3775.3750000020136
1610.94999999963
3726.8500000016998
3184.2999999981994
1421.6749999998024
4611.700000004795
2255.4000000006063
2277.9999999989627
6476.100000010881
3513.8750000031514
5454.925000008125
2876.6750000023185
5750.000000006285
4596.425000005198
2491.5250000003225
7315.5000000104665
4047.4000000050355
1679.199999999513
3992.675000003524
3094.249999999665
2135.999999999153
4088.650000002575
3440.999999998984
3939.325000002653
2902.674999998781
2617.2499999986785
4278.52500000558
1261.4749999998628
6234.950000011127
3836.7250000054128
1238.9499999999014
3291.6750000006123
2087.674999999097
4760.225000005212
3469.425000001388
5341.400000005975
3337.9999999998363
4533.625000004893
2612.774999998719
1567.9749999996693
2903.9999999984548
4148.475000005143
2461.6249999992583
2667.7499999986694
4860.225000002227
6827.175000008683
3328.7750000003293
3636.9750000011727
6851.150000011406
5498.525000005327
2816.0249999985344
4946.47500000247
2312.699999999323
2839.7249999996384
5032.825000004353
6996.375000011192
1869.9999999993947
5761.425000008729
2402.8999999991115
2449.2500000008968
3177.700000001822
5938.650000009964
4082.2250000036042
2889.7749999989624
1761.724999999386
9293.400000016278
3133.225000001612
6382.250000011236
3493.600000001525
5443.225000006441
6751.675000011148
2023.4999999993522
1639.4249999996046
4562.500000005193
2506.3999999987964
2239.999999999056
3704.7999999998383
2186.024999999092
2554.9749999991845
4252.500000004351
1963.9999999993092
3922.2000000053476
2494.0249999988273
4626.4750000052445
2868.699999999458
3472.9499999998575
5712.225000006838
2748.1500000002716
4968.025000004199
2838.6499999990474
4071.8250000057064
3599.700000005835
7077.475000010623
6348.100000011747
4448.975000004671
1637.6499999994958
3921.22500000098
5792.450000006843
2696.925000000075
4702.000000004728
6056.650000010519
4420.425000002742
2596.150000001425
7485.950000012089
2580.9999999987376
3458.4250000050693
2808.9749999984724
2691.9249999986473
4344.5500000012125
4293.450000004825
5384.00000000666
4095.5000000052396
1728.7249999995233
5501.625000006036
1861.2499999993784
5124.25000000456
1941.4749999993296
4745.775000004597
5257.225000005495
2842.674999998601
2339.049999998968
1622.249999999614
4490.000000004846
3826.90000000563
2347.024999998961
5148.975000006136
4795.550000006944
4255.175000005444
5378.925000005802
5788.47500000663
4534.375000005557
5787.275000008844
2114.774999999172
2760.4000000008755
2227.499999999311
2577.70000000112
3982.4750000040585
5508.9500000063545
1971.2499999992513
6091.025000009458
5366.4000000065225
7357.875000012684
1908.8999999993594
6639.575000008912
3162.900000000007
5348.92500000602
3117.77500000061
3727.8750000020705
6854.7250000074055
4230.725000004034
4020.4750000034587
4263.775000004839
4646.800000005207
5147.325000006477
1649.27499999951
7500.150000009899
3862.2000000055195
2617.4999999988286
6986.625000009608
3748.4250000056422
2092.324999999192
5141.025000004918
4493.200000005333
4081.350000003867
5608.950000004571
3012.4000000021547
4876.250000004774
1680.9249999995666
3640.200000002678
2457.149999998861
5573.150000008776
2890.9250000034062
3493.1499999996454
4907.975000005177
1790.7999999993956
1872.149999999393
5300.525000005186
7970.950000012495
1604.77499999963
7064.600000008356
5739.475000004582
1804.274999999453
6283.250000009185
9221.650000016018
3686.90000000575
3889.725000005643
2761.8249999985837
2951.1999999985
4123.40000000226
4421.775000002615
5196.650000007621
3456.975000001792
4125.275000005331
1619.3749999995182
2977.949999998387
1067.6750000000375
3027.249999998342
1563.4749999996448
2920.4750000009917
4025.7999999997232
4179.775000001063
3992.6000000058093
5945.350000006972
1706.499999999384
4984.375000007567
5341.20000000474
3964.9500000051107
2440.6750000002944
4735.97500000413
1800.249999999406
2492.7249999988285
4089.7500000036785
1428.8749999997572
2481.9749999990136
3061.900000002851
4941.200000003435
6208.950000009115
7682.900000012874
2692.4999999994743
3255.02499999874
4313.150000005207
7435.9000000112455
4047.700000005372
3952.9749999996197
3626.0250000009064
6878.000000008229
3213.950000002842
8937.400000017145
2791.974999999282
4610.550000001387
4070.7000000049593
2646.0250000015
3451.45000000055
3676.550000004637
2983.2000000012185
2328.0249999989783
1860.1749999994036
3336.674999998585
4106.000000001979
6950.950000010495
2357.999999998951
5806.125000004877
2915.8999999985936
1702.9749999995465
5419.225000006313
2253.6750000000484
6117.450000008253
4492.275000005075
2302.899999999001
4929.700000005851
3567.5000000026766
3378.275000000104
3066.0499999985195
2228.3500000003255
2039.225000000028
3069.9749999983032
3145.1750000002326
4466.975000002538
6920.950000010836
2314.3999999989906
5381.900000007384
6080.5250000063925
2884.2000000014245
3307.2000000004887
6898.700000011208
4918.150000004384
4226.725000002736
2695.250000000164
5243.125000006112
1808.224999999451
4384.925000005222
4188.975000005574
4000.52500000505
6762.775000008942
2468.2250000000777
3808.6750000060215
5457.875000006575
3762.975000002522
1696.7999999995523
5016.72500000718
4941.450000004953
2998.69999999888
4443.350000004676
4824.025000005
4128.000000001866
5370.400000005177
2174.2749999991183
5705.350000008188
6534.900000011385
2993.1999999988557
4640.2500000044965
2531.1749999987696
4928.450000005491
3517.5000000043956
1678.6499999995685
4770.250000004378
1856.7999999994067
2822.2499999995243
3800.675000001711
3189.2249999998226
3544.2250000020563
5180.175000002858
3922.675000003602
4535.725000003091
2922.5499999984377
6003.625000010457
3886.9500000051817
3805.9749999997794
4805.800000005294
7345.900000010562
5143.025000003747
2900.27499999921
2485.2499999999536
5141.425000004867
3396.175000001738
2893.524999998513
4748.725000004378
1752.1999999994628
5258.1750000045595
2533.3750000003524
2465.27499999905
4573.275000002775
4096.900000005156
3258.249999999276
3635.250000000642
3062.0249999987946
4249.6750000055745
6804.250000007221
5497.47500000879
2731.025000000376
5331.97500000439
2704.9000000022056
4404.725000000273
6243.650000009553
5214.450000005243
5733.400000005857
6219.6250000059445
2814.399999999785
2256.2749999990438
4423.2250000049
4940.375000006256
4731.675000005149
1789.9999999993895
4840.475000004566
3913.725000002727
3376.150000003639
3249.174999999882
5163.9250000026195
5452.775000003778
4589.15000000535
4700.450000006485
