11710.40000002507
11193.30000002319
11133.200000022971
3728.1999999977047
2772.399999998574
11211.300000023255
2866.2999999984886
10777.200000021676
2902.199999998456
2560.399999998767
3339.1999999980585
11192.300000023186
7850.100000011027
8396.100000013013
11243.200000023371
11595.200000024652
11221.200000023291
4347.599999998285
4722.299999999648
6177.400000004942
7633.500000010239
4766.199999999808
3805.4999999976344
10999.200000022483
4736.699999999701
5477.000000002394
11171.20000002311
2260.2999999990398
8713.600000014168
6652.600000006671
11134.200000022975
3799.39999999764
12017.300000026187
8539.100000013534
8952.700000015038
3119.3999999982584
12111.30000002653
6717.100000006905
3481.0999999979294
6816.100000007265
11147.200000023022
1949.1999999993227
11493.400000024281
12126.200000026583
8328.400000012767
10909.100000022156
9960.100000018703
7131.100000008411
3914.2999999975355
10921.1000000222
8224.100000012388
11524.200000024393
6108.20000000469
3365.5999999980345
9884.100000018427
4661.599999999427
11441.200000024091
4323.399999998197
3393.599999998009
6066.200000004537
11581.300000024601
11935.60000002589
2161.19999999913
2280.4999999990214
11924.40000002585
5739.300000003348
8115.000000011991
7424.100000009477
3094.499999998281
11117.200000022913
11495.100000024288
6494.600000006096
11551.200000024492
11778.400000025318
11933.800000025883
9322.600000016384
11127.000000022948
10937.100000022258
11153.000000023043
12088.700000026447
4227.299999997847
4819.4000000000015
4844.300000000092
11130.20000002296
7824.500000010934
6972.200000007833
8516.600000013452
11529.400000024412
8870.200000014738
4772.3999999998305
10169.400000019465
11186.200000023164
3608.199999997814
4990.800000000625
4453.49999999867
11197.200000023204
11536.100000024437
8298.700000012659
10915.100000022177
7442.500000009544
11112.200000022895
10914.100000022174
2963.3999999984003
4624.499999999292
12085.300000026435
11569.200000024557
11189.000000023174
12168.200000026736
11948.500000025937
2346.1999999989616
3702.1999999977284
11564.50000002454
11224.300000023302
2935.4999999984257
11193.20000002319
10917.100000022185
10216.100000019635
11540.400000024452
11218.30000002328
11505.500000024325
10909.100000022156
11735.400000025162
11511.400000024347
10939.100000022265
6836.400000007339
11885.500000025708
11274.300000023484
11591.200000024637
6326.400000005484
4261.199999997971
5572.10000000274
10920.100000022196
5235.600000001516
5943.4000000040905
10922.100000022203
3529.2999999978856
3147.299999998233
11509.200000024339
9741.500000017908
10733.200000021516
11291.000000023545
3520.199999997894
10258.200000019788
11184.300000023157
11403.400000023954
11593.500000024645
11969.400000026013
5315.100000001805
3571.899999997847
10914.100000022174
6757.100000007051
9597.400000017384
11285.600000023525
10114.500000019265
5801.100000003573
4114.599999997437
10294.100000019918
11560.200000024524
9797.20000001811
11891.40000002573
6095.200000004643
4290.399999998077
11831.500000025511
12080.300000026416
10906.100000022145
11748.60000002521
11207.20000002324
4659.299999999419
5776.600000003484
5556.9000000026845
2950.299999998412
11295.10000002356
5835.100000003697
6903.300000007583
2648.5999999986866
5987.1000000042495
4613.7999999992535
11548.300000024481
10917.100000022185
3430.3999999979756
7078.200000008219
11152.00000002304
6890.200000007535
2699.1999999986406
11141.200000023
3867.299999997578
11496.600000024293
5781.1000000035
2265.1999999990353
11144.200000023011
3478.399999997932
5434.500000002239
4871.20000000019
3181.199999998202
2751.499999998593
2900.1999999984578
6670.200000006735
10935.10000002225
10257.400000019785
10936.100000022254
11473.400000024209
2977.5999999983874
10055.20000001905
3670.599999997757
4990.1000000006225
6905.20000000759
10926.100000022218
2904.399999998454
4683.499999999507
6704.400000006859
6116.100000004719
11181.200000023146
7508.100000009783
11941.700000025912
5077.30000000094
11181.200000023146
3628.0999999977957
2148.1999999991417
11474.200000024211
4159.6999999976015
7241.300000008812
11492.500000024278
7384.200000009332
8958.50000001506
12077.300000026406
6303.100000005399
2544.799999998781
2830.499999998521
4255.699999997951
5820.200000003642
11419.400000024012
5861.500000003793
3447.29999999796
4433.1999999985965
5511.500000002519
11643.400000024827
4525.2999999989315
4434.1999999986
10907.100000022148
7254.600000008861
6135.200000004788
3125.199999998253
12015.20000002618
2217.199999999079
10910.10000002216
10679.40000002132
11470.400000024198
4505.4999999988595
3262.3999999981284
4552.699999999031
12129.300000026595
11140.200000022996
10919.100000022192
3632.199999997792
11680.00000002496
11517.200000024368
8343.300000012821
10913.10000002217
9093.20000001555
5289.400000001711
11910.500000025799
11586.200000024619
5533.300000002599
11375.400000023852
6460.200000005971
8698.200000014112
3160.299999998221
5476.200000002391
2171.199999999121
5476.400000002392
2878.5999999984774
3100.199999998276
4312.199999998156
11612.300000024714
11529.400000024412
6616.100000006538
7498.1000000097465
11612.600000024715
2716.499999998625
5498.100000002471
5302.1000000017575
3459.399999997949
3523.599999997891
3716.1999999977156
4433.899999998599
7629.600000010225
2612.3999999987195
3541.3999999978746
2989.199999998377
11132.200000022967
3493.1999999979184
11527.200000024404
6148.300000004836
8762.300000014346
11935.300000025889
6252.200000005214
4753.599999999762
4337.199999998247
12022.400000026206
6817.40000000727
11430.400000024052
11166.200000023091
10922.100000022203
4193.7999999977255
10935.10000002225
11454.40000002414
3177.099999998206
6860.1000000074255
5239.100000001528
4679.399999999492
7359.400000009242
4988.600000000617
8336.200000012795
11988.300000026082
3531.8999999978832
10904.100000022137
6993.40000000791
5025.500000000751
9325.200000016393
11635.200000024797
8652.400000013946
2988.1999999983777
5069.10000000091
10923.100000022207
11206.200000023236
4524.1999999989275
12221.60000002693
1889.2999999993772
5582.100000002776
11431.500000024056
11841.800000025549
4218.299999997815
7261.300000008885
2541.599999998784
2941.59999999842
3559.1999999978584
12241.300000027002
9140.400000015721
11199.200000023211
6647.200000006651
11534.20000002443
11205.000000023232
4432.499999998594
11261.300000023437
7634.200000010242
10936.100000022254
6555.0000000063155
11786.100000025346
3296.2999999980975
3869.599999997576
4211.49999999779
8174.200000012206
3179.399999998204
4852.600000000122
8960.400000015066
11917.400000025824
8045.200000011737
5969.200000004184
6109.300000004694
11172.200000023113
4387.199999998429
2660.299999998676
11462.400000024169
11233.300000023335
8069.200000011824
8835.400000014612
4042.299999997419
4034.499999997426
11565.300000024543
11179.300000023139
6290.100000005352
11450.500000024125
11640.500000024816
10260.100000019795
12036.200000026256
11391.700000023911
11527.300000024405
5044.30000000082
5211.500000001428
10916.100000022181
3740.3999999976936
2986.2999999983795
11201.200000023218
7946.100000011376
4133.399999997506
10914.300000022175
10224.200000019664
8535.20000001352
3679.499999997749
11559.400000024521
3817.4999999976235
8764.200000014353
2804.499999998545
5956.000000004136
10915.100000022177
11530.500000024416
5698.300000003199
5292.300000001722
11460.400000024161
11680.300000024961
11909.400000025795
12162.700000026716
6129.300000004767
8506.400000013415
12040.20000002627
7435.100000009517
3412.399999997992
4044.399999997417
7417.0000000094515
8981.300000015142
1795.2999999994627
11220.200000023287
11711.300000025074
8194.50000001228
10924.10000002221
11662.400000024896
2972.1999999983923
3333.299999998064
10925.100000022214
9084.100000015516
11509.40000002434
11608.100000024699
4233.199999997869
4464.199999998709
2717.299999998624
3094.1999999982813
4186.199999997698
11647.600000024842
8831.100000014596
8405.100000013046
11685.50000002498
6230.000000005133
11238.300000023353
11198.000000023207
8662.200000013981
8316.600000012724
11205.300000023233
4324.2999999982
6501.600000006121
10922.100000022203
8045.1000000117365
4733.69999999969
1717.6999999995332
8923.300000014931
5043.100000000815
5676.2000000031185
4452.299999998666
11251.3000000234
4881.700000000228
6638.300000006619
11892.400000025733
3191.399999998193
9255.200000016139
1617.1999999996247
4887.3000000002485
3420.199999997985
2884.399999998472
6992.200000007906
5150.300000001205
10923.100000022207
11535.200000024433
11801.200000025401
11859.500000025613
3372.1999999980285
3209.1999999981767
3585.3999999978346
11599.200000024666
11875.400000025671
11163.20000002308
3460.1999999979485
7468.100000009637
5179.20000000131
11175.200000023124
7439.300000009533
9422.100000016746
3304.2999999980902
11935.50000002589
3836.2999999976064
11493.00000002428
5731.200000003319
4956.3000000004995
10924.10000002221
3517.2999999978965
11713.300000025081
11950.400000025944
3566.499999997852
4490.599999998805
5804.500000003585
3833.0999999976093
4077.599999997387
10350.200000020122
2878.7999999984772
6642.500000006634
5582.300000002777
10628.100000021133
3047.499999998324
11888.400000025718
7735.200000010609
11686.300000024983
3884.6999999975624
11164.200000023084
5500.500000002479
11719.500000025104
3127.1999999982513
4361.1999999983345
11781.400000025329
11562.300000024532
5136.200000001154
5574.400000002748
3532.099999997883
3693.1999999977365
11508.100000024335
5130.400000001133
11750.600000025217
8729.300000014226
6601.600000006485
4025.4999999974343
10921.1000000222
11973.600000026028
7581.200000010049
4985.500000000606
11989.500000026086
11766.500000025275
9929.10000001859
11534.20000002443
10916.100000022181
4583.2999999991425
12062.900000026353
11244.300000023375
11945.400000025926
11588.500000024627
4183.399999997688
4595.299999999186
9847.100000018292
5161.600000001246
4536.199999998971
11708.500000025064
3379.199999998022
3187.3999999981966
5964.200000004166
5761.100000003427
2299.499999999004
11435.10000002407
11554.100000024502
7238.400000008802
5138.200000001161
6220.2000000050975
6861.40000000743
7443.200000009547
5576.200000002755
4723.599999999653
3273.2999999981184
11167.200000023095
6186.300000004974
6759.5000000070595
4342.299999998266
11663.3000000249
3654.4999999977717
4593.1999999991785
4233.199999997869
11436.200000024073
3275.099999998117
2319.399999998986
2864.2999999984904
3262.2999999981284
11255.200000023415
12199.40000002685
3586.4999999978336
3507.1999999979057
4580.499999999132
11983.300000026064
8682.100000014054
8906.30000001487
11198.300000023208
3682.3999999977464
5728.600000003309
11370.200000023833
11561.100000024528
7513.5000000098025
8970.400000015103
6031.000000004409
5058.300000000871
11523.50000002439
7704.400000010497
4329.399999998219
3050.499999998321
3828.1999999976138
11151.000000023036
4280.699999998042
4161.799999997609
6487.40000000607
10941.100000022272
11962.000000025986
7279.000000008949
5768.3000000034535
11915.600000025817
3973.3999999974817
4194.299999997727
11117.200000022913
3814.0999999976266
7432.500000009508
3074.1999999982995
3583.1999999978366
4023.499999997436
6873.100000007473
2338.099999998969
11471.2000000242
3830.6999999976115
10931.100000022236
5007.300000000685
11585.500000024616
5018.7000000007265
4968.100000000542
7394.300000009369
3201.4999999981837
9808.20000001815
7898.300000011202
7988.100000011529
10755.500000021597
11519.300000024376
6169.100000004912
11437.000000024076
2649.199999998686
11199.00000002321
6120.200000004734
11885.400000025707
11203.200000023226
9103.000000015585
4640.799999999352
9666.100000017634
10833.20000002188
6183.500000004964
4045.1999999974164
6265.0000000052605
9165.200000015811
5833.600000003691
4923.700000000381
10120.100000019285
11291.400000023546
11828.4000000255
3165.1999999982168
10918.100000022188
11191.000000023181
11167.200000023095
11193.100000023189
11729.50000002514
6356.100000005592
11239.300000023357
4395.199999998458
7003.500000007947
2720.3999999986213
6498.1000000061085
4133.199999997505
2065.6999999992167
11228.200000023317
5652.100000003031
4084.299999997381
11529.200000024412
8842.100000014636
11985.400000026071
7918.500000011276
11692.400000025005
10914.100000022174
5859.400000003785
11132.200000022967
10939.100000022265
2650.599999998685
9624.300000017482
5079.100000000946
3810.29999999763
9051.200000015397
5179.700000001312
7062.300000008161
4507.199999998866
4035.3999999974253
11949.50000002594
2168.0999999991236
11556.40000002451
11150.200000023033
1742.199999999511
6113.60000000471
4434.499999998601
12086.000000026437
7473.100000009656
11168.300000023099
5847.300000003741
11350.30000002376
4412.29999999852
2317.5999999989876
3823.8999999976177
11154.000000023047
4705.299999999586
4443.899999998635
7985.300000011519
11489.500000024267
6468.500000006001
7616.600000010178
12001.50000002613
11494.300000024285
3721.499999997711
7808.200000010875
4507.199999998866
5197.1000000013755
10909.100000022156
11182.20000002315
2853.4999999985002
11729.60000002514
4393.199999998451
6341.70000000554
7583.400000010057
11526.400000024401
7223.200000008746
4981.20000000059
3399.299999998004
12039.500000026268
7637.900000010255
11561.200000024528
7376.100000009303
11191.300000023182
12032.600000026243
4660.599999999424
2320.399999998985
10940.100000022268
4026.4999999974334
3777.29999999766
6295.5000000053715
3623.2999999978
4662.29999999943
10873.100000022025
2741.1999999986024
11152.20000002304
4059.3999999974035
12069.600000026378
5122.300000001103
5452.100000002303
11950.500000025944
5910.500000003971
10908.100000022152
5092.600000000995
11965.400000025998
11690.500000024998
11992.400000026097
11939.300000025904
10910.10000002216
2955.4999999984075
5944.200000004093
12055.500000026326
5851.100000003755
11234.200000023338
11276.500000023492
8650.60000001394
6785.200000007153
11171.20000002311
4141.199999997534
10476.10000002058
4604.69999999922
3912.1999999975374
7025.600000008028
10993.200000022462
9424.200000016754
11169.300000023102
2418.199999998896
11675.400000024943
2926.199999998434
11629.300000024776
2968.6999999983955
11117.200000022913
10913.10000002217
4286.199999998062
3201.299999998184
2543.3999999987823
11172.000000023112
11433.400000024063
3859.3999999975854
11960.50000002598
11166.200000023091
11705.300000025052
11986.500000026075
11542.200000024459
12122.100000026569
12077.500000026406
3124.299999998254
6546.600000006285
4644.099999999364
6520.200000006189
10050.10000001903
11129.200000022956
3013.199999998355
10922.100000022203
12008.200000026154
11590.300000024634
3581.2999999978383
11212.300000023259
6187.100000004977
11218.20000002328
6547.400000006288
6524.400000006204
12109.100000026521
10509.400000020702
9958.500000018697
10974.100000022392
11915.200000025816
9855.100000018321
2570.5999999987575
11171.000000023108
11488.400000024263
4439.099999998618
11956.300000025965
11479.40000002423
3627.4999999977963
11360.500000023798
11868.200000025645
9954.200000018682
7394.100000009368
7578.100000010038
11587.200000024623
2497.0999999988244
8681.400000014051
3576.6999999978425
11914.400000025813
8995.300000015193
5554.200000002675
12208.600000026883
2531.399999998793
2505.299999998817
11521.500000024384
11590.500000024635
2443.599999998873
12000.500000026126
11146.200000023018
2543.799999998782
11190.000000023178
11597.60000002466
11475.400000024216
11503.300000024317
4421.899999998555
4346.19999999828
7004.20000000795
9198.00000001593
11621.200000024746
7933.000000011329
11456.100000024146
3081.6999999982927
4229.399999997855
1701.499999999548
4254.499999997946
2454.2999999988633
6898.300000007564
5790.500000003534
7538.100000009892
11952.700000025952
11672.000000024931
3215.399999998171
11640.600000024817
11211.300000023255
10928.100000022225
5692.500000003178
10460.500000020524
3083.699999998291
3909.49999999754
9771.100000018016
2501.5999999988203
4423.29999999856
8267.200000012544
7802.100000010852
11132.000000022967
12025.500000026217
4943.1000000004515
4735.199999999695
11483.500000024245
10352.10000002013
11429.500000024049
6471.600000006012
6454.200000005949
10931.100000022236
8676.700000014034
11872.60000002566
5044.50000000082
7687.400000010435
10912.100000022167
7046.2000000081025
6214.200000005076
10297.000000019929
7116.400000008358
3469.1999999979403
2924.3999999984358
4662.099999999429
8636.300000013887
11566.300000024547
3872.1999999975737
8919.300000014917
4613.699999999253
3167.7999999982144
10919.100000022192
5130.200000001132
11437.500000024078
11511.200000024346
4530.29999999895
11168.000000023098
8463.100000013257
6328.300000005491
4392.199999998447
5552.200000002667
5157.5000000012315
4544.299999999001
6196.20000000501
8937.400000014983
11453.300000024135
3355.5999999980436
11956.500000025966
12250.200000027035
6810.100000007244
6460.300000005971
11919.30000002583
10938.100000022261
9084.200000015517
5925.500000004025
11574.100000024575
2866.5999999984883
11610.200000024706
11771.700000025294
10909.100000022156
12106.700000026512
5419.2000000021835
11971.40000002602
10440.20000002045
8884.40000001479
2429.6999999988857
11589.500000024631
11930.500000025871
4711.0999999996075
10911.100000022163
11876.200000025674
8241.30000001245
11565.200000024543
3898.49999999755
11676.200000024946
11879.600000025686
4694.599999999547
10935.10000002225
4550.399999999023
11440.400000024089
10321.200000020017
2630.599999998703
10916.100000022181
2909.0999999984497
5096.100000001008
7136.30000000843
5815.200000003624
7684.100000010423
7644.400000010279
9583.100000017332
8436.50000001316
4446.599999998645
11329.300000023684
10922.100000022203
5991.000000004264
12008.500000026155
12087.600000026443
7378.500000009311
4951.300000000481
5283.300000001689
11188.200000023171
7690.200000010445
4658.399999999416
10935.10000002225
2425.7999999988892
8147.600000012109
5590.100000002805
4608.2999999992335
7311.100000009066
11124.000000022937
5502.300000002486
6917.400000007634
4972.8000000005595
12037.30000002626
11500.300000024306
12104.200000026503
6060.300000004516
11308.80000002361
7740.500000010628
6455.100000005952
11137.200000022985
11209.200000023247
10920.100000022196
11492.500000024278
5309.100000001783
3213.199999998173
11152.20000002304
11225.200000023306
11811.600000025439
3139.39999999824
11212.000000023258
8860.200000014702
9152.100000015764
5795.000000003551
6762.200000007069
10554.100000020864
10733.200000021516
11144.00000002301
