814.9130100000793
629.7204399998549
629.6137600002252
465.78875999996785
448.8157399999645
746.5581400003045
452.7631999999488
666.488230000134
464.3305099999568
578.5028699999291
558.0202699998739
764.9127500001267
524.4014600000497
694.9460699999876
728.7315300003497
683.7499200002194
679.6173600000891
458.82754999999173
566.132519999918
660.5738000000065
635.5857100001349
720.137939999841
477.6292799999357
652.0572599998591
519.014149999961
585.6308699998928
503.50644999994853
534.7220799999186
601.8546200000397
610.9531299998753
696.5029400002853
569.3193799998476
584.9789299998802
635.1732500000893
699.7857100000396
436.5722999999666
776.5366300004072
523.2561499999268
541.1625199999
629.5008699998878
602.4216900000293
483.53442999996946
500.2455899998892
881.343360000567
539.7999400001282
533.3121900001815
539.8722599999337
556.9827799998762
446.553399999936
645.0589800000108
493.88819999990596
565.9274899998632
650.7220699999962
597.1049999998667
548.8373800001681
563.50109999994
651.6566500001984
623.2151499998726
485.7575599999145
675.6952899999326
684.4202700003074
623.6783700001746
484.61508999993197
462.56611999995204
613.2426999999888
487.0320100000083
721.698480000012
529.924519999908
547.5465199999168
469.995939999949
581.5054000002115
595.5098500000206
565.6177899999292
753.3982700005118
791.565670000684
738.4508000001961
664.4115599998943
653.9418899998244
620.7795200001918
811.5202400004605
555.1037999999157
566.6188799998948
543.0393599999668
519.1975100001641
704.984529999971
513.3999099998887
682.6578600000579
530.4442399999382
538.8506499999376
479.5199299998931
658.1518999998476
676.9388900004246
710.9062699998042
554.3408099998949
493.3516599999688
724.6763000002934
500.07974999994104
766.331470000028
612.9567399998584
431.55162000000405
549.0138499999091
626.1437400000173
516.157189999954
459.17824999996895
649.5709199999197
609.7842700000169
771.7708900001588
936.1736800002795
801.3564700004016
568.731629999886
508.5394399999238
715.5259400001751
632.3067199998401
533.241049999957
572.7947800001418
690.7872899997955
513.0438499999316
593.3166499999611
513.7059399999592
682.3692100003515
569.2085299998765
565.0614900002217
533.7599999999132
653.5162800001588
641.6246899999761
672.6052100001948
741.1414700001038
553.1285199998624
506.7462800000167
511.1318499999245
473.97181999995155
658.6901999998272
848.6864299998177
600.2463999999724
721.0432000001142
525.4269699999418
628.7587999998768
684.1558200001757
491.6416099999447
448.2214299999465
724.9757400000491
416.8152999999778
603.6898999999464
493.9725799999583
496.2337199999344
791.0599600001103
698.4956599999126
689.8586899997997
556.2123699999054
620.9934799998834
534.8738299999959
541.0757299999773
610.2909700001699
546.1218799999027
667.8553899998375
655.6556999998625
788.2616099998527
725.9457400001753
726.8228300000801
440.26459999993347
768.0838499997841
641.7865799999047
708.4867100002252
765.1995600001736
536.697659999932
617.8899900001863
688.5216599999081
633.0709299998846
619.9062799999706
726.8671099999013
460.51226999998363
667.640879999844
588.6440799998879
698.0135200001193
470.8357599999561
544.2926499999191
583.1587899999547
653.3376300001805
661.7007900001355
532.296429999934
563.5480400000617
479.5118099999485
627.3223799999603
671.5859899998412
507.38897999995373
446.97546999997087
774.6535000001952
741.0797199997829
547.3246499999595
538.441429999986
486.5796099999233
479.06599999993836
566.9823199998436
556.280529999936
518.4292999999271
596.2269299999116
635.2702499998486
663.3723500000066
519.2202099999525
657.5547700001941
778.3501000002173
453.5298299999743
482.2493800000391
656.0610099998663
555.0896999998995
642.7732999999466
704.3136700001538
558.903399999898
577.9102399998917
585.581439999961
655.1697799999884
789.8944599998846
634.0860299998658
521.9608199999387
508.6653499999756
701.8220400002539
444.67022999992946
515.6391099999505
654.8374600001875
494.4149599999595
539.9086800000425
612.602190000171
762.1783699999462
600.4920899999123
676.104449999857
671.8900399998694
441.8224299999389
502.7338099999272
718.3539499998952
562.0425399999514
449.5553199999788
561.1704499999792
539.230749999912
633.0116099998845
553.0697700000018
838.05750000008
476.2662799999799
531.6938599998958
672.556319999837
582.353159999977
649.4520199999159
431.3405299999296
558.4422299999443
585.1943499998945
715.2113199998773
640.0980300001618
500.9138400000127
442.3113199999495
651.0252499998672
502.10912999997674
1234.985340000122
632.3222800001837
662.686659999831
518.475849999888
658.2337099998279
671.5055900000156
463.32795999994516
530.4100799999547
555.806999999968
553.4170799999902
828.6228900005401
693.0435299998691
672.7551399999013
456.546099999952
476.72008000001495
539.244040000077
446.00027999995945
624.5454199998944
540.5238999999042
646.8063399999237
400.5923599999709
522.6389499999452
613.2666799998703
660.4448400000182
827.1979400003811
576.6809299999223
662.1709599999288
865.1375300005025
490.35142999995594
744.4098899998692
765.4125399997932
604.1855099998356
529.7700199999148
484.80331999995923
555.6511299999177
717.3005600000661
583.6091099998903
452.4971299999426
426.56766999995654
633.4786899999008
448.84098999997
510.0079099999722
594.5591200000018
614.7849299998551
566.0372299998842
589.8880599998562
512.7962899999492
520.5644699999489
479.3037799999272
533.8334500000664
474.15844999998126
657.7719200001266
835.5133600001304
558.4121599999183
519.4821299999421
621.7503300002363
569.7355599998846
553.0870299999613
590.2235099998682
640.1082399998556
695.7288199999779
551.6493899999366
508.9333200000894
830.2852200004884
666.8319099998403
560.6722099998898
493.6032899998999
740.0298999998945
576.6961100001186
751.0838200004102
432.9615599999675
519.6682399999479
503.3320499999325
591.0078300001651
665.322890000199
562.046039999896
848.2331499997941
462.4435499999811
548.8252099999816
589.5542800002193
748.2047000002094
483.68809999997416
612.1368999999557
444.29432999996874
501.7217099999114
485.67928999992654
621.2544099998404
684.4983000000782
616.7963599999404
630.1444499999859
692.2515600001783
692.0618700001556
503.90697999992494
895.3988200000116
618.0020100000282
651.5764199999347
663.3293999998492
500.2663899999508
466.9644299999566
529.7989699999198
435.3004599999996
505.3624199999483
573.0881399999101
628.2001399998308
618.7876100001469
620.2312200001934
605.1770999999671
729.1960199999453
656.3786099999332
756.390159999837
601.9880599999096
454.48704999998904
635.0197900001953
612.2629999998866
697.9066699999786
674.0595400000599
563.4992599999142
571.5751799998928
604.4537500001919
606.8023699999156
561.0763699999175
576.1241800002095
788.9844200001339
585.8762299998975
638.1003399998895
448.02592999998296
707.8730300002848
402.0059300000017
539.0487500000014
506.9717799999484
468.12358999995814
533.0273799999453
597.2682700001448
762.059019999841
579.6430299999262
701.1275599999191
611.0121300002189
768.1773400003071
688.2771499998257
609.2539999998806
557.5607199999235
629.8677199998566
489.63105999995975
603.3040899999689
639.9367199998557
679.3955100001997
429.6167800000133
581.2656399999823
477.155289999954
751.9071900002718
486.62667000005086
745.0427300001327
613.1656099998968
534.5470899999884
667.6838799999356
617.7630299999054
566.9719299998478
826.4932399997617
640.5806699998965
999.8485399998165
532.8282199999458
688.846959999904
761.0801699997761
615.7009000000618
757.7006899998429
723.1834399999029
557.4007999999255
494.21661999994524
564.4114099999277
559.9193599999461
694.483910000027
657.4884199999017
470.4352799999644
515.6654699999474
444.91180999997175
544.0805299999085
375.5394499999244
669.251019999943
534.0661600000069
592.8940899999219
730.8178900001616
774.9688599997498
729.4095199998351
699.4700300001068
535.8609299999016
642.3677400000988
806.7063200001462
471.76524999994734
464.3699199999498
605.5314400001761
479.0886000000758
619.7578999999248
435.07695999999305
562.663909999924
616.934579999879
705.7512099998638
482.4765299999436
742.2896999997938
550.4141099999418
515.9911699999379
471.2889399999201
570.9738599998932
806.0532700002244
475.53159999998275
606.1666799998899
493.4303499999218
501.92613999997724
599.6682400000732
543.293130000019
749.1868999998978
632.7647800002252
536.8995700000031
534.64895999996
795.2426599997875
590.7673199998916
522.3667099999338
618.1084199998824
544.684020000262
675.2327400001269
550.9978599998984
521.4045099998978
545.642829999961
742.3576499999383
517.2504899999441
595.3587799999166
493.9560499999405
759.6530600004312
569.8827699999258
649.1381700000136
512.304269999919
639.2460399999093
856.030049999957
667.2021799998447
433.39714999997443
697.0690100001946
462.4118499999671
542.723139999958
500.51404999987716
549.8438599999288
495.2283599999518
806.8636600000486
551.6712899999471
665.4468599998431
647.5870099999779
690.3016099998267
462.3359199999622
650.8208500003213
524.2458700000511
733.2623599997949
640.7885199998204
679.1537700001286
646.7718200000079
573.4837000002696
521.048829999925
678.6116399998788
528.6244899999657
629.5758599999067
486.5780199999643
494.81471000000425
616.1725699998732
618.240759999839
523.3628499999669
642.5872699999225
610.6617500002386
532.2465799998868
592.3287599999948
514.2739299999516
742.1347899998727
902.749350000491
599.40375999997
549.9425199999313
575.553299999992
481.13329999995796
624.9858699998402
564.5616899999072
634.1914400000838
632.9330499998829
1069.9211400000986
620.0354699998699
646.3670400002113
735.42888000034
720.391919999812
621.0056399999108
717.9473900001154
582.5454299999781
542.767649999936
661.0595799998279
487.93379999996324
464.6794099999443
599.5202699999577
612.9978700000545
463.3151099999614
748.2223800001636
642.4497400001922
595.5309600000211
447.86752999997515
589.4804299999712
517.1774299999439
539.3109500000676
489.25355999998874
628.7080299999218
518.2767299999499
577.537750000001
503.8920399999235
620.0780099999757
445.6847899999873
730.2798400001434
676.0315199998528
661.7740499998723
514.2860799999252
515.9764199999343
481.7627599999216
455.39100999996214
447.6823099999183
506.9904099999287
778.9449800001313
600.421549999834
602.7373099998872
592.2360399998768
570.6739399999202
737.573910000286
464.0638199999483
459.1769799999474
732.212960000135
567.0107999999345
528.0574999999358
475.10991000001087
813.5213800001345
630.8374799999209
515.6628100001205
633.625779999978
616.3788499998932
543.9033599999261
476.5286900001012
555.005919999903
486.2984599999779
549.679449999926
784.4603500004325
466.0485299999701
500.16097999995895
585.1748900000355
486.05486999990285
528.2909299999184
708.1114700000103
570.1581799999716
432.77396999993783
672.2688099998595
605.053089999899
593.1412100001263
509.6306799999639
587.16249999989
489.2232699999472
463.6662499999578
496.7252699999662
459.52275000000157
501.75426999991873
534.9708800002059
591.1747099998943
626.0509999998624
653.2346299998609
665.1302900001898
513.5071799999694
491.1356299999407
702.6361899999923
463.06746999997864
676.5868900001174
655.421329999987
616.6892299998591
776.0577700000752
614.0711500002229
721.155609999801
521.7687399999584
611.4349999998645
610.5099800001942
635.0313699999515
617.2955300003072
623.6188699999551
647.424220000255
623.0590299998792
608.9803000000638
614.2503499998613
521.8085999999553
490.3091699999425
591.9474299999663
692.4771800000541
572.1600499999939
532.3997899999409
491.67474999995676
800.3127200002237
578.4910700002059
485.7230999999468
766.9710099998648
748.7866300002579
658.3055000001445
616.2882800001912
830.0947300004102
519.5834200000365
648.6136499998906
650.2542999998476
545.3534900000794
556.3015799999308
879.4581099997544
697.6500699998526
540.4176899998995
719.2829500001131
579.4606299998809
562.9319799999328
622.0279199999056
665.6897699998332
576.4966999999014
576.3584099999275
585.5773700002288
562.3803799999632
530.8331000000067
595.6879900001219
615.6784099999345
583.0012199998986
544.3298999999338
481.17516000000063
556.15069999992
708.572990000079
486.04833999994844
544.2752599998927
567.7667399998571
547.3378199998955
687.938780000201
440.10299999996585
778.7541400003753
718.9490100000726
437.0024099999713
464.49278999997364
541.2279699999455
659.4377199998522
585.6800800000285
663.9299100001633
547.4298699998677
777.2071699998035
481.7706999999251
487.35238999993294
817.5181199997553
600.7640700001358
456.3356199999595
642.0385999999211
614.6464200000512
792.0780300002884
588.8681499999469
658.0876099998642
754.6812800004752
759.312180000176
701.6420799998632
734.9074199998956
542.0459699999114
598.2087299998817
644.8594300001243
721.7048199999492
516.099689999949
525.4387600002582
566.7696599999018
547.724469999968
552.239760000077
645.6413000004351
636.1700599999397
610.6968199999598
484.1757499999249
775.257650000299
665.960670000018
781.6903900003798
697.5158499998437
766.66496000012
772.2726300001545
567.1477499999274
525.8603499999605
610.2102899998621
528.6435499999096
527.984869999933
680.9882699998495
532.0740499999092
547.6493699999268
636.9155900001429
652.2596699998728
526.5569499999361
515.791569999945
768.8076500001388
488.9155299999838
596.5562799998689
727.7324000001828
543.8722999999256
546.3396199998988
645.0852199998898
622.5816499999615
525.0712400002473
536.7039899998982
714.405650000198
637.4029599998801
486.84793999995713
418.6269899999706
635.0328999999628
519.1465200000076
742.6795000001157
543.7829499999308
752.666569999811
580.8083400000564
641.3118600000646
435.9710899999357
535.4670499999172
431.75645999993327
634.0147299998583
721.555119999831
508.9704000002085
696.9385500000352
668.4838000002046
458.4618399999345
643.9815899998827
579.6814099998985
734.0189100001194
603.2820199998499
730.6374100001424
990.5330500002252
678.0081199998526
555.5914199999145
543.5441999999372
596.7201699999241
506.9342100002328
568.7755399998932
557.2244399999457
641.6946999999006
723.6789299998007
679.3014399999316
633.1716999999178
804.8010400001803
718.2234100001803
465.37716999996655
484.1126099999354
512.8823599999382
534.7406000000378
526.9189899999584
656.2066900001346
603.1278599998717
591.6937799998673
733.5775600001667
771.0365900002306
502.4878199999294
653.2783000000904
570.3873299999126
734.9970800000897
514.5215400000361
690.642260000062
816.4710000001304
511.75320999990583
730.8587500000978
809.5663700000742
631.8440499999123
582.7970000002537
532.9053699999081
728.1992400000736
522.486189999924
634.4372899998838
768.1405800001627
556.8144800002169
627.4827799998814
659.1814899999056
448.5961699999302
637.686349999984
758.992539999921
467.1561499999506
710.665990000174
526.762949999955
488.3868899999606
810.7089999998144
674.448280000379
478.6429199999442
605.2110599999376
724.8549900001616
489.41065999995647
583.8067499998796
858.852120000166
821.1344300005376
552.3010999998997
616.0359599999786
611.785029999894
562.8651099999192
727.3976800000345
779.1815600001637
620.442650000211
585.1666000002034
614.4865999999253
538.4568499999211
623.1564699998717
740.7463799999833
696.3012699998774
732.5323199999882
519.056870000211
516.155769999905
652.422419999851
491.80259999998407
588.0816699998875
484.2937999999674
694.5944299998732
590.0539799999559
767.5223599998266
620.8248600002071
840.112110000097
539.084479999943
505.5555200003385
731.87824000014
645.2401799998377
642.4536399999686
443.1678499999918
534.5828199998871
643.3450099998976
560.5373599999187
505.72940999992295
510.8521699999009
531.290799999964
717.194339999847
481.48857999995437
732.4316200002901
445.6515099999388
514.3974699999442
683.8168600001786
606.926409999932
458.6973500000004
694.6476499997966
675.5795299999969
833.4200400001941
499.6398799999534
675.6545700004921
492.22997999990815
544.7527699999081
575.8820299999285
524.6470199999004
620.4942099999955
532.8477399999309
578.3292700000503
522.6386099999453
707.039529999859
536.9106599999526
691.8343100000391
680.3629600002866
710.7749399998175
805.6185100001135
652.1824499998937
488.2088699999182
727.9000899998567
471.86669999996207
620.256170000397
639.9370900001645
673.6862899999338
575.6847199998965
566.1818299999195
814.9653899998107
627.5652099998706
557.895329999978
486.7862300000151
636.6511699998505
635.716399999907
520.5049400001585
754.481280000158
687.5886399998491
719.5374000001472
827.5869000002394
517.2615699999317
564.8363799999872
758.7218600001772
649.9806099998709
638.8300800000413
592.8537199999741
743.8480699999185
552.5018899999501
613.2143699998904
623.2754100002504
480.15838999994435
716.1640799999444
610.7332399999406
577.8462999999161
731.4065200002838
509.00367999990107
608.230529999865
661.2627100001532
521.56954999988
638.1606999998925
709.4850599998069
704.7523300002048
662.9921500000336
631.6811600002468
566.1303599999138
680.556389999877
626.8181900001513
518.6759399999374
674.951089999955
548.233769999975
526.7821899999534
643.8282900001641
555.115869999915
536.8000499998601
595.5041199998842
561.0818899999086
551.113930000109
466.41740999995204
669.8787499998411
563.9618799999328
678.7475899998727
697.0644200001109
742.5420399998121
708.52367000043
522.0116399999192
657.8818399998164
583.3807899999141
855.1823100002708
707.1584999998003
650.6681299998859
610.6903999999485
654.0505100003004
525.5818499999222
618.3880799999142
582.9598999998549
553.1617399999102
634.994309999916
660.409519999897
543.71384999997
599.8687900000945
561.3755899999217
669.5652299999091
664.3892399999521
586.90352999995
698.820850000172
764.8228199999294
623.8653699998639
453.7107599999531
719.5220900001294
505.70334000008484
631.240079999837
717.8138200003642
635.7137100002184
889.972249999909
698.0714100001526
723.7814599998264
575.4161199998643
666.062550000151
620.4262299998956
600.7022400002359
567.1552099999382
635.7823399998483
550.6487099999548
580.887400000046
570.6376499999727
673.5237899999242
740.728980000044
500.5082900000071
497.62162000019185
