3452.6400400048383
2465.124250002874
1817.1984300015386
1495.7570900004055
1289.4642900000672
3482.274830004945
1502.6124800001026
2118.619760001047
1387.42674000015
1644.3804600003396
1984.1324400012047
1687.2895700009642
2821.131140002208
3918.1185800051717
2017.6507000017914
2146.101390001578
2552.0513400022896
1331.4816199998575
1838.3981400003292
2910.6289900039287
2050.8042600005415
3196.383070003274
1624.9631400000403
3608.405680005147
2125.487080000483
2771.357570002415
2000.1705800015704
2164.556090000458
1704.1644500012749
2349.951380002176
1126.9880900008548
2592.6777000026013
2704.51578000187
2005.0199800010041
1676.0399300013187
1665.3686799999857
4343.06155000431
1457.2351300006071
2644.308930001238
3430.895320003971
4108.224890004801
1580.7489499999513
2639.2853200024156
2601.1899200021453
1456.7554199999288
2868.5993200020316
2250.6934100012436
2800.875950002862
2056.340370000718
2326.287160003009
2785.3950100020525
2482.1275400020404
1612.8939800010637
1589.242760000799
1433.4167700003675
2921.0428100017743
2907.006510002489
2386.507230003005
2613.8987900011703
1563.8674300018888
1317.6911100005937
3193.2860100025246
1811.807040000168
1994.3905500001492
2899.7099300024092
1111.983980000356
2324.8100900016125
3527.0962700027276
1876.1446100001015
1790.373600000995
1681.6163300006383
1849.858220000394
2836.971230001099
2300.081080001864
3073.1128600020543
1935.9790800012456
2670.807870001692
3144.9221600049086
1167.586360000439
2606.0285800016813
1912.781040000436
1381.3452800008415
1693.7200800009834
2047.7032300016226
2774.872620002564
3293.354600002532
1538.7908800009182
2308.7611000011407
1372.5041800005522
2636.3199000015466
2884.0625000026052
4930.263610007375
2155.903790001943
1867.221610000877
1731.7231299999805
3102.894790003535
2662.8033500029273
2357.0856000014865
3392.212530003304
1299.1802399996432
2906.2549500026907
4751.200640006752
1666.953540000336
1651.046649999721
2883.1241000028426
2995.6625800019365
1461.0440900011454
2756.8452400028896
949.5244100006203
1869.0014400004732
2001.6122300007655
1147.4555100012146
1665.6381500015102
1489.9379099999205
2466.250180002058
3162.666300004458
2673.14926000139
1685.2392200005745
1915.3075100005271
2528.878110001906
2939.605440004046
1852.9665400002239
1805.1642100008537
2592.5988400027954
2695.059300001757
2241.6671200005235
2803.028200002873
2022.7539700015698
1484.8802100004987
2139.039690001046
2370.974870000532
2763.2014900040754
3164.758780003365
2118.0336000010675
3139.0305600042957
1679.4595000000795
2412.4687200009516
1558.220860000833
1622.8045500001972
2274.6776600006247
3793.1190400053038
2266.8259900003454
1237.2776100004019
2243.73725000058
2565.088610001704
4006.0182600063777
2836.440240002628
3317.2390600040067
2468.3556900010262
3677.256210005551
2101.55150000102
1553.966820000376
1511.7077300012797
1363.1546200002322
3088.9072500025572
2191.085800001432
3610.1822700050043
1528.062490000897
2343.0147600021173
2624.7262600024383
2808.5864800038435
1618.8330500004336
1632.29716000088
1653.262820000595
2483.8646900009694
1522.1939000006316
1703.926320002436
1559.8708100005565
1966.9480500011944
2272.576720001512
1925.0874499999823
3645.286850004261
2556.455750002405
1142.4384800000437
1293.5991199999692
2468.1266000017686
2013.1601000004844
886.4159900004659
3424.4215800045476
1543.0197400003347
1462.3271500005437
1576.5460400009176
2840.2606100024077
1999.37509000128
1990.9919900005434
1148.654470000044
2084.373760002333
3146.316000003619
1819.6713800002194
2187.4803600011633
1286.9657000001132
2921.079310002332
2330.977820002243
1990.9604300003643
1459.0210800001541
1746.4782700008684
1976.8167900026172
2866.4568400032945
2191.0436100006673
6201.317730010744
2352.4998700016718
1303.2477499998363
2164.652230000338
1785.5720200015573
2220.8546500007155
3055.8566000030087
2114.6234200023396
2090.666300000855
1688.6150300008835
3437.9466200041516
2770.420570002313
3506.094830004216
3060.1414900026175
1702.20709000089
1797.931280000901
3937.262450003551
1981.211900000471
1685.3674900000287
1696.0105800011877
1343.535490000023
1720.851820000601
1422.8056100006893
2240.6241400016115
1904.4993600008395
2574.423870001961
2569.2227400028246
1744.2965000006684
1157.5588100001917
2508.2024400018745
1640.2131400011901
1758.6864099999373
1388.5672200001572
2076.1512100005875
2459.6609900013004
2016.3697300004665
3028.276260003097
1668.463220000232
2358.1510300015543
3041.1224100030045
1742.9488800004538
1755.7757400012454
1494.957420000449
2388.190360001353
2110.0299600005214
4597.632140006903
2232.631640000701
2073.035500001273
1663.8608500004111
2403.151790001231
1662.261809999942
4278.992590005656
1945.8172100004754
3103.7237300040474
1999.6419400013747
3172.4747100038567
3182.174970002838
1645.4328700003496
1787.1087000014384
1532.188680000726
1436.073280000243
2751.612020001543
4033.9239800055684
2730.219460002194
1454.3805300004583
2888.989480001644
1729.064070001815
1088.7874599999577
1392.8329500005236
1862.1840800004543
2707.1742000015406
1607.4814800001297
1844.0382700004277
2652.6425200018857
2245.0272100028396
3760.269850005364
2596.697040002202
3183.8458800032845
2908.562600002874
1229.6033700000842
3114.6147400025525
1853.9659700016682
1953.9369100011952
1897.4191300002944
2046.6285100001862
2145.6712800015594
1642.4246500005393
1835.5948200008447
1551.3424299999738
1178.2641900000428
1323.1624700008385
1852.390890000281
2229.377930001592
1841.3755200007406
2290.537870001999
2238.1224600013948
3125.873380002474
1339.258909999973
1849.0112700002155
2361.517590001509
2100.0441500003267
1516.0740300000168
2798.0200500030087
4578.613040007108
2129.573790000601
2795.0378800017106
1860.3395500002578
1797.955920000794
2399.581840002059
2753.4152600023294
2902.0779000020552
2049.0540000012966
2440.3355300016688
2670.5089400013567
2264.6804600007426
2141.2393800019217
2897.110020002785
1954.7442100010035
2602.396790001833
1504.6606300005087
2114.1829900009416
1489.8328300003295
2122.184570000262
2136.6304700007013
2014.1511900021987
2635.1694400007605
2387.05306000118
2105.0289800010864
1465.9244499996732
1771.4067600007997
1482.9715000007084
2376.8572200014314
1488.3439699999838
1320.3700300010335
2045.4099200001508
1711.4761800002857
2170.698910001098
2826.0997500017243
1497.160260000584
3642.654400004085
1911.1596500013686
1532.7290800008582
3595.5686200049095
2881.986360002133
2881.7457100048678
1718.889040001165
2116.5923100014875
2783.9485500020646
1937.2522400005805
1398.6276800002934
2072.0211300012143
1343.5781399996424
1224.1572100004312
1655.9688400004854
2238.652320001113
1451.597360000077
2296.463900001407
1769.2047800010996
2775.2945300022716
1988.5134500016432
3308.8948700041447
1598.7371800003282
1270.4323700000982
1879.1103200008656
3411.020370002988
1844.773970001636
1433.7275400005403
2871.6522000011955
1775.8746000004844
1829.0409000008056
1616.8972600007464
2198.1927600016606
948.2780700002538
3896.495760004681
2715.2286700016166
2469.433390000988
1547.100110001593
4654.80245000766
1169.9692299996614
2360.2113300015676
2378.0065500012015
1822.7263400005966
1710.4212500001859
3162.184980002247
3665.9129300060154
1707.6651400004512
2093.4501600018057
1325.8682200004755
3424.7646000039745
2508.7788200015166
2820.1446400028444
1720.5118800000307
2360.774560002075
1432.4321200000486
3098.2412400021153
2978.234000002645
3866.7028300062916
1249.9444300002071
1327.913510000272
1555.122810000854
2787.7666900027025
2318.187520001778
1952.3355300016847
2006.4601800014452
2429.0395400019097
2681.233890002382
2877.9532700030504
2352.2600700016387
2637.7610600028725
1928.455100001204
4261.576910007189
1699.2832900000606
2421.367420002866
2111.6914200021547
2261.07224000148
3336.8431800041835
2929.0548200025073
2401.1519200009275
1209.3790400000596
1964.152090001016
3208.6830800037114
2000.6596000010013
2984.5136100032196
1679.5938799998971
1833.0956300004718
1396.5651299999229
1633.9742100005649
2029.0364700003627
3208.954280004512
4214.908130004436
2238.3027700026423
2875.5814000027062
3497.6942800038005
1441.8078900014025
3114.875650003122
1646.636570000674
1964.926970001301
816.4979300006178
1342.575740000515
1895.152220000454
3001.531140001747
2205.413840000861
1726.7310500010278
1331.5568099996992
2333.9422600007533
2620.3940200016764
2212.046420001463
1494.099080000661
3404.3028900036484
1710.780640000324
1499.000990000298
2183.115150000541
1741.589470000759
1317.9871100007188
1677.009889999787
2202.8341600013327
2170.303380000823
1491.2961800002768
1588.061290001978
1753.0543900006314
3185.649050003149
1940.2141600012335
1650.1765300010902
2599.1340900013183
2654.710910002204
1741.6682400009097
1697.2853100002185
2262.837650000767
1945.1732600003534
1244.6873700007586
2235.5601900009315
2185.0840800018505
1400.6776400002025
1964.1189300015646
1533.2041000004601
3304.7528000022558
2152.107420001075
2603.9108800023246
1683.077500000463
3593.441250004546
1791.803550000684
3067.562550002456
3891.465450006646
2104.5298900014227
1299.5372799999652
2067.1977500006487
1753.309579999929
1564.6470600002733
1757.9126100016897
1764.8715900007053
1581.2136000004373
956.1789300004734
1753.1466800002684
2588.558510001636
1660.2535600004776
2956.945650003558
1407.4393999997294
1404.9089700004188
1502.608700000634
2071.130200001661
2074.522050001033
2832.357000002528
2643.3515700018993
1595.5971400002072
2393.857300000994
2856.1955100023024
1548.045040000275
2174.1702600005865
1281.0355400004198
2249.687190000757
1967.5888900007471
1814.6742100015285
2303.6014400014315
2768.014390001849
2016.1903500003139
1678.2434300007683
1380.4298000003855
1701.0159800001297
2437.986870003412
1683.9770200018652
1499.914180000498
1809.8036200004365
3038.5057200017354
1414.0629300010507
3138.259020004022
2303.163390000976
2882.859350004579
2358.7074800017654
4186.120730004489
2740.3829800013696
2222.7579600006056
2161.7408900017926
2581.44755000182
2133.1750400014234
2025.9607500016386
2228.89471000089
1661.2066000005864
2980.0780400023586
1498.6747300000145
1630.3459200003945
2222.1140900013106
2010.348710000543
1103.1348300000254
4084.7884900050326
2088.8687000007426
1709.203880001876
1621.0785400005914
1082.8245800011448
2321.1669000007123
2594.7061000011995
1537.0485500006203
1868.4761400013
1415.8759400003505
1181.3568000009766
2210.0726700010655
1928.8765900011792
1236.8466000000253
2375.9496500017285
2256.817550001457
1975.1657800007567
1903.5514000006792
2941.105190002875
2150.5469600010438
1462.9555100000857
1206.7010200006223
2404.7124200007574
2531.4006400043304
3714.1287800035993
2274.65622000156
2324.7710000014886
2073.7542400010275
3624.8815300029296
2200.9287900011054
1791.6417300008027
3060.575830003487
1818.9470800005888
1335.009750000295
1633.0397500005188
2544.9604300027836
2578.177630001471
1676.8071900004375
2640.2613400019645
2351.8299800020236
1919.5220100008366
1807.864360000461
1991.4013100011746
1658.5719000000327
1053.8085700000279
3172.325350004547
1507.3134099999493
1601.6368300005204
2578.0809200029453
2915.238400002415
2168.1303100007117
1831.4033400013805
1514.3547100007252
1956.4297500004718
1421.261920000832
2747.9787300017615
1821.4192000017845
1614.1698800001757
1825.2961800014643
1534.8922600001783
1922.1668500002966
1480.67944000034
2589.672650001547
2214.36088000062
1369.6329700005754
2003.3757900011517
2573.110250002152
1297.787170000636
3041.3012100019932
1381.7881000001396
1880.6832600003515
3192.9121800024122
1580.35531999994
2264.0655200013844
2627.455710003722
3298.6026300038507
1695.6361900017896
1749.3746900002504
3313.0091400033452
2672.4479400014256
2506.8316000010627
1845.1630500013844
2113.03476000103
1984.7812400008686
2227.8849400023623
1735.5780100010934
2044.8491600019356
4158.884440005478
2919.3275600025763
1843.8098400003216
2657.210850000968
2748.800350001758
2585.167650001953
1642.4382000003222
1242.627000000518
2052.127590000874
2441.818220002514
1235.9003000014309
1661.9832700001637
4649.081620007589
4643.626700006957
2400.357350002349
2280.409620001459
1752.5011200010852
1590.7682800000598
1066.8969300004294
1621.471150001178
1871.8173299999046
1749.5600200001268
2354.147810003573
2363.6928900017606
2057.620100000673
1879.079160001496
2941.0082000021735
1450.464930000188
2941.174020002032
3216.429990003467
2657.404240001936
1972.2531700001377
2288.633650001239
2239.513660001159
2204.584110000535
2052.033970002196
3492.0938700040174
2096.1780100009423
1138.4451700005013
2032.3386700007738
1509.1043100011093
2007.0850000016258
1933.3365300007654
1878.939070001447
3086.719030002469
1718.1600200006071
2347.2818400008036
1449.112529999892
3586.3909400043904
4592.2049600063165
1771.0961499997723
1586.6699100003088
1618.0893300004986
2517.0265800017673
2040.006610001553
3213.6736000018172
2038.1747000018854
2586.841510002699
1803.624500000754
1873.6932600007813
2796.4403600029596
3017.2162700019726
2305.3993100006896
1743.173430001038
2136.60763000234
3885.151400004648
1717.0618500005692
1888.7324800014255
1947.804310000913
3476.8879200056813
1550.553750001111
1513.230910001832
2160.357540000731
3148.115680002142
3418.5093300042063
4934.974620007309
1896.8301600004363
1499.9259800006307
2104.76976000068
1791.7473100001878
2296.841270000565
1595.8206400005467
2159.5278200026196
1646.803470000473
1426.9540400005803
2963.488670003044
2178.095940001117
1049.4525500010309
2718.9897100031476
3323.1325400032824
3132.056270001916
1766.802580000159
1399.18523000006
4396.0052400046425
1422.5537800007978
2219.5500500002267
1301.3257800010956
2601.1623300010497
1861.9915800010815
2270.3840200012096
2252.895970001295
2172.1469100011695
1678.1933700004906
2092.624690001058
1489.7756200007132
2930.1521500026442
1676.933060000891
1175.004340000319
3262.9448600036244
2497.7005500015634
1561.251400000876
1488.8690799998376
2403.342330001767
1713.6324400006574
2981.553570002764
1319.1981600000063
1465.4296300006454
2905.2088600025377
1686.4551600004293
3274.6509400026907
1467.2911900007032
2581.3622800025155
1484.2059400004762
2406.3113500030327
2053.175930000642
3015.532960001792
1182.760750000526
1947.1856500013885
3214.1441700035234
1465.236340000564
2754.7879600025703
3656.043400003644
2037.8164500006637
2684.7327900019336
1936.4587600010368
3473.189580003519
2239.077030001453
1125.7488600011388
3191.1395000037683
1988.6847000019477
1453.103280000443
1872.8706400008302
1477.9296400006806
1577.0046900002003
1703.2360000003268
1630.209970000774
2462.535720001812
1921.3859600009355
2112.2733000010217
2993.8166800020263
3074.1062100021254
2561.6709900013298
1875.3230700000647
1470.5596100004702
1805.776160000781
1934.2360000003798
2637.7811300007074
2726.292350002523
2125.7303400006376
3644.0107500038303
2624.6246200025257
2181.12605000242
1804.0474400006597
2598.2278700029115
2966.534460001528
2342.3373700023117
2121.09603000018
2394.342920002084
3291.1390700034945
1650.4083100008977
2316.3238800012077
4196.5421300060925
2446.7154800007625
2152.4221000026446
2034.3112500006
3191.6092300046103
1558.420860000698
1745.1313300013308
1600.6583700007886
1822.7872500000844
2390.63828000051
2657.8025900019543
1786.3143500004383
3810.739480003725
4032.867080005574
2467.221820001588
2654.4851900016574
2173.609000000446
1937.895530000163
2013.627180000947
1903.8220800007507
1818.9893600003693
1698.2336000007892
1635.3027000008317
1591.4000900002316
2478.5821800011113
1758.621320000516
3437.8529300038376
2164.6849800006103
3446.724770004349
2160.6758300020574
1877.1586600002684
1907.2750000021945
5095.311530006816
1395.1162900004
2099.2928800007944
2481.783880001063
2053.889750000962
2952.291350002463
2287.753390002478
2477.293480001506
2982.72600000369
1255.4649500004912
1699.7386000003105
1494.2790300010208
1190.6791199999107
1273.1819900002554
1265.9516500003574
2090.5461400008535
1621.5284000011202
3279.587590003632
1841.3258600009283
2666.466800002915
1457.7790500000247
934.4046600000688
1087.116510001182
4006.7093100047414
1888.1277100007387
1746.4020700006708
1849.8836400005302
2129.7006900011656
2692.7528000015313
1733.7241900002548
2104.0946500022665
806.1884400003212
2391.2492300026943
3612.2872300028803
4289.5294100043775
2433.933440001129
1538.5738900002493
1415.645890000741
2572.185640002888
1755.9441500007536
3416.1871400031227
1465.1279600000876
2465.8286300036402
1463.8808600002342
1827.5714300006302
2812.189000002374
2708.7655200015665
2314.545080001581
1682.637150000392
2223.597070001323
1031.7427600006085
2082.7728500004714
1691.3736700002146
1993.3430800010153
2829.7478200028268
2892.408090002169
2265.224580001572
2261.181430001483
3451.962090004898
2837.440670001658
1836.8436200002109
3695.9073800063857
1337.5571700004234
1846.3734200005374
2580.9445900019905
1729.0035100003363
3162.8121500025823
2596.369430001679
2905.2862500024507
3264.4961100029964
1615.7484000002419
1430.9466800000237
2795.5073600033934
2104.67786000037
1691.972690000589
2232.026480001857
1743.317460001246
2757.7059600017783
3551.5621100034973
2689.586790001177
2039.3462600014163
1617.1493000009866
4344.291260005637
2888.9348600032017
2031.3407800008342
2913.6812700024866
1494.6055500002217
1941.4806600011466
1720.1707600002817
2847.0891400014125
2657.0343900020525
1614.364040000972
1935.2293600002884
3394.966580005943
2000.69332000112
1683.6628000004953
3063.477820002929
2550.5632300016155
1945.0262800010796
3049.5793100039764
2133.9668900003317
2167.5816500018327
1891.4033500008345
2360.5052800007415
2511.0042000016933
1643.579120000979
2683.287520001738
3465.295660005042
1860.0775400004663
2194.4181300010205
1745.8998100004374
1617.221310000565
3881.5051300050636
1480.5170700010276
2746.1599900017445
1569.7380200005352
982.8575000000966
3289.61260000288
1855.547350001212
2971.216180002512
2850.0640400020616
3459.1924200033222
2761.325860002409
3115.9686700018424
2900.639450002952
2044.9768400010832
2656.3771400015235
3266.1591300041805
2329.3963600010197
1308.3648300007405
3372.862110003972
1950.1485100012071
2486.4853100014852
3254.6829700040425
2128.9817700008316
3129.856360003215
2894.0100500028093
1695.2881400002707
3497.682470002571
1617.6885800008758
2060.8340300011378
1982.806490002113
1477.267970000536
1865.7998500006497
2206.611520002431
3405.7859800023843
1826.1165600000602
2818.04815000194
1848.0608800004331
3217.6879500041196
3645.128520004395
3180.411260003815
3082.430120004389
2988.107150002741
2850.7032100028046
2237.748240001649
2949.9703700036334
2789.9482300022314
1660.8295800002195
1888.4992599999532
4102.49875000598
2642.8592200007943
3222.3550300040365
2950.105340001948
3040.4052100028925
4471.902440007517
2508.195960001126
1923.4060500014866
