485.6068500002093
396.4525700002216
341.3734500000571
256.13586000000504
248.6440000000004
424.90531000023606
300.11716000000416
401.08833000019416
259.64290999999696
295.07055000000213
314.86241000000985
445.54923000019596
286.8922000000046
374.3517000000943
367.4475000001187
315.9309900000174
504.00134000040185
294.1978399999922
326.52136000001934
334.05738000000696
336.2606000000334
328.79065999998
308.84023000000184
348.9653399999808
314.1515699999972
381.00324000001024
292.29141999999115
275.31867000000125
421.95231000013996
314.06327000000533
441.0966800002862
375.82649999995584
339.88215999998226
354.3380100001357
437.66701000008885
278.389699999996
585.2139200005406
290.31742999998386
290.4186599999983
369.71311999997937
387.563150000229
260.8017800000222
460.1821600004598
568.9258500005095
254.62465000000782
353.77956000010045
318.3810600000077
360.1709299999817
282.00731999998914
371.6102800001127
293.17065999999636
354.2832599999832
297.2109400000044
284.07738000000745
377.7701500001607
350.8644799999799
416.25926000018995
320.31428999998866
292.78892999999067
352.58890000002907
465.84849000031517
550.1335200004557
316.6421700000186
268.7152400000129
439.49420000028925
268.7599400000104
342.71730000001014
299.407380000002
274.30870000000044
291.0912799999853
360.9431800002444
294.1220900000038
383.83772000023833
384.84149000023746
466.3619900004165
473.25703000017927
342.17262999998115
381.925479999975
421.06654000020166
561.6367600005415
319.72600999996246
385.77179999995633
253.32411000001844
447.82985000017516
401.67842000009705
344.46130999997564
404.1735900000888
378.6604500002513
354.7666300001516
308.275430000007
373.40699999998384
348.3069600000014
368.8582699999853
331.2209600000062
299.8365400000011
446.9122400003281
391.43455000022414
410.4869500001303
349.394809999981
236.39012000001722
298.1244199999862
339.14180000010776
307.90048999999385
252.79577000001697
485.01739000021183
380.3114699999777
423.85822000022046
422.06068000026136
557.892010000428
305.3910400000167
259.8389900000121
425.6340500002594
433.98523000022163
283.4061500000042
304.47911000000653
396.40930999994896
260.85202999999916
347.3945899999937
278.19522000002155
415.21983000007583
335.5012099999818
323.64392000001743
280.5435099999972
432.67079000021056
329.289859999974
449.6267300003177
424.24710000022117
406.02864000024573
311.9025300000435
267.18331000000165
250.8666300000172
359.0252499999907
408.1573299999586
311.04230999999413
405.74222000024804
272.5581800000136
289.6502700000128
425.49320000023795
351.78766000018686
360.9498300002166
453.2098100001269
262.7066800000034
376.0989200002145
254.9863100000208
285.1540899999951
532.0890300004587
337.0236400000016
405.4060799999595
321.5441299999995
355.39093
309.40191000002994
422.1106500001531
337.6420899999918
340.1717399999687
325.47149000000104
351.26958999999727
401.5843700000431
311.73909000000543
365.5510299999972
415.0419800002271
454.0082400000244
341.9075199999884
410.6557000002426
473.4498300002808
261.1267300000164
477.862920000474
478.04124000027883
327.72433999998736
337.1834100000291
339.88300000000623
218.72978000001615
383.0182199999833
370.6217599999732
343.1439000000771
239.58935000000346
318.99264999999264
325.8349799999804
354.5344300001175
334.01189999995864
284.7065400000019
307.9771900000073
306.86676000000057
369.23882000005824
339.2421700000172
295.5034300000034
225.42351000001455
536.5468800004927
333.7739499999879
267.3354100000217
398.7489600002447
313.9754599999725
384.9863999999894
310.32078999997253
284.0900000000107
282.44467000000225
291.2844900000092
355.1165700000779
394.4761800000623
350.49739000019395
442.7034800002933
482.1309900001904
259.936000000004
303.234050000048
371.4467899999306
287.82689999999917
349.256270000022
323.226999999995
345.2651099999761
302.81224999999085
398.64553000003167
376.2182400000023
469.72266000020284
327.13075000000634
430.88664000024096
323.36842000000803
357.58878000024504
300.67393999999246
286.943380000008
445.30808000022677
280.2363999999853
336.85019000007173
341.7875299999562
402.6226000000615
293.9286100000058
462.2189900002345
420.84966999996817
277.0935900000041
262.92115000000695
348.12579999996893
319.90774999999866
235.79323000001713
321.979880000017
299.8144300000118
374.53396999997085
295.0574100000227
475.35537000022543
290.3709099999869
288.49426000000904
307.5042499999891
273.91686000000345
380.3500200000766
322.5337800000076
340.61270999997424
279.7376800000086
378.90932000003176
306.20768999999075
253.08264000001856
298.75807999998756
335.4415299999922
307.06140999996086
687.3688400003394
359.0119000002373
350.41547999998767
300.94578999998
365.8917599999841
264.28152000002723
306.2387099999872
259.28201999999806
327.00289000000834
252.44627000001674
413.7305900002912
334.50622000000544
391.82346999998646
268.1635199999988
261.249109999991
287.13698999997223
246.5624600000124
337.21599000002107
295.89413000000593
332.69083999998674
282.6777499999839
316.45649000000276
318.1889600000093
305.501340000014
425.15823000018054
326.97035999996183
321.70762999999647
547.5036900005388
304.6859399999959
348.78574999997704
384.71414999997717
366.39309000001055
292.256309999991
242.07817000001174
319.3334099999788
336.3612899999952
327.96153000000305
285.72368999999776
226.61190000001955
291.8059000000162
273.7149599999929
378.0345000002507
294.5298100000078
349.8631699999825
333.63268999996706
389.5403100000418
268.08864000000887
298.1768799999796
447.7361500002225
362.99592000009966
260.3774900000101
411.31266000021856
448.06107000021626
286.15337999999645
273.5778200000242
395.83125000021823
334.8959699999794
349.9410000000212
294.7456200000068
360.19217000000486
378.99464000007
297.9629199999913
323.6315700001238
413.32487000027317
344.56266999997626
308.31506000000763
325.6575199999844
309.84899000001366
342.8464600001734
426.00902000019175
352.53819000013436
296.7938500000068
266.2100400000109
336.5077000002288
268.4511300000058
276.22908000001706
539.6747100004887
259.17764000001546
250.4466600000212
304.0093499999786
303.53687999997106
276.01161999999545
360.0045600000961
269.54629000001165
295.2276800000024
254.58945999999142
371.5614099999828
392.0742900001427
405.3645800002348
323.7989999999674
308.63398000000893
479.9191700002509
315.5486800000189
391.8098399999758
348.3437800001152
315.9184299999981
391.2548600000583
400.83288000023146
278.7315000000174
300.534679999975
255.2859599999927
266.7525800000152
294.91384000001597
372.68294999995237
336.9684600001541
275.9044200000051
460.8112100001024
356.7645700000347
355.04902999998757
477.6115800003209
341.5425399999814
259.2558400000072
276.2549900000012
477.0810700002588
384.0789700000977
379.7541300001451
330.7538999999807
293.60468000000355
305.2157400000123
303.0392200000139
369.8465499999427
401.70556000024925
469.94600000020074
351.83283000002666
545.0278900005018
307.8943299999947
521.3922400002849
273.71320999998136
315.20061999998916
285.80920000002004
272.58713000001984
261.2606300000223
496.51486000025847
399.2735099999591
302.08302999999233
460.51191000017917
446.13069000027104
425.6920200000314
341.0070199999871
447.6602500001754
295.80309999999844
329.0099400000109
239.50773000001234
296.0345200000193
353.4454300000226
453.6799700001949
228.14204000000763
254.29802000002027
282.46846000001585
435.76506000023323
386.9610600002476
460.370400000195
299.3277799999823
335.3955700000463
359.46291000000883
325.6878200000133
336.55854999999747
422.307829999939
351.23730000007714
459.90483999995666
260.65080000002723
394.72846999995875
376.6373699999858
397.51420000007863
338.9369699999893
461.0647500002226
245.52252000000058
276.7410500000075
282.2688500000207
310.4130400000024
407.7473000002264
411.5130900002379
315.0043299999854
323.1866399999702
255.5464100000043
310.44012999998597
305.502599999973
461.51611000025923
368.914890000084
364.40801000002483
482.6831000002367
422.64775000000924
392.0249600002224
333.0023999999968
364.8739800001222
382.84491000011735
525.7181300004529
323.23517999999217
334.8304700000426
277.352520000027
283.2770300000026
274.9768800000023
254.49781000001462
283.75240000001605
326.47572999999
358.0344900000172
289.0818199999957
356.4772400000089
342.81382999996424
244.68446000001455
295.1158200000047
306.4025199999997
366.98938000015187
237.19181000002175
311.77598000001086
278.43780000000527
245.54422000001566
468.9842800001458
349.8404100000035
324.85277999999244
300.9111399999977
522.9788100005179
313.6864399999947
375.19600999998676
317.2127300000132
270.87462000001483
431.77461000023146
525.3715800005288
427.23954000021115
290.5723799999955
285.3626600000042
254.5666800000221
452.0842400001877
390.549360000094
317.5760600000126
304.2816899999887
517.5780000004572
278.0754799999918
471.0518400003465
295.855180000013
339.2167799999745
361.7906699999975
358.01368999996333
266.9026099999848
290.55632000000037
270.3774899999981
255.88789000000156
368.2299499999979
303.77745999999746
255.90664000001942
325.51329999999973
295.74485000000334
323.0608400000042
341.8803400000231
391.64437999997995
275.5883899999991
374.325610000267
311.0735899999735
450.7826700002148
346.9268099999837
462.917830000136
327.7770000000062
342.78321000024283
284.3292600000219
376.9482599999811
295.0948699999936
326.3797999999801
285.9384099999997
296.12705000002114
334.319009999979
357.5030399999642
394.119320000198
380.6887199999915
250.14481000001942
452.7572000001149
337.921940000054
282.41873999998427
406.3778699999519
469.6440699999755
268.5075700000062
365.7998899999792
291.5236700000221
411.00834000021496
337.79238000000805
324.23009999999186
454.297290000207
333.00240999999625
451.5667700002242
374.86249000025265
297.1086300000195
368.8032900001336
370.927639999963
333.50970999999004
404.37339000015663
317.49066000001363
301.1269199999801
370.1188899999812
246.1852800000219
312.23467999999315
377.7055400000296
327.00447000000617
238.31920000000412
426.1966800001979
303.22514000000297
343.53165999999203
277.9941499999954
317.08686999998355
285.93853000008323
286.32158999999456
274.1219700000099
327.42473999998106
283.11432999999755
419.6395300002386
332.2207600000487
376.1625300000785
229.72394000001307
342.0100400000062
300.93475999999805
301.14776000002087
281.92190999999843
391.6898600002243
306.2564199999952
271.16727000001924
313.3141099999988
286.7233200000098
520.2705100002122
456.2026700002123
299.43584999999354
303.4397699999988
284.30200000000417
387.06026000006074
289.76479999998884
340.93243000014155
310.0777300000004
282.04887000001304
326.6826600000359
321.3385000002438
344.3593199999648
400.62031000008966
366.158440000118
379.80321000001896
308.1887000000091
304.3344400000112
239.31516000001886
293.12357999999864
248.84577000002093
305.49707999999896
428.78077000019823
252.195170000011
283.1738299999922
403.6281300000139
331.22560999997916
277.3424900000148
407.2564400000594
284.06481999999744
277.8501700000108
298.3905600000107
309.22902000000346
334.198789999969
263.08510999999044
384.4830800000966
248.57414000001782
291.2124499999846
247.9108700000006
242.52738000000852
284.36105000000634
269.8127700000103
327.59305999996633
322.81186999999505
343.59462999997464
309.4654400000116
300.02867000001163
303.0263699999737
338.6366199999812
263.17627000002
459.6020200001793
377.9792500000543
344.82346999997276
357.73813999996855
373.40142000024656
361.48459999994907
263.6457200000081
359.9924200000119
284.85084000002166
305.74103999999306
445.54193000030807
399.4155900002414
375.7571800001596
383.7681899999513
408.9272300001721
362.6681399999601
328.90650000005985
266.0232200000102
317.7304400000575
352.681049999986
331.44247000001974
307.2133799999863
301.9217899999812
441.5007500002106
291.14720999998406
283.3288700000058
395.9712999999718
489.72421000030573
428.72447000021697
363.3168300001304
572.3865700004367
302.12939000005986
440.2452800002154
315.70491000000095
254.76137000000273
287.27451000000036
408.8102699999988
330.38104999999183
279.43859000001277
457.3348500002141
318.27599000000043
281.90978999999516
314.1857400000121
319.7428699999926
435.0391500002385
330.2889300001153
330.5215499999695
312.25707999999895
291.5983800000053
403.2652200002137
309.44881000002255
270.28931000001035
276.27736000001374
322.6891599999988
298.0404799999962
422.03980999994565
252.23562000000587
387.73355000004864
338.66924999997866
278.1775600000133
286.24895000002124
253.7760900000224
360.36086000018565
453.6712500003884
260.38582000001935
234.56733000001208
310.7875099999785
309.59750000000207
314.14756999999986
404.23284000020163
392.9132500000231
432.04472999997085
306.7527799999931
257.81033000000986
385.14046999996646
407.44092000023454
282.01695000000643
267.3146300000168
348.2748800000104
398.20784000014464
348.6247899999702
387.7773400000616
516.5124500004898
491.4445400002907
360.2706599999724
399.96472999993756
289.0629000000153
309.0347200000093
317.2561600000052
320.471039999999
264.53746000002144
235.70377000002156
319.040070000013
353.3094500000355
268.39094000002154
478.55405000040827
392.1373800000809
297.0368300000133
290.5071800000057
345.7815400000399
388.6937400000898
444.034710000214
353.51855999999657
390.92280000003586
419.1349900002276
256.336510000019
268.0800800000034
378.8228400000135
349.05339999996295
299.76360999999923
364.58153000002443
321.9767599999918
338.8048899999888
394.4581800001913
337.7907599999993
280.6371700000095
331.26971999995715
311.22140999998027
285.93304999998884
347.63573999999346
537.8227300004436
339.80088000004093
292.69037000000424
311.2160700000173
499.5942000002431
353.33917000025104
436.3855400002148
395.4216600002419
288.7499300000002
275.4851100000028
245.3957000000147
470.55326000028754
332.7871200000351
425.36695000022496
419.028800000217
456.9867100001054
318.1544599999822
331.9187700000095
262.0754199999929
307.9251100000184
265.53677000000783
349.83323999996514
432.5358600000289
365.16715000021196
379.85217000016075
305.04076000000384
285.0071400000091
480.23229000027095
289.131270000002
362.71186999996627
322.3103999999912
424.09648000020906
429.6938400000057
337.28047999998046
300.51007999999166
302.7880399999913
262.23545000002133
252.3742400000179
322.7542600000086
405.79807000023146
458.67412000028503
435.3201700002391
344.8103900000006
318.2764899999874
413.1612300002514
392.835250000114
261.8197399999814
263.50282000001107
352.2347899999697
349.54114000004347
284.7981599999995
430.4905600002236
304.4472599999946
351.85978999998656
514.3694000003063
571.9297100003872
280.2075600000026
385.0869599999744
345.0224700000093
386.56017000024315
295.2769800000696
343.7827700000497
517.6439000002254
297.04635999998186
282.1708000000006
422.81023000024027
395.6144200002379
257.25828000000064
311.4619699999919
406.4069099999488
270.0550800000182
360.7920599999893
451.85615000027553
363.91936000023964
311.79963999999137
496.71652000015274
406.9163100002341
313.89989999999256
352.4677299999477
274.02514000000264
335.5979399999911
281.5229099999929
404.14050000008524
336.00052000001057
455.18298000036833
327.4952100001481
329.1598699999594
468.8972500002578
242.66615000000792
291.641760000017
415.30978000023276
605.3745800006434
300.3387600000089
419.21580000028115
419.1229000002326
288.766000000009
532.3452000003765
450.59857000025244
260.7220300000222
381.5762900002482
280.1555800000161
263.50976000001987
383.27542000007315
413.90624999996544
288.994270000028
466.7845600001874
366.9046700002374
296.9128600000029
357.21083999999536
245.81179000002174
291.80464000000194
267.6744400000153
347.1150499999946
333.76165000000975
344.82807999996135
318.4628399999945
394.3996000000386
286.0965000000011
344.555180000244
467.33263000031644
350.7713499999816
345.8032300000396
369.3542700001939
281.25641000001445
266.94382999998464
317.81289999998796
282.02898000001505
317.85369999999415
263.3196400000203
347.89061000001703
339.1120900002466
434.5322500002468
282.45255999999654
268.85544999999576
408.4562600002146
421.5682000001575
286.7960800000039
439.0744000000292
348.3137700000561
481.88218000028274
278.65491000001373
399.2711100002361
346.1267999999728
351.14902999999157
323.6142199999614
382.35300000002934
316.4751499999982
369.3138300002006
280.16281000001806
293.8975899999935
327.66595000000905
325.45273999997187
378.8070000001012
409.87029999994405
334.78091999998463
448.62473000010357
346.9414699999811
256.6785000000164
433.75634000008506
284.0894500000221
270.5180800000031
405.68275000023567
331.4129899999846
404.1205100002237
285.81437999999383
385.30865999998343
310.43335999999965
335.21639000003285
277.27379000002105
381.3601299999864
357.62203000003507
358.4478900001356
415.71670000024477
326.74346999999017
439.30751000021445
399.2026200000412
269.44306000001194
307.5997200000495
314.14126999999365
347.9488099999918
339.9458599999966
364.17324000003094
365.80582000001345
262.5673600000053
329.16332999999656
385.1762400002439
292.357129999992
429.4853700002444
310.45260999999516
457.01460000022746
407.8741200001266
286.687639999991
309.5728900000047
297.6851500000023
428.81214000022106
368.58307999998055
354.9730399999896
292.34087000000255
346.727969999975
310.97465999998883
285.2009799999872
328.75833000002007
280.6517999999907
317.71348999999816
415.8070100000756
293.79308999999745
370.8895400002411
362.1436500001884
310.0897999999954
323.33916999997365
276.169080000016
249.8664200000172
382.4281700000821
342.7983100000146
379.70116999998135
419.0689200001434
320.2877099999972
322.30494000004154
362.81259999996604
468.21998000018925
312.21897000001013
386.77565000000317
334.18334999998353
365.5781799999524
369.6392299999934
297.23777000001047
294.42840000001866
395.14266000012447
352.69354000007866
308.9914899999731
393.27385999992634
271.75799000000256
350.73294000004256
317.526640000013
250.82497000002405
319.5060100000049
381.1360400002429
334.2450199999905
338.1827999999891
311.3067599999921
400.32775000025396
426.27662000020246
445.1912000002569
268.9310400000083
486.78417000017885
316.34362000011055
393.65476999995195
416.9629200001468
379.91247000003153
399.0100200000522
322.9493599999747
360.40742000000654
330.053939999994
386.42337000022513
350.3871000000592
275.0251799999954
294.68936999998607
381.56440999998665
341.1404600001575
344.54965000013146
307.85832000001403
401.5668400000704
474.15702000012635
351.5650000002168
328.2536400000431
