14690.800000035913
12525.300000028035
12135.600000026618
4113.399999997433
4438.199999998615
12593.800000028285
4455.899999998679
11739.300000025176
4865.70000000017
4723.899999999654
4920.000000000367
12467.400000027825
8166.300000012177
8938.200000014986
12372.80000002748
13523.400000031666
12324.500000027305
6087.300000004614
6464.0000000059845
8107.100000011962
9901.40000001849
5706.600000003229
5831.000000003682
13430.200000031327
6830.800000007319
6721.900000006923
12078.30000002641
4315.299999998168
10629.70000002114
9459.10000001688
12063.800000026356
6199.900000005024
14909.300000036708
11020.10000002256
12065.900000026364
5122.500000001104
15099.900000037402
7040.300000008081
5365.500000001988
7421.000000009466
11972.300000026024
3803.2999999976364
13116.600000030186
15821.100000040025
10130.400000019323
11253.300000023408
10415.200000020359
7601.200000010122
4887.70000000025
11305.300000023597
8555.300000013593
13531.900000031697
7265.5000000089
5816.200000003628
11249.400000023394
6481.300000006047
12852.000000029224
5985.300000004243
5032.700000000777
7938.90000001135
13193.500000030466
14625.500000035676
4242.599999997903
4188.799999997707
14611.000000035623
7073.700000008203
9239.600000016082
7814.300000010897
5020.800000000734
11958.300000025973
13018.80000002983
8661.400000013979
13212.600000030536
14846.70000003648
14432.900000034975
11889.700000025723
12261.300000027075
11513.200000024353
12134.500000026614
15885.000000040258
5279.700000001676
7319.300000009096
5594.800000002822
11929.700000025869
10687.300000021349
8025.700000011666
10977.700000022405
13124.300000030215
9823.400000018206
7390.800000009356
13351.00000003104
12353.700000027411
6362.100000005614
7432.600000009508
6251.400000005211
13215.300000030546
13025.600000029855
10751.800000021583
11326.300000023673
9106.300000015597
12274.200000027122
11290.300000023542
4759.4999999997835
6308.80000000542
15497.300000038847
13169.500000030379
12275.800000027128
15045.800000037205
15713.400000039634
4400.599999998478
4512.499999998885
13180.80000003042
12598.400000028301
4941.500000000446
12222.300000026933
11259.30000002343
10519.300000020738
13050.700000029947
12270.80000002711
13555.600000031784
11322.300000023659
14145.100000033928
13181.700000030423
11446.20000002411
8944.200000015007
14198.300000034122
12474.40000002785
13661.400000032168
7828.600000010949
4715.299999999623
5929.300000004039
11319.300000023648
8468.600000013277
8768.400000014368
11629.200000024775
5005.5000000006785
5005.200000000677
13095.000000030108
11812.800000025443
12311.400000027257
13628.80000003205
4750.099999999749
11357.300000023786
12070.30000002638
12909.700000029434
14090.60000003373
14910.600000036713
7631.200000010231
5903.900000003947
11252.300000023404
7728.800000010586
11650.600000024853
13941.900000033189
12514.800000027997
6280.200000005316
6134.500000004786
10821.200000021836
13489.300000031542
12753.100000028864
14659.200000035798
8492.100000013363
6767.000000007087
14779.600000036236
15178.600000037688
11296.300000023564
13796.900000032661
12711.500000028713
6438.800000005893
8293.30000001264
8323.50000001275
4066.499999997397
13032.800000029882
8333.100000012784
8425.100000013119
4502.1999999988475
6414.300000005804
6829.200000007313
13056.700000029969
11271.300000023473
5462.000000002339
9200.80000001594
12110.300000026526
8899.500000014845
4850.500000000115
12079.500000026414
4583.699999999144
15160.200000037621
6252.200000005214
3539.1999999978766
12115.300000026544
5562.100000002703
7535.900000009884
5714.500000003258
4602.499999999212
4790.299999999896
5180.500000001315
7802.500000010854
11320.300000023652
11931.700000025876
11341.300000023728
13520.300000031655
4676.499999999482
11908.00000002579
6884.700000007515
7598.500000010112
7910.200000011246
11324.300000023666
5094.700000001003
6244.800000005187
9105.600000015595
7140.2000000084445
12195.800000026837
8139.200000012079
14174.400000034035
6693.8000000068205
12218.200000026918
4611.299999999244
4054.8999999974076
13152.400000030317
6033.200000004417
9599.600000017392
13197.50000003048
10061.800000019073
10769.200000021647
15155.000000037602
6924.200000007659
4684.9999999995125
4428.59999999858
7070.600000008191
7082.500000008235
12624.800000028397
7904.800000011226
4515.999999998898
6477.700000006034
7528.200000009856
13901.20000003304
6493.600000006092
5297.30000000174
11291.300000023546
9546.000000017197
8868.20000001473
4793.599999999908
14680.800000035877
4170.999999997643
11432.200000024059
12932.500000029517
13101.700000030132
5876.500000003847
5885.100000003878
6552.600000006307
15787.300000039902
12041.700000026276
11286.300000023528
6161.900000004885
13925.90000003313
13350.900000031039
10408.600000020335
11207.30000002324
10054.600000019047
7287.900000008982
14646.00000003575
13749.000000032487
7250.500000008846
12679.900000028598
7252.800000008854
9543.500000017188
4392.299999998448
6931.600000007686
4395.69999999846
8128.100000012038
4829.500000000038
4622.399999999285
5287.600000001705
13453.700000031413
13321.00000003093
7400.10000000939
7941.60000001136
14074.700000033672
4424.899999998566
8059.500000011789
6816.800000007268
6252.400000005215
5639.000000002983
4264.099999997981
7039.700000008079
9650.700000017578
4771.899999999829
5545.900000002644
3668.599999997759
12306.300000027239
4050.199999997412
13258.100000030701
8671.500000014015
11036.80000002262
14770.500000036203
8235.100000012428
6075.30000000457
6423.6000000058375
14744.500000036109
8248.300000012476
12679.600000028597
12339.50000002736
11247.300000023386
6456.900000005959
11341.300000023728
12859.600000029252
5359.0000000019645
7305.200000009045
5530.300000002588
7366.000000009266
9409.5000000167
6906.800000007595
10641.200000021181
14278.600000034414
6513.800000006166
11220.300000023288
9590.80000001736
7158.700000008512
10417.700000020368
13196.000000030475
10056.900000019055
4098.499999997379
5962.9000000041615
11273.30000002348
12132.800000026607
5243.900000001546
15335.500000038259
3555.199999997862
6007.400000004323
12729.700000028779
14560.50000003544
5432.00000000223
8233.600000012422
4355.099999998312
5237.400000001522
5513.500000002527
15221.900000037846
10862.500000021986
12452.50000002777
8392.600000013
13230.1000000306
12488.500000027901
6361.900000005613
12804.00000002905
8436.30000001316
11461.200000024164
7928.300000011312
13877.300000032954
4806.699999999955
6225.000000005115
5723.000000003289
8932.500000014965
5073.600000000926
7466.700000009632
10893.300000022098
14601.300000035588
11240.00000002336
7986.100000011522
8258.600000012513
12360.800000027437
6634.200000006604
3953.6999999974996
13212.700000030536
12242.200000027005
11023.600000022572
10755.400000021596
6313.200000005436
5649.800000003022
13170.500000030383
12128.400000026591
7013.900000007985
12831.000000029147
14198.900000034124
12765.70000002891
14503.00000003523
14265.400000034366
14108.500000033795
6595.800000006464
7731.800000010597
11308.300000023608
5117.700000001087
4331.399999998226
12866.300000029276
8308.300000012694
6492.500000006088
13865.500000032911
11205.700000023235
12129.800000026597
6942.500000007725
13997.600000033392
5774.500000003476
9906.700000018509
4280.499999998041
7981.800000011506
11470.200000024197
13495.700000031566
6831.8000000073225
6768.700000007093
12904.800000029416
14149.800000033945
14542.900000035375
15666.400000039463
7057.300000008143
11043.500000022645
15656.200000039426
7960.200000011428
5551.300000002664
7361.300000009249
9486.800000016981
10779.400000021684
3697.299999997733
12305.400000027235
14231.800000034244
10041.300000018999
11338.300000023717
13991.300000033369
3756.499999997679
4783.099999999869
11341.300000023728
9451.300000016852
13896.500000033024
13315.200000030909
5647.600000003014
6456.000000005955
3975.9999999974793
5638.300000002981
5124.8000000011125
13539.700000031726
9302.20000001631
10104.200000019227
13713.80000003236
8819.800000014555
12569.600000028197
12428.200000027682
10924.20000002221
10928.700000022227
12436.500000027712
5273.900000001655
8725.700000014212
11414.200000023993
8406.30000001305
7334.20000000915
3359.1999999980403
10483.100000020606
5452.300000002304
8215.100000012355
5311.400000001791
12795.300000029018
6917.0000000076325
8245.700000012466
14163.900000033997
4429.299999998582
10355.300000020141
3229.3999999981584
5990.4000000042615
4735.799999999697
4332.899999998232
10025.30000001894
7347.600000009199
11346.300000023746
13192.600000030463
14398.800000034851
14333.000000034612
5623.800000002928
4374.499999998383
5003.500000000671
13285.700000030802
13862.000000032898
12469.300000027832
5881.300000003865
7801.3000000108495
6170.300000004916
12517.800000028008
9701.200000017761
10020.200000018922
4819.200000000001
14793.700000036288
6281.000000005319
13161.000000030348
6846.800000007377
7234.600000008788
11938.4000000259
6140.400000004807
13516.30000003164
14528.800000035324
5501.400000002483
6537.700000006253
8736.300000014251
6043.200000004454
6197.000000005013
12009.80000002616
4895.100000000277
8731.600000014234
7866.100000011085
11122.20000002293
4742.699999999722
13987.200000033354
8624.800000013845
13797.700000032664
6825.5000000073
13753.400000032503
8249.000000012478
13458.700000031431
4815.699999999988
6968.200000007819
13953.00000003323
13197.10000003048
6808.800000007239
6984.800000007879
5651.80000000303
5893.300000003908
13641.400000032096
6900.8000000075735
13701.100000032313
11336.000000023709
9122.400000015656
5318.700000001818
11315.300000023633
15194.100000037744
9026.400000015306
7214.800000008716
14661.300000035806
14002.50000003341
10495.20000002065
13403.40000003123
11254.300000023411
5605.700000002862
15442.100000038647
12665.600000028546
14083.500000033704
13300.400000030855
6942.100000007724
7487.200000009707
11546.600000024475
6931.700000007686
5646.30000000301
13977.300000033318
5228.300000001489
4703.49999999958
7741.600000010632
8010.000000011609
4159.099999997599
13702.600000032318
13138.000000030264
9207.400000015965
5871.400000003829
7000.3000000079355
8354.200000012861
8270.400000012556
6415.300000005807
7263.000000008891
4215.299999997804
11982.700000026061
8588.000000013712
9370.400000016558
5087.800000000978
13767.700000032555
6152.500000004851
6697.400000006834
6367.400000005633
12998.400000029756
4563.4999999990705
4281.1999999980435
4405.199999998495
4696.999999999556
12320.60000002729
16222.500000041486
5653.000000003034
4425.299999998568
6194.400000005004
15244.000000037926
9054.300000015408
11114.900000022904
12178.800000026775
4689.79999999953
7944.30000001137
12820.400000029109
13592.800000031919
10186.400000019526
10489.200000020628
8701.700000014125
6106.700000004685
12980.800000029692
9576.90000001731
5677.700000003124
4813.899999999981
5413.500000002163
13023.600000029848
6172.000000004922
6145.300000004825
9094.300000015553
11347.30000002375
14313.50000003454
10216.700000019637
8104.700000011953
14079.200000033688
6109.400000004694
6052.400000004487
12216.20000002691
4886.900000000247
10209.900000019612
5184.70000000133
5653.000000003034
5948.70000000411
7183.300000008601
4319.499999998183
13011.800000029805
6573.800000006384
11342.300000023732
6526.800000006213
13293.800000030831
6878.900000007494
5577.300000002759
9442.100000016819
4982.7000000005955
11348.300000023753
9003.700000015224
8308.300000012694
12948.900000029576
12949.80000002958
8003.6000000115855
12881.10000002933
5031.700000000774
12106.400000026511
7243.50000000882
14437.00000003499
12310.300000027253
11236.000000023345
7707.200000010507
9990.300000018813
11983.500000026064
8163.500000012167
4397.399999998466
7511.700000009796
11214.900000023268
8028.200000011675
6989.800000007897
10419.300000020374
14493.300000035195
14491.000000035187
4718.7999999996355
11284.30000002352
12385.300000027526
12378.800000027502
13762.000000032534
14067.600000033646
7591.700000010087
12385.500000027527
7010.300000007972
8396.400000013015
4645.499999999369
7022.400000008016
6292.600000005361
4183.8999999976895
12467.700000027826
6103.200000004672
5803.400000003581
13171.000000030384
9521.200000017107
14440.900000035004
9973.300000018751
14160.200000033983
11293.300000023553
7919.400000011279
12122.70000002657
11361.2000000238
4424.399999998564
10390.400000020269
6339.500000005532
4705.299999999586
10983.600000022427
7478.100000009674
8243.200000012457
5953.600000004128
5718.400000003272
14275.900000034404
3710.5999999977207
13517.300000031644
12700.300000028672
3635.9999999977886
8133.100000012057
6652.50000000667
14934.7000000368
9435.700000016795
12239.700000026996
6982.20000000787
13277.20000003077
6880.100000007498
4101.399999997389
7243.40000000882
12207.50000002688
5540.500000002625
6840.200000007353
10278.800000019863
13985.300000033347
8051.7000000117605
10459.000000020518
14908.200000036704
13610.700000031984
6498.200000006109
9213.900000015989
5067.600000000904
5686.200000003155
11230.300000023324
12233.400000026973
4851.500000000118
13803.800000032687
5180.000000001313
8395.600000013012
9154.700000015773
13176.500000030404
10352.800000020132
7396.700000009378
4499.899999998839
16507.20000004028
10230.800000019688
13734.000000032433
7838.200000010984
12146.600000026658
14870.800000036568
6730.300000006953
4322.199999998193
11534.20000002443
6236.300000005156
6091.100000004628
8570.700000013649
5422.300000002195
5905.500000003953
13427.000000031316
5374.900000002022
12072.300000026387
6073.700000004565
14721.900000036027
6567.10000000636
7951.500000011396
14471.500000035116
7297.500000009017
11444.200000024102
7688.70000001044
14598.000000035576
13448.900000031395
15265.100000038003
13996.800000033389
11234.300000023339
4348.89999999829
7984.400000011516
14881.400000036607
7343.800000009185
12749.700000028852
13689.000000032269
12170.600000026745
8120.600000012011
12311.800000027259
5506.1000000025
10852.300000021949
6799.100000007204
5606.4000000028645
10191.900000019546
11753.600000025228
10592.400000021004
12211.300000026893
4233.699999997871
13567.400000031826
4219.299999997818
13975.10000003331
5545.1000000026415
12139.800000026633
11362.200000023804
6015.000000004351
5485.000000002423
4385.0999999984215
12249.700000027033
12773.80000002894
5651.100000003027
14560.90000003544
12275.500000027127
13654.300000032143
14864.300000036545
13288.10000003081
15070.500000037295
14628.900000035688
4503.499999998852
8745.800000014286
6320.900000005464
7977.800000011492
10585.200000020977
12578.500000028229
5310.600000001788
13231.600000030605
15142.000000037555
13662.600000032173
5791.900000003539
12616.700000028368
8618.00000001382
12578.300000028228
8627.200000013854
9227.300000016037
15630.00000003933
12935.200000029527
12762.500000028898
11582.200000024604
14486.60000003517
10152.300000019402
4930.900000000407
13821.700000032752
12950.500000029582
6762.700000007071
15042.700000037194
12850.100000029217
5994.000000004275
13546.800000031752
14193.000000034102
10937.500000022259
10600.300000021032
7905.300000011228
13373.30000003112
4519.699999998911
9968.900000018735
5746.600000003375
14426.400000034952
10933.900000022246
7318.100000009092
15284.400000038073
4247.499999997921
4679.299999999492
13910.200000033074
13402.300000031226
4805.499999999951
15830.100000040058
12201.600000026858
4740.499999999714
12313.200000027264
14480.300000035148
12999.800000029762
12988.50000002972
6690.100000006807
6794.000000007185
8112.00000001198
10942.200000022276
13617.400000032008
10326.700000020037
12823.60000002912
5267.300000001631
6113.0000000047075
3257.7999999981325
5963.100000004162
3983.4999999974725
9382.500000016602
7978.700000011495
7994.200000011551
14347.100000034663
14162.800000033993
5140.2000000011685
13352.200000031044
12278.600000027138
11332.300000023695
7477.2000000096705
12589.70000002827
5406.200000002136
5675.900000003117
10198.30000001957
4489.599999998802
5457.4000000023225
9238.400000016078
8287.200000012617
12050.500000026308
15043.200000037195
5301.300000001755
5633.6000000029635
12986.500000029713
11051.000000022672
12907.700000029427
9343.900000016461
8276.90000001258
11309.300000023612
10724.600000021484
14601.70000003559
6745.700000007009
9638.400000017533
11254.300000023411
9539.700000017174
8031.700000011688
11351.500000023765
9311.200000016343
4817.599999999995
4715.699999999624
6502.000000006123
11373.800000023846
13593.600000031922
5607.400000002868
11416.100000024
6889.700000007533
5280.80000000168
11422.200000024022
6107.600000004688
12733.500000028793
13834.300000032797
6743.700000007002
12253.600000027047
8809.300000014517
8589.000000013715
6712.400000006888
7055.400000008136
6429.90000000586
6882.000000007505
7844.700000011007
10235.700000019706
14111.700000033807
5231.800000001502
14998.600000037033
15410.500000038532
7179.300000008587
8323.60000001275
14533.700000035342
11358.30000002379
10193.600000019553
8184.400000012243
13632.800000032064
4376.2999999983895
13425.60000003131
13959.100000033251
11324.300000023666
15004.700000037055
6314.600000005441
14064.800000033636
11375.700000023853
11397.400000023932
4712.399999999612
13703.10000003232
14697.100000035936
5899.700000003932
11191.300000023182
14197.500000034119
9315.300000016357
13095.900000030111
5545.400000002643
13460.900000031439
15067.100000037282
6660.7000000067
11481.200000024237
6608.50000000651
13049.900000029944
12474.20000002785
4309.699999998147
11319.300000023648
4829.400000000038
5437.300000002249
8532.000000013508
7284.500000008969
8274.20000001257
10545.100000020831
10050.200000019031
10970.60000002238
6640.700000006627
13049.400000029942
11259.30000002343
9230.000000016047
14545.700000035386
15876.600000040227
10269.60000001983
6075.400000004571
6429.600000005859
12318.300000027282
9206.800000015963
7140.000000008444
11328.30000002368
4703.49999999958
10293.900000019918
5995.300000004279
6172.700000004925
8318.800000012732
11978.500000026046
7564.800000009989
8900.400000014848
7329.300000009132
14482.700000035156
13962.300000033263
14880.200000036602
8147.000000012107
14388.300000034813
9741.700000017909
8031.500000011687
14004.700000033417
12302.500000027225
11365.200000023815
13470.000000031472
5905.100000003951
5113.300000001071
12143.600000026647
12286.400000027166
13945.400000033202
4538.999999998981
12641.200000028457
9852.500000018312
9540.300000017176
7573.30000001002
7958.20000001142
11031.2000000226
12038.700000026265
12041.300000026275
