12349.600000027396
11528.200000024408
11370.100000023833
3765.199999997671
3051.69999999832
11619.30000002474
3307.699999998087
10980.300000022415
3417.3999999979874
3179.199999998204
3415.1999999979894
11518.200000024372
7874.100000011114
8532.100000013508
11610.100000024706
12153.200000026682
11581.400000024601
4812.699999999977
5211.200000001427
6632.400000006597
8211.900000012343
4841.200000000081
4389.699999998438
11522.400000024387
5341.500000001901
5803.10000000358
11354.300000023775
2678.799999998659
9232.300000016055
7426.500000009486
11369.30000002383
4346.699999998282
12680.000000028598
9177.500000015856
9670.60000001765
3698.7999999977314
12869.300000029287
6762.100000007069
3742.4999999976917
6884.100000007513
11388.300000023899
2492.6999999988284
11928.300000025863
12983.600000029703
8798.800000014478
10950.100000022305
10019.100000018918
7224.10000000875
4185.399999997695
10986.100000022436
8249.100000012479
12002.700000026134
6402.100000005759
4014.699999997444
10261.200000019799
5132.30000000114
11824.500000025486
4636.499999999336
3804.3999999976354
6480.300000006044
12086.300000026438
12657.500000028516
2767.5999999985784
2845.6999999985073
12613.300000028355
6108.20000000469
8406.500000013051
7473.100000009656
3645.6999999977797
11376.400000023856
11912.500000025806
7055.800000008137
11982.600000026061
12361.000000027438
12636.800000028441
10092.200000019184
11475.100000024215
11012.10000002253
11473.100000024207
13020.000000029835
4439.499999998619
5507.000000002503
5039.500000000802
11367.300000023823
8662.200000013981
7257.400000008871
9209.200000015971
12001.50000002613
9174.300000015844
5542.9000000026335
10957.600000022332
11493.400000024281
4199.499999997746
5612.7000000028875
4946.500000000464
11517.300000024368
11966.300000026002
8977.70000001513
10974.100000022392
7898.500000011203
11358.40000002379
10961.100000022345
3265.7999999981253
5109.600000001057
13042.200000029916
11981.600000026057
11453.400000024136
12945.800000029565
12804.600000029051
2804.499999998545
3738.1999999976956
12023.200000026209
11578.20000002459
3431.7999999979743
11475.100000024215
10953.100000022316
10227.100000019675
11945.200000025925
11513.200000024353
11926.700000025858
10978.100000022407
12257.800000027062
12083.600000026428
10969.100000022374
7369.200000009278
12565.600000028182
11619.100000024739
12187.600000026807
6701.400000006848
4318.199999998178
5615.100000002896
10980.100000022414
6215.600000005081
6765.900000007083
11013.100000022534
3936.599999997515
3693.599999997736
11946.200000025929
10326.500000020036
11185.700000023162
11851.300000025583
3535.1999999978802
10595.100000021013
11444.400000024103
11883.700000025701
12209.500000026886
12728.600000028775
5364.100000001983
4244.39999999791
10941.100000022272
6795.100000007189
10147.400000019385
11956.700000025967
10759.900000021613
5881.100000003864
4643.599999999362
10335.100000020067
12038.300000026264
10570.700000020925
12572.800000028208
6734.100000006967
5006.400000000682
12535.800000028074
12881.700000029332
10946.10000002229
12312.20000002726
11641.100000024819
5164.500000001257
6449.700000005932
6408.000000005781
3207.1999999981786
11745.200000025197
5857.100000003777
7329.500000009133
3270.499999998121
6034.1000000044205
5295.800000001735
11961.700000025985
10958.100000022334
4032.7999999974277
7599.200000010114
11435.40000002407
7477.300000009671
2991.8999999983744
11371.400000023837
4110.4999999974225
12260.800000027073
5855.100000003769
2313.1999999989916
11439.400000024085
4033.599999997427
6014.500000004349
4908.2000000003245
3272.1999999981194
3280.6999999981117
3330.999999998066
6983.200000007873
10960.100000022341
10663.600000021263
10966.100000022363
11943.70000002592
3441.999999997965
10583.500000020971
4673.799999999472
5683.800000003146
7170.200000008554
10955.100000022323
3308.3999999980865
5092.700000000996
7259.300000008878
6160.100000004879
11521.400000024383
7587.10000001007
12540.50000002809
5522.500000002559
11462.200000024168
3916.1999999975337
2742.799999998601
11911.200000025801
4727.699999999668
7834.50000001097
11988.500000026082
8125.600000012029
9456.800000016872
13014.500000029815
6388.100000005708
3159.6999999982218
3264.2999999981266
5070.500000000915
6069.400000004549
11772.600000025297
6480.5000000060445
3721.399999997711
4818.199999999997
6062.800000004525
12227.600000026952
5088.50000000098
4501.199999998844
10936.100000022254
7866.500000011087
6755.600000007045
3554.5999999978626
12737.800000028808
2593.4999999987367
10999.100000022483
11317.700000023642
11881.400000025693
4865.70000000017
3962.6999999974914
5096.70000000101
13144.300000030287
11408.400000023972
10944.100000022283
4032.599999997428
12260.500000027072
12034.30000002625
8937.500000014983
10934.100000022247
9368.10000001655
5838.70000000371
12638.600000028448
12087.400000026442
5911.300000003974
11776.30000002531
6691.400000006812
8884.100000014789
3508.4999999979045
5780.400000003498
2771.299999998575
6281.30000000532
3385.799999998016
3521.6999999978925
4377.199999998393
12108.400000026519
11968.50000002601
6641.100000006629
7538.100000009892
12235.20000002698
3115.499999998262
5556.100000002682
5373.100000002016
4280.29999999804
4126.499999997481
3752.199999997683
5211.300000001427
8174.3000000122065
3015.399999998353
4073.6999999973905
3028.1999999983414
11424.40000002403
3520.199999997894
11964.300000025994
6888.7000000075295
9302.10000001631
12736.000000028802
6753.600000007038
5118.400000001089
4972.300000000558
12797.700000029026
7212.400000008707
11796.100000025383
11473.400000024209
10958.100000022334
4915.600000000351
10991.100000022454
11833.300000025518
3554.6999999978625
6874.100000007476
5260.100000001605
5428.300000002217
7887.400000011163
5470.50000000237
8934.700000014973
12679.500000028596
4395.899999998461
10939.100000022265
7674.100000010387
5698.800000003201
9569.400000017282
12098.800000026484
9043.400000015368
3187.2999999981967
5092.1000000009935
10962.100000022348
11440.100000024087
4558.199999999051
13079.20000003005
2372.6999999989375
5617.1000000029035
11801.200000025401
12635.700000028437
4537.3999999989755
7529.40000000986
2909.2999999984495
3501.499999997911
3575.199999997844
13122.500000030208
9615.50000001745
11519.100000024375
7137.300000008434
11979.70000002605
11537.20000002444
5023.600000000744
11655.10000002487
7884.400000011152
11005.100000022505
6986.300000007885
12353.60000002741
3767.299999997669
4528.199999998942
4656.999999999411
8411.400000013069
3751.4999999976835
5647.500000003014
9509.300000017063
12550.500000028127
8863.600000014714
6503.300000006127
6701.600000006849
11463.100000024171
5031.800000000774
2898.1999999984596
11914.400000025813
11559.500000024522
8927.600000014947
9320.200000016375
4393.499999998452
4521.599999998918
12061.200000026347
11424.20000002403
6360.1000000056065
11809.500000025431
12252.400000027043
10984.50000002243
12735.3000000288
12198.300000026846
12124.100000026576
5447.900000002288
5898.500000003927
10941.100000022272
4099.599999997383
3356.299999998043
11607.400000024696
7973.100000011475
4806.099999999953
11764.600000025268
10499.400000020665
9444.300000016827
4575.499999999114
12132.300000026606
4422.199999998556
9120.400000015648
3173.2999999982094
6524.700000006205
11016.100000022545
12078.40000002641
6032.500000004415
5526.100000002572
11848.400000025573
12324.400000027304
12658.60000002852
13094.200000030105
6406.200000005774
9107.700000015602
12847.800000029209
7462.1000000096155
3986.19999999747
4911.300000000336
7941.400000011359
9332.200000016419
2357.4999999989514
11452.200000024131
12356.600000027422
8667.300000014
10980.100000022414
12205.700000026873
3013.199999998355
3527.4999999978872
10989.100000022447
9153.100000015767
12127.200000026587
12081.10000002642
4630.799999999315
5024.500000000748
3080.7999999982935
3714.9999999977167
4210.199999997785
12159.200000026703
8894.100000014825
8621.800000013835
12228.300000026955
6956.500000007776
11471.400000024201
11570.300000024561
9252.70000001613
8991.50000001518
11499.200000024302
4593.399999999179
7135.000000008426
10966.100000022363
8062.100000011798
5414.500000002166
2172.5999999991195
9345.800000016468
5064.100000000892
6423.400000005837
4701.399999999572
11625.400000024762
5418.500000002181
7043.500000008093
12532.20000002806
3511.199999997902
9555.400000017231
2033.599999999246
5139.400000001166
3561.4999999978563
3267.5999999981236
7334.10000000915
5697.500000003196
10965.10000002236
11986.300000026074
12489.500000027905
12440.700000027728
3919.4999999975307
3269.199999998122
3954.499999997499
12091.200000026456
12417.500000027643
11453.400000024136
4135.499999997513
7485.100000009699
5434.400000002239
11444.200000024102
8108.900000011969
9498.100000017022
3633.7999999977906
12657.400000028516
4534.899999998966
11908.400000025791
6040.400000004443
5206.50000000141
10957.10000002233
4064.7999999973986
12210.000000026888
12807.600000029062
4119.399999997455
5097.6000000010135
6638.400000006619
4404.599999998492
4680.499999999496
10699.400000021393
3446.599999997961
7221.600000008741
6243.700000005183
10669.100000021283
3517.5999999978962
12471.40000002784
7981.100000011504
12197.100000026841
4501.699999998846
11477.300000024223
6203.100000005035
12208.500000026883
3625.499999997798
5147.800000001196
12397.30000002757
12025.700000026218
5566.500000002719
6019.400000004367
3876.29999999757
3761.2999999976746
11978.100000026045
5629.700000002949
12274.300000027122
9462.900000016894
7313.400000009075
4409.699999998511
10949.100000022301
12851.800000029223
7963.100000011438
5585.400000002788
12609.400000028341
12358.400000027428
9995.10000001883
12041.200000026274
10948.100000022298
4820.400000000005
13006.200000029785
11708.500000025064
12584.700000028251
12066.400000026366
4915.9000000003525
5363.700000001982
10293.400000019916
5546.700000002647
4590.199999999168
12418.500000027647
3897.4999999975507
3559.499999997858
6479.30000000604
6298.900000005384
2894.6999999984628
11904.100000025775
11987.200000026078
7738.500000010621
5321.300000001827
6438.400000005891
7240.500000008809
7693.200000010456
5772.300000003468
5439.400000002257
3524.49999999789
11382.300000023877
6870.800000007464
7373.500000009293
4599.4999999992015
12265.700000027091
4357.799999998322
5200.500000001388
4327.399999998212
11841.600000025548
3534.199999997881
2884.499999998472
3080.199999998294
3555.499999997862
11517.400000024369
13089.300000030087
4220.9999999978245
3549.1999999978675
5008.70000000069
12862.10000002926
8737.100000014254
9543.600000017188
11477.200000024222
3985.4999999974707
6341.600000005539
11712.600000025079
12116.300000026547
8251.800000012488
9365.200000016539
6709.500000006878
5303.500000001763
11925.700000025854
8155.500000012138
4570.299999999095
3545.499999997871
4313.399999998161
11483.400000024245
4813.699999999981
4680.799999999497
7125.500000008391
10975.100000022396
12621.400000028385
8040.7000000117205
6421.60000000583
12577.000000028223
4580.399999999132
4692.899999999541
11407.400000023968
4043.499999997418
8331.500000012778
3580.399999997839
4079.899999997385
4542.099999998993
6889.100000007531
2826.6999999985246
11897.400000025751
4604.59999999922
10966.100000022363
5428.200000002216
12046.400000026293
5583.700000002782
4997.100000000648
7965.200000011446
3728.4999999977044
10228.300000019679
8216.40000001236
8011.100000011613
11300.40000002358
11937.200000025896
6205.100000005043
11772.300000025296
3324.199999998072
11498.100000024298
6393.300000005727
12644.80000002847
11483.400000024245
9393.400000016642
5606.600000002865
9685.100000017703
11114.400000022903
6731.500000006958
4070.1999999973937
6590.500000006445
9728.20000001786
6502.700000006125
5547.700000002651
10151.100000019398
12084.700000026432
12502.800000027954
3576.6999999978425
10954.10000002232
11453.200000024135
11519.400000024376
11936.500000025893
12259.500000027068
6738.700000006984
11560.100000024524
5121.600000001101
7393.200000009365
3282.0999999981104
6533.100000006236
4677.599999999486
2648.399999998687
11603.300000024681
5704.10000000322
4352.199999998302
11910.500000025799
8897.100000014836
12642.500000028462
8493.400000013367
12245.000000027016
10964.100000022356
6456.400000005957
11444.300000024103
10971.100000022381
3129.799999998249
9827.30000001822
5338.50000000189
4069.1999999973946
9620.300000017467
5758.500000003418
7427.200000009489
4523.199999998924
4360.499999998332
12574.900000028216
2530.599999998794
12089.800000026451
11416.400000024001
2252.499999999047
6741.300000006993
5047.700000000832
12873.300000029301
7967.700000011455
11483.200000024244
6148.200000004836
11826.300000025492
5170.000000001277
2743.5999999986
4822.7000000000135
11467.400000024187
4980.5000000005875
5112.900000001069
8591.200000013723
12280.800000027146
6904.300000007586
8459.500000013244
12873.800000029303
11995.300000026107
4505.69999999886
8113.200000011984
4553.199999999033
5261.100000001608
10941.100000022272
11535.300000024434
3409.7999999979943
12312.900000027263
4445.19999999864
6953.400000007765
8000.700000011575
11985.600000026072
8013.400000011621
5636.9000000029755
3632.199999997792
12877.100000029315
8398.300000013021
12131.300000026602
7461.100000009612
11435.20000002407
12866.900000029278
5279.900000001677
2904.499999998454
11025.100000022578
4422.699999998558
4312.499999998157
6786.800000007159
4096.499999997372
4986.500000000609
11580.8000000246
3471.1999999979384
11414.400000023994
4654.899999999403
12804.40000002905
5367.500000001995
5909.700000003968
12631.00000002842
6301.400000005393
10942.100000022276
5833.800000003692
12582.700000028244
12221.900000026932
12830.100000029144
12504.80000002796
10924.10000002221
3276.6999999981153
6389.000000005712
12881.40000002933
6276.400000005302
11604.400000024685
11879.600000025686
9469.100000016917
7137.600000008435
11442.400000024096
4168.199999997632
10515.100000020722
5182.600000001323
3967.1999999974873
7929.200000011315
11209.300000023248
9699.300000017754
11456.400000024147
2684.7999999986537
12157.500000026697
2971.199999998393
12214.400000026904
3735.9999999976976
11389.400000023903
10944.100000022283
4325.199999998204
3860.1999999975847
2822.2999999985286
11473.100000024207
11800.400000025398
4337.89999999825
12705.600000028691
11504.400000024321
12314.300000027268
12799.700000029034
11954.400000025958
12926.500000029495
12808.800000029067
3503.799999997909
7196.400000008649
5033.50000000078
6912.200000007615
10111.100000019253
11452.400000024132
3591.699999997829
11040.800000022635
12813.700000029085
12122.200000026569
4235.499999997877
11676.100000024946
6831.400000007321
11482.300000024241
7107.700000008326
7250.600000008846
12940.400000029545
11127.800000022951
10787.200000021712
11017.100000022549
12591.500000028276
9873.100000018387
3258.599999998132
11576.200000024583
11891.40000002573
4825.800000000025
12713.30000002872
11863.400000025627
4230.599999997859
11880.300000025689
12482.40000002788
10207.200000019602
8061.500000011796
7597.100000010107
12132.300000026606
2961.499999998402
9056.600000015416
4173.299999997651
12547.700000028117
9561.200000017252
5995.40000000428
13123.10000003021
2825.5999999985256
2867.4999999984875
12067.40000002637
12019.500000026195
3125.9999999982524
12833.600000029157
11442.400000024096
3189.299999998195
11486.400000024256
12296.400000027203
11960.20000002598
11950.700000025945
5057.400000000867
5106.900000001047
7286.400000008976
9742.400000017911
12216.600000026912
8490.400000013356
11845.600000025563
3636.499999997788
4602.299999999212
2047.0999999992337
4716.499999999627
2738.199999998605
7610.200000010154
6327.200000005487
7573.100000010019
12669.70000002856
12420.300000027653
3784.7999999976532
12103.800000026502
11498.200000024299
10975.100000022396
6241.400000005175
11008.600000022518
3776.7999999976605
4453.799999998671
9810.100000018158
3083.399999998291
4730.499999999678
8537.400000013527
7875.100000011118
11380.30000002387
12852.900000029227
4985.100000000604
4762.199999999793
11837.600000025534
10409.100000020337
11832.300000025514
7328.200000009128
6903.500000007583
10956.100000022327
9222.30000001602
12588.500000028265
5482.500000002414
8242.600000012455
10950.100000022305
7763.500000010712
6723.5000000069285
10618.100000021097
7689.900000010444
3622.8999999978005
3410.7999999979934
5059.400000000875
9405.800000016687
12004.30000002614
3932.199999997519
9553.400000017224
5176.3000000013
3818.5999999976225
10984.100000022429
5412.300000002158
11775.600000025308
12194.700000026833
5141.600000001174
11518.200000024372
8525.100000013483
6941.2000000077205
4566.7999999990825
5942.700000004088
5513.2000000025255
5107.300000001049
6658.500000006692
9271.400000016198
12216.800000026913
3937.799999997514
12830.900000029147
13072.200000030025
6878.100000007491
6940.400000007718
12586.700000028259
10963.100000022352
9415.300000016721
6554.500000006314
12085.400000026435
3293.8999999980997
12085.600000026436
12343.600000027374
10961.100000022345
12877.600000029317
5663.300000003072
12561.300000028166
10682.400000021331
9556.200000017234
3078.8999999982952
12143.500000026646
12598.700000028302
5022.30000000074
10925.100000022214
12462.600000027807
8519.10000001346
11982.40000002606
4410.499999998514
12181.100000026783
12705.500000028691
5304.800000001767
11021.100000022563
5100.100000001023
11935.40000002589
10894.500000022103
3185.899999998198
10966.100000022363
3191.299999998193
5127.100000001121
7506.600000009777
6241.300000005174
7764.100000010714
8481.700000013325
9635.10000001752
9156.50000001578
5025.700000000752
11640.500000024816
10971.100000022381
6780.4000000071355
12732.50000002879
13029.70000002987
8204.700000012317
5286.500000001701
5598.100000002834
11495.100000024288
8121.100000012013
5377.600000002032
10978.100000022407
3068.6999999983045
8676.200000014032
5643.100000002998
5043.300000000816
7331.100000009139
11389.400000023903
6041.300000004447
7410.100000009426
5600.800000002844
12701.500000028676
12050.400000026308
12863.400000029265
6644.700000006642
12231.300000026966
8355.100000012864
6487.1000000060685
11413.10000002399
11482.400000024241
10980.100000022414
12082.800000026426
5378.100000002034
3260.39999999813
11421.300000024019
11536.300000024437
12478.300000027864
3522.299999997892
11601.100000024673
9122.400000015656
9218.100000016004
6266.800000005267
7101.400000008303
10607.100000021057
11114.600000022903
11398.200000023935
