13432.800000031337
11996.700000026112
11714.300000025085
3988.299999997468
3790.1999999976483
12124.500000026577
3970.5999999974842
11432.40000002406
4214.699999997802
4036.4999999974243
4009.499999997449
11988.400000026082
8006.200000011595
8681.20000001405
11958.300000025973
12925.30000002949
11977.300000026042
5480.200000002405
5946.900000004103
7296.000000009011
9098.100000015567
5059.300000000874
5154.900000001222
12296.400000027203
6162.100000004886
6238.500000005164
11696.50000002502
3515.699999997898
10045.300000019013
8488.200000013348
11682.200000024968
5273.100000001652
13772.100000032571
10119.700000019284
10734.800000021522
4409.099999998509
14065.600000033639
6899.200000007568
4429.999999998585
7122.100000008379
11702.600000025042
3146.399999998234
12613.600000028357
14364.700000034727
9519.000000017099
11106.200000022873
10186.200000019526
7410.200000009427
4544.499999999001
11131.200000022964
8411.200000013068
12704.400000028687
6817.40000000727
4981.500000000591
10761.400000021618
5874.700000003841
12372.40000002748
5050.3000000008415
4476.599999998754
7184.800000008607
12675.20000002858
13647.90000003212
3532.299999997883
3563.199999997855
13670.600000032202
6630.40000000659
8895.50000001483
7644.200000010278
4399.899999998475
11681.300000024965
12518.900000028012
7847.2000000110165
12604.900000028325
13410.800000031257
13557.50000003179
11090.400000022815
11794.600000025377
11333.100000023698
11827.600000025497
14270.600000034385
4746.399999999736
6480.5000000060445
5298.400000001744
11664.300000024903
9717.700000017821
7663.400000010348
10193.800000019553
12565.700000028182
9575.400000017304
6550.6000000062995
12110.500000026526
11942.500000025915
5399.600000002112
6592.900000006453
5641.700000002993
11915.500000025817
12501.300000027948
9982.100000018783
11144.200000023011
8508.800000013423
11677.600000024951
11138.20000002299
4067.699999997396
5739.500000003349
14221.700000034207
12579.600000028233
11928.500000025864
14018.400000033467
14278.800000034415
3709.8999999977214
3864.299999997581
12641.600000028458
12065.200000026362
4124.199999997472
11845.600000025563
11101.200000022855
10397.200000020293
12562.50000002817
11863.300000025627
12659.700000028524
11143.200000023007
13051.200000029949
12671.500000028567
11237.20000002335
8185.500000012247
13433.70000003134
12087.200000026442
13015.600000029819
7388.500000009348
4533.299999998961
5796.200000003555
11137.200000022985
7518.30000000982
7761.400000010704
11298.10000002357
4476.499999998754
4454.0999999986725
12645.300000028472
11072.60000002275
11808.300000025427
12690.700000028637
4028.199999997432
11015.700000022543
11787.30000002535
12470.900000027837
13207.800000030518
13841.300000032823
6403.000000005763
5151.2000000012085
11129.200000022956
6944.200000007731
10904.60000002214
12966.60000002964
11732.00000002515
6092.200000004632
5523.400000002563
10514.200000020719
12738.700000028812
11642.600000024824
13623.20000003203
7709.700000010516
5920.800000004008
13791.800000032643
14089.400000033726
11088.200000022807
13080.400000030055
12069.500000026377
5877.7000000038515
7512.9000000098
7392.300000009362
3516.699999997897
12326.400000027312
7033.700000008057
7918.700000011277
3933.0999999975184
6259.200000005239
6171.200000004919
12531.600000028058
11096.200000022836
4832.6000000000495
8476.700000013307
11799.400000025395
8189.300000012261
3944.9999999975075
11677.500000024951
4369.299999998364
13704.500000032325
6057.200000004505
2907.799999998451
11817.60000002546
4837.600000000068
6881.800000007504
5097.300000001012
3841.8999999976013
4053.7999999974086
4338.0999999982505
7451.200000009576
11186.200000023164
11307.300000023604
11153.200000023044
12797.600000029026
4078.1999999973864
11292.900000023552
5870.900000003827
6647.400000006652
7558.600000009967
11136.200000022982
4206.999999997774
5622.500000002923
8153.700000012132
6449.700000005932
11873.200000025663
7895.100000011191
13314.100000030905
6138.600000004801
11874.300000025667
4271.399999998008
3444.4999999979627
12563.400000028174
5397.000000002103
8621.800000013835
12599.100000028304
9222.50000001602
10173.900000019481
14131.300000033878
6641.100000006629
3987.8999999974685
3810.7999999976296
6130.20000000477
6456.600000005958
12245.600000027018
7198.800000008658
4052.39999999741
5693.8000000031825
6829.300000007313
13135.400000030255
5834.8000000036955
4677.2999999994845
11076.200000022764
8622.100000013836
7792.300000010817
4283.3999999980515
13786.100000032622
3463.2999999979456
11188.200000023171
12209.300000026886
12533.300000028064
5425.900000002208
4977.100000000575
5878.400000003854
14425.500000034948
11716.500000025093
11132.200000022967
5223.600000001472
13110.500000030164
12702.70000002868
9768.000000018004
11070.200000022742
9705.400000017777
6603.600000006492
13675.40000003222
12889.000000029358
6384.200000005694
12252.500000027043
6974.600000007842
9231.400000016052
3990.2999999974663
6174.600000004932
3699.8999999977304
7254.0000000088585
4141.799999997536
4088.699999997377
4569.299999999092
12824.500000029124
12616.800000028368
6778.2000000071275
7690.200000010445
13182.300000030426
3697.4999999977326
6709.100000006876
5711.200000003246
5335.100000001878
4955.800000000498
3906.2999999975427
6290.400000005353
9003.600000015223
3974.5999999974806
4764.899999999803
3159.7999999982217
11914.700000025814
3667.29999999776
12644.80000002847
7830.100000010954
10154.40000001941
13837.60000003281
7498.600000009748
5641.100000002991
5807.000000003594
13841.600000032824
7763.500000010712
12301.900000027223
11914.500000025813
11097.20000002284
5741.700000003357
11137.200000022985
12359.800000027433
4472.7999999987405
7078.200000008219
5400.200000002114
6536.500000006248
8721.700000014198
6118.800000004729
9846.50000001829
13526.000000031676
5498.9000000024735
11084.200000022793
8672.70000001402
6389.400000005713
10065.500000019087
12646.300000028476
9579.500000017319
3567.499999997851
5242.20000000154
11142.200000023004
11810.300000025434
4767.299999999812
14332.800000034611
3007.69999999836
5782.200000003504
12245.500000027017
13714.800000032363
4961.500000000518
7844.300000011006
3645.29999999778
4531.599999998954
4526.499999998936
14273.300000034395
10228.60000001968
12011.300000026165
7870.600000011102
12575.300000028217
11846.200000025565
5722.500000003287
12153.700000026683
8170.200000012192
11185.20000002316
7479.4000000096785
13149.700000030307
4335.8999999982425
5487.500000002432
5217.100000001448
8663.300000013985
4474.899999998748
6594.500000006459
10223.00000001966
13611.900000031988
10229.500000019683
7212.300000008707
7581.300000010049
12000.500000026126
5821.500000003647
3313.499999998082
12621.600000028386
11919.500000025831
10002.600000018858
10022.50000001893
5587.800000002797
5118.900000001091
12631.600000028422
11782.200000025332
6505.200000006134
12397.700000027571
13229.300000030596
11934.600000025886
13606.000000031967
13291.000000030821
12966.40000002964
6068.900000004547
6940.200000007717
11096.200000022836
4664.99999999944
3878.599999997568
12200.200000026853
8134.200000012061
5667.500000003087
12970.900000029656
10839.200000021901
11047.70000002266
5738.000000003343
12920.500000029473
5062.900000000887
9550.500000017213
3718.099999997714
7233.100000008782
11211.200000023255
12789.500000028997
6432.60000000587
5959.100000004148
12368.300000027464
13200.800000030493
13621.300000032023
14389.700000034818
6723.200000006927
10072.700000019113
14247.5000000343
7766.1000000107215
4741.699999999719
6296.400000005375
8693.600000014096
10035.500000018978
3109.3999999982675
11819.400000025467
13364.700000031089
9352.600000016493
11176.200000023127
13263.500000030721
3153.2999999982276
4113.7999999974345
11192.200000023186
9296.200000016288
13107.800000030154
12725.500000028764
5138.700000001163
5806.800000003594
3554.9999999978622
4830.800000000043
4593.799999999181
12879.500000029324
9078.200000015495
9407.300000016692
13166.500000030368
8032.30000001169
12005.500000026144
12105.200000026507
10159.500000019429
9970.00000001874
11952.20000002595
4914.300000000347
7971.90000001147
11159.200000023066
8253.200000012494
6419.2000000058215
2816.0999999985343
9958.900000018699
5309.200000001783
7398.800000009385
5019.500000000729
12199.40000002685
6143.80000000482
7597.300000010107
13361.200000031076
3917.3999999975326
9927.300000018584
2625.099999998708
5526.500000002574
3891.2999999975564
3842.5999999976007
8597.500000013746
6583.60000000642
11176.200000023127
12587.20000002826
13466.300000031459
13383.800000031159
4887.60000000025
3554.6999999978625
4501.399999998845
12722.500000028753
13144.500000030288
11960.50000002598
5057.200000000867
7628.20000001022
5845.600000003735
12033.500000026246
9013.900000015261
9644.200000017554
4230.099999997858
13841.500000032824
5497.700000002469
12549.600000028124
6517.300000006178
6150.000000004842
11290.100000023542
5156.900000001229
12967.300000029643
13764.300000032543
4878.700000000217
5915.9000000039905
7871.000000011103
5255.900000001589
5498.700000002473
11185.500000023161
4228.999999997854
8089.600000011898
7106.00000000832
10959.100000022338
4117.0999999974465
13255.600000030692
8317.300000012727
13209.300000030524
5878.500000003854
12297.600000027207
7195.300000008645
12871.900000029296
4279.899999998039
6110.000000004697
13120.600000030201
12639.700000028452
6181.600000004957
6538.700000006256
4684.499999999511
4916.400000000354
12896.600000029386
6307.200000005414
12921.600000029477
10431.90000002042
8218.300000012367
4877.000000000211
11139.200000022993
14047.100000033572
8523.700000013478
6526.700000006213
13588.900000031905
13267.500000030735
10193.200000019551
12788.900000028994
11118.200000022916
5174.400000001293
14305.300000034511
12305.600000027236
13364.700000031089
12648.400000028483
5980.700000004226
6480.100000006043
10947.800000022296
6246.700000005194
4827.30000000003
13304.60000003087
4626.9999999993015
4172.599999997648
7178.7000000085845
7096.000000008284
3587.099999997833
12896.800000029387
12561.600000028167
8481.100000013323
5628.200000002944
6745.300000007008
7792.600000010818
7984.600000011516
6106.500000004684
6392.800000005725
3850.3999999975936
11701.500000025038
7799.700000010844
8380.700000012957
4858.600000000144
13107.500000030153
5287.100000001703
5970.6000000041895
5359.700000001967
12477.600000027862
3862.2999999975827
3616.599999997806
3594.899999997826
4122.899999997468
11961.200000025983
14764.20000003618
4925.900000000389
3782.799999997655
5667.900000003088
13828.600000032777
8892.200000014818
10460.300000020523
11817.40000002546
4336.399999998244
7116.000000008356
12313.800000027266
12842.400000029189
9252.200000016128
9924.600000018574
7685.600000010429
5691.700000003175
12495.400000027927
8956.500000015052
5136.300000001154
4231.099999997861
4830.800000000043
11921.300000025838
5615.800000002899
5458.800000002328
8096.300000011923
11175.200000023124
13593.500000031921
9156.300000015779
7317.100000009088
13358.200000031065
5427.900000002215
5368.100000001998
11790.600000025363
4456.599999998682
9286.400000016252
4433.599999998598
4914.500000000347
5231.3000000015
7044.200000008095
3581.499999997838
12515.700000028
5655.900000003045
11170.200000023106
6057.800000004507
12710.90000002871
6331.8000000055035
5129.2000000011285
8739.300000014262
4409.999999998512
10794.80000002174
8603.400000013768
8169.200000012188
12084.700000026432
12492.400000027916
6786.000000007156
12319.600000027287
4263.79999999798
11822.500000025479
6804.400000007223
13620.300000032019
11995.400000026108
10257.400000019785
6785.300000007153
9856.200000018325
11526.500000024402
7508.0000000097825
4229.299999997855
7003.400000007947
10490.700000020634
7310.100000009063
6300.400000005389
10279.200000019864
13327.300000030953
13472.40000003148
4124.599999997474
11118.200000022916
11867.200000025641
11899.70000002576
12850.500000029218
13069.800000030016
7175.600000008573
12009.200000026158
6111.300000004701
7890.800000011175
3969.4999999974852
6739.200000006986
5497.700000002469
3488.5999999979226
12033.300000026245
5857.200000003777
5087.200000000976
12547.700000028117
9192.10000001591
13664.80000003218
9352.400000016492
13200.20000003049
11140.200000022996
7299.000000009022
11808.200000025427
11205.200000023233
3707.4999999977235
10115.500000019269
5788.000000003525
4411.699999998518
10282.800000019877
6676.300000006757
7875.200000011118
4876.900000000211
4911.900000000338
13467.800000031464
3097.999999998278
12828.90000002914
11884.400000025704
2949.9999999984125
7541.200000009903
5921.800000004012
13931.900000033153
8814.700000014536
11827.300000025496
6576.7000000063945
12618.200000028373
6102.500000004669
3409.099999997995
6200.500000005026
11855.600000025599
5271.600000001647
6030.900000004409
9514.10000001708
13174.500000030397
7545.000000009917
9545.700000017196
13889.600000032999
12893.600000029375
5606.600000002865
8670.600000014012
4702.299999999575
5516.100000002536
11078.20000002277
11879.200000025685
4206.599999997772
13116.900000030188
4624.299999999292
7704.200000010496
8574.900000013664
12644.80000002847
9242.600000016093
6502.600000006125
3863.5999999975816
14481.400000035152
9334.800000016428
12935.000000029526
7643.200000010274
11843.400000025555
13956.500000033242
6072.600000004561
3618.099999997805
11277.100000023494
5381.500000002046
5251.900000001575
7851.6000000110325
4805.899999999952
5476.500000002392
12562.000000028169
4472.69999999874
11757.500000025242
5400.200000002114
13726.000000032403
5738.800000003346
6994.400000007914
13586.800000031897
6818.900000007276
11125.200000022942
6832.9000000073265
13472.40000003148
12893.700000029376
14148.50000003394
13265.600000030729
11105.200000022869
3740.6999999976933
7212.5000000087075
14024.60000003349
6837.500000007343
12068.200000026372
12740.300000028818
11070.800000022744
7687.700000010436
11907.200000025787
4650.099999999386
10700.200000021396
6077.600000004579
4688.899999999527
9038.50000001535
11477.500000024223
10049.500000019028
11824.600000025486
3495.4999999979163
12911.60000002944
3481.499999997929
13077.800000030045
4753.699999999762
11748.50000002521
11203.200000023226
5031.600000000773
4734.499999999693
3600.199999997821
11847.40000002557
12330.300000027326
5064.6000000008935
13705.70000003233
11907.200000025787
12986.200000029712
13891.500000033006
12650.600000028491
14098.000000033757
13696.100000032295
4030.6999999974296
7948.9000000113865
5769.600000003458
7475.300000009664
10360.100000020158
11890.200000025725
4307.199999998138
12140.500000026635
14098.300000033758
12820.200000029108
5024.800000000749
12151.600000026676
7802.200000010853
12028.400000026228
7912.400000011254
8197.20000001229
14084.000000033706
12129.300000026595
11882.400000025696
11308.100000023607
13577.500000031863
10016.200000018907
4170.799999997642
12145.600000026654
12467.800000027826
5908.300000003963
13959.200000033252
12418.500000027647
5087.400000000976
12734.900000028798
13382.300000031153
10536.4000000208
9351.70000001649
7750.200000010664
12803.500000029047
3775.299999997662
9543.600000017188
4928.9000000004
13483.800000031522
10261.4000000198
6695.600000006827
14197.500000034119
3602.8999999978187
3845.499999997598
12966.50000002964
12741.800000028823
4042.499999997419
14170.900000034022
11842.400000025551
3958.799999997495
11900.500000025762
13331.90000003097
12569.300000028195
12487.400000027897
5943.900000004092
6013.800000004347
7630.6000000102285
10320.400000020014
12864.80000002927
9391.800000016636
12344.300000027377
4488.199999998797
5196.300000001373
2661.499999998675
5384.600000002058
3325.399999998071
8601.40000001376
7085.300000008245
7837.20000001098
13543.60000003174
13284.500000030797
4564.099999999073
12767.600000028917
11863.400000025627
11180.200000023142
6954.000000007767
11833.200000025518
4612.79999999925
5118.70000000109
10047.20000001902
3849.5999999975943
5078.700000000945
8918.600000014914
8115.100000011991
11728.600000025137
14006.600000033424
5135.20000000115
5117.400000001086
12391.600000027549
10566.200000020908
12389.900000027543
8371.800000012925
7625.800000010211
11162.200000023076
10014.3000000189
13648.600000032122
6153.4000000048545
9054.90000001541
11083.200000022789
8692.600000014092
7396.300000009376
11009.30000002252
8577.600000013674
4227.799999997849
4138.899999997526
5787.700000003524
10522.90000002075
12838.600000029175
4828.400000000034
10513.900000020718
6089.400000004622
4619.899999999276
11193.20000002319
5822.20000000365
12272.600000027116
13003.600000029775
5960.400000004152
11904.200000025776
8673.200000014021
7901.400000011214
5689.900000003168
6585.400000006426
5993.600000004273
6035.800000004427
7309.700000009061
9760.600000017977
13215.800000030547
4576.399999999117
14020.600000033475
14333.700000034614
7006.200000007957
7632.900000010237
13559.9000000318
11158.200000023062
9824.30000001821
7460.800000009611
12896.200000029385
3893.899999997554
12809.70000002907
13131.700000030241
11144.200000023011
13959.900000033254
6012.500000004342
13411.000000031258
11052.500000022677
10638.900000021173
3965.8999999974885
12920.400000029473
13636.500000032078
5489.500000002439
11074.200000022756
13465.600000031456
8907.300000014873
12577.700000028226
5030.100000000768
12893.400000029374
13845.90000003284
6025.400000004389
11191.200000023182
5937.200000004068
12528.600000028047
11683.300000024972
3818.7999999976223
11161.200000023073
3938.2999999975136
5291.200000001718
8073.800000011841
6802.1000000072145
8008.100000011602
9525.200000017121
9878.200000018405
10113.900000019263
5912.000000003976
12191.20000002682
11117.200000022913
8056.200000011777
13678.000000032229
14507.700000035247
9272.1000000162
5751.500000003392
5915.600000003989
11886.500000025711
8685.400000014066
6373.600000005656
11150.200000023033
3930.8999999975204
9425.200000016757
5798.200000003562
5604.100000002856
7665.700000010356
11673.500000024937
6876.800000007486
8165.400000012174
6566.200000006356
13632.000000032062
13024.700000029852
13955.90000003324
7456.500000009595
13318.500000030921
9131.000000015687
6643.200000006636
12872.7000000293
11887.300000025714
11158.200000023062
12832.900000029154
5524.2000000025655
4178.3999999976695
11845.200000025561
11840.200000025543
13267.800000030737
4103.599999997397
12066.300000026366
9522.20000001711
9358.200000016514
6956.500000007776
7496.500000009741
10822.20000002184
11583.90000002461
11694.600000025013
