11657.90000001201
13196.700000026973
9096.02500001734
5841.825000003721
4359.225000003148
14575.425000022358
5242.175000003337
8230.75000001476
4927.150000003468
5322.975000003962
6548.850000006292
15331.60000003245
7716.375000010541
9851.300000018307
12341.275000023219
12553.800000019724
11339.700000025074
4519.05000000275
6591.050000007384
9209.150000015972
6836.025000009731
8539.300000013534
5431.725000004151
12896.500000022083
5939.025000005866
8677.525000014037
10083.150000019152
5553.600000004222
7875.300000012763
9036.775000015345
12165.700000026727
8625.275000013848
11162.900000004578
8313.200000014574
10818.775000017846
5300.100000002785
15708.19999999963
7579.05000001004
6588.0500000081665
10102.15000001922
8978.325000017552
4654.000000001238
11899.525000027683
14077.525000003418
6160.1500000075885
9922.325000018565
8077.175000011853
8971.95000001511
5849.350000005645
10200.850000019578
7865.550000011083
8969.600000014263
7432.57500001229
6611.1750000078655
7155.675000011132
7738.850000011438
10872.725000021679
7626.175000012221
5966.975000005927
10064.650000019084
9203.850000018052
14148.250000002
5137.375000003112
4685.1250000027485
10505.450000002886
6470.200000008484
7923.725000013452
8401.100000013032
5159.300000003181
8184.850000014469
7435.825000011772
6200.200000007582
9215.100000016802
13778.000000006374
12762.02500001574
8109.975000009836
8851.750000016207
11786.800000025349
10591.175000022948
15030.049999995663
6186.975000007628
6997.800000009916
7020.275000008009
8916.800000017674
9030.025000015321
8199.92500001342
7350.500000011684
9665.975000017683
7371.300000011715
7541.025000009902
9775.725000009053
12660.975000028528
7786.975000010797
7033.375000009504
5035.725000003409
11718.750000007949
9395.825000018833
8741.550000014573
9697.150000017746
5465.2250000050135
9838.800000018262
11737.425000025169
5786.925000004226
5074.975000003324
11164.00000000164
9832.200000018238
9466.775000016907
12667.974999997352
15497.674999995834
5456.000000004889
6258.350000005236
9440.950000016448
10571.97500002093
4999.750000002723
8981.27500001535
11515.425000024361
8032.000000011689
8419.52500001507
8540.125000015261
12217.100000017766
11037.150000022622
8027.650000006624
8286.87500001484
10830.775000021871
8802.675000014493
9332.475000006198
10433.225000020426
9201.225000012724
6143.300000006988
6702.700000006853
6245.075000005898
11086.825000022802
8840.225000014629
7745.725000011456
10399.1250000203
5580.300000004208
6338.075000006745
8961.575000016292
7029.450000010171
7434.27500001125
13488.825000011904
5815.400000003625
10291.47500001991
7354.025000011301
9605.575000017718
13882.42500001244
10889.275000004574
9322.075000016383
6264.675000005935
11138.72500002299
7663.425000010526
7583.425000011968
10767.100000009832
8899.175000010244
8516.725000013452
7653.775000010313
10700.300000021396
12257.025000022935
10097.725000014478
11153.450000005963
10897.725000022114
6431.65000000745
10278.250000002989
10810.225000002256
8216.825000012363
10578.050000013543
15031.825000028557
6739.800000008461
7177.100000008579
8125.550000012029
5428.950000003133
13233.500000030612
10236.60000001971
7876.500000013033
4695.250000001946
7593.600000010094
6103.650000005569
9745.450000020457
10832.300000021876
5300.500000003959
6293.975000008761
8809.62500001687
7614.975000011747
6818.3500000072745
7714.325000012517
4966.600000003402
14531.424999998871
8659.500000013972
4998.450000001301
8808.42500001652
5713.9000000056
7869.150000013575
8566.325000013632
6041.225000004446
5090.100000003682
6628.475000006582
9988.675000018808
12941.85000002294
9330.150000016412
14294.22500003447
10354.275000017298
4527.300000001798
7866.450000013252
7873.300000012042
6698.95000000708
8048.600000013252
12745.225000028
6016.475000006629
5924.750000007432
8800.000000016797
9866.800000018364
10543.600000021477
8982.450000015146
11301.475000014689
6505.9750000068125
12189.275000026813
5751.425000004983
4628.350000001741
9197.075000018018
4997.775000003281
6508.625000010474
8703.1500000149
8200.075000012654
8317.025000012727
10010.024999998886
9221.350000016017
5369.62500000398
5125.650000003459
7605.800000010894
8095.825000011921
6784.0250000106225
5722.275000005873
5874.675000005747
7388.525000009596
6929.1000000076765
11148.575000013803
5240.900000003829
7438.85000000953
9263.000000016167
6971.5500000099755
9365.825000016574
5634.300000005047
9357.70000000111
5807.200000003996
12502.100000027951
8250.175000009967
9674.725000017665
5978.175000006981
6728.9750000083895
6476.750000007225
18228.17499996863
7847.45000001253
10012.225000018892
7324.075000009113
10782.300000014198
12165.325000023353
6701.200000010134
9444.675000016829
9082.77500001551
5591.700000005432
11886.675000005815
13644.800000017261
8095.425000013288
7747.800000015331
7058.12500001025
8216.300000014098
4842.600000003042
8298.600000012759
5518.250000003594
7857.600000011054
4970.800000003446
5453.075000004347
7504.025000009768
12553.175000016941
12251.250000012837
8622.150000013835
9693.875000017735
15034.42500000239
4909.725000003522
9442.65000001682
9101.85000001558
7459.825000009607
5728.850000004612
6303.625000005401
6910.700000007816
9089.125000015843
6303.550000006626
4912.825000003557
5407.150000002415
8036.7750000130345
5400.850000002258
9566.92500001753
7345.250000010029
11465.550000023326
10267.050000007122
8046.150000013382
5591.47500000556
5736.000000005238
9898.57500000548
7203.650000010447
6942.900000011228
11096.950000022838
12844.67500002179
6145.850000006678
8049.325000011751
7926.3750000133805
6591.925000007328
8927.625000014947
7656.650000010323
7389.875000009907
8512.250000013435
7114.775000009935
8935.475000014976
8363.400000006073
6878.225000008742
9316.15000001636
7505.775000011489
8083.425000011875
7378.575000010711
8787.60000001597
6294.800000008649
5853.450000003763
6652.275000007037
9896.750000018474
7796.675000013015
6928.1250000076725
12749.225000003604
4330.450000000946
7412.650000009435
8341.125000015578
9568.600000005757
5201.1000000043205
8570.825000014796
5195.2250000037375
5702.300000005116
6842.600000007362
10214.250000003529
7843.775000012261
11443.6250000241
7316.725000012386
8724.075000015624
11131.32500002397
7378.5500000093125
15514.000000014516
8226.450000015027
10768.950000021647
8244.600000013477
7958.8500000091335
5372.825000003897
6377.350000006876
4502.950000002062
6538.175000009076
6136.200000005843
6974.275000009023
6529.675000008176
9630.975000005912
10027.200000013418
8779.80000001441
8564.650000013626
10948.925000023366
6017.775000005893
4777.525000002695
8188.0250000132755
9859.150000020149
8506.850000013417
7603.650000011397
6873.575000008974
6395.875000007558
7985.550000013242
7826.550000013311
8522.375000013473
7542.450000012539
11181.575000013618
9191.425000012081
8752.650000005135
11034.825000007848
12213.800000012623
4480.975000002958
7941.425000012205
8222.00000001238
6200.050000005222
4880.975000003058
10809.950000021794
11976.875000026039
6845.075000008851
9655.575000008095
11119.77500002292
11232.925000008638
7936.700000012265
9976.125000013564
5184.575000003382
9065.275000016834
4888.550000002355
8116.3000000119955
9566.850000017273
12733.400000019472
5355.975000006937
7958.32500001142
7585.250000012995
11925.375000018827
11699.075000007535
12596.274999998059
7665.075000011746
8432.200000011882
14761.175000005362
8544.500000013553
7218.1250000087275
8541.425000013895
8084.77500001188
13238.62500003063
4808.95000000135
10668.57500002132
11270.400000011974
9123.125000016413
10656.200000021236
10023.475000012917
5727.700000003513
5132.575000003366
8303.675000012794
9836.950000018256
13227.225000020071
10641.47500001899
5574.700000004763
5850.800000005869
4453.425000002362
6310.325000007044
6768.050000007091
10715.450000011064
10280.90000001987
10741.500000021546
10398.900000016947
8629.475000013863
8851.400000015532
9968.525000019734
7320.100000010849
8334.775000014664
12345.375000026648
6050.425000007018
6175.850000007189
8746.000000014481
7331.9250000091415
7005.700000010028
4048.1250000005402
7820.300000010919
7369.90000000928
7431.150000009717
6199.750000007505
12433.950000027013
6002.825000005638
6250.30000000723
7821.475000006791
6229.500000006803
10699.375000020995
4393.125000000718
6872.650000008285
6628.600000006583
5387.22500000296
9875.375000018394
6890.87500000998
10484.175000020608
10568.550000020694
9230.650000005604
9376.675000008028
7427.750000009491
6394.025000005729
5283.650000003867
8422.050000014668
8477.850000007875
9321.950000016808
6615.075000007967
8965.275000015085
5910.875000005322
13402.975000031229
7692.275000011885
8340.825000012814
6052.225000007296
11634.700000007459
6234.125000005407
12362.550000023537
6926.950000009088
8146.325000014085
12683.225000014994
6830.7250000094355
6858.900000008148
8533.675000002102
5260.025000002979
5567.650000004105
7015.525000010915
6984.350000007878
5938.600000005683
10220.40000001965
5332.9250000031425
7637.550000010829
7094.30000000936
11268.925000023464
4336.1000000018375
7996.5000000077325
7108.0250000104115
9641.625000011672
8358.800000012878
13291.025000009831
8811.550000014526
6909.725000009992
6134.125000004784
7662.150000010679
7207.600000005771
8576.200000015122
7417.075000010253
5730.32500000613
7128.17500000906
7528.025000009855
9490.92500001674
7470.85000001048
8403.975000008795
7719.400000012077
7408.900000010828
5436.425000004545
12042.325000026278
12764.700000002147
6715.775000008627
5736.100000006075
11456.950000006382
8162.325000007876
9936.775000018617
10192.275000019905
10986.775000022437
6847.475000009334
13009.450000004443
8452.325000014036
7910.550000005755
11059.750000023678
8317.57500001332
7580.075000010045
10667.625000021277
6650.125000007178
6557.225000006323
9798.92500001167
5070.125000002721
5712.625000004513
7305.100000010654
8356.975000012872
4649.025000001562
12939.725000020602
8054.850000013934
8532.850000014705
5993.125000007338
7261.025000011609
7803.700000011671
7231.725000010556
6880.650000010067
7669.775000011237
5459.575000003964
8322.925000015031
7410.525000009428
10544.300000020829
5111.325000003932
9182.575000012876
6487.7750000075375
5964.1500000058295
7480.825000009684
10408.050000022877
5824.325000005844
4911.325000002715
5704.125000006001
6308.3500000067215
10818.45000002389
13300.850000000806
6796.525000007476
6635.000000006607
6213.675000007908
12496.550000000032
8215.150000012354
6925.175000010514
12208.225000026883
6145.350000005927
6430.050000007963
7709.900000012313
12161.525000017124
7901.100000011213
8073.125000011838
8195.100000012282
7896.500000011196
7699.825000012897
7597.600000012528
7355.7000000092285
4888.450000002744
5909.125000006688
14717.575000019846
5178.650000003343
6237.700000007537
11095.625000022834
9014.350000015264
8534.275000005431
8408.625000015385
7047.475000009028
7659.42500000531
7552.300000009944
6676.200000006851
9190.025000018162
5690.825000005683
8214.950000012355
5856.975000003992
5162.425000004445
5563.250000004968
7596.350000010416
5797.775000003927
7991.925000014611
6496.700000008259
9814.700000018174
6697.700000009103
9571.125000016445
5429.475000004348
6321.550000005802
8951.100000015032
4636.700000002742
9037.575000015348
9382.875000016831
9482.675000016967
10911.650000018406
7634.200000012397
9592.900000017367
10366.67500002053
6120.875000006042
11137.525000022986
8681.600000014922
10718.900000007063
9898.650000020334
9959.125000013977
7529.4500000098615
11940.425000025907
9486.325000018393
6168.6500000058395
6561.70000000634
7785.475000010792
9206.050000015959
6380.150000006764
6518.975000007808
8392.72500001324
13319.200000009758
10738.425000008923
5592.325000004416
11827.350000025497
15329.500000030199
9653.625000018568
9077.075000005707
16433.57500001858
6120.525000007625
8966.725000017026
6934.975000009271
7114.475000010257
5008.025000002723
10934.725000022248
8325.125000012755
5270.250000003477
9729.650000017864
7360.550000009246
5906.37500000635
11318.150000022302
9827.40000001822
10229.450000005501
6548.600000007824
10075.975000007591
9198.450000015931
6112.700000006484
13945.775000029942
9540.125000017175
5651.975000005288
7776.100000013217
7233.300000010035
6310.875000007378
9285.400000017555
7284.050000009445
8923.000000016014
7729.925000010589
6906.725000007595
8364.92500000594
4599.675000002064
11945.375000021197
9701.325000019502
4460.700000000816
6642.55000000898
5688.025000005897
9790.050000003288
7779.75000001182
10133.425000019335
8106.225000013132
10858.32500002197
6670.9500000083135
5274.425000003559
8969.400000015099
8903.500000015636
6123.400000007296
6896.225000007556
9922.325000019133
12323.02500002034
7344.850000009633
8707.700000014214
11521.150000007325
11547.450000015655
7641.450000010269
11509.52500002434
6545.550000006282
7709.050000010515
10480.625000020596
13259.725000030709
5562.40000000396
9289.12500001216
6795.450000007191
6165.100000005917
6973.825000008497
9807.600000019293
9240.70000001877
6977.02500000785
5617.150000005712
16573.799999988114
7665.175000010893
12340.625000022354
9123.92500001566
10576.02500002189
11610.150000007805
5696.800000005234
4935.450000002167
10302.200000019948
6493.750000008514
6110.200000006578
8968.800000015097
6420.750000005828
7016.100000009492
8537.650000008947
6764.100000007076
7991.850000013339
6072.650000006157
9139.925000001454
6721.8000000092525
8629.500000013863
10391.600000008255
6698.350000009203
10193.050000019552
7667.875000010365
8055.700000002547
6488.800000009942
12585.450000004486
10119.125000013913
9261.550000016163
4876.900000003618
7696.450000010467
10558.325000003946
6475.975000008848
9958.700000018698
10383.400000012309
9544.550000009076
6196.025000008394
14071.750000033662
6590.050000006443
8129.475000012044
6329.000000008657
8054.950000011771
10015.100000019233
7924.425000014175
10630.525000023159
9237.275000017826
5589.425000003241
10100.300000017385
6503.3500000061285
10454.575000011835
6554.875000007098
9974.35000001915
11115.275000022906
7755.200000010682
6338.675000005661
5425.775000004321
8591.800000014677
7184.2750000110545
6540.400000006579
9464.950000005629
9489.250000019012
9313.450000012559
10030.425000004194
10324.725000017896
9325.399999999536
10644.650000005913
5403.125000003872
6501.0000000080745
6502.600000008023
6372.52500000765
8193.150000012274
11981.150000026055
6596.90000000683
11615.025000012149
10636.750000003442
13774.300000000127
5770.275000004322
12587.32500002826
7811.775000010887
11093.525000022826
6764.950000008255
8162.550000014015
12745.925000002828
8159.7250000113345
8484.975000010621
11565.950000024544
8818.3250000052
9974.650000018757
5748.3750000055825
14902.725000012164
7601.800000012785
7674.450000010749
12456.750000002405
7147.87500001156
6258.075000005847
10799.825000017103
8338.45000000724
9411.200000017829
11657.625000021046
7454.925000009589
9190.525000016503
5398.050000003994
7074.550000011019
7404.475000009406
9773.200000006298
6276.6500000083615
8387.700000012983
10138.27500000063
5438.500000002987
6533.400000006364
10343.475000016479
13841.925000014915
5723.625000004551
12994.000000001743
11191.000000023181
5799.67500000367
11928.400000026952
16540.800000019095
7232.225000011038
7673.175000012527
6957.300000008359
7006.100000007957
9048.425000016287
10079.825000019744
10176.300000014391
9647.925000017567
7559.300000012582
5248.82500000416
7811.450000011549
4129.425000000825
7349.100000009204
5060.800000002601
7249.0500000089
8801.075000014487
10287.100000019893
7902.900000005122
11828.725000012777
4993.525000004191
7993.125000012498
11105.025000022868
9953.550000018678
6570.450000007844
8282.600000012699
5795.900000005931
6706.625000006947
8518.600000013459
5228.175000003037
7205.775000010609
6830.450000009532
10794.400000021738
11002.475000022496
13474.900000005666
6852.125000007396
7126.925000008396
8862.275000016614
13700.45000003231
8104.400000014475
9385.17500001661
7758.075000011473
14782.600000018687
6669.650000008896
13645.675000010593
7171.175000010713
9279.72500001715
8514.400000013444
6747.000000008824
8120.0250000120095
7756.67500001155
6917.9750000076565
6196.675000005012
6350.450000006027
8312.875000012711
8830.000000014592
13078.175000020172
7880.550000011137
11968.725000021608
7413.950000009705
5327.400000003874
13339.700000028508
5854.15000000605
9642.300000018466
9413.875000011743
6147.550000006724
10031.275000018963
8057.725000011783
8677.250000014035
8018.775000011641
6027.250000006579
5159.475000004718
8742.625000014274
7179.725000009186
8048.575000014533
12088.250000011445
7041.075000009067
10851.550000004172
11765.650000002268
6943.050000007726
7713.150000011412
11199.4000000112
10747.700000021568
10036.35000001898
6954.825000008557
10580.125000015307
5469.8750000040545
8775.500000013555
7746.650000005789
8389.650000012989
12079.475000004895
6972.12500001033
7810.250000004293
11541.550000026187
7540.175000012637
5891.225000004319
10455.800000013898
9467.750000004875
7796.250000012129
10637.575000021168
9090.625000005915
9045.025000015388
9600.975000017026
6034.625000006585
10709.350000017805
11022.950000005698
7668.400000011537
11586.45000002462
6305.300000005407
8981.55000001658
7322.375000010973
5578.0750000043945
10697.625000021386
6144.175000006127
7329.375000009132
7437.900000012858
6920.775000009975
9001.225000015214
10049.550000019142
8894.225000014827
9060.375000016305
8284.100000012606
10821.425000015297
8568.20000001364
9536.525000017162
9227.575000004932
13354.499999996653
11925.975000025854
7304.975000010239
6727.425000007977
11090.075000022814
7373.825000011771
7165.800000009403
10886.125000022072
5643.075000003955
11206.62500002324
7802.325000010853
6269.025000005644
9288.025000016258
7947.425000013802
7916.800000011472
8524.275000014164
7009.20000000833
8295.575000004103
12592.65000001554
10862.450000004075
6240.975000006822
10560.675000004294
6210.07500000752
10744.675000021558
12367.450000011022
10527.400000022217
12222.125000022406
11250.750000018204
8349.950000012846
7487.825000009709
9784.375000020305
9541.775000019841
8305.525000007463
5283.600000004238
11533.700000024426
7998.400000011567
9774.175000018025
7801.750000010851
10967.475000022368
13490.150000031503
8288.325000015178
8871.625000017222
