7923.800000011295
8979.425000015297
6048.325000006802
3658.274999997788
2661.274999998995
10337.950000020077
3143.099999998646
5717.425000007003
3031.9749999992127
3145.7749999989483
3869.8999999985126
10744.325000021556
4727.150000002442
5738.550000004099
8940.100000015722
8798.575000014478
8221.575000014831
2838.525000000777
4170.075000000982
6006.2000000046555
4550.700000003557
4932.975000000415
3318.8500000000495
8780.375000014412
3759.675000000785
5386.925000002733
7054.925000008134
3387.0499999982644
5155.850000004559
6166.175000004901
8294.900000012645
5167.250000001322
7772.65000001238
5764.425000006142
7878.475000011131
3322.5999999992405
11654.800000024868
4880.425000001971
4047.199999999636
6301.600000006019
5503.87500000671
2721.1749999986205
8529.225000016599
9895.400000018468
4239.550000004087
6855.40000000962
5287.57500000455
5387.95000000302
3594.049999998727
6197.075000006859
5002.400000002808
6189.800000008584
4871.500000003686
4134.400000000185
5071.875000005579
5084.700000002628
7616.900000010179
4468.000000001677
3573.5499999994327
6415.87500000581
6787.075000011066
10536.400000022335
2902.649999998622
2763.874999998687
7194.750000011607
4350.475000002954
5119.200000004307
5245.075000001922
3100.374999999327
5740.825000006276
5333.5500000063885
4042.400000002609
6703.025000008711
10521.075000020744
10000.800000021301
5350.375000005091
6194.900000007723
7155.4750000085005
7551.200000012719
11186.500000023165
3933.850000000152
4468.175000001656
4459.599999999515
6148.875000008282
5884.500000004939
5336.500000003621
5008.550000005502
7083.600000010547
4859.6500000043825
4803.575000001761
6773.450000008885
8231.325000012755
4683.925000000419
4410.550000001411
3109.175000000718
7840.975000014036
5900.550000008447
6086.350000007097
6420.550000007528
3801.0250000033343
6602.850000007165
6614.350000006532
3550.97499999862
3172.050000000726
7853.025000012716
6915.175000009294
6584.750000008158
8604.075000013947
11586.050000024617
3192.224999998554
3837.0999999980877
6483.025000009026
7135.225000008427
3043.299999999289
6143.700000005791
7248.450000008837
5427.1250000039945
6107.100000009195
5976.2000000068965
8991.200000015178
7048.050000008125
5797.325000007535
6071.37500000906
6511.750000007745
5576.525000004938
6923.850000011609
6995.025000007916
6417.850000007684
4039.7750000016645
4059.7749999983257
3929.5250000006054
6938.40000000771
5462.650000002342
5131.800000002869
5896.8500000049935
3364.649999999069
3872.8749999989923
6459.475000009337
4904.850000005407
5261.800000005723
8937.975000015556
3649.74999999852
7445.025000009648
5135.82500000549
6842.075000009619
8651.575000015262
7757.225000010689
5780.95000000425
3874.9499999996265
7031.225000008048
5075.550000004017
5277.900000006201
7975.600000014227
6206.825000007595
5344.650000001912
4794.900000001361
6212.825000005863
8343.975000013656
7174.9250000113725
8157.025000012167
6979.55000000786
3988.3750000005048
7516.300000010775
7664.950000011585
5523.975000004776
8225.075000014916
9425.250000016757
4184.02500000084
4730.675000002098
4962.350000001388
3359.6749999980398
9129.800000015683
6602.175000006488
5174.750000005915
2837.6499999989765
4719.975000001787
3707.275000000831
7084.72500001136
7066.450000008175
3216.674999999723
4230.025000003595
6182.475000008128
4868.5000000032205
4013.149999998303
5406.200000005856
3076.5999999988785
10156.825000021661
5270.900000001828
2907.2999999984513
6235.525000007835
3524.275000000254
4845.550000003406
5104.550000001039
3717.84999999829
3027.1499999991315
4063.3999999987022
6211.075000005065
9025.025000015943
6592.6000000075
8358.125000012875
6862.850000009959
2745.049999999259
5783.5500000082275
4853.0750000018415
4178.775000001277
4730.375000002714
8831.200000014596
3624.3499999989344
3702.200000001594
5673.050000006246
6424.375000005841
6901.075000008979
5590.425000003494
8766.975000017104
3952.5000000005975
8819.500000015185
3499.024999998499
2696.599999998643
6657.30000000948
3173.4500000004114
4379.050000004585
6002.050000007568
5151.950000003192
5679.600000004017
6850.325000010152
5462.5500000030725
3200.699999998854
3047.549999998702
4813.425000002102
5135.4500000019525
4990.450000006313
3706.3250000020544
3551.9499999986224
4609.650000001491
4580.525000002153
7562.97500001021
3344.5750000007793
4448.57499999939
5779.225000005322
4762.700000002959
6457.725000006684
3287.249999998899
6570.7000000089065
3373.024999998113
7837.000000010979
5901.575000006983
7259.000000010013
3827.0250000001515
4120.074999999839
4399.900000000872
12171.425000026748
5583.450000005327
6563.825000006347
4513.724999999995
7415.675000009911
9215.825000017268
4678.675000004792
6428.925000005857
6342.27500000617
3575.3250000014723
8971.425000015908
9539.225000017172
5141.150000003792
5693.675000009827
4455.700000001535
5464.150000004596
2943.0499999987555
5364.75000000293
3304.8249999984305
4876.350000001323
3056.3749999991396
3237.474999998749
4544.749999999223
8718.750000014188
7691.150000010448
5488.775000004278
6344.125000006806
9971.375000019678
2964.9999999987554
6122.300000004741
5574.075000002876
4433.025000000129
3492.8999999996727
3959.599999997705
4396.325000000443
6001.62500000715
3677.3999999985194
3024.599999999993
3327.4499999980694
5466.525000005555
3132.8499999982464
6772.375000008296
4936.225000001987
7864.900000011081
7541.000000011647
5075.075000003685
3508.8000000004704
3704.475000000457
7142.825000009631
5155.850000005206
5094.900000006673
7510.27500000979
6893.825000009358
3921.200000000572
5276.125000004534
5823.575000008552
4042.674999999099
5407.050000003281
4560.674999999819
4608.17500000101
5663.900000004194
4513.750000001878
6506.400000007434
5901.0500000076
4202.6750000002885
6234.675000005505
5026.7500000035125
5230.100000002203
5034.775000004378
5991.450000007084
4289.575000003948
3561.8749999978586
4205.150000000849
6021.05000000688
5461.300000005618
4232.374999999531
9491.875000017018
2566.4249999987615
4739.250000001141
5845.525000007094
6956.650000009085
3263.724999999646
5772.175000005511
3111.64999999856
3401.4999999992997
4363.399999998783
7106.700000010658
5453.125000005761
7673.125000010383
4869.800000003937
6014.550000007184
7426.075000011431
4551.100000000135
10622.300000021112
5284.075000005096
7387.300000009343
5196.30000000378
5923.075000008148
3246.599999998951
4096.775000000416
2864.8500000003396
4299.900000002732
3704.4249999993554
4318.125000001
4613.575000004626
6860.100000008104
6887.675000007996
5865.550000004461
5304.450000003811
6877.750000009423
3804.1500000005212
2840.374999998512
5760.650000006221
6443.950000008776
5675.325000004974
5101.750000004689
4250.025000000851
3876.6500000003657
5530.050000007148
5388.450000006148
5619.975000004444
5190.400000006424
7531.350000011445
6611.375000008832
6256.625000007692
8174.5250000159085
7636.525000011956
2925.125000001277
5419.425000003786
5554.175000004681
3994.299999998624
2842.974999998777
7620.975000010492
7660.050000010336
4386.700000000588
6631.050000006592
7778.050000011079
7523.700000011454
4982.025000002266
6826.525000010967
3123.425000000163
5803.400000005899
2908.8749999986594
5176.075000002124
6336.425000006866
8476.725000015824
3445.200000001681
5339.200000002116
5271.20000000701
8474.075000014305
8652.725000015655
9330.400000017842
4900.500000002556
5674.725000007955
10299.650000019938
4853.875000001954
4341.900000000303
5222.525000002927
5316.200000003545
8359.85000001288
2735.5499999986077
7402.325000010265
7713.825000010531
6361.350000007033
6773.725000007112
6602.475000007913
3307.949999998087
3240.6749999989734
5601.525000004945
6562.200000006342
9175.950000016075
7535.225000012671
3469.9999999997035
3700.5500000004126
2636.324999998698
3872.174999999327
4468.824999999473
6818.075000009967
6701.7500000071705
6897.525000009042
7215.400000011682
5243.550000002698
5882.800000006109
6701.5750000086355
4974.100000004334
5731.900000005902
7957.675000011418
3723.950000000302
4121.325000002611
5979.275000006731
4862.675000003215
4545.275000001702
2332.399999998974
5207.550000003831
4342.274999999995
4698.3750000022
3780.9499999998066
8750.050000014871
3833.8500000008153
4184.175000002007
5664.600000007389
3740.7499999986044
7454.45000001161
2507.299999998815
4302.12500000048
4208.999999998223
3343.4749999983237
6736.750000007156
4659.000000002865
6903.425000008701
7135.700000010685
6665.275000010177
6906.35000000855
4263.874999999787
3614.424999998125
3193.3499999992227
5977.1250000079435
6286.425000010126
6452.95000000718
4102.750000000597
5905.900000003954
3744.0500000000484
9044.825000015373
5353.750000005881
5330.000000003649
3675.774999999251
8624.050000014518
3872.825000000057
8351.450000014063
4190.825000000792
5168.82500000389
7950.12500001217
4178.200000000613
5025.550000007234
6072.6750000074335
3245.4749999997416
3635.500000000565
4424.775000002593
4441.8000000002785
3763.375000000447
6373.825000006246
3115.3249999991704
4889.125000002861
4687.650000002384
7044.975000008098
2655.2499999994156
5838.600000007848
4546.325000003075
6275.450000009103
5202.3750000018545
9360.775000016783
5934.37500000499
5112.625000007209
3689.5499999985577
4706.525000001608
5165.4000000075985
6176.525000008709
4884.1250000017635
3614.225000001092
4310.799999999947
4482.624999999309
6890.725000010134
4728.025000001714
6273.075000008027
5116.52500000513
4943.150000003818
3313.9499999994714
7842.050000010999
8864.750000015634
4369.050000002799
3546.100000001416
8274.10000001257
5841.175000007886
6120.475000004735
7710.825000012217
6297.025000007028
4124.600000000122
8962.22500001535
5649.325000006294
5555.575000007397
8049.425000014624
5218.450000003124
4756.825000001002
7587.525000010639
4344.650000000368
3967.350000000297
6606.65000000855
3117.7999999995473
3397.674999998696
4695.625000002961
5465.900000004546
2845.4749999985793
9138.025000016187
5580.8250000063
5607.475000004832
3772.0500000005154
4610.925000002659
5509.450000005063
4549.925000001784
4425.250000001951
4955.6500000024125
3320.6749999982108
5979.7250000084605
4924.675000001724
7320.725000009102
3204.0249999993093
6184.30000000697
4121.124999999865
3640.7000000007415
4855.075000000396
7586.075000013222
3515.7999999984663
2860.674999998704
3330.4499999984737
3958.674999998947
6663.425000009801
9324.05000001639
4150.999999999539
3894.8749999981683
3888.150000002081
9102.225000017621
5502.900000004171
4764.975000004729
7912.425000011253
3794.9749999983906
4236.925000002673
5559.37500000611
8696.050000014104
5228.900000003286
5711.175000004945
5045.600000003156
4837.975000000313
5309.900000006939
5640.450000007822
4501.0000000000055
2964.924999999215
3567.2000000007984
9957.325000018693
3292.275000000461
4164.225000000849
7158.025000008509
5694.275000005628
6025.200000007231
5599.800000005997
4722.175000001719
5416.250000007519
4769.225000000906
3985.1750000001343
6234.875000008065
3648.924999999274
5452.125000004111
3680.4999999989855
3238.4749999999203
3610.599999999918
4812.57500000316
3342.07499999831
5762.900000008038
3911.8250000011326
6605.300000007026
4133.175000002036
6806.175000009172
3452.4250000011193
3913.1000000005292
5993.775000005369
2828.8499999995306
6238.000000008224
5650.725000004061
5970.300000005147
7548.050000009927
5494.575000006462
5938.750000004074
7831.325000013058
3535.099999998944
7966.100000011521
5862.825000005352
7946.075000012655
6370.15000000914
6982.875000009718
4714.450000001598
7826.875000010943
6206.52500000722
4024.600000002059
3922.3499999978967
4892.750000001644
6222.850000005988
4057.4750000018757
4279.700000001651
5753.150000005632
9767.200000018356
8020.450000015078
3489.6749999992853
7403.425000009402
10300.30000001994
6196.375000007165
6422.750000009413
11580.150000024598
4022.650000002323
6135.850000007638
4260.750000001344
5142.425000005182
3044.699999998951
6460.10000000597
5201.450000001431
3042.624999998428
6600.075000007171
4159.100000000073
3696.6250000008076
8187.7250000130625
5901.575000004095
7261.575000010505
4405.625000003771
7300.60000000969
6232.350000007314
4020.5000000017853
9470.10000001692
5882.875000005569
3338.974999998743
5448.0750000054695
4689.3250000016415
3787.424999999104
5996.0500000068605
4942.2500000029395
5841.200000005905
4837.650000001286
4296.900000000262
5984.450000007226
2645.7499999986894
8130.675000013247
6019.250000006847
2623.1499999987095
4607.575000003848
3567.925000000757
6826.900000009175
5248.675000003566
7034.650000008355
5182.950000003597
6960.7500000088185
4248.500000001381
3117.5499999982662
5392.775000002088
5971.775000006095
3889.075000000251
4357.300000000252
6885.075000009061
8913.175000015617
4906.525000003868
5748.150000004389
8707.325000016273
7586.97500001126
4710.775000000124
7375.5500000093
3982.8999999994103
4743.975000000181
6906.625000007595
9072.200000015477
3387.524999998873
7171.175000011404
4126.649999999575
3996.700000002348
4718.2000000025555
7497.675000013696
6031.975000007606
4542.400000000716
3314.4249999985736
11799.400000024834
5066.550000003462
8384.700000015553
5569.800000003056
7390.475000011342
8665.950000015695
3570.8750000008426
3011.5499999986137
6673.625000007894
4077.425000001466
3822.5000000000455
5782.075000004173
3921.3749999993565
4346.8750000009095
5953.475000006289
3967.4249999989474
5506.275000005897
3979.1250000007963
6405.625000009368
4373.550000002153
5525.925000003802
7511.025000011465
4300.675000003185
6894.050000007726
4791.575000001265
5736.125000008349
4787.125000007261
9018.97500001528
7830.425000015458
6264.150000006346
2995.3499999989085
5329.02500000365
7656.77500001172
4243.150000002255
6821.750000007856
7682.425000013648
6448.275000008565
3972.45000000248
9477.450000016946
4123.7749999993375
5218.625000004117
4178.275000001335
4824.700000000196
6559.075000007942
5635.375000006505
7287.8500000116055
5942.000000007018
3305.0499999982458
7380.100000010707
3722.7499999978495
7222.050000009398
3821.574999999458
6611.825000007633
7431.550000009636
4819.200000000035
3950.4749999990813
3247.2249999984706
6146.150000007335
5175.550000006253
4064.7500000004943
6861.4000000093765
6516.375000010143
6216.025000008778
7227.425000010677
7489.700000010995
6407.550000010185
7656.400000012391
3437.649999998432
4255.2250000025115
3936.5500000008205
4051.375000002028
5530.150000003575
7837.200000011495
3821.799999999866
8087.350000013185
7369.40000000942
9494.70000001886
3471.8499999998658
8831.575000015291
5025.800000002104
7435.350000009532
4592.700000002516
5555.22500000666
9104.125000015589
5818.450000005852
5859.000000005977
6521.075000007473
6361.475000007734
6640.9750000075455
3314.8999999990297
10181.475000019509
5361.250000006806
4636.300000001871
8942.075000015286
5109.150000006401
3798.3249999997984
7141.700000010618
6034.000000007087
5965.400000006099
7833.275000011185
4559.2000000012795
6626.525000009096
3231.9749999986375
4943.200000005532
4495.849999999975
7254.57500001291
4265.42500000499
5381.975000003431
7016.900000009688
3250.824999998311
3810.1249999982933
7315.875000010596
9873.150000018899
3356.12499999885
9198.800000015934
7717.275000010543
3467.3249999986747
8335.775000014723
11657.95000002488
5145.925000006538
5445.400000006357
4474.650000000116
4573.925000000687
5993.600000005965
6660.1250000085065
7049.000000009422
5778.225000005155
5471.925000007062
3146.774999999565
4865.700000001823
2358.6249999989504
4656.400000000851
2986.4249999983795
4714.1250000030195
5915.150000004669
6412.025000005795
5654.150000007607
8212.125000012344
3024.474999999532
6144.725000009914
7256.2000000088665
6216.475000005916
4085.3750000013893
6129.225000006718
3469.349999999791
4188.899999999623
5749.675000005811
3042.8999999987755
4298.7500000008595
4530.5500000028205
6958.950000007785
7762.650000010709
9657.525000017602
4268.524999999185
4728.2750000011
5954.950000007862
9408.500000016697
5600.525000006235
6147.950000006262
5283.350000004911
9167.975000015822
4662.125000004391
10626.625000022783
4517.825000001665
6448.925000007519
5589.6000000066
4343.475000003334
5256.4000000028955
5274.575000004593
4553.575000002883
3886.074999998703
3701.4999999988954
5230.850000001497
6016.050000006784
8970.400000016021
4599.025000000204
8104.575000011953
4689.825000002539
3218.0999999995156
8148.6500000121505
3680.175000000035
7480.225000011525
6522.375000007587
3904.8500000005542
6791.250000007272
5199.875000003526
5580.125000004431
5049.925000001967
3793.7250000010613
3327.425000000723
5345.625000002924
4805.20000000252
5799.200000007012
8808.750000015014
4246.5750000001935
7429.325000010778
8300.500000012955
4402.775000000982
5011.700000003633
8583.300000016698
7029.5750000080425
6467.925000005998
4415.975000001727
7239.125000011687
3317.174999998397
6136.725000007171
5620.950000007197
5612.950000005494
8719.42500001447
4170.925000001547
5431.600000007489
7391.500000011697
5287.400000005773
3430.999999998676
7035.500000009897
6711.400000007665
4865.675000002319
6678.4000000067645
6476.625000008218
6029.750000005248
6986.100000010503
3742.2750000006827
7536.725000011724
8265.725000016151
4818.525000002082
7024.475000009408
4039.7250000002778
6484.07500000815
5079.700000006
3292.04999999847
6904.9000000075885
3653.924999998606
4581.849999999285
5265.900000005881
4634.225000002463
5654.450000004848
6947.600000008817
5799.25000000535
6278.450000007246
5014.45000000206
7799.950000013672
5616.40000000442
6108.925000004692
6586.475000008681
9496.050000017014
7724.150000010677
4636.625000001435
4161.250000000917
7164.975000008535
4993.275000005004
4631.450000001695
6902.375000007996
3334.0749999987534
7401.725000009395
4545.125000000358
3959.999999999953
6300.400000006065
5566.425000006316
5173.250000003894
5482.950000004041
4653.6250000015225
5872.600000007562
8914.125000014898
7508.725000011473
4153.275000001924
7393.575000010679
4165.450000003725
6871.575000007468
8596.525000014699
7089.050000010742
8090.0000000119
8178.8250000122225
4974.625000000764
4418.499999999005
6230.650000008044
6657.550000010089
6201.800000008861
3178.4999999991405
7416.275000009449
5446.175000003959
5232.1250000040945
5016.700000001885
7264.200000008896
7988.775000011531
5975.025000007536
6256.675000008515
