6043.350000005479
7446.900000011894
4834.625000004848
2621.899999998711
1793.1499999992984
8786.825000014434
2110.1249999991765
4583.550000004901
2079.0999999992046
2066.0249999992166
2545.2999999987805
9180.125000015865
3529.87500000218
4313.800000002095
7685.325000012774
7431.325000011038
6876.300000010364
1964.899999999814
2986.1999999994687
4618.850000000981
3484.1000000023582
3233.6749999989634
2276.374999999094
7130.625000010569
2706.949999999786
3802.1249999994116
5899.825000006024
2277.1749999990243
3818.8250000032217
4828.650000001022
6921.300000007648
3505.7249999979085
6329.9250000086995
4577.025000002905
6458.150000006622
2346.3249999989616
10135.57500001934
3763.9250000006723
2765.4249999985805
4743.7750000016695
4280.875000005363
1733.9749999995186
7268.650000012403
8299.050000012661
3352.575000003065
5725.050000008315
4136.700000004034
3834.6250000011196
2537.7249999987876
4858.400000004496
3823.3000000023294
4805.300000005537
3739.5500000014727
2928.8749999984316
4057.1750000042002
3889.1499999992993
6313.1250000060045
2964.599999998885
2469.7249999988494
4849.175000001458
5673.775000008491
9275.050000018693
1799.549999999459
1810.2749999993798
5878.8250000097505
3358.4500000004696
3843.300000002317
3931.2750000013443
2111.949999999175
4696.900000004979
4311.800000005873
2969.300000001457
5560.450000005438
9265.300000016176
8846.650000017544
4079.925000003819
4981.050000005407
5253.500000004271
6501.650000009991
9447.175000016838
2925.424999998654
3288.1749999993713
3366.1749999994477
4995.625000004703
4343.500000001923
3992.575000000927
3921.350000003032
5942.725000007335
3794.575000003261
3516.9999999991956
5355.575000004868
6694.425000011051
3160.0749999982218
3171.7249999996575
2127.549999999899
6493.80000001076
4705.100000005477
4841.050000003994
5117.550000004367
2968.800000002534
5159.8000000045195
4899.900000004432
2483.324999998837
2264.274999999945
6369.675000007779
5701.875000006205
5279.700000005644
7168.950000012041
10021.125000018925
2047.0999999992223
2694.349999998645
5282.675000006945
5540.525000005282
2020.8249999992574
4796.60000000499
5418.725000003947
4318.250000004136
4986.550000006499
4909.125000005126
7542.450000009908
5596.100000006325
4769.375000005716
5005.425000006352
5056.775000004993
4108.975000001434
5852.975000008928
5442.55000000456
5072.950000005376
3062.900000001093
2753.1749999988065
2947.1500000001133
5368.22500000503
3674.0499999996796
3824.625000000227
4357.650000004952
2338.124999998969
2645.3749999986894
5320.100000006474
3828.0750000044113
4240.150000005022
7223.175000009806
2625.3999999987077
6323.250000007727
4107.375000005597
5747.725000007806
6910.55000001151
6397.325000008439
3941.474999999565
2647.4999999986876
5546.2750000052365
3985.3250000023827
4298.350000003825
6743.350000011857
5009.200000004658
3956.8249999995023
3465.1999999983254
4454.025000004107
6999.12500001132
5799.600000007943
6908.400000009763
5125.3500000017875
2740.3749999992947
6242.600000007526
6233.52500000793
4387.900000004876
7226.350000011829
7276.000000010661
3029.8749999993497
3519.6500000002516
3337.4000000002998
2396.174999998916
7409.6500000118
5027.975000000952
4038.575000003088
1929.6499999993403
3453.400000000236
2580.6249999997726
5988.400000008835
5608.650000003781
2218.924999999077
3245.3500000018203
5102.625000005062
3556.0000000013815
2501.0499999988206
4356.950000005292
2202.699999998988
8486.600000016038
3633.474999999754
1874.2749999993907
5163.00000000626
2503.024999998819
3479.049999999803
3336.224999998962
2610.699999998721
2004.8999999992493
2811.9249999985377
4645.550000002616
7525.825000011502
5394.300000004295
6378.675000009335
5488.875000006121
1832.199999999429
4843.30000000595
3467.774999998018
2845.099999999969
3451.550000001298
7457.000000011071
2445.349999998871
2646.1249999994816
4062.9250000008915
4925.150000001065
5248.225000006025
4161.750000001281
7600.75000001338
2799.399999999955
7626.62500001247
2458.09999999886
1751.8999999995021
5484.525000006066
2234.174999999462
3360.5250000018805
4784.075000005486
3736.5000000019163
4507.700000002832
5471.925000006521
3780.9000000002097
2123.2749999991643
1977.4499999992968
3504.624999998806
3832.8249999997697
4139.82500000584
2694.4250000009997
2416.324999998898
3274.8999999991447
3541.6250000007776
5890.650000005226
2337.924999999808
3152.1499999986245
4341.725000004922
3695.025000001719
5145.325000002262
2161.3749999991296
5320.500000006488
2116.199999999171
6078.325000006148
4806.225000004622
6165.600000006887
2830.7249999991495
2805.474999998544
3457.49999999886
9574.52500001737
4548.075000005142
5098.675000004231
3160.624999998221
5822.6000000065205
8056.800000013938
3701.12500000292
5324.175000004994
5097.825000003784
2610.1750000004663
7689.300000012192
7971.925000012152
3783.625000000568
4792.300000007378
3395.150000000843
4264.100000002564
2031.674999999247
4026.5499999997414
2182.099999999111
3472.0000000000528
2126.4499999990658
2203.974999999091
3123.4499999985583
7181.200000008594
6218.100000005748
4109.225000000811
5038.175000003432
8258.975000014963
2001.0999999991673
4550.475000000013
3892.6749999989966
2915.249999998444
2414.4249999988997
2890.024999998467
3135.3999999991374
4626.100000003935
2408.3499999989053
2079.8499999991527
2331.624999998975
4284.8500000053855
2115.1749999991716
5577.000000006501
3743.800000000541
6213.375000005108
6286.575000007689
3683.3000000005527
2534.34999999976
2711.1749999993385
5833.575000005901
4199.200000002872
4180.425000005887
6011.325000006282
5164.175000005845
2847.77499999911
4099.150000005198
4810.2000000061435
2823.199999998528
3954.6000000006525
3148.6249999995475
3194.424999999347
4340.400000001265
3227.0499999995036
5400.90000000427
4690.8500000062595
2783.6749999985636
4967.175000004355
3842.2250000014164
3843.6499999990715
3947.150000003625
4780.525000005619
3355.6000000033423
2464.424999998854
3123.849999999372
4832.8750000051705
4450.175000005295
2965.4999999989122
7945.575000012746
1673.6249999995732
3709.575000000752
4761.625000005762
5703.17500000578
2330.39999999927
4449.8250000030075
2096.1999999991517
2291.3499999990117
3140.9749999982387
5641.350000005949
4304.900000003258
6068.925000006605
3678.850000000869
4776.900000005501
5945.925000006509
3181.4249999989506
8826.650000014743
4081.0750000029084
6105.000000004834
3838.900000000686
4935.575000005823
2205.12499999909
2982.199999998557
2061.699999999635
3284.00000000279
2485.7999999988347
3015.574999999781
3636.4500000036896
5625.425000005465
5428.125000004102
4428.575000000492
3824.375000000331
5304.57500000483
2687.674999999469
1912.0249999992693
4624.825000005571
5071.025000005675
4267.55000000233
3869.8250000032594
3041.0999999985142
2752.4499999988557
4375.375000005913
4295.25000000539
4306.825000000541
4169.550000005889
5829.425000006601
5388.850000005744
5009.975000006021
6990.650000011825
5859.300000006926
2134.8250000003914
4235.125000000484
4430.4250000048305
2930.64999999843
1875.799999999378
6166.200000007566
5801.8250000040225
3280.1999999985887
5137.000000004737
6531.725000007879
5997.150000006432
3493.624999998062
5252.27500000578
2118.4499999992363
4383.850000002631
1970.5499999993033
3772.0250000003753
4954.075000004441
6967.775000011823
2564.375000000665
4142.349999999602
4277.575000005847
6953.2250000091635
7430.600000012062
7744.600000013154
3659.3500000002527
4482.625000005057
8635.050000013882
3346.300000001863
3000.6249999983665
3676.6499999984503
3967.9750000016156
6070.1000000047625
1697.7499999995512
6020.350000005715
5963.650000004796
5097.725000002754
5199.475000004956
5077.6250000054715
2033.8999999992457
2321.399999998984
4481.80000000482
5325.775000003071
7623.200000011549
6285.000000010527
2478.924999999291
2685.4249999994618
1740.1999999994478
2695.9749999986434
3399.624999998133
5318.3250000067055
5321.800000005457
5503.4000000059095
5803.050000008303
3566.6000000007602
4410.950000005407
5251.900000004655
3850.950000003162
4631.400000003635
6275.075000005817
2654.099999999025
3064.9000000014757
4854.5750000058215
3822.925000002116
3363.9249999994413
1460.7999999996994
4023.8750000032196
2884.499999999557
3379.175000000318
2758.149999999132
7118.125000009681
2779.1999999997734
3142.975000001376
4563.825000006214
2505.974999998816
6080.300000006988
1581.5499999996573
3057.8749999993947
2973.799999998391
2360.474999998949
5308.400000003063
3636.9750000003673
5407.800000005294
5982.1000000098
5508.125000007922
5787.750000005708
2760.099999998585
2258.3249999990417
2200.599999999088
4798.87500000556
5292.825000007724
5075.0250000046835
2961.674999998402
4712.400000000658
2743.7749999999905
7396.925000009508
4238.125000003228
3975.1500000035753
2550.4499999987092
7280.975000012007
2769.574999998746
6995.875000011208
2968.800000000459
3811.449999999345
5974.525000008554
2879.349999998477
4155.900000006272
4902.800000006104
2233.8749999990637
2672.899999999541
3061.825000000743
3285.1749999981707
2742.6999999989807
4632.02500000426
2050.7499999992306
3549.275000001125
3523.8750000003115
5350.450000004811
1807.3249999993927
4781.900000006009
3523.350000002223
4839.825000005639
3651.6499999979546
7760.07500001316
4607.825000001319
4253.825000006121
2548.5999999987775
3341.024999999108
4202.875000006359
5059.225000006048
3750.249999999819
2616.225000000727
2918.249999998441
3023.2749999983457
5618.225000006729
3420.799999999469
5317.400000006103
3872.4000000033006
3773.0750000009325
2353.2249999990654
6219.900000006042
7239.750000012335
3349.5500000022394
2471.5250000002097
7004.150000009003
4788.8500000058675
4519.250000003665
6491.575000009147
4849.300000005055
2811.0999999992628
7233.350000011965
4416.100000005461
4467.875000006395
6860.125000010723
3784.4999999985807
3348.199999999074
6356.925000007168
3188.099999999673
2865.9499999990157
5072.450000005585
2172.6499999991192
2323.2249999989826
3452.4500000003754
4269.925000001527
1940.9499999993302
7680.800000011785
4493.150000005759
4199.700000001869
2733.424999999812
3428.3250000004973
4481.775000002499
3455.6750000019147
3388.550000000652
3670.649999998929
2288.1749999990143
4890.725000006485
3693.200000000528
5991.025000004264
2344.174999999312
4827.525000005675
2911.649999998447
2529.3999999997654
3643.9249999980043
6488.325000010504
2353.5999999989544
1880.574999999385
2121.5999999990568
2900.224999998458
5056.375000004788
7536.625000010236
2887.0749999984696
2576.8749999987517
2835.8999999992952
7744.900000013735
4399.675000002354
3735.3500000034824
6487.300000008255
2719.7749999986218
3164.6250000004825
4581.87500000543
7246.350000008926
3910.1250000019454
4574.600000002729
3607.9250000012366
3408.6499999992416
4278.525000005924
4731.800000005529
3104.7999999987255
2047.6749999992203
2481.8749999988386
8017.400000012642
2367.4999999995525
3197.149999998601
5415.775000003108
4404.325000004886
4836.65000000607
4241.250000001972
3549.225000000207
4341.600000006452
3374.074999998309
2701.474999999049
4913.800000004822
2736.199999998568
4114.450000001732
2648.7249999986866
2285.9999999990164
2631.424999998969
3781.350000002368
2149.84999999914
4742.275000005292
2707.1999999988616
5272.275000005084
2939.999999999699
5544.1000000055865
2521.3250000002035
2846.224999999483
4630.350000001551
1935.8499999992832
5018.125000005143
4060.6000000019526
4392.550000001602
6032.650000004611
4452.325000005757
4225.0750000006165
6805.475000011234
2254.8999999990447
6824.025000010977
4650.100000001325
6746.075000008652
5093.800000006631
5766.500000007377
3319.2249999994046
6510.475000008209
4784.2000000045855
2962.5750000011526
2643.449999998691
3547.0250000005312
4899.200000002797
2979.900000000769
3239.3749999998245
4720.8250000037815
8199.10000001303
6913.200000012081
2492.2999999988288
5537.900000005025
8611.050000013794
4903.075000004918
5215.675000007124
9874.875000018394
3082.7000000010967
4896.875000005227
2946.299999999269
4191.8000000030115
2044.349999999236
4408.675000001706
3737.7249999981354
1922.8249999993468
5202.850000004778
2780.325000000379
2712.6249999988136
6936.925000011255
4141.825000002782
5981.375000008868
3325.700000002811
6169.7250000071035
5039.500000005609
2956.300000000815
7882.800000011774
4557.175000004745
2152.049999999124
4416.800000003458
3557.475000000243
2620.5749999987124
4677.600000003553
3867.150000000092
4522.80000000348
3453.2249999984333
3135.0499999984095
4777.600000006098
1685.4999999995625
6772.650000011556
4442.42500000526
1642.4249999996018
3696.900000001632
2549.199999999568
5378.12500000585
3987.9500000016333
5784.6500000061205
3893.625000000231
5251.050000005245
3105.649999999147
2042.0499999992385
3617.3749999982338
4662.650000005064
2901.6249999992842
3157.5499999990598
5456.525000004234
7446.125000010742
3825.500000001291
4211.5250000018
7386.525000012775
6033.375000005972
3354.0749999981385
5561.150000003679
2828.2249999990154
3379.4999999993324
5556.825000004569
7514.1250000123455
2333.449999998973
6169.675000009493
2912.6249999988095
2901.5250000014057
3627.900000002031
6407.550000011117
4610.775000004737
3377.399999999454
2228.6499999990006
9863.575000018353
3707.7250000022664
6945.175000011831
4051.8250000011735
5967.575000007482
7302.150000012183
2531.94999999988
2044.0499999992367
5126.175000005654
2956.174999998608
2704.399999998636
4301.875000000222
2676.1499999986613
3095.9249999991553
4759.700000004928
2539.1249999987863
4383.375000005293
2946.0999999987084
5151.375000006248
3297.024999999888
4048.600000000694
6236.725000008115
3193.825000000503
5476.925000004503
3415.8249999995924
4547.90000000627
3970.600000006287
7605.200000011476
6804.250000012951
4935.375000004364
2054.8249999991554
4314.400000001745
6336.025000008259
3138.5250000003552
5293.600000004612
6536.275000011359
4974.80000000425
3006.8500000016575
8027.275000012949
2997.4249999984295
3961.5500000047805
3198.8999999990156
3275.3249999981167
5011.9250000027405
4679.175000005333
5896.400000007312
4601.325000005141
2197.599999999097
6050.6250000073005
2383.399999998928
5653.400000005013
2520.8999999988027
5244.850000004873
5848.050000006399
3358.0499999982926
2822.6249999985284
2076.6499999992066
4966.350000005209
4238.2500000058135
2868.599999998538
5644.05000000713
5298.800000007901
4809.200000005717
5909.6750000071725
6251.275000007407
5110.575000007011
6358.500000009905
2510.549999998812
3211.0500000013812
2724.049999999482
3018.10000000136
4432.375000003882
6093.275000007002
2485.324999998835
6673.025000010266
5883.950000007366
7875.625000014132
2383.5999999989276
7243.600000009919
3704.1500000005417
5924.700000006156
3542.9000000010456
4290.425000003578
7441.550000009541
4686.275000004528
4563.725000004131
4876.375000004496
5139.675000005767
5557.825000006603
2154.1749999990925
8159.900000012154
4322.7250000057775
3226.0499999993285
7498.5500000111015
4168.775000005882
2605.7499999987253
5644.65000000647
4946.550000005835
4567.125000003776
6208.850000006392
3424.8500000019553
5399.2000000054295
2152.0249999991383
4033.800000003307
3068.7499999983047
6057.300000010002
3330.6750000039356
3955.0750000000344
5535.400000005993
2232.374999999065
2437.874999998878
5857.925000006666
8466.850000014138
2156.599999999134
7576.350000010031
6280.350000005425
2302.1749999990016
6853.775000009849
9826.900000018219
4140.800000005998
4366.075000005846
3263.074999998888
3418.574999998975
4666.87500000296
5108.075000003579
5731.275000008063
4072.500000002138
4532.050000005611
2068.5999999992077
3559.399999998275
1457.2749999997554
3491.6499999983726
1999.8249999992768
3464.8750000016007
4576.500000001113
4750.100000001642
4507.6500000064025
6602.975000007996
2100.67499999913
5330.12500000827
5855.950000005582
4554.075000004727
2952.175000000563
5119.300000004842
2338.2499999989623
2994.8749999984666
4572.925000004201
1935.4249999993353
3013.1749999989524
3493.3250000028274
5520.475000004451
6650.625000009248
8227.30000001412
3128.9749999992446
3673.399999998781
4757.025000005402
7965.3250000120215
4495.700000005565
4630.125000001346
4127.825000002149
7449.0250000095675
3657.3250000033595
9403.22500001869
3270.0999999994892
5125.150000003087
4490.875000005017
3169.0750000020266
3948.175000000935
4125.500000004602
3452.7750000017754
2780.4749999985665
2408.574999998905
3855.574999999249
4646.150000003387
7477.8500000115755
2955.899999998407
6392.2250000065815
3451.574999999734
2187.374999999106
6135.650000006899
2687.350000000018
6518.475000009198
5054.800000005373
2787.4499999994387
5469.375000005966
4019.6500000024243
4026.175000000609
3649.7749999983766
2699.825000000568
2426.025000000196
3703.174999999148
3633.6250000004884
4858.650000003847
7478.100000012022
2882.5249999984735
5922.775000008264
6717.300000007664
3324.125000001195
3767.9500000006524
7387.325000012721
5468.525000004478
4833.650000002661
3221.6250000006626
5797.625000006843
2259.3749999990405
4916.700000005478
4608.400000006026
4450.350000004851
7320.150000010557
2961.6750000000334
4297.200000006506
5961.000000007129
4183.550000003084
2214.799999999081
5562.200000007697
5435.8250000055505
3548.7249999990822
5069.525000004242
5307.200000005621
4644.1250000020555
5834.425000006719
2670.624999998772
6240.4000000086835
7009.750000012731
3538.774999999542
5268.800000005018
2989.674999999273
5380.2500000060245
3994.4000000049095
2173.399999999119
5294.075000004288
2386.724999998925
3305.274999999251
4206.125000002809
3641.875000000502
4158.450000002917
5682.400000004533
4490.075000003531
5022.275000003978
3502.424999998702
6532.22500001146
4368.425000004908
4417.6750000006205
5318.550000006275
7946.800000011757
5866.7500000058335
3428.799999999116
2962.149999999947
5660.250000004955
3845.875000001963
3394.874999999119
5320.37500000498
2216.14999999908
5815.100000005453
3071.7250000000286
2908.9999999993233
5057.750000003203
4534.12500000512
3821.775000000686
4147.675000000865
3518.3499999993273
4755.85000000624
7369.600000009279
6071.375000009568
3140.7250000008735
5914.425000005911
3142.3000000027264
5053.6750000009615
6821.650000010752
5726.35000000625
6407.400000007257
6742.8750000075215
3443.574999999389
2858.524999998496
4922.7000000049375
5461.725000007024
5173.5250000063115
2228.199999999032
5461.775000004467
4340.875000002812
3853.7000000033886
3765.9000000003525
5742.625000003575
6025.4750000051545
4999.825000005933
5132.400000007086
