1078.4003999996355
824.9349700002177
703.2598100001662
772.7586999998038
558.4355699999007
1002.845989999692
669.4821399998223
655.8618200000851
592.8524299998763
801.9049299997668
883.918159999674
1007.9019800002918
742.8297099997691
908.2406299998073
1040.1593399998935
1003.9716799999819
955.789999999698
595.7249399998968
818.1111099997547
899.0067099997773
846.3296399999298
1033.8415699995987
722.7032799998517
1024.0232399996119
634.0643699997967
1125.5185299995653
831.0710399997515
668.0153699997953
962.9616399998745
973.2353699998807
801.6195000002035
928.201089999675
1078.4805700001284
737.3889299997905
907.1329999999429
744.8471199998186
1270.802880000369
663.6680999997948
786.6530199997343
933.5790499997144
762.3381800000612
614.3629299998535
805.1639000000672
1407.9392400003562
652.3191600000632
697.2479799998023
795.4928999997688
897.3540899996603
685.1020399998125
722.8344299999543
760.0351799997511
752.9729500000858
776.3237999999485
866.5078299997491
694.6419400000793
873.729369999715
908.0888900003953
774.1206899997842
799.3844399997757
871.9188099999203
844.535240000064
918.8551300004241
836.458379999751
491.69685999987945
905.5430500002415
764.8253599998644
641.3333899999535
789.8468199997346
661.3646299997906
668.1985800001007
629.9154999998299
774.4091299997896
828.76837000008
947.7989500001796
1049.1268200003867
957.2146299999138
832.0341300000189
1180.5108299994386
831.2212799997875
987.4148600005884
723.3203099998262
749.4255799997657
653.9674499998238
807.0089199997534
918.375849999653
782.9716199997135
870.0735499999769
640.9625699998211
796.9488599997745
817.7045399997235
979.5153800000318
914.3585799999579
1097.084119999579
648.1896299997628
689.2913199998866
1079.3657500004206
799.3131100001118
1135.5799799999238
776.6329599997637
649.9314300000599
840.1191799997546
1170.306789999699
732.1205699997957
647.5070699999009
1093.787779999679
788.212650000208
883.8615800000313
859.3609199997736
1253.6023100003429
620.8704099997994
786.4945299997379
891.4270400001142
767.6897700000283
762.5183999998226
1028.6512199999058
1169.443329999568
741.5848399997823
758.6654099998664
760.9322699997969
841.3684299998075
732.8816000001021
781.4018800002613
676.3044000001406
968.4890200000086
776.7912499999354
851.203150000119
903.8003299999905
958.3323199999929
650.7251099998283
784.7749499997367
663.784789999882
830.6532899997139
837.8349499996853
821.1214699997357
943.1898399999293
806.1105699997765
609.1146099998185
769.5813599998618
747.0281700000592
668.8232199998107
1245.1798100001283
676.393289999821
864.6151700000192
807.8043900000795
746.6122600001374
1156.2840699998387
835.2756599997227
932.5733299996572
958.1195799997215
709.4278599998487
762.0111199998914
581.8534199998722
841.2388700000329
1071.997319999926
887.3676499997121
872.315049999752
1073.1280399996128
966.6890199996607
1019.2506299999226
734.316479999983
1099.4444999998682
935.18980999975
1116.3747600001539
989.4077199996894
824.16920999975
827.7921900001437
1305.3396199999142
667.0751699998629
723.0328599998966
1169.2721099995247
568.5842799998678
906.5864599996396
809.8151899997231
860.1164499998551
617.0882099998552
873.1458299997033
768.111059999778
737.5305300001315
848.1384399997473
745.7476799998259
547.0852699998679
751.1988599997976
846.745529999685
888.9954999996487
795.4280699997743
574.8304099998909
832.9546800003016
1133.8538499995195
763.3189599997911
749.0230300000825
761.7362499998129
919.6870299998095
828.305669999661
608.5647799998228
693.2942299997994
761.6798199997553
784.3760699998579
839.5510599999038
814.8968199998111
1038.6214999999895
938.9168100005257
585.2001599998802
766.0638600001921
906.2888699996686
740.5381199997483
947.5885399996673
889.8649300004093
613.0311199998131
685.2573399998229
754.7911200000489
918.7929299997907
951.1185300000081
907.7619599996792
932.6136400004757
754.9592599998413
762.5824700000597
840.9358199997671
628.6921899998551
861.9365000000903
592.0954999999007
647.160499999818
561.1937699998771
955.6061299996653
886.6024099996906
944.5361499996876
982.6335999996753
783.9054899997632
642.1846199998267
1121.3376199997826
844.5825799996974
734.6585700001749
843.108679999957
731.5741199997838
791.0168299997771
698.8305699999219
859.1493400001788
621.3551799998805
900.996129999689
936.7340699996571
777.5458399999363
851.4180699997767
835.259439999726
750.3652499998944
729.0987399997888
783.4060599999123
889.2611699997746
874.4161100001827
640.6094899998719
747.8646199997629
693.2494199999032
1159.4726700010278
745.2958600000887
971.6013199996478
883.5318399997253
1032.9227300000398
847.25485000023
770.9181400000275
678.9057699998048
791.4060199997442
687.2322399999047
950.8643000000094
950.4054299997488
659.594059999874
689.3007400001843
602.007919999852
797.9392599999385
778.854629999831
1087.792709999654
653.4515199997957
894.1622799996788
612.2681499998569
778.1165399997678
1127.990559999571
943.5783900001684
1068.9185100003335
748.5799699998532
983.3382299997097
1227.4553899999821
655.0769999998419
1067.2776599996562
761.9334399997219
1055.0711699995838
674.884939999804
657.4074499998211
749.3330799998336
773.3615399997763
745.093219999741
535.2754999998892
722.3754799998185
825.3157200000262
552.4829899998764
726.4024200002042
708.9660999997858
902.2309599999166
799.033459999724
817.3829199997083
648.3696199998507
654.1332399998695
739.5437700001977
743.8736099998272
624.5007499998541
902.6956800001409
1263.3932599999018
772.814439999771
867.7807599997212
727.8066099998399
866.4073199997063
892.873079999811
858.2284599996509
987.2467499997053
876.9650999997216
761.0037399997715
1000.9851200000801
977.3297400000703
840.4972199997178
793.0700699997293
812.7976699999288
982.9733299997597
784.7563099997616
985.440080000308
697.1526500000466
714.6918699997996
770.1018699998053
774.4381900001067
706.467520000105
772.7773599997533
1102.288979999546
648.7197699998658
807.7677199997952
751.0919299997976
871.2279100001307
611.8272299998591
785.1259999998855
589.6297999998543
833.2325099997411
746.4473099997697
824.7221699997433
838.7227299997484
1085.8315799997047
759.8741099999286
949.7708299996937
898.0152199997268
833.528589999706
1415.5708699997099
817.2678999998939
755.4641599998523
859.6602399998357
671.0473099998667
747.9328599997954
704.2774699997885
619.0477899999402
573.946970000005
808.2160699997438
609.2026299997798
686.1864499998447
917.5050000000898
952.4137299998696
680.3100699999576
947.3794199996297
999.362049999598
826.066289999756
629.4282399998464
890.2806900000512
844.4348799997907
1033.7681399998137
831.3664999999501
848.6033399997369
780.6893699997813
821.5266099997428
804.6940600000519
928.1491399998106
653.5203899998971
1194.221499999977
892.7251500001273
1144.2063800003343
772.690230000182
1203.7232000001325
581.400849999974
894.4057199998916
709.6736999997919
684.2393299998594
695.7677499998199
1095.8453899998067
1019.5881899999823
782.070159999827
992.8552199996033
823.3235300001451
852.077820000035
852.0802499997552
953.1083100001135
702.6975899998279
1131.9019799996036
653.858929999843
920.5688499996604
912.679959999677
1338.5370099998834
645.0126599998614
932.3080899997717
766.1253999997784
1176.8377699998775
879.9725700002389
1000.3551900000126
817.0435199998482
911.0080600000927
1005.1581700001273
710.6231799998042
1113.5582399995412
920.9045899997637
878.0425699998813
1090.649829999998
680.4818899998182
1088.6095899998118
996.921759999984
731.2034099998074
1027.0967899996
1060.3626599995573
663.470239999794
638.626339999848
736.3509699998027
841.473189999734
905.3273000000187
987.2100899996378
743.4309499998618
753.7643899998834
549.2680499998747
687.8766699998124
679.3958299998405
1074.8454700000775
858.3962799998454
862.5019399999587
911.2644700000325
930.0991799998155
850.9844399999507
797.2974500000497
749.6661500000035
722.3170900000115
892.9979400000797
781.57938999976
693.7897799999668
785.8229199998601
851.196649999803
709.8000199997848
579.1998199998924
848.8786199997389
880.9716099997015
880.5647099996853
618.5049699998776
1084.778889999541
783.2324399998033
699.4198599998228
725.1951399998793
834.1951699997283
1019.4550300000686
661.8353299998579
880.0751299996938
698.051949999764
679.5689899998554
1029.8932500000906
621.9821099998563
918.2838399996789
852.6026099997989
673.5792999998179
993.1985000000683
1061.4705399996112
855.0226399996988
731.8206599998168
776.3770199997915
761.4019600002382
744.7229200000367
803.2128299997993
806.7199799997833
684.66739999989
1151.837860000077
775.9665800000469
962.5523799996577
737.5687999997562
1136.8319799999806
698.7448799998159
833.2380199998294
910.9863399996922
1016.2055099997593
1179.7634899998232
694.3433499997751
586.5958799998978
950.6895000000576
653.3890499998685
753.304129999886
587.6938899997882
905.497169999756
710.6297499998572
1305.3216399997068
753.139189999789
842.2420999996754
757.6214099997574
1294.1921999994174
505.8817299999243
837.1351599999197
729.3322399998193
1031.9085000001576
1103.9173499996439
1074.2103100000845
999.2749099997365
575.4183499998944
810.1068399997389
818.6901999997006
691.8681200001677
985.7205900000391
747.325179999816
739.9329799998034
705.4664299997853
861.3544399997277
857.8834500001743
803.7102999998236
695.7901700002006
881.9910000000194
796.1468699997478
576.2463299998636
988.3220099996325
980.2763299996684
759.3905300000374
737.3749399999049
797.263059999769
600.5025399999162
824.0789499996728
861.537460000101
984.4231399999526
799.449379999738
924.5006899996449
922.4667099999959
793.1917599997545
836.8908199999153
940.9170899996543
996.4720999997804
864.703070000173
836.4578299997394
724.6537899998117
978.9001999996281
662.4659399998482
781.4816899997757
667.638139999932
930.7093899999004
529.4840699998871
1117.51418999993
802.7522299997486
763.8530999997764
737.5462199997943
581.1889299998403
687.0484599999363
663.9086999998382
718.1235799998
798.5751899997357
623.5311399998536
713.3473699997904
760.1947299997585
889.7525199997907
558.3918799998996
933.1886899996422
918.4278699997267
818.8089899997759
859.3431699997785
793.063250000349
652.835949999801
659.3964099998137
836.4965699997332
638.7744299997997
1111.816699999703
1329.432700000108
815.7660299996962
930.7422899996507
706.1839299998786
1014.66867000006
565.3464799998579
714.8256499998524
831.0417499998235
722.0219199998022
759.3224999999177
720.6912199998962
841.64270999991
926.3357099999556
762.5285200000545
870.1528099996983
827.7032799997021
674.8249199998812
747.2388000001861
876.2517899997016
595.9814899998576
770.8038799998172
1054.792569999957
621.9109299999138
693.6387099998901
807.7667999999753
736.035919999763
700.2078999997772
817.8724799997207
784.0243799998768
681.4815399997938
959.348779999652
894.0830899996803
905.544079999994
573.0667399998756
926.1908599996635
752.5270199998039
716.2347699998265
578.6641099998866
807.6502299997867
852.418029999715
824.4412100001011
795.6455399997234
751.3199299997374
812.4483199998167
827.3922599997618
734.9659399998174
617.3725899998702
1008.1034699998297
700.9362099998585
814.5591900000949
1041.2249699997162
838.2917299997207
761.0840600001054
613.2090000001627
855.4984399997343
787.4017900001304
975.5440199996513
914.240179999735
787.6142199998263
720.2786299999643
989.7877199997899
816.943720000214
714.6863499997755
733.4843100001319
920.1833399999591
693.1385299998038
721.6050099997717
786.7323899998271
795.6094199999751
763.7936199998803
715.6570799999157
626.76322999988
1173.930439999896
959.4708200000864
697.6528099998202
1075.6241199997087
778.967429999958
821.1269900003352
889.4436800002929
1166.211469999965
674.3459499998478
830.5382000000765
877.0047499996336
761.4982400000683
729.8032399998087
1060.2896499997237
1084.677409999601
801.06582999975
1151.306069999594
805.8180799997191
647.0456799998504
921.0684400000385
1053.9099699995672
1088.0714600000301
650.4322999998311
968.9623300000891
768.6936599998569
758.030059999839
888.3230299999922
748.8308299998114
777.855889999733
714.3813199998056
886.9760399997315
852.399209999725
914.6799800001077
660.4049999998243
893.55834999983
902.5971799997144
732.7876499997827
1040.614210000027
673.4778999998503
910.9473499996576
898.3928499998538
698.0266899998533
699.135210000065
672.0733199998614
1190.8412100000467
764.266949999925
816.3714799997786
824.2392899998599
1283.7912699995093
827.2071399997417
618.5499199998325
1371.4884899994631
798.3952399997154
692.8300899998684
748.9104899998358
1008.5056000000219
1005.1943299998223
846.50227999979
997.7664899998194
921.5117200001432
914.9861000002858
777.3360399997166
841.4995800000305
794.4946099997351
1040.170849999632
928.9949199997008
885.048140000133
627.3508399998431
676.166020000035
860.762929999731
676.0926199998239
642.7000499999949
970.9379200003278
725.0010999998499
947.9716699997903
816.2285599997152
1067.7462599999665
822.0050699999172
889.546930000336
917.0209299998081
816.5046600000793
769.5066500000228
710.8707199997829
551.2053399998734
1180.4648499995285
833.0133999997586
773.1637199998149
1082.3437299996608
865.8654499997184
799.9153299997924
908.022130000044
901.6227699996675
754.0214700000918
810.1892599998428
746.0102899998105
718.9656999999252
993.9327199998166
1037.9587000002748
764.2895199998165
916.7633199996818
1154.6521899996756
833.7156800001088
524.5076399999056
870.7666700001214
780.7916400001496
852.645829999705
633.8728499998549
699.5722500000297
992.0705200000689
837.6239099998744
987.9038599999584
895.8283500000609
972.1109199999378
602.614670000032
900.7281300002561
769.6082699997928
641.2038599997898
661.4911999999068
853.8701299996783
968.0786599997376
669.2846500001172
804.5824699999756
808.9925600001615
799.5210799997736
821.2432199997062
707.7268599997524
1104.351329999952
972.6417799996528
855.4188800000225
911.5753399999614
676.7372499997921
797.177579999762
712.9964999997817
755.5969699998219
744.5664000001348
784.8039399997582
811.0445600001665
796.4456599999296
933.5438699997056
805.5705499998417
859.5061500000661
1120.342030000044
943.5048200002354
693.8595499998544
747.0812699999655
766.2845099997477
751.997639999856
794.586899999791
1100.4212899999125
945.2719099996671
1004.6485199995964
971.707180000272
1073.4227300001194
736.3244599998017
1123.0403899996156
1030.451779999781
1001.2846399996528
707.6080699999491
902.1352999996691
1109.6702500001777
701.1257699997972
780.2737599997298
1077.0370999998822
970.0423900000401
817.2063199999176
874.7437899996892
1383.7957300000708
795.5993000001046
830.2843099996866
1021.4610900001629
757.8750800001237
744.2666199997741
868.5178000001982
1018.5657100000791
911.7243499997222
1024.8703899998468
702.5640999999563
909.8273099997652
819.7197499997866
619.0750500000464
859.1602799997153
861.7964600000225
671.3398000000557
740.5322299997722
949.1913999996109
670.4581999998339
845.75649999967
887.9298400001965
918.5935400003557
764.8053699997316
1156.0593100000783
948.7000400000284
779.6308199997692
938.1038499999893
1189.9109099995067
718.8047999998246
594.5437000001687
826.4848999997131
867.6109899997948
783.1293099999908
1229.1508699996305
1004.4657899999926
1014.4537499998244
751.4126900001237
687.3268299998205
993.8201099996982
558.7947999998855
834.5024299998088
663.8275499998263
832.880939999948
795.3405599998562
943.7843099997094
817.166309999732
1047.505579999563
652.86879999984
685.7080600002159
929.9494299998206
973.7433199995913
760.837569999753
703.7783099998574
757.8720799997559
907.6976199996716
907.9349499997744
840.5901599997541
955.468179999676
766.3238099997999
973.6784599996931
809.811440000055
932.6193199996814
739.09470999978
662.6157799998535
770.4588699998286
959.0201000000321
802.4247199997557
996.2460999996812
880.3683899999467
981.1425400002731
607.4949899998346
986.2881600003203
779.947519999729
938.5228199996557
632.4478499998769
876.4130100000183
940.7791199998044
883.0322999997574
817.5154599997645
754.2185599997986
818.025649999706
959.7420499997011
918.6520599996652
1130.877849999681
917.1811699996631
1018.7326500000479
834.0244699997934
684.716559999825
1423.2583099995763
683.4695899998956
778.618430000139
865.7407199996773
621.0609799998755
880.3972699999769
769.7581399997787
980.3762999998804
869.8358899997728
757.5332599997787
586.3555499998766
718.6090899998792
740.1582499999187
701.4799300000673
849.3888799999976
874.1955299996679
1001.5619100000283
982.2392199997
777.2716699997783
754.4491399998604
921.1643500000879
1242.8917699995418
956.2386399995881
882.0831799998278
1116.0556099996331
674.3302099998272
958.6405300000168
787.5849500001673
739.8356699997986
992.9325999997383
731.1377799997615
829.3737999997675
1144.5827299997256
558.1866599998857
831.5262999997024
931.5047599999889
975.5395100000391
858.3860399996977
950.3149999996488
836.7853200001449
776.5303899999533
823.3637400001209
765.8600199997543
856.6974400000746
797.6054900001175
810.2447999997422
970.5326099999157
690.5120999998792
658.8508399998516
729.5836899997994
838.5173599997315
969.6035099996578
934.823489999672
812.2696899997248
681.4675399999197
655.8305099999534
992.5004099996679
963.2536099997715
1043.4342799997396
756.70005000009
997.6155499995908
761.8933300001003
843.6062899997268
1126.3086499997537
963.7445300000207
1080.8850800001646
1307.364789999648
698.28951999983
799.4771199998099
987.5461799997062
631.3590500000271
565.4885199999176
1019.5933799996262
823.8046499997274
878.3964399998769
818.6426699997193
754.81028999985
867.0636999998728
719.8464999998043
881.8359899998052
876.4366299999898
801.400829999849
664.3554199998046
817.3972499997606
695.1263699999446
709.5674299998178
924.2725399998578
655.050669999827
1118.214849999666
1168.0801899996006
980.5223299998368
1131.2750099998975
866.184819999838
1157.0600199995229
1129.5951799995114
701.6736700003779
848.913990000003
711.0329499998692
588.5833799998582
1305.7221799997592
735.1351800000202
898.6831999998664
810.872589999722
903.1393899997732
1140.533199999838
513.0484099999486
760.0060899997707
