7136.450000008437
8317.625000013804
5523.6250000055
3220.6499999981665
2322.6499999988628
9670.15000001765
2737.9499999986056
5274.700000006196
2635.3249999988334
2705.424999998635
3306.0499999980884
10044.800000019011
4208.950000001731
5114.450000002325
8403.375000014423
8206.75000001238
7647.600000012921
2484.6750000003626
3699.3249999999884
5387.625000002583
4106.100000003047
4259.024999999027
2905.324999999657
8021.050000011648
3363.375000000385
4692.450000000441
6552.125000007092
2918.2999999984413
4621.325000003656
5594.350000002981
7680.000000010408
4485.274999999616
7139.550000010582
5259.750000004524
7222.300000008743
2917.5999999987976
10999.975000022485
4404.4000000006545
3510.349999998373
5599.925000004074
4972.375000005744
2314.74999999899
8017.775000014928
9194.275000015918
3881.9000000036785
6395.900000008826
4824.575000003864
4703.450000001374
3164.3249999987274
5607.000000005119
4504.9250000021675
5574.100000006938
4425.050000002793
3624.724999998979
4646.450000004563
4588.350000000981
7060.650000008215
3791.0999999993937
3126.0749999986847
5729.750000003312
6356.600000010072
9994.87500002076
2440.7999999988756
2382.1499999988996
6654.000000010818
3960.9500000019907
4612.575000003417
4681.450000001073
2698.4749999989867
5301.325000004921
4901.525000006213
3582.8000000021016
6253.225000007244
9924.575000018573
9508.450000019719
4851.250000004635
5650.975000006698
6378.200000005851
7118.275000011296
10378.425000020225
3546.99999999917
3979.4750000003673
3979.574999999465
5644.625000006588
5279.9000000032665
4786.000000002359
4568.825000004432
6614.125000009186
4436.975000003581
4309.47500000058
6144.50000000712
7577.900000011345
4051.6499999990256
3918.90000000037
2699.5750000003973
7242.550000012276
5382.850000007156
5598.650000005857
5863.025000006038
3437.300000002986
5928.4750000056465
5819.125000004311
3122.999999998255
2786.15000000043
7219.2750000106325
6396.425000007924
6036.900000007154
8007.8250000130965
10888.875000022083
2716.224999998625
3365.849999998034
5948.7750000077485
6471.600000006218
2585.8249999987756
5610.125000004803
6476.425000006029
4970.575000003738
5624.950000008046
5527.4750000059785
8353.300000012858
6444.300000006762
5319.675000006416
5640.700000008015
5882.600000006034
4962.4750000032
6493.0000000105065
6364.100000005813
5874.725000006102
3664.0250000015058
3518.3249999983927
3523.375000000053
6293.500000005721
4725.1250000006885
4600.500000001421
5222.2750000045335
2942.1749999988524
3381.9999999984266
5998.07500000821
4442.375000004986
4852.25000000545
8241.87500001322
3213.249999998173
6975.475000008856
4708.150000005558
6385.475000008342
7891.525000013076
7159.000000009606
4931.90000000216
3382.199999999219
6368.975000005768
4616.400000003296
4886.800000005227
7457.050000013236
5725.600000006394
4750.750000000211
4267.949999999841
5454.725000003796
7777.100000012088
6590.700000009929
7600.250000010774
6164.900000004896
3488.2749999999974
6982.90000000943
7064.50000001003
5044.150000004457
7814.250000013616
8350.425000012847
3715.9999999998213
4213.050000001149
4296.125000000935
2961.524999998402
8402.62500001395
5901.75000000394
4712.40000000476
2475.7999999988438
4179.62500000115
3267.050000000483
6607.850000009771
6428.225000005855
2808.9749999993783
3829.8250000025737
5712.275000006601
4336.400000001866
3345.549999998053
4956.4000000052065
2703.099999998891
9399.500000019085
4596.799999999821
2487.874999998833
5791.675000007128
3102.2499999992906
4299.125000002021
4301.349999998963
3255.1249999981346
2581.974999998747
3547.9749999981436
5533.17500000322
8413.90000001415
6094.775000006142
7427.400000009948
6273.95000000827
2371.6249999989386
5411.850000007369
4290.050000000143
3578.4250000007414
4191.525000001717
8254.325000012841
3141.4999999983643
3257.7000000004227
4945.6750000037655
5772.225000003467
6207.875000007736
5007.7750000023725
8265.050000015532
3490.0500000002435
8304.625000014008
3061.5999999985106
2321.6499999989837
6131.050000007826
2767.4500000000576
3951.800000003377
5484.650000006377
4600.575000002739
5197.100000003279
6296.725000008751
4709.05000000084
2755.974999998589
2587.8749999987417
4274.200000000782
4550.85000000048
4653.650000006107
3300.675000001621
3077.0249999982966
4080.65000000055
4146.175000001588
6876.800000008238
2928.100000000409
3915.1249999985935
5163.95000000445
4273.775000002353
5886.2500000047885
2838.299999998727
6062.350000007938
2828.949999998523
7049.600000008364
5455.2250000059175
6803.725000008753
3419.4499999994723
3583.574999998838
4007.2749999999296
10980.100000022414
5149.325000005076
5932.950000004467
3935.3249999987984
6737.825000007937
8740.025000015868
4291.40000000383
5940.150000005011
5810.550000005079
3165.3000000010675
8437.300000014338
8860.875000014705
4585.425000002026
5319.225000008848
3995.500000000734
4952.050000002879
2580.224999998749
4808.800000001259
2840.0499999985122
4276.150000000796
2658.7749999986736
2833.2499999985184
3958.8499999983687
8027.875000011674
7047.775000008109
4865.525000002506
5808.27500000537
9192.425000017543
2557.1749999987114
5395.575000002098
4842.2500000010505
3825.4999999990246
3040.674999999307
3513.2249999979003
3885.650000000056
5471.125000005872
3183.8999999981997
2633.449999999449
2924.274999998436
5005.675000005431
2700.8499999986393
6283.250000007394
4423.825000001318
7091.950000008269
7034.350000009963
4506.425000001824
3086.6250000000446
3305.9000000000337
6608.700000007885
4787.225000004284
4714.375000006136
6890.225000007711
6068.75000000714
3484.649999999797
4786.125000004748
5388.475000007509
3541.999999998302
4716.875000001177
3984.174999999186
4032.025000000203
5145.350000002982
3948.1500000003216
6062.825000006149
5402.975000006902
3591.274999999424
5694.100000004286
4532.025000002267
4666.60000000079
4596.150000003701
5459.475000005872
3906.22500000371
3094.249999998281
3727.000000000126
5508.475000006144
5044.350000005277
3691.699999998915
8873.000000015274
2201.0499999990934
4310.100000000904
5365.500000006437
6453.375000007763
2877.499999999459
5205.750000004329
2689.649999998649
2962.774999998896
3842.0249999980906
6467.975000008624
4978.9500000045755
6940.675000007812
4410.250000002386
5489.775000005822
6779.425000009244
3970.774999999333
9798.625000018115
4775.075000003786
6833.450000007329
4619.050000001924
5508.700000007168
2829.674999998794
3636.5999999993696
2541.4000000000588
3887.15000000271
3232.799999998586
3784.150000000494
4201.17500000424
6339.475000006929
6273.5250000063625
5226.400000002523
4710.6500000023825
6234.025000007234
3337.7250000000213
2452.724999998818
5307.000000005961
5848.975000006773
5081.000000003547
4575.475000003671
3792.2500000000828
3419.874999999273
5071.675000006187
4929.62500000535
5049.85000000276
4750.400000006213
6808.825000009367
6101.175000007597
5724.8250000067
7673.550000014189
6806.225000009423
2614.2500000009477
4945.125000002363
5096.5500000044185
3564.3999999985003
2457.2249999988608
7016.300000009242
6862.400000007434
3926.049999999461
6031.925000005698
7234.425000009261
6945.750000009535
4335.125000000098
6154.000000008629
2692.5749999997456
5230.150000003994
2521.8749999988017
4576.200000001078
5755.600000005182
7872.600000013823
3050.550000000875
4828.100000000892
4876.900000006064
7875.025000012304
8128.375000014084
8643.025000015767
4336.400000001198
5157.075000006623
9559.000000017244
4211.050000001437
3807.249999998997
4600.950000000814
4721.8750000022255
7434.275000009515
2317.974999998987
6830.550000008374
7015.30000000799
5845.975000005315
6099.050000005366
6011.825000006493
2764.0749999985815
2851.749999998522
5150.825000004477
6040.500000004444
8509.100000014238
6980.650000011348
3045.5999999995106
3287.125000000051
2259.249999999023
3419.7749999988205
4011.5499999983404
6182.925000007799
6129.750000005854
6304.1750000073025
6662.575000010393
4589.650000001396
5284.250000005281
6082.175000006548
4540.175000003859
5287.9500000048265
7245.525000008828
3278.6999999995446
3685.20000000215
5507.30000000633
4433.650000002599
4078.975000000698
1965.4999999992917
4689.625000003496
3723.3499999991645
4145.55000000108
3371.924999999368
8113.200000012746
3379.8500000003496
3759.5000000016566
5204.375000006896
3215.7749999981706
6809.250000009424
2117.5249999991693
3778.0749999994864
3669.074999997759
2947.8999999984144
6069.800000004885
4216.30000000184
6281.450000007193
6635.150000010297
6155.375000009211
6427.500000007274
3675.849999998652
3074.7249999982987
2785.074999999023
5480.575000006809
5872.650000009132
5863.250000005758
3638.074999999406
5404.425000002129
3347.4000000000397
8342.175000012816
4887.77500000483
4725.225000003105
3198.974999998314
8064.700000013565
3439.4499999995605
7800.550000012467
3711.4250000004727
4609.62500000206
7062.150000010159
3648.2249999991477
4679.050000006925
5609.400000006985
2812.749999999427
3235.925000000221
3887.3500000017816
3954.2999999993626
3356.3249999996374
5636.100000004473
2674.8999999988137
4379.000000001683
4219.825000001596
6362.550000006144
2304.8749999990214
5404.275000006855
4118.375000002234
5743.100000007768
4575.225000000286
8648.97500001523
5370.650000003427
4764.0500000067395
3216.0749999983796
4160.8000000004995
4753.875000006985
5718.700000007628
4424.925000000591
3189.825000000971
3735.2499999985857
3906.874999998475
6384.725000008804
4191.750000000322
5855.72500000708
4620.850000004096
4447.700000002638
2925.524999999323
7170.150000008829
8204.200000014158
3962.7250000025247
3085.500000001033
7718.600000010549
5408.3250000071075
5419.875000003216
7212.60000001094
5658.7500000061555
3581.0749999990644
8244.475000013383
5165.100000005731
5104.25000000699
7526.475000012946
4630.425000001216
4147.250000000073
7090.275000009246
3873.1000000000176
3505.6249999995684
5983.050000007055
2737.0999999992096
2958.049999998492
4197.150000001831
4942.22500000309
2467.0999999988517
8533.475000014356
5135.575000006049
5010.750000002847
3328.4999999997453
4087.77500000173
5082.900000003981
4083.4000000018027
3976.175000001443
4417.100000000644
2890.6749999984663
5498.975000007644
4411.100000001294
6763.9000000070755
2848.499999999329
5653.325000006198
3641.5749999991376
3198.000000000318
4323.099999999111
7137.000000011729
3008.6249999983593
2461.8999999988564
2808.1999999984846
3517.274999997927
5979.200000007557
8495.800000013376
3652.7499999987167
3369.6999999980308
3474.850000001029
8484.17500001575
5047.7000000029
4339.10000000433
7282.25000000896
3336.0499999983344
3772.4000000016285
5155.750000005749
8060.325000011791
4661.725000002718
5250.775000003827
4418.525000002246
4245.699999999053
4880.6250000062055
5289.700000006966
3941.9749999989635
2588.9749999988944
3101.224999999669
9097.900000015567
2932.3750000001564
3768.499999999887
6417.825000005816
5129.125000004741
5561.750000006834
4985.825000004077
4247.900000000945
4983.375000007093
4177.324999999601
3459.2499999993956
5688.750000006225
3268.3249999988275
4895.025000002657
3268.6999999985064
2836.9999999994457
3195.6499999994794
4370.72500000284
2872.2749999984835
5337.6000000069325
3439.524999999931
6069.550000006164
3661.250000000801
6301.275000007643
3088.1000000008285
3464.7249999999667
5422.750000003625
2476.5749999992
5736.475000007025
4992.72500000211
5250.700000003111
6881.450000007503
5062.025000006037
5184.425000002455
7411.075000011826
3008.54999999855
7474.775000011163
5354.075000003666
7437.900000010978
5830.850000008153
6437.02500000872
4128.300000000398
7237.875000009283
5588.525000005182
3580.625000001718
3376.5499999981757
4370.875000000589
5692.475000004661
3637.9500000014405
3868.5000000009422
5311.550000004352
9086.45000001605
7528.925000013437
3072.2749999983334
6551.07500000648
9530.875000017142
5632.050000005349
5885.8750000084165
10790.450000021723
3665.05000000152
5624.62500000618
3706.7000000000353
4754.35000000422
2641.0249999986936
5567.000000002721
4604.1749999997
2592.3749999987376
6031.850000006156
3574.8249999998466
3280.4249999999943
7690.800000011711
5188.175000002446
6741.075000009816
3980.550000003451
6797.200000008584
5728.4000000061615
3620.8250000014436
8835.22500001461
5310.875000004347
2858.7749999984953
5029.30000000447
4207.450000000976
3301.7249999984515
5453.3750000055
4493.000000001717
5280.375000004512
4219.5999999996475
3824.1749999993485
5491.850000006755
2254.724999999045
7529.375000012155
5335.000000005386
2206.224999999089
4259.275000003031
3158.275000000299
6227.050000007504
4746.975000002353
6469.125000007026
4641.700000001807
6295.5750000071275
3798.7750000002484
2688.72499999865
4677.27499999963
5394.8750000051405
3486.3249999995
3862.2999999997824
6307.200000007131
8301.875000013575
4477.075000002851
5125.475000003151
8138.650000014666
6936.40000000908
4141.724999999186
6601.425000006484
3488.8749999988486
4175.774999999223
6298.800000005656
8376.925000014216
2971.8499999985183
6761.675000010712
3597.949999998734
3549.950000001969
4278.750000002296
7053.225000012749
5371.975000006267
4038.3000000001584
2873.44999999846
10884.525000022066
4500.325000002958
7760.500000013482
4903.250000001695
6820.100000009421
8117.425000013853
3155.925000000472
2631.4249999987023
6029.075000006414
3612.4750000003473
3357.8499999993555
5184.375000002601
3385.8999999988228
3841.2749999992943
5465.500000005749
3380.649999998449
5043.250000005219
3564.2499999998863
5865.225000008123
3922.4500000012504
4892.700000002145
6986.27500000998
3831.8250000019916
6279.300000006021
4215.025000000416
5186.400000007038
4476.725000006878
8435.95000001342
7410.400000014412
5695.875000004742
2566.62499999874
4898.425000002866
7118.250000010352
3791.550000001148
6200.075000005809
7182.650000012631
5855.525000006786
3572.925000001929
8815.975000014541
3629.249999998667
4696.825000004332
3774.025000000077
4190.949999998382
5917.075000005834
5226.175000006026
6675.650000009533
5389.050000005951
2855.6249999984984
6789.150000009103
3185.924999998198
6579.275000007197
3308.9499999988334
6030.3500000064705
6760.475000007651
4192.724999998782
3496.799999998641
2748.3749999985957
5661.100000006498
4798.175000006093
3584.7749999993885
6341.300000008423
5962.9750000091335
5651.125000007432
6682.650000009248
6976.525000009529
5880.325000008903
7097.8500000112235
3038.0249999983325
3807.3750000020127
3422.9499999998848
3610.275000001654
5065.25000000361
7072.000000008882
3266.749999998571
7502.150000011516
6722.500000008651
8722.775000016562
3034.974999999391
8142.600000013006
4473.5750000013395
6750.325000008015
4153.975000001742
4997.125000005386
8341.150000012814
5333.100000005377
5346.750000005084
5798.55000000553
5842.800000006577
6171.625000006609
2845.5749999985924
9264.12500001617
4952.475000006086
4073.2250000008576
8342.650000013567
4737.700000006218
3298.1749999992226
6479.77500000881
5589.4250000065695
5464.375000004935
7167.000000009311
4062.775000001555
6098.80000000737
2770.7249999985756
4582.625000004675
3938.0999999986843
6743.4500000116805
3879.8750000045525
4722.400000001383
6426.725000008202
2831.3249999985205
3254.9999999981355
6704.075000008987
9293.850000016955
2849.0249999985044
8478.125000013311
7089.200000008259
2987.1999999983786
7661.275000012474
10840.925000021907
4737.77500000642
4985.950000006101
4005.3249999995533
4091.3749999999973
5429.52500000407
6014.650000006508
6475.200000008645
5094.025000003307
5087.775000006097
2695.6249999990896
4328.425000000052
1990.1999999992854
4158.574999999604
2586.274999998743
4195.850000002401
5362.150000002966
5676.825000003728
5170.325000007134
7504.875000009771
2682.499999999188
5800.675000009233
6632.825000006751
5534.800000004303
3640.8500000010335
5684.775000005984
2990.0999999989635
3708.7749999988846
5249.875000005134
2586.499999998743
3772.3249999991012
4106.025000002844
6349.275000005769
7270.425000009352
9032.225000015893
3806.624999998815
4302.199999999841
5453.175000006501
8749.200000014298
5143.550000005842
5510.275000004307
4801.950000003817
8385.050000012972
4244.125000003964
10118.850000021077
4007.349999999957
5931.325000005797
5083.950000005817
3846.7750000028227
4708.6000000015365
4783.350000004604
4120.700000002443
3411.4999999981424
3185.6749999982467
4645.625000000282
5455.350000005486
8335.625000014112
3943.8249999985574
7358.550000009349
4179.97500000143
2819.8499999991263
7290.450000009601
3268.9250000000848
7082.650000010607
5874.125000006105
3428.6750000000966
6229.275000006046
4706.37500000295
4920.150000002817
4470.725000000293
3335.0500000008924
2956.625000000527
4660.2750000007445
4314.875000001548
5426.450000005789
8268.575000013781
3675.4999999984125
6817.200000009398
7652.8000000107895
3965.850000000797
4482.8500000022
8084.600000015082
6317.675000005453
5796.500000003556
3942.325000001335
6606.900000009586
2901.5999999984565
5643.500000005941
5173.550000006662
5115.125000004844
8117.400000012758
3696.8000000006973
4972.275000007163
6744.20000000949
4857.550000004601
2958.4999999984047
6391.675000008299
6142.550000006371
4306.400000000516
6007.900000005066
5993.800000006872
5471.500000003616
6508.350000008916
3301.7499999996307
7006.150000010233
7720.82500001468
4275.825000000629
6243.125000007061
3617.974999999898
6035.800000006819
4608.3250000055305
2805.299999998544
6177.675000005416
3124.799999998254
4052.049999998769
4813.600000004581
4227.850000001274
5041.500000003993
6412.175000007009
5279.975000004673
5787.2750000056585
4396.875000000335
7278.250000012742
5103.1250000044365
5356.500000001959
6092.5250000077285
8806.300000014638
6928.100000008606
4130.9749999998185
3664.224999999906
6493.925000006255
4495.025000003663
4136.525000000488
6223.675000006451
2884.399999998472
6730.200000006953
3877.84999999955
3523.1249999996053
5792.150000004629
5128.500000005433
4627.375000002633
4943.300000002238
4186.325000000575
5413.350000007013
8248.850000012477
6901.500000010756
3761.525000001495
6762.9000000086835
3784.1000000033778
6046.500000004466
7912.725000012597
6539.200000008947
7324.650000009306
7527.275000009866
4333.349999999684
3772.6499999977577
5680.775000006557
6141.000000008377
5785.975000007842
2804.674999998553
6549.400000006295
4974.20000000304
4596.275000003088
4504.700000000951
6550.450000006299
7093.275000008273
5570.3250000066855
5791.275000007861
