11254.10000002341
10999.100000022483
10957.10000002233
3616.0999999978067
2558.3999999987686
11022.100000022567
2568.3999999987595
10615.100000021086
2419.499999998895
2087.199999999197
3216.0999999981705
11009.10000002252
7740.0000000106265
8284.000000012606
11045.20000002265
11234.200000023338
11022.200000022567
3936.4999999975153
4352.3999999983025
5861.2000000037915
7145.300000008463
4644.099999999364
3327.1999999980694
10800.000000021759
4272.599999998012
5311.200000001791
11004.100000022501
2129.199999999159
8254.300000012498
6148.400000004836
11010.200000022523
3527.0999999978876
11512.20000002435
8033.200000011693
8439.30000001317
2737.399999998606
11531.40000002442
6603.00000000649
3343.199999998055
6688.000000006799
10995.100000022469
1575.099999999663
11171.20000002311
11549.500000024485
7944.100000011369
10800.000000021759
9821.000000018197
7021.000000008011
3728.1999999977047
10800.000000021759
8114.000000011987
11216.300000023273
5926.100000004028
2866.2999999984886
9597.200000017383
4476.199999998753
11179.300000023139
4132.199999997501
3066.099999998307
5908.100000003962
11241.100000023363
11474.200000024211
1686.099999999562
1857.3999999994062
11446.20000002411
5438.200000002253
7958.20000001142
7301.0000000090295
2612.4999999987194
10971.100000022381
11180.300000023142
6030.100000004406
11222.000000023294
11370.400000023834
11450.200000024124
8761.200000014342
10971.100000022381
10800.000000021759
10999.100000022483
11466.100000024182
4089.1999999973764
4343.5999999982705
4674.199999999473
10970.100000022378
7151.500000008486
6819.100000007276
8030.300000011683
11220.300000023288
8687.100000014072
4225.099999997839
9533.20000001715
11017.200000022549
3487.099999997924
4412.5999999985215
4034.1999999974264
10977.100000022403
11189.000000023174
7786.300000010795
10800.000000021759
7096.300000008285
10989.100000022447
10800.000000021759
2817.1999999985333
4208.499999997779
11482.20000002424
11222.000000023294
10999.100000022483
11523.20000002439
11444.300000024103
1917.1999999993518
3584.0999999978358
11169.000000023101
11022.200000022567
2521.1999999988025
11025.100000022578
10800.000000021759
10105.00000001923
11209.300000023248
11006.100000022509
11181.300000023146
10800.000000021759
11341.300000023728
11185.30000002316
10800.000000021759
6511.300000006157
11408.100000023971
11016.100000022545
11241.300000023364
6001.200000004301
4151.09999999757
5462.000000002339
10800.000000021759
4587.299999999157
5476.200000002391
10800.000000021759
3205.39999999818
2804.399999998545
11218.20000002328
9290.100000016266
10449.300000020483
10856.300000021964
3409.099999997995
10066.20000001909
11033.200000022607
11168.200000023098
11231.200000023327
11462.400000024169
5201.00000000139
2989.4999999983766
10800.000000021759
6631.000000006592
9170.30000001583
11026.100000022581
9624.200000017481
5665.000000003078
3747.0999999976875
10183.000000019514
11201.300000023219
9209.500000015973
11405.400000023961
5798.100000003562
3778.299999997659
11431.300000024055
11477.400000024223
10800.000000021759
11370.100000023833
11039.100000022629
4321.39999999819
5254.300000001584
4969.200000000546
2793.199999998555
11022.200000022567
5728.000000003307
6571.2000000063745
2250.3999999990488
5848.0000000037435
4182.299999997684
11197.300000023204
10800.000000021759
3033.099999998337
6674.3000000067495
10999.100000022483
6510.200000006153
2580.099999998749
11001.10000002249
3720.199999997712
10901.200000022127
5659.000000003056
2152.099999999138
11013.100000022534
3011.4999999983565
5081.300000000954
4754.099999999764
3079.099999998295
2310.499999998994
2772.0999999985743
6468.100000005999
10800.000000021759
9981.30000001878
10800.000000021759
11190.200000023178
2595.199999998735
9669.200000017645
3403.399999998
4411.199999998516
6767.100000007087
10800.000000021759
2746.199999998598
4390.29999999844
6310.200000005425
5995.000000004278
11000.100000022487
7396.000000009375
11453.400000024136
4748.399999999743
10993.100000022461
3452.1999999979557
1751.3999999995026
11157.000000023058
3767.1999999976692
6690.300000006808
11190.200000023178
6758.300000007055
8634.000000013879
11478.100000024226
6187.000000004977
2078.499999999205
2543.3999999987823
3610.299999997812
5621.100000002918
11168.200000023098
5425.400000002206
3297.1999999980967
4183.299999997687
5133.300000001143
11221.200000023291
4073.4999999973907
4308.099999998141
10800.000000021759
6804.100000007222
5974.100000004202
2763.0999999985825
11485.200000024251
2081.0999999992027
10800.000000021759
10197.300000019566
11172.000000023112
4231.399999997862
2918.2999999984413
4197.399999997739
11422.400000024023
11002.100000022494
10800.000000021759
3524.0999999978903
11274.100000023484
11188.200000023171
7927.400000011308
10800.000000021759
8947.200000015018
4808.399999999961
11413.20000002399
11228.300000023317
5335.200000001878
11130.00000002296
6332.100000005505
8562.100000013617
2875.3999999984803
5319.100000001819
2021.0999999992573
4976.500000000573
2486.399999998834
2749.299999998595
4140.09999999753
11192.300000023186
11193.000000023188
6503.000000006126
7386.000000009339
11216.300000023273
2431.399999998884
5372.000000002012
5180.000000001313
2862.699999998492
3117.49999999826
3591.0999999978294
3941.5999999975106
7144.000000008458
2420.2999999988942
3172.2999999982103
2873.0999999984824
10975.100000022396
3382.0999999980195
11195.200000023196
5747.4000000033775
8358.300000012876
11448.200000024117
5832.100000003686
4409.2999999985095
3940.4999999975116
11519.300000024376
6539.300000006258
11160.20000002307
10999.100000022483
10800.000000021759
3733.3999999977
10800.000000021759
11148.200000023025
3001.199999998366
6734.000000006967
5132.000000001139
4125.299999997476
6991.300000007903
4660.399999999423
7891.400000011177
11523.20000002439
2854.1999999984996
10800.000000021759
6516.400000006175
4657.399999999412
9164.100000015807
11251.3000000234
8390.200000012992
2850.0999999985033
4947.000000000466
10800.000000021759
11003.100000022498
4405.099999998494
11557.500000024515
1504.2999999997273
5468.000000002361
11166.00000002309
11377.300000023859
3958.3999999974953
7103.20000000831
2246.2999999990525
2435.2999999988806
3446.0999999979613
11550.100000024488
8835.20000001461
11019.200000022556
6340.200000005534
11194.000000023192
11021.200000022563
4097.399999997375
11009.10000002252
7475.100000009663
10800.000000021759
6390.200000005716
11422.300000024023
2996.0999999983705
3440.3999999979665
3862.3999999975827
8014.100000011624
2795.1999999985533
4185.599999997696
8558.000000013602
11416.400000024001
7490.100000009717
5564.200000002711
5700.200000003206
10987.10000002244
3962.099999997492
2507.199999998815
11175.200000023124
11025.200000022578
7405.100000009408
8487.300000013345
3893.2999999975546
3671.0999999977566
11252.300000023404
11011.200000022527
6177.00000000494
11156.300000023055
11250.100000023396
9754.100000017954
11540.100000024451
10837.400000021895
11205.300000023233
4687.399999999521
4890.40000000026
10800.000000021759
3483.2999999979274
2670.3999999986668
11004.100000022501
7826.000000010939
3718.4999999977135
10297.30000001993
10067.100000019092
7897.400000011199
3299.199999998095
11187.200000023167
3400.299999998003
8579.10000001368
2516.399999998807
5553.400000002672
10800.000000021759
11191.300000023182
5500.200000002478
5098.100000001015
11157.200000023058
11217.300000023277
11459.200000024157
11487.200000024259
5930.100000004042
8015.500000011629
11452.200000024131
7320.000000009099
3062.1999999983104
3869.2999999975764
7046.2000000081025
8759.100000014334
1629.0999999996138
11053.20000002268
11307.100000023604
7876.200000011122
10800.000000021759
11282.100000023513
2862.0999999984924
3173.1999999982095
10800.000000021759
8956.00000001505
11186.300000023164
11223.300000023299
3911.399999997538
4023.499999997436
2447.3999999988696
2720.1999999986215
4077.0999999973874
11180.300000023142
8723.000000014203
8289.000000012624
11289.300000023539
5692.300000003177
11047.200000022658
10989.100000022447
8118.300000012003
7773.400000010748
11039.200000022629
4141.199999997534
6030.400000004407
10800.000000021759
7928.0000000113105
4196.499999997735
1372.9999999998468
8590.20000001372
4914.000000000346
5176.100000001299
4324.1999999982
11047.100000022658
4444.499999998638
6391.20000000572
11447.100000024113
3011.2999999983567
9072.100000015473
1498.099999999733
4737.199999999702
3312.099999998083
2618.299999998714
6852.100000007396
4726.199999999662
10800.000000021759
11222.300000023295
11377.40000002386
11420.300000024015
2942.1999999984196
3062.0999999983105
3255.3999999981347
11264.300000023448
11414.100000023993
11006.100000022509
3067.299999998306
7348.0000000092
5036.10000000079
10996.100000022472
7014.200000007986
9316.00000001636
3139.1999999982404
11436.400000024074
3342.4999999980555
11185.30000002316
5568.200000002726
4792.1999999999025
10800.000000021759
3351.1999999980476
11312.300000023622
11464.000000024174
3128.49999999825
4079.3999999973853
5205.500000001406
3661.1999999977656
3655.199999997771
10173.100000019478
2416.4999999988977
6244.200000005185
5098.500000001017
10505.000000020686
2709.499999998631
11424.40000002403
7594.100000010096
11319.100000023647
3539.3999999978764
10978.100000022407
5137.400000001158
11359.100000023793
3003.099999998364
3802.0999999976375
11390.100000023906
11210.200000023251
4834.300000000056
5318.200000001816
3304.1999999980903
3583.0999999978367
11165.300000023088
4763.099999999797
11374.300000023848
8171.400000012196
6119.3000000047305
3759.3999999976763
10800.000000021759
11260.500000023434
7312.20000000907
4584.199999999146
11452.400000024132
11378.000000023862
9786.00000001807
11198.300000023208
10800.000000021759
4432.199999998593
11517.400000024369
11021.100000022563
11478.000000024225
11271.100000023473
3971.1999999974837
4052.29999999741
9502.100000017037
4823.400000000016
4404.099999998491
11302.300000023586
2964.1999999983996
2871.399999998484
5609.100000002874
5408.300000002144
1928.4999999993415
11153.200000023044
11189.200000023175
6860.200000007426
4977.100000000575
6086.10000000461
6558.200000006327
7303.100000009037
5397.100000002103
4209.499999997783
3081.199999998293
11009.20000002252
5702.100000003213
6388.000000005708
4212.1999999977925
11305.100000023596
3141.2999999982385
4102.299999997393
4121.099999997461
11186.200000023164
3114.199999998263
1885.199999999381
2680.199999998658
3077.199999998297
11054.100000022683
11469.500000024194
3245.299999998144
3393.0999999980095
4279.299999998037
11521.200000024382
8560.00000001361
8481.200000013323
11032.100000022603
3521.299999997893
5283.200000001689
11142.200000023004
11240.30000002336
6981.500000007867
8692.00000001409
5528.400000002581
4928.200000000397
11191.300000023182
7453.200000009583
4183.299999997687
2673.499999998664
3492.399999997919
10983.100000022425
3871.3999999975745
3758.2999999976773
6108.30000000469
10800.000000021759
11522.500000024387
6759.200000007058
5269.500000001639
11419.300000024012
3532.299999997883
3817.3999999976236
10981.100000022418
3631.199999997793
6910.200000007608
2965.0999999983987
3176.3999999982066
3615.3999999978073
6751.000000007029
2199.0999999990954
11162.200000023076
3364.3999999980356
10800.000000021759
4666.399999999445
11232.200000023331
4618.499999999271
4852.00000000012
7012.000000007978
2818.499999998532
9426.20000001676
7713.200000010529
7869.000000011096
10378.300000020225
11214.300000023266
6049.000000004475
11150.300000023033
2104.1999999991817
11031.2000000226
5972.100000004195
11424.000000024029
11026.200000022582
8961.100000015069
4170.19999999764
9542.000000017182
10658.100000021243
5688.100000003162
3933.0999999975184
6105.100000004679
8824.300000014571
5338.300000001889
4486.199999998789
10007.000000018874
10998.10000002248
11416.500000024002
2908.3999999984503
10800.000000021759
11019.100000022556
11016.200000022545
10720.200000021468
11267.300000023459
6104.2000000046755
11059.200000022702
3794.5999999976443
6724.00000000693
2309.1999999989953
6390.000000005715
4006.099999997452
1561.1999999996756
11039.100000022629
5534.000000002601
3883.1999999975637
11180.000000023141
8716.000000014177
11490.40000002427
7473.200000009656
11295.30000002356
10800.000000021759
5409.500000002148
10986.100000022436
10800.000000021759
2299.399999999004
9483.200000016968
4919.2000000003645
3642.199999997783
8668.100000014003
4708.399999999598
6812.200000007251
4382.099999998411
3834.1999999976083
11463.400000024172
1866.399999999398
11204.20000002323
10963.100000022352
1560.0999999996766
5729.100000003311
3958.1999999974955
11525.200000024397
7129.2000000084045
11024.100000022574
5659.200000003057
11063.100000022716
3919.4999999975307
2024.2999999992544
3615.0999999978076
10975.100000022396
4540.199999998986
3935.3999999975163
7554.300000009951
11103.200000022862
6085.200000004606
7073.300000008201
11492.000000024276
11187.300000023168
3299.299999998095
7619.100000010187
4387.099999998429
5086.000000000971
10800.000000021759
11007.100000022512
2378.1999999989325
11340.300000023724
4273.099999998014
5901.400000003938
7277.300000008943
11212.300000023259
7063.100000008164
4531.499999998954
3267.199999998124
11464.400000024176
7057.2000000081425
11215.30000002327
7269.000000008913
11018.200000022553
11475.100000024215
4181.499999997681
2051.19999999923
10800.000000021759
3703.0999999977275
3344.3999999980538
5954.30000000413
3267.399999998124
4459.199999998691
10361.300000020163
2626.099999998707
10974.100000022392
3577.4999999978418
11446.30000002411
4961.200000000517
5334.000000001874
11446.50000002411
5589.200000002802
10800.000000021759
4565.199999999077
11470.000000024196
11334.300000023703
11434.300000024066
11475.000000024214
10800.000000021759
2690.2999999986487
5820.100000003642
11493.20000002428
5511.300000002519
11052.100000022676
10839.200000021901
7921.4000000112865
6534.20000000624
10976.1000000224
4020.099999997439
10360.000000020158
4185.399999997695
3800.0999999976393
6383.600000005692
10854.100000021956
9285.100000016248
11018.100000022552
2300.0999999990036
11299.100000023574
2795.0999999985534
11243.300000023371
2404.099999998909
10973.100000022388
10800.000000021759
4176.099999997661
2778.099999998569
2385.299999998926
10987.10000002244
11146.300000023019
3443.3999999979637
11390.300000023906
11002.100000022494
11325.30000002367
11457.10000002415
11209.300000023248
11525.200000024397
11453.500000024136
2854.3999999984994
6111.100000004701
4329.199999998218
6199.3000000050215
9888.000000018441
10981.100000022418
2663.1999999986733
10800.000000021759
11463.200000024171
11240.10000002336
3128.0999999982505
10997.100000022476
5669.100000003093
10998.10000002248
6163.400000004891
6137.100000004795
11535.400000024434
10065.500000019087
9391.200000016634
10800.000000021759
11430.500000024052
9738.000000017895
2087.499999999197
11021.100000022563
11185.20000002316
4196.299999997735
11447.200000024113
11194.200000023193
3095.49999999828
11063.300000022717
11418.100000024007
9799.100000018117
7268.000000008909
7450.0000000095715
11232.300000023331
2345.1999999989625
8422.200000013108
3158.199999998223
11417.100000024004
8554.300000013589
5228.200000001489
11613.200000024717
2380.2999999989306
2335.1999999989716
11234.300000023339
11189.300000023175
1950.1999999993218
11413.20000002399
10982.100000022421
2392.09999999892
11005.100000022505
11203.200000023226
11152.00000002304
11212.300000023259
3918.5999999975315
4174.099999997654
6828.100000007309
8970.200000015102
11271.200000023473
7524.100000009841
11146.300000023019
2676.2999999986614
4078.2999999973863
1420.1999999998038
3932.399999997519
2302.1999999990016
6391.30000000572
5392.300000002086
7411.00000000943
11439.100000024084
11245.100000023378
2837.499999998515
11299.400000023576
11028.200000022589
10800.000000021759
5344.10000000191
10080.30000001914
2584.399999998745
3587.299999997833
9640.000000017539
2014.1999999992636
4250.199999997931
8116.100000011995
7689.000000010441
10969.100000022374
11484.200000024248
4824.000000000018
4628.0999999993055
11163.30000002308
10231.000000019689
11183.300000023153
5828.300000003672
6138.3000000048
10800.000000021759
8203.300000012312
11393.100000023916
4734.399999999692
7297.300000009016
10800.000000021759
6568.500000006365
5872.300000003832
10152.100000019402
6683.300000006782
3349.0999999980495
2548.199999998778
4487.199999998793
8072.500000011836
11220.300000023288
3758.0999999976775
8483.10000001333
4228.09999999785
2689.3999999986495
10800.000000021759
4978.100000000579
11150.200000023033
11190.200000023178
4060.1999999974028
10966.100000022363
8341.000000012813
5926.300000004028
4283.09999999805
5255.200000001587
4899.4000000002925
4081.4999999973834
5853.200000003762
8675.200000014029
11055.200000022687
2989.099999998377
11433.000000024062
11555.600000024508
6693.000000006818
6208.300000005054
11430.400000024052
10800.000000021759
8920.20000001492
5433.200000002234
11223.300000023299
2559.299999998768
11233.200000023335
11386.400000023892
10800.000000021759
11515.400000024361
5234.2000000015105
11476.100000024218
10264.10000001981
8459.300000013243
2121.0999999991664
11253.300000023408
11442.200000024095
4546.299999999008
10800.000000021759
11423.400000024027
8076.20000001185
11234.100000023338
3529.3999999978855
11281.100000023509
11397.100000023931
4347.299999998284
10800.000000021759
4110.399999997422
11183.200000023153
9878.400000018406
2258.2999999990416
10800.000000021759
2762.299999998583
4972.000000000557
6880.200000007499
5495.20000000246
7558.000000009964
7107.200000008324
9439.000000016807
7947.20000001138
4086.399999997379
11055.200000022687
10800.000000021759
5389.200000002074
11492.400000024278
11509.000000024338
6925.200000007662
4758.199999999779
5117.200000001085
11025.200000022578
7398.200000009383
4139.499999997528
10800.000000021759
2296.099999999007
7775.100000010754
5469.000000002365
4321.299999998189
7188.000000008618
10976.1000000224
5098.200000001016
6605.3000000064985
4521.499999998918
11436.100000024073
11190.200000023178
11514.500000024358
5648.400000003017
10681.200000021327
7297.200000009016
6340.000000005533
11002.100000022494
11026.100000022581
10800.000000021759
11156.200000023055
5195.000000001368
3095.0999999982805
10981.100000022418
10982.100000022421
11369.20000002383
2817.299999998533
11021.100000022563
8707.100000014145
9034.000000015334
5398.200000002107
6523.1000000061995
10436.000000020435
10452.000000020493
10997.100000022476
