556.7020999999077
544.3910600000195
535.4328900002083
397.92673000001247
361.5892499999825
687.7982200003113
444.0583799999868
413.7217199999787
353.9617999999999
368.08300999999284
479.38447999995464
538.1069200001225
410.55467999998706
552.9441800000748
433.3785199999858
586.6535000002356
624.9891300001419
367.5406500000025
520.4548599999698
479.02047999998126
416.44791000009803
531.3818799999569
426.82424999997136
558.4949500001826
420.16149999998663
473.9396199999698
413.39717000001065
378.55557999998433
560.7053700000893
521.9817699999654
432.0903500000659
451.8750299999038
410.0071299999433
491.0876400001322
578.6266000002693
371.59664999999904
661.8117300002376
409.5376899999773
499.02240999995195
502.7252999999502
497.8928300002263
370.64166000001615
537.8633800001907
532.6904800000158
416.1696200001303
388.1177599999851
423.177839999986
525.1628699999325
389.7361599999726
475.1797000000785
365.5070499999592
561.986260000177
442.81133000002416
478.44586999995596
395.61585999999215
423.879609999986
606.8649200004527
501.5849099999504
456.86081999997083
568.3757700000175
437.164939999988
597.1025200002224
425.9752899999836
414.3542099999953
592.3852800003059
398.5220700000043
469.28734999996436
402.68255999998587
367.8989699999888
485.33458000019266
381.9353299999982
414.2582599999982
471.21843000025234
617.5134000004688
671.1238500006912
622.7104300001931
560.880190000191
535.1200799998682
572.871680000426
564.45711000003
385.85194999996844
475.80398999999613
411.2643699999978
473.4581200001913
644.5278400000399
483.7536399999342
489.1908100001242
472.47778000004223
474.79030000014114
486.8616099999799
573.3426100001524
419.53257999997436
615.3584799998927
503.02867999994515
403.5785100000075
663.1160100005379
494.388999999987
482.03145999998554
468.0565299999494
378.3711600001207
420.77516999996874
477.8004800000776
371.0892900000093
411.14815000001107
501.48342999994884
509.53788000000424
477.2534399999511
549.246709999946
708.7714300004674
448.18457999997366
405.8732099999956
546.3629000002721
544.9830500001755
444.04031999999154
477.42474999998655
489.3066699998841
359.8061599999903
433.1722900000106
450.9708199999685
570.6846800001956
376.4617799999837
361.9037199999859
485.91046999998304
544.1147200001917
470.80703000001336
526.384200000339
567.8564799999245
539.544649999955
437.1327800000427
402.4878399999871
394.88131000001175
451.4231599999429
573.4115799998967
459.5862199999644
599.094390000203
394.0961499999819
446.3485299999629
542.3971600002233
413.4955900000446
483.7228800002217
682.5189300003356
411.8538399999883
465.84390000012996
512.027080000249
419.33516999997863
781.5850400004463
507.54562999999064
604.163089999901
480.1819299999855
563.8653300002129
408.0931399999807
496.5968600001718
475.57991999996324
473.77111999996873
505.58318999994395
491.63902999992393
680.7865700001248
464.2939499999704
665.3358200002592
423.8768699999761
543.788449999935
512.5830899999636
549.7865700003022
590.524610000224
407.02805999999623
378.34474000002
631.5327699999971
418.63426999997677
405.0546699999631
519.1731599999529
360.4111000000131
531.3885800002029
503.68764999998695
489.6828200000096
338.5777999999916
437.3651399999594
453.525649999984
471.7593400001192
479.34966999994396
408.3271399999938
397.1104100000202
533.3815100002035
517.5535300000117
527.1294999999649
389.5658699999986
358.9776099999827
642.162100000364
523.6353599999218
394.46119000000755
500.5266600002509
441.3957599999591
491.0142099999134
544.6240899999582
370.4183700000004
412.71972999998957
471.85478999996246
563.8547799999373
502.42211000008757
449.61443000019244
595.598490000079
456.5877799999785
363.7016500000206
422.3451500000379
406.2739299999464
497.5277599999719
442.26492999996515
558.9079000002283
432.33920999995854
434.9195999999553
559.0791799999811
483.6832899999652
506.2006899999479
513.3356799999575
572.012310000253
433.38731999999595
452.6942999999944
412.56406000000226
380.89161000000126
413.57267999999306
373.5812199999738
452.9112800000392
418.5407299999613
549.8688600000372
406.66846999998165
442.8485899999424
522.5960999999481
455.7227899999915
436.2158399999895
560.9950899999315
449.13930999997893
459.3367200002563
457.114680000034
472.3614499999871
458.62789999995175
454.61944000004337
607.0109000001956
344.3503799999803
506.6951199999814
431.0734799999476
479.8999400000202
435.2899300000336
483.0395199999839
510.4875799999108
397.31045999998196
636.6784900000091
455.9821500002136
516.434240000305
392.78001000000825
487.61382999992367
353.3529300000063
1007.2978600001314
444.7599000002337
497.8823299999225
452.70505999994896
527.2604199999222
440.1733900000719
380.46342999998814
403.5043700000186
419.160289999996
317.08845999998925
582.3060900004865
598.2914600002197
495.32651999999007
492.5190700002016
377.1685999999698
470.327450000128
329.8968499999784
469.6693499999806
366.6606599999766
505.8571799999443
378.1871299999989
397.8621699999918
498.4004199999505
651.4889400003235
581.2504800001797
405.30211000002623
538.586770000003
496.84659000017894
370.73966999996964
600.2537199999338
636.6467599999007
532.285849999926
427.4708499999931
363.5247999999536
468.8671899999553
475.97557000000234
486.11044999995335
379.9620099999993
348.7866100000126
394.43458999999757
356.7412799999965
453.82207000001114
468.75775000004086
600.7386600001486
456.73273999996377
542.3946100000144
415.37912999999736
410.73181000000017
463.51585999994427
441.86847000011846
345.806730000009
461.32824999994205
575.2799500002177
489.24798999995465
424.20389000000284
503.99077000023885
427.2780899999478
512.0927300000204
422.97273999992944
524.9007399999495
530.3278499999291
439.32273999997966
492.1298000001719
688.7069900005213
433.36709999994804
407.592319999949
515.2910300000661
446.8718799999614
484.26653000015403
477.00332999997585
432.55808000014366
439.061419999989
374.1278399999914
460.27000000023145
432.01512999999477
443.8448699999677
764.2765400004873
337.2906200000094
419.3722800000089
379.58013999999037
412.44646999997167
357.39671999998717
491.08759999995794
341.1064599999848
432.500379999972
395.6487199999614
519.2834199999055
406.7665599999672
624.6237100001939
455.00299999995855
510.33536999997773
530.4680399999763
488.38347999997126
643.4448000001389
417.25689999999724
456.77411000001945
506.07488999993706
382.07385000001346
346.7954199999789
458.14178999995426
285.55539000002204
456.0779600001247
447.117859999971
484.53389999994766
426.04672000016143
516.744140000221
580.3102600001391
610.3683599999954
546.7137999999007
582.170610000169
457.07274999999277
365.02457000000584
459.0019300002318
531.5941299999768
588.2864800000428
429.17036999995946
413.7978199999503
407.9557799999469
549.2222500002277
416.11101999999147
482.40204999994785
424.22948000000986
524.427819999925
531.9607100001674
533.2360700002507
554.4933900003945
733.6516800005342
340.12578000000246
466.90584999998714
390.403059999993
353.2604899999746
376.5794800000078
518.4333700002138
653.1234499999603
437.4104599999693
541.7460500001641
496.63001000023615
549.6193999998957
489.43564999991884
518.4915799999397
468.3112499999641
556.6752000000648
331.21222000000756
534.3950200000261
594.5488700001654
489.22618999990414
374.52186999998185
410.85560000002357
597.2015700004637
645.0243800000416
542.4436500002607
677.2710000004581
481.21640999999903
544.250070000176
500.5755299999725
489.1547899999714
469.9543099999315
593.0910199998652
466.16230999995844
652.3172699998373
352.5218600000008
519.1906799999509
559.1090299998797
432.7103999999624
522.1004199999511
494.45498999992554
369.26461999999054
346.04172999999673
415.6377499999789
426.83540000000147
488.97567999996375
445.2791699999669
404.4067500000178
450.29066999996365
361.46087999999816
444.13177999997095
378.61479999997425
567.7850300002025
522.746560000059
510.8479200001208
541.7251300002375
633.1703499998688
525.5288199999555
516.7128299999129
448.2649699999679
489.7056500001543
556.1551999999615
449.7428599999686
421.7562699999876
412.6862600000146
408.6857699999982
434.6894299999742
341.6186600000133
434.091370000002
411.20936999994984
452.5525499999572
418.6692999999567
697.2371700003563
471.6367100000048
429.8342500000669
465.54747000026475
459.657429999974
602.2172800001885
359.13016000001545
493.890059999979
390.0513999999488
356.859599999998
596.945120000187
377.1901299999981
585.413369999959
421.1277600000353
536.1482800002391
414.4572699999846
546.4777899999082
494.7121199999706
409.46175999996774
552.3300600002253
599.932660000574
551.7560100001874
407.89875999995024
413.56390999999644
408.37958000001345
634.3595000002002
462.2401300000994
448.354539999987
429.30965999997846
630.6723100004721
466.3767999999475
471.5050000000291
481.35633999997657
464.70349999994096
666.4924600000654
510.30535999990644
391.68672999998654
401.5582399999596
334.3151800000025
373.7317199999888
491.91007999994565
420.75811999994954
396.474790000005
571.3003200000926
417.5481500000019
552.5253400000286
432.16956999998473
633.967259999905
358.90809000000974
405.398979999988
465.5944300000898
630.6152699998944
540.9801599999138
530.682269999928
431.7023299999644
339.50799000000814
444.6123399999953
595.590069999932
355.0911099999892
525.7482900002485
455.65369000000965
444.71948000002556
454.58429999994354
534.2804899999362
499.7463700000049
515.8429399999591
476.70020000024704
572.3220200001119
517.0339800000447
379.25311999996944
584.6854199999657
768.1197800005039
415.27697000001683
432.0802299999947
577.3867400003157
375.2760599999919
510.2738299999502
496.63539000022547
579.7797700001522
525.0621799999528
495.52958999991534
498.18196999997235
532.1243100002597
530.5176699999935
541.1990999999248
416.3919399999517
527.6590200001525
380.68655000000433
382.15128999997216
679.674300000176
319.969870000005
418.9245900000034
502.0183299999464
494.3311100000332
290.077529999996
587.2983000003131
507.2262000002315
462.83697999994706
432.13593999998835
439.7667400000248
500.7602900000977
362.0737299999957
437.8209000000317
382.25713999995247
360.8120999999857
428.7783800002131
464.510750000039
481.7934699999813
311.7004000000148
501.51014999995016
370.6861699999561
444.6142699999771
387.0084199999928
439.29581000017447
383.78356999995003
437.7491700000025
393.1301199999806
391.6140299999742
644.7196200002019
542.1681399999264
476.1306899999506
372.089999999965
476.83017999995917
632.9566400003304
405.7015399999867
401.19354999999234
538.5799900002172
419.88112999997634
402.60673999998323
385.2330800000282
607.2808500001963
581.3776700000936
475.39267000013524
472.95085999995746
415.8913799999723
399.16340999999306
456.2483400002329
492.0141999999468
372.2468499999993
443.1302799999472
723.7080200003754
395.12891000000707
448.0177799999729
520.0605499999746
509.7738300001953
414.2497399999679
480.6975799999438
393.17191999997425
375.3093499999707
490.05666999994634
446.3045199999664
561.9252300001738
376.30348999999836
532.7514800000649
430.6289699999946
408.04420999997205
343.7579600000124
353.6834500000217
446.8681599999836
474.8605800002426
467.0134999999225
443.74096999995066
374.8551899999472
441.962639999983
400.11491000002457
396.20730999996454
523.9592600000692
338.993160000021
429.9279699999825
531.8692000000736
516.5404399999242
500.13720999991864
502.84517000024925
488.81545999994904
511.87068000025005
511.54967999994665
446.43631999999866
425.8681999999907
408.8219799999804
571.3509800002101
514.3297400001135
464.88575999996215
451.21373000003297
496.5313699999435
450.762970000006
391.80726999999865
512.3775500000093
437.19073000013714
452.8617200000377
422.2698899999845
387.26558999997064
637.8720800002477
373.3661399999865
401.58232999998086
559.8103399999796
524.6562100000716
558.2376600001901
456.0440800001389
730.0853900004435
371.9474499999989
579.2816100002279
539.9358099999264
476.5821700001108
421.8470799999965
540.6631199999159
526.5026199999163
433.7324099999808
543.9614599999296
427.66686999996523
439.14590999996295
544.2967500002447
498.2647599999304
470.7932499999598
517.1063800001065
549.561810000259
440.8677999999932
500.7596700000208
576.6636100002117
494.209280000004
470.8312699999596
400.2499199999877
441.3213600000023
425.8313499999504
645.6399500000855
474.0721099999982
535.1220999999616
482.02884999993495
431.11844999999755
424.42361000004377
376.48992000000493
496.19250000017087
557.1200000001205
366.99881000001596
361.9055800000085
426.19789999997914
501.1900399999148
504.6947600000723
465.91549999997034
610.8751399999366
691.3995700001292
483.40351999993817
357.3529399999757
560.6242799999051
459.67007999998606
408.95196999998376
357.9936499999762
596.1381900000638
668.9717800003808
418.1826900000045
540.8302600000476
557.3239700002488
570.3659100002659
526.5580399999232
620.3424099999089
435.7531499999613
486.6638599999717
540.973069999932
595.5925500002654
403.9352799999805
364.9815800000127
482.280059999957
411.61107999999064
420.060730000007
521.7926300002393
560.6084600001409
405.83549999996825
420.05493999998976
644.5172000002706
439.88368999995
550.8462200001945
504.650269999952
556.0995000000064
416.95786999994516
466.4507099999913
374.3335999999966
506.69349999995904
453.834899999914
432.6970799999779
504.55319999991445
402.6169799999815
465.13423999996803
545.8994800002002
543.705499999944
508.8704100002207
416.4484499999796
502.79244999991914
460.69054000000267
511.4049499999785
555.1035700002209
405.3123099999459
449.2578699999478
571.4226899999754
610.1083900002508
439.35593000025773
457.287559999964
594.7201800002281
436.1087099999391
359.4752400000097
334.7085300000506
490.46636000004014
348.3889899999834
635.7268500001843
511.29693000020967
542.5933600000617
440.3964400000771
680.3352100003227
394.62290999995787
402.6654499999793
432.49808999995673
548.4310299999131
567.2916299999013
397.7111299999997
603.1536700001172
588.9097900002137
418.3565399999906
599.3989000002961
428.12185999997763
610.179610000182
542.8872099999274
555.1705500002323
598.1049000002313
503.621099999953
418.3177600000051
406.08449999997714
423.83000999999814
473.31520000024875
489.12514999996876
558.5826100002571
538.2635600000616
571.958199999911
517.7440600000263
544.1121700002457
491.6124599999476
475.55167000010607
348.02121000000034
402.53806999997056
437.8110199999476
438.48568999997207
422.04815000001406
551.029420000017
485.3247499999413
530.2785799999423
667.203070000339
495.1364600000174
490.83177999996826
613.1552899999047
563.3421100000322
586.2840900001839
462.31918000008227
524.9794299999463
525.0363199999717
501.0405800001943
434.9069399999598
592.6101100001601
545.4862000002312
431.28698999996794
517.9357899999497
740.9503500001077
519.9479200002362
537.8734699999355
478.83447000005225
487.8951400002544
451.88990999997804
594.6492100001703
430.5140699999718
545.8008600001452
536.1473499999073
361.2155300000003
503.64886000023705
429.48613999997593
443.5582799999918
509.61493999994127
529.794650000138
452.27041000015896
456.30079000002087
674.7796700002036
386.5751600000127
491.61412999995645
553.8141700001996
781.4187100007628
479.1735699999734
497.86002000004714
522.5210799999381
465.8796999999954
531.1508799999417
660.485400000217
384.1769999999991
425.36818000000176
515.2887499999778
469.27269999999555
487.61039000002893
633.6600499999023
457.1550099999705
609.866600000046
458.8654300002433
438.93004999996526
455.1652899999263
316.6752900000192
487.602319999962
362.2030299999826
592.4284300000263
522.715750000039
556.7586799999021
550.3031500002304
696.2246600002268
388.72726999997025
325.2133900000228
621.7874900003121
474.37538999994945
565.401700000029
485.8001400002206
484.85588999993183
463.89593999998624
426.79396999999597
431.1991199999851
503.22076999994215
371.99155999998976
544.3997499999822
342.3249500000051
644.4612000003079
379.831230000006
427.81666000000035
529.5960300002184
607.9504100001493
453.8586700000196
566.7944399999003
531.1002100000875
560.0642900001773
376.36065999999613
483.21820000023683
457.8348599999715
457.49220999997897
393.14587999997383
430.71385999996096
462.3607300000245
482.5795000002106
391.41322000000446
388.74323999998416
502.78686999995216
437.0908499999657
513.6276000001084
667.8306700002591
482.13194999992055
571.5996999999098
490.95766999997096
411.6068799999934
659.9572500001165
389.30366000001993
451.85163000016274
425.38167999993277
411.00973999997683
504.3581900002127
336.78036999998113
555.7887899999712
499.4080099999284
455.4350100000245
340.53106000001213
572.8419199999164
393.6911399999927
405.8809399999937
608.4544600004656
493.89818999995094
599.6090400003134
497.7976199999291
376.7825599999947
457.4946800000996
561.8500100002302
483.0251399999265
558.4695899999266
463.1447199999786
483.2153000000084
395.17230000000086
477.0245699999793
401.2981399999932
420.21580999998406
610.7968100002456
437.4156899999947
498.25090000025534
547.2515700001635
443.1321300001465
465.85176999997304
493.9025199999588
529.5417600002128
475.2357199999295
549.6493299998923
472.54959000023575
583.1198900000653
532.0756900002411
447.3676099999502
586.2294800002207
556.6107100002345
445.0066199999502
521.4142500000115
373.4895300000007
356.5882999999932
508.05135000020596
421.47859999997877
443.8933699999108
469.79730999996195
368.75248999996643
357.1172699999886
431.2759700000245
547.3830999999278
500.62401000014944
512.7131099999456
487.4499900000137
581.1751199999252
592.5355100001863
376.7794699999729
508.7216399999646
622.1797500002406
771.0481600004877
611.4268200000262
453.9178699999817
477.7788899999839
430.52592999996244
419.6994299999205
480.01587999997946
541.0473599999201
390.27677999997934
523.8810700000028
539.3675799999686
423.221690000005
474.1028800000518
517.3116800002045
564.201669999953
517.3553800000376
419.7534800000072
559.565710000237
660.084020000217
512.4255500002312
373.20726000000946
471.2307999999611
411.10701999997514
530.8668699999014
542.4383900001573
548.0176100000231
557.15854999995
490.28026999999116
475.7597299999234
421.61495999992934
440.80247999994316
432.53787999997655
470.52024000026665
411.469039999983
515.5001699999568
384.2729000000131
433.4803600001154
488.99102000002136
550.8361499999747
539.6983000001255
364.08665000001133
366.7921099999933
