11382.200000023877
11366.200000023819
11334.300000023703
4115.39999999744
2738.399999998605
11348.300000023753
2690.3999999986486
10984.30000002243
2367.3999999989423
2114.2999999991725
3738.3999999976954
11393.200000023917
8264.300000012534
8806.300000014506
11310.300000023615
11358.30000002379
11443.200000024099
3947.3999999975053
4505.299999998859
6009.30000000433
7079.300000008223
5172.400000001286
3259.399999998131
11330.300000023688
4135.399999997513
5651.2000000030275
11288.300000023535
2413.3999999989005
8364.200000012897
6077.200000004577
11284.30000002352
4070.3999999973935
11377.200000023859
7941.300000011359
8419.300000013098
3038.399999998332
11408.200000023971
7074.300000008205
3733.2999999977
7256.2000000088665
11328.30000002368
2060.3999999992216
11327.300000023677
11407.200000023968
7863.300000011075
11255.300000023415
10400.200000020304
7636.200000010249
4048.3999999974135
11402.20000002395
8654.300000013953
11389.200000023902
6281.30000000532
2940.399999998421
9776.300000018035
4793.399999999907
11336.30000002371
4451.399999998663
3195.3999999981893
6260.300000005243
11376.200000023855
11366.300000023819
1687.299999999561
1948.3999999993234
11358.30000002379
5577.300000002759
8278.200000012584
7849.300000011024
2543.3999999987823
11316.300000023637
11279.300000023502
5958.300000004145
11283.300000023517
11284.30000002352
11306.3000000236
8665.200000013992
11363.300000023808
11379.200000023866
11289.300000023539
11327.300000023677
4371.399999998372
4255.299999997949
4998.400000000653
11354.300000023775
6950.300000007754
7176.300000008576
7954.300000011406
11396.200000023928
9025.300000015302
4125.399999997477
9414.200000016717
11322.300000023659
4129.299999997491
4257.299999997957
3908.399999997541
11347.30000002375
11341.300000023728
7605.3000000101365
11375.200000023851
7063.300000008165
11266.300000023455
11280.300000023506
3081.399999998293
4127.399999997484
11384.200000023884
11374.300000023848
11404.200000023957
11389.200000023902
11330.300000023688
2049.3999999992316
4120.3999999974585
11343.300000023735
11364.300000023812
2434.3999999988814
11311.300000023619
11364.300000023812
10595.300000021014
11353.300000023772
11308.300000023608
11310.300000023615
11288.300000023535
11288.300000023535
11333.300000023699
11338.300000023717
6627.300000006579
11324.300000023666
11441.200000024091
11394.20000002392
6157.300000004869
4653.399999999398
5971.300000004192
11341.300000023728
4416.299999998535
5390.300000002078
11347.30000002375
3341.3999999980565
2944.3999999984176
11377.200000023859
9207.200000015964
10561.30000002089
11024.200000022574
3858.3999999975863
10350.300000020123
11311.300000023619
11324.300000023666
11414.200000023993
11323.300000023663
5754.200000003402
2880.399999998476
11348.300000023753
7176.300000008576
9108.300000015604
11384.300000023884
9479.300000016954
6242.300000005178
4350.299999998295
10792.20000002173
11333.300000023699
9102.200000015582
11318.300000023644
6248.200000005199
3679.299999997749
11358.30000002379
11354.300000023775
11304.300000023593
11310.300000023615
11368.300000023826
4443.399999998634
5158.400000001235
4790.399999999896
3090.399999998285
11293.300000023553
6282.300000005323
6696.200000006829
2196.399999999098
6381.300000005684
4071.3999999973926
11328.30000002368
11284.30000002352
2948.399999998414
6582.300000006415
11329.300000023684
6667.200000006724
3124.399999998254
11307.300000023604
4052.39999999741
10815.200000021814
6261.200000005247
2630.399999998703
11270.30000002347
3140.3999999982393
5271.400000001646
5274.400000001657
3585.3999999978346
2218.299999999078
3286.3999999981065
6883.2000000075095
11406.200000023964
10050.300000019031
11358.30000002379
11355.300000023779
2515.3999999988077
9593.300000017369
3522.399999997892
4369.299999998364
7058.3000000081465
11347.30000002375
3140.2999999982394
4566.299999999081
6494.200000006094
6561.300000006338
11365.300000023815
7942.3000000113625
11330.300000023688
4880.400000000223
11321.300000023655
3752.3999999976827
2116.3999999991706
11345.300000023743
3702.399999997728
6681.300000006775
11311.300000023619
6606.200000006502
8765.300000014357
11388.200000023899
6777.200000007124
2363.399999998946
2730.399999998612
3789.299999997649
5943.30000000409
11275.300000023488
5360.40000000197
3665.399999997762
4494.399999998819
5289.400000001711
11453.200000024135
3993.3999999974635
4824.40000000002
11331.300000023692
6743.300000007001
6355.300000005589
2892.399999998465
11430.200000024051
2585.399999998744
11415.200000023997
10112.300000019257
11310.300000023615
4380.399999998404
3229.3999999981584
4137.39999999752
11568.200000024553
11282.300000023513
11369.30000002383
4040.3999999974208
11458.200000024153
11334.300000023703
7877.300000011126
11292.30000002355
9232.300000016055
4743.399999999725
11295.30000002356
11358.20000002379
5708.200000003235
11353.300000023772
6611.30000000652
8908.300000014877
3018.3999999983503
5627.300000002941
2600.2999999987305
4824.40000000002
2572.399999998756
2830.3999999985213
4650.399999999387
11360.300000023797
11367.300000023823
7003.300000007946
7870.300000011101
11304.300000023593
2577.3999999987514
5985.200000004243
5733.300000003326
2669.2999999986678
2980.399999998385
4079.3999999973853
3867.399999997578
7286.200000008976
2808.2999999985414
3100.3999999982757
3324.399999998072
11314.30000002363
3860.3999999975845
11306.3000000236
5654.200000003038
8512.200000013436
11351.300000023764
5908.300000003963
4547.399999999012
3866.399999997579
11387.200000023895
6662.300000006706
11316.300000023637
11355.300000023779
11346.300000023746
3667.39999999776
11329.300000023684
11304.300000023593
3386.2999999980157
7265.3000000089
5676.300000003119
3972.2999999974827
7114.30000000835
4778.399999999852
7819.300000010915
11340.300000023724
2826.299999998525
11304.300000023593
6404.300000005767
4796.399999999918
9478.30000001695
11342.300000023732
8495.300000013374
3367.399999998033
5491.300000002446
11307.300000023604
11296.300000023564
4925.400000000387
11401.200000023946
1529.2999999997046
5972.300000004196
11299.300000023575
11325.30000002367
4137.39999999752
7457.200000009598
2324.3999999989815
2332.399999998974
3932.399999997519
11385.200000023888
8955.300000015048
11327.300000023677
6570.200000006371
11330.300000023688
11382.200000023877
4225.3999999978405
11418.200000024008
7793.30000001082
11354.300000023775
6701.300000006848
11340.300000023724
3144.3999999982357
3377.3999999980238
3814.3999999976263
8309.300000012698
2846.3999999985067
4111.299999997425
8477.300000013309
11303.30000002359
7372.300000009289
5708.200000003235
5865.200000003806
11375.300000023852
3858.3999999975863
2832.3999999985194
11304.300000023593
11414.200000023993
7325.2000000091175
8655.300000013956
4200.39999999775
3773.3999999976636
11415.200000023997
11371.200000023837
6759.200000007058
11285.300000023524
11365.300000023815
9663.200000017623
11423.200000024026
10785.300000021705
11345.300000023743
4655.399999999405
5029.400000000765
11286.300000023528
3599.399999997822
2801.3999999985476
11332.300000023695
8415.200000013083
3637.3999999977873
10200.200000019577
10335.300000020068
7796.200000010831
3469.29999999794
11348.300000023753
3360.2999999980393
8981.200000015142
2634.3999999986995
5604.300000002857
11446.20000002411
11395.200000023924
5646.30000000301
5454.300000002311
11328.30000002368
11379.200000023866
11351.300000023764
11426.200000024037
6297.300000005378
7916.300000011268
11335.300000023706
7850.300000011028
3392.29999999801
4310.299999998149
7178.300000008583
9118.20000001564
2146.3999999991433
11387.200000023895
11469.200000024193
8012.300000011617
11378.300000023863
11403.200000023953
3322.399999998074
3482.3999999979283
11321.300000023655
9480.300000016958
11319.300000023648
11358.30000002379
4009.399999997449
3902.3999999975463
2608.399999998723
3027.399999998342
4569.399999999092
11325.30000002367
9260.300000016157
8821.30000001456
11400.200000023942
5773.200000003471
11373.200000023844
11371.200000023837
8043.20000001173
7735.300000010609
11380.20000002387
4491.399999998808
5979.300000004221
11334.300000023703
8444.300000013189
4383.399999998415
1547.2999999996882
8708.30000001415
5440.30000000226
5058.300000000871
4625.399999999296
11385.300000023888
4379.399999998401
6524.300000006204
11358.30000002379
3347.399999998051
9347.300000016474
1987.399999999288
5117.400000001086
3839.3999999976036
2769.3999999985767
7176.300000008576
4686.399999999518
11337.300000023713
11281.30000002351
11310.300000023615
11282.300000023513
3009.2999999983585
3614.399999997808
3376.3999999980247
11383.30000002388
11347.30000002375
11337.300000023713
3204.399999998181
7857.300000011053
5306.300000001773
11385.200000023888
6883.30000000751
9821.300000018198
3486.3999999979246
11340.300000023724
3707.3999999977236
11352.300000023768
5878.300000003854
5148.400000001198
11427.20000002404
3766.29999999767
11308.300000023608
11403.200000023953
3076.3999999982975
4016.3999999974426
5136.300000001154
4015.3999999974435
3602.399999997819
10524.300000020756
2367.2999999989424
6428.200000005854
5026.4000000007545
11103.200000022862
2649.399999998686
11360.300000023797
7900.30000001121
11415.200000023997
4047.2999999974145
11410.200000023979
5278.400000001671
11284.30000002352
3533.399999997882
4135.299999997513
11385.200000023888
11346.300000023746
4934.40000000042
5439.300000002257
3632.399999997792
4184.299999997691
11317.30000002364
4842.400000000085
11300.300000023579
7999.2000000115695
6009.30000000433
3910.399999997539
11395.200000023924
11407.200000023968
7421.300000009467
4543.299999998997
11312.300000023622
11287.300000023532
10338.30000002008
11300.300000023579
11426.200000024037
4752.399999999758
11345.300000023743
11313.300000023626
11354.300000023775
11387.200000023895
4321.39999999819
4366.299999998353
9599.30000001739
4943.400000000453
4889.400000000256
11381.200000023873
2910.3999999984485
3000.3999999983666
5756.2000000034095
5580.200000002769
2058.3999999992234
11297.300000023568
11303.30000002359
7012.300000007979
5357.300000001958
6433.300000005873
6686.300000006793
7603.300000010129
5749.300000003384
4059.3999999974035
3400.399999998003
11315.300000023633
5579.300000002766
6936.300000007703
4499.399999998837
11399.200000023939
3564.299999997854
3960.2999999974936
4619.399999999274
11328.30000002368
3488.399999997923
1818.3999999994417
3008.3999999983594
3398.3999999980047
11384.300000023884
11337.300000023713
3353.3999999980456
3920.39999999753
4420.39999999855
11457.20000002415
9107.3000000156
8427.300000013127
11363.300000023808
3818.3999999976227
5216.400000001446
11281.30000002351
11415.200000023997
6869.300000007459
8835.300000014611
5374.30000000202
5290.400000001715
11334.300000023703
7618.300000010184
4528.299999998942
2545.3999999987805
3671.3999999977564
11341.300000023728
3830.3999999976118
3686.3999999977427
6260.200000005243
11308.300000023608
11369.20000002383
6662.2000000067055
5182.400000001322
11320.300000023652
3961.3999999974926
3930.399999997521
11324.300000023666
3919.399999997531
6764.300000007077
3510.399999997903
3104.399999998272
3509.3999999979037
7200.300000008663
2743.3999999986004
11328.30000002368
3254.2999999981357
11347.30000002375
4861.400000000154
11425.200000024033
4544.399999999001
5343.300000001907
7099.300000008296
2771.399999998575
9562.300000017256
8050.300000011755
8423.200000013112
10512.300000020712
11293.300000023553
6659.200000006695
11295.30000002356
2331.299999998975
11312.300000023622
6320.300000005462
11290.300000023542
11414.200000023993
9279.300000016226
4054.399999997408
10076.300000019126
11022.300000022567
5621.300000002919
4417.399999998539
6408.300000005782
8931.30000001496
5243.400000001544
4416.399999998535
10504.300000020683
11354.300000023775
11324.300000023666
3074.3999999982993
11279.300000023502
11406.200000023964
11316.300000023637
10635.30000002116
11357.300000023786
6260.300000005243
11380.20000002387
3655.299999997771
6804.3000000072225
2182.3999999991106
6972.200000007833
4483.399999998779
1907.3999999993607
11408.200000023971
6070.300000004552
4214.3999999978005
11365.300000023815
9311.200000016343
11397.200000023931
7418.200000009456
11221.300000023291
11314.30000002363
5320.400000001824
11333.300000023699
11326.300000023673
2441.299999998875
9785.300000018067
5257.400000001595
3947.3999999975053
8798.200000014476
4646.399999999372
7124.300000008387
4986.300000000609
4150.399999997568
11320.300000023652
2018.3999999992598
11317.30000002364
11345.300000023743
2080.3999999992034
5700.300000003206
3901.399999997547
11349.300000023757
7298.30000000902
11303.30000002359
5983.300000004236
11453.200000024135
3814.3999999976263
2135.3999999991534
4169.399999997637
11375.200000023851
4844.400000000092
3830.3999999976118
7677.200000010398
11211.300000023255
6196.300000005011
6902.300000007579
11470.200000024197
11347.30000002375
3851.2999999975927
8046.2000000117405
4946.4000000004635
5617.300000002904
11369.30000002383
11333.300000023699
2261.3999999990388
11270.30000002347
4817.399999999994
5863.300000003799
7378.300000009311
11294.300000023557
7501.200000009758
4401.399999998481
3624.399999997799
11330.300000023688
6994.200000007913
11365.300000023815
7865.200000011082
11370.300000023833
11296.300000023564
4051.3999999974108
2383.399999998928
11330.300000023688
3856.399999997588
3226.399999998161
6083.200000004599
3587.3999999978328
4788.299999999888
10264.30000001981
3263.2999999981275
11308.300000023608
3501.399999997911
11336.30000002371
5302.400000001759
5948.200000004108
11309.300000023612
5710.3000000032425
11367.200000023822
4426.299999998571
11357.300000023786
11255.300000023415
11311.300000023619
11315.300000023633
11299.300000023575
2823.3999999985276
6089.300000004621
11410.200000023979
5678.200000003126
11382.200000023877
10832.300000021876
7892.20000001118
6655.30000000668
11351.300000023764
4481.399999998772
10876.300000022036
4153.399999997579
4348.399999998288
6161.300000004883
11171.30000002311
9639.300000017536
11370.200000023833
2804.399999998545
11414.200000023993
3283.3999999981093
11381.200000023873
2528.299999998796
11300.300000023579
11425.200000024033
4752.299999999757
3268.399999998123
2674.399999998663
11338.300000023717
11295.30000002356
3582.2999999978374
11304.300000023593
11369.20000002383
11481.200000024237
11339.30000002372
11347.30000002375
11441.200000024091
11327.300000023677
2993.399999998373
6034.300000004421
4469.299999998728
6341.300000005538
10414.300000020356
11392.200000023913
2756.3999999985886
11370.300000023833
11393.200000023917
11332.300000023695
3008.3999999983594
11462.200000024168
5552.200000002667
11380.30000002387
6088.300000004618
6332.200000005505
11350.30000002376
9975.300000018759
9296.200000016288
11407.200000023968
11332.300000023695
10225.300000019668
2331.399999998975
11347.30000002375
11344.300000023739
4535.299999998968
11320.300000023652
11347.30000002375
2990.3999999983757
11148.300000023026
11326.300000023673
10157.20000001942
7841.200000010995
7906.3000000112315
11346.300000023746
2619.399999998713
8558.300000013603
3327.3999999980692
11323.300000023663
8494.30000001337
5399.300000002111
11454.200000024139
2654.3999999986813
2887.2999999984695
11378.200000023862
11375.300000023852
2357.2999999989515
11352.300000023768
11397.200000023931
2889.3999999984676
11386.200000023891
11325.30000002367
11293.300000023553
11332.300000023695
3777.39999999766
4723.399999999652
7162.300000008525
9358.200000016514
11354.300000023775
7652.200000010307
11303.30000002359
2570.3999999987577
4455.299999998677
1549.2999999996864
4049.3999999974126
2596.399999998734
6296.200000005374
5522.300000002559
7973.300000011475
11343.300000023735
11376.200000023855
2792.399999998556
11262.30000002344
11346.300000023746
11310.300000023615
5455.300000002315
10036.30000001898
2484.299999998836
3760.3999999976754
10186.300000019526
1883.3999999993825
4597.399999999194
8406.30000001305
8283.200000012603
11307.300000023604
11395.200000023924
5312.300000001795
5104.400000001038
11318.300000023644
10757.300000021603
11340.300000023724
5638.20000000298
6264.300000005258
11322.300000023659
8124.300000012025
11299.300000023575
4922.300000000376
7472.300000009653
11292.30000002355
6459.200000005967
5967.3000000041775
10469.300000020556
6582.300000006415
3855.399999997589
2665.2999999986714
4775.399999999841
7957.300000011417
11391.20000002391
4271.399999998008
8645.20000001392
4371.299999998371
2621.3999999987113
11415.200000023997
5333.300000001871
11281.30000002351
11347.30000002375
3953.3999999975
11351.300000023764
8859.300000014699
6075.20000000457
4844.400000000092
5426.200000002209
5044.40000000082
4420.2999999985495
6014.3000000043485
8848.300000014659
11365.300000023815
3329.2999999980675
11298.300000023572
11388.200000023899
7223.300000008747
6357.300000005596
11340.300000023724
11374.300000023848
9248.200000016113
5276.400000001664
11333.300000023699
2669.3999999986677
11341.300000023728
11314.30000002363
11323.300000023663
11379.200000023866
5566.300000002719
11387.200000023895
10625.300000021123
8394.300000013007
2656.3999999986795
11368.300000023826
11343.300000023735
4907.300000000321
11352.300000023768
11310.300000023615
8392.300000013
11348.300000023753
3689.39999999774
11391.20000002391
11333.300000023699
4652.399999999394
11436.200000024073
4019.39999999744
11355.300000023779
9815.200000018176
2410.3999999989032
11331.300000023692
3082.399999998292
5475.300000002388
7126.2000000083935
5577.300000002759
8186.20000001225
7024.300000008023
10047.20000001902
7872.2000000111075
4400.399999998477
11385.200000023888
11314.30000002363
5257.3000000015945
11405.20000002396
11447.200000024113
7011.3000000079755
5064.400000000893
5399.300000002111
11332.300000023695
7527.300000009853
3991.3999999974653
11339.30000002372
2827.399999998524
7914.20000001126
6024.300000004385
4445.399999998641
7748.300000010657
11342.300000023732
5264.30000000162
6796.200000007193
4445.399999998641
11348.300000023753
11318.300000023644
11390.200000023906
5582.300000002777
10559.200000020883
7161.300000008521
6922.200000007651
11338.300000023717
11360.300000023797
11417.200000024004
11295.30000002356
5819.200000003639
3612.39999999781
11329.300000023684
11392.200000023913
11320.300000023652
2931.3999999984294
11325.30000002367
8999.300000015208
9559.300000017245
5480.300000002406
7006.200000007957
10980.300000022415
10558.30000002088
11314.30000002363
