651.235880000247
628.9932900003178
561.5096500002105
389.3766999999587
424.2049199999378
684.6316000004948
437.82046999993344
551.2429100002089
403.0173999999411
469.838809999906
467.22807999995035
555.9359600001359
496.47679000012397
527.3309400001303
616.4203700004423
606.187140000315
625.8152000002026
443.017279999979
504.658959999964
553.4927900000953
540.2177500001685
443.4707599999388
458.2122699999338
616.3668500003286
421.13759999994045
550.1733099999915
557.5093000003343
433.74921999993165
471.13438999990444
550.2643700000276
578.5604000003626
530.780739999967
459.25720999997264
454.0564499999306
626.9304500002888
433.3019099999388
666.2940500004645
469.7104500000748
441.60493999991587
575.7025000001014
553.3584400002547
376.1358799999725
564.1265900002152
587.1636500001782
484.7356900001156
429.45943000012676
543.6446500001866
470.6905999999126
457.98029999997124
590.1217500002389
531.1185500001236
609.872450000201
441.4060699999285
507.0345999998906
520.8597200001684
496.85733000002875
605.9578800002848
537.2833299999888
470.2458599999211
572.5481000001466
608.985650000342
690.2727300005067
431.48725999993445
402.03143999995797
607.379420000308
397.1291099999565
461.63151999991135
534.2430500001191
399.005779999949
549.6303800002173
518.886190000238
491.91252000003095
550.6774600002391
651.4018100005298
504.0865400001728
630.4158900002245
451.8106799999189
498.5314799999098
562.6768900003403
535.456510000087
460.74196999997446
523.5593299999516
424.67366000001994
453.39301999991955
557.9212400000531
444.3812499999348
549.9018600001026
466.31432999999794
515.2853700001451
491.1058099999539
514.86929999997
456.88113000001204
548.7720499999152
455.2275599999154
404.25395999996346
529.6434000001559
616.1443300002758
526.5986600000805
601.7553900002135
378.5640199999782
547.7234300002631
593.2273800004094
442.0761199999405
446.71275999998016
636.4392800002993
498.08219000000884
595.577930000223
670.8108700003263
574.3898200002682
461.582819999911
449.30114999997
585.3958500003223
588.1825300002243
435.4627599999318
416.68697999994276
636.36512000022
512.962000000204
453.17087999997943
428.2322699999721
491.5210800000384
549.5741200002423
456.39589000001814
547.6964100002198
665.9430200005041
465.29895999999394
493.6899500000763
641.6142100002002
452.3151299999139
395.51218999995996
403.17738999994924
388.34854999996054
609.5453700002837
569.405279999956
522.7029699999914
632.4161100005266
450.2871799999422
464.99628999991165
608.2957000002554
515.9142500001475
508.0443200002073
702.0328800004415
378.7650899999595
535.8753800002584
512.5110300002469
545.0886100002347
565.1368900002136
611.1524200002654
564.8454000000139
467.31121999990813
472.77658000001617
494.4830100000785
563.8758400001911
473.8437799999145
553.0474300001625
543.0379900000275
524.109469999944
589.6755200001751
643.7225500004896
653.3635300002899
496.76458000016805
559.6287100000077
481.63945999993206
622.6386200003088
646.1037300003119
397.7494299999502
545.1641000002404
708.8773300005186
486.1971199999644
465.2642699999287
450.0234999999113
407.7462099999532
646.6208300005105
499.3717799999929
488.0011299999964
377.53947999996666
494.56558000004844
433.9665899999282
426.3783699999408
445.7403799999702
458.0140999999184
515.2356500001061
440.1869799999328
554.3147700000294
438.5004899999238
520.809080000231
428.52180999998467
672.7628500004606
557.5352400000064
416.69451999995067
520.2987200002309
467.05216999992365
568.8393299999631
439.6966899999583
452.3107999999489
456.83137999991783
430.748089999932
477.5378799999626
655.6847900003406
514.4298600001788
636.3314700004182
508.9263899999889
381.43985999996454
513.5510400001644
510.0343299999402
516.7470999999612
510.66372000007954
553.0663500001749
463.54998999991176
450.6033599999219
539.4547399998951
565.013100000087
510.14609999996156
543.4276900000905
576.6237400002905
422.8902799999398
449.3974000000237
438.8809099999638
410.9257699999552
593.0562200002985
433.74180999996713
527.1576900000422
567.8566000002321
561.1158400000179
515.3491000001333
508.3545399999384
492.8357699998875
413.0221899999367
442.2468099999208
556.8749799999141
528.1103900000809
367.11679999997955
513.8547799999996
431.68105999993656
506.74011999998515
474.8738900000823
682.9264300002577
474.5236499999504
431.63374999994153
575.0896200002716
518.4198500000588
469.6502499999679
479.6350999999111
633.1456500002159
408.96606999994515
520.3608299999979
448.9830199999426
558.0055900003133
407.4501799999525
493.53693999991197
389.49059999995455
889.9311400006627
510.11592000023916
484.690559999932
524.773799999964
640.5341200001812
586.8800700003429
535.7976800001092
522.8660000002295
531.6222800001931
417.99235999994613
465.0602800000431
666.5859000005133
567.0529999999831
417.4617399999807
475.6913600000533
419.9007899999695
421.4832999999415
424.84109999994456
472.9005499999099
528.1774999999569
423.8517299999452
400.5239799999552
484.92924999997723
566.3421800001239
695.9448100005014
516.2089600000812
530.5200900001387
677.0060500005081
441.8704499999314
591.6740200000288
548.3547099999846
511.1931799998783
428.5738799999311
445.3586899999713
489.5123299999499
613.9206400001387
512.5051999998868
447.44233999993105
358.9076299999792
538.325550000224
385.6200799999801
546.3329700002223
500.0367900000066
612.6641700002226
472.22597999995264
476.36604999991437
455.8753699999904
422.3351499999497
623.4677000002434
485.0483200000697
393.3555799999682
517.0977000000398
658.8967900004496
453.8101299999235
402.2214299999657
393.0061099999537
509.2714599999141
485.3218500000465
508.0605200000062
515.6735699999431
556.8988000000404
488.50795999997104
499.7081200001511
433.0117399999357
540.3556699998782
538.0767400002226
461.7553899999173
513.0023000000057
512.0024800001671
584.3712100002097
484.15993000014146
413.596659999952
423.9476099999428
542.9267900002604
526.0753300002303
480.44694999998217
635.1608100002617
394.66761999996726
452.23454000005046
525.5802000002278
553.1735900002247
444.44733999997663
538.9077700000636
435.54917999993637
427.64419999991776
460.3101099999534
620.2741100002278
539.9194900001248
610.5201000002795
524.3561000000467
563.9337300002172
486.30781999997174
507.57498999999837
703.5892900003921
529.017450000106
587.0886000002898
528.281800000034
536.9811900002293
437.6052399999406
429.2185799999284
352.32370999998443
486.2610300001312
425.81750999993415
536.3252699999352
473.2014300001399
543.2835800002675
545.8303899999744
545.030170000017
597.5009399999961
613.4947200002287
484.7915899999458
407.3516899999499
526.8135800002234
493.3113200000361
499.67690999987957
462.69364999992047
455.06087999990996
472.32759999994516
584.7067900002115
550.152960000225
548.3687700000478
424.1593700000234
621.8814300003069
567.5841600001371
610.2408500002005
507.4908800001564
721.6302300005631
423.38523000001135
502.99458000000436
509.6255700002391
395.52688999995837
424.7906799999408
624.3298100003157
632.5656800001074
485.8030299999484
593.0364700001948
564.3676000003182
678.5966300002085
536.165709999918
639.1293500002389
468.41908999993177
598.2922700001251
366.0359099999762
520.2638800000701
474.81738999990506
696.3451800005059
385.71898999996614
484.8945200000382
547.4794000002315
541.3455700000916
598.242550000369
666.8122400002883
457.6274899999512
572.1119100001822
507.8398800000766
514.8624100000939
523.3821099999172
593.2223199999451
533.5252300000618
713.5411900002182
424.7351799999479
621.2299100002475
524.7505299999341
547.6600400001624
606.0261200002714
627.5136600002305
412.8908599999564
437.44398999996304
531.66977000023
555.0525200002086
633.1832500003541
641.331280000462
393.1185599999587
413.7664199999414
428.3585799999429
474.60078999991254
453.11531999997953
626.4240100003162
485.33717000009136
611.1483800002977
507.5155899999621
596.5362799999848
559.27131000021
588.0169700002202
552.5781800000985
547.1282600001277
621.6777000002761
494.1588399999673
507.7945800000237
405.8412299999576
507.5629700001231
431.18248999993966
392.6693999999656
428.75360999996957
510.47648000001755
526.09666999997
460.87249999999653
504.8524599999331
482.1114499999618
387.35678999995986
595.626250000279
473.45231999992626
509.81074000004753
400.8701999999609
503.6005199999889
462.82207999994966
366.18534999997655
593.9228400001977
467.065299999989
469.71103999995876
589.1383000004466
595.4966800003275
432.7087899999784
522.5033699998886
432.4056399999548
441.0335399999491
593.1961300002016
575.2717700003226
456.1005999999236
493.12875999990405
508.92415000010936
451.9563000000208
656.1531700002869
494.6537500000602
513.9149400001727
424.67917999996234
475.16313999994435
476.0517899999433
678.4552100005196
489.7619500000274
540.8101400000055
664.8412700002909
543.6155799999124
404.245629999967
602.7221400001956
384.59947999996234
450.01465999997066
560.8235699999709
464.0769799999664
464.9529199999431
459.767179999948
459.6801799999176
541.0836700000204
495.1873899999849
622.193180000193
372.30689999997537
455.1062500000437
414.54778999994693
654.1391800001929
501.1974499998844
546.7614900001226
535.6240600000506
400.7492300000001
455.5175699999552
524.6103999999365
467.7986199999692
564.4763600002129
476.93520000005856
461.89577000002356
510.30182999991825
479.95266999992344
581.2512200002715
514.3351299999777
521.564900000236
497.68328999988915
528.0974500000161
443.7440099999697
651.156510000263
555.7304400000011
506.96230000014543
470.80639999990876
479.5917600000334
527.313320000245
567.4544900001808
564.9652800002067
622.4075000002214
491.58178999997887
621.407030000251
544.7261100002303
564.0740400002243
535.5418600001218
542.5979499999539
519.030079999952
496.4030800001367
408.9506199999515
448.8825100000011
610.1280800001915
423.9444399999405
452.8121199999293
560.3693099999842
547.8899800000606
377.63600999996413
628.9917900003591
419.16075999996383
465.75791999998773
476.21480000000804
512.280460000039
440.36486999997675
487.0547000001006
405.77009999995045
494.37058999997345
424.9949099999558
412.4744599999494
503.32065000001074
539.9358100001273
413.98403000000746
613.002700000211
488.6590599999239
504.4842899999363
422.5491299999649
561.1262100002492
473.43491999993654
433.7339099999375
454.41684999992253
412.15991999994725
662.6029000003233
641.3685300002871
471.97708999993233
458.57787999995685
500.4479499999641
676.1659300003387
518.3388500001438
526.922660000107
606.0735200003129
459.1465399999584
487.2430100000031
504.0804200002364
612.9401600002279
457.7877599999626
514.4593800001325
511.1405500000466
414.8772799999513
440.4186100000061
522.1113400001913
502.19478999995874
375.0607899999684
494.1108099999337
548.255260000194
387.6266999999649
406.55107999997307
602.5977600001268
424.462599999941
573.4827900002097
569.4392100000683
478.4307999999973
559.8518700002165
429.77579999992776
479.8771499999512
566.8244700002039
411.6260099999844
528.6382300000379
405.61885999994803
400.93877999995345
428.37555999995044
480.1723600001546
413.69007999994295
419.57586999995505
506.8251699999019
461.3979899999616
525.8227099999663
611.5993900002835
458.99706999999376
400.72350999995354
509.92756000005966
426.51102999994777
584.2387600002028
609.2771300002257
563.9419100000882
620.2133400002257
511.43055000023116
599.2228800000375
509.07606000023657
500.5742899998937
531.0597800002405
553.4737200000692
581.7463500002904
688.7130400005178
587.7541900001897
519.1742199999336
471.3245500000755
478.4297899999707
493.0048000000126
391.8750999999662
534.4466900000494
563.0539400001239
503.46387999999496
396.8021999999621
520.4048200002259
684.1250200005059
569.2627000002628
431.3508499999366
442.63557999995317
644.3862800003734
563.6422900002103
631.7402300003326
708.978930000539
419.86932999994445
562.1636600002171
538.7283599999107
407.51331000003245
424.03551999994176
524.5972600000226
515.2679099999916
461.432799999919
483.17731999990644
494.5154500000342
463.2176999999796
656.3382900005157
465.35125999991556
460.11200999993736
501.0356800000801
552.3226000002561
530.0548900002253
488.9204399999976
677.3527000005149
549.0742000002213
434.46185999992974
422.07426999994817
466.87168000000975
468.5466999999561
530.8636999999158
474.6156200000298
569.9781500001714
542.6063299999801
482.5418099999754
585.0851500003115
438.66355999994465
629.5893800004587
526.6272500001517
392.9217999999676
416.59486999995767
461.6004899999544
491.3123899999662
537.0670600000603
465.64788000004324
533.7373200000084
678.5411200002214
463.9782599999263
441.8728999999338
552.9685499999447
586.8843900002346
479.90911999999173
422.14874999993594
589.4639700001364
622.2524000002564
495.07128000004303
531.954290000079
511.43464999994956
641.9724300003256
540.138199999925
638.8627700001556
498.0299699999949
505.4072500000138
580.5813200002463
580.384120000296
439.2314999999315
498.44626000023976
430.0428799999343
491.8342500000576
477.2874400000917
496.77248000017187
617.5541700001768
460.0955699999761
471.51286999994534
613.5309900003663
467.171829999905
568.4242600002225
543.4110300000818
546.7012100000017
587.9384600001983
474.3903399999652
429.49496999994483
567.1589500002249
502.95088999994687
449.0812999999331
572.2741100000335
421.1281899999397
498.4672799999764
568.0634200001764
517.5467199999022
548.1570700002227
458.16789999993955
588.2942800001985
489.9797499999976
555.6069700000321
601.9224800003352
511.3402900000191
570.5280000002036
553.8813899999758
598.0394300001988
367.8117199999773
598.6351600002495
559.1298100002357
546.9955400002101
400.96556999995556
409.2778900000438
643.7217700003338
417.46234999994135
605.3543000002205
557.0910400002568
556.447009999969
484.9504000000676
674.6040100005266
449.7968199999835
411.09839999995455
487.4804699999945
525.3811599999538
597.379010000105
510.1983700002375
622.945690000332
588.7774600002068
446.3276699999206
482.2083900000172
399.8910799999519
622.2038800002539
536.6456999998668
576.4597800002141
670.8162200002847
458.51573999993843
453.8793199999372
406.3168099999431
542.8679200002248
389.9602299999629
488.5927799999334
591.872290000304
591.4530800002697
655.8420200001923
609.4372400002522
570.7780200002321
526.89125999995
590.8493300002077
406.3835099999462
446.4253099999268
517.9198999999686
469.80659000005176
405.89505999995765
643.245870000352
450.17800999990783
596.1675900002098
530.177450000025
699.6318100005664
482.95140999991054
664.7021900002226
507.2466700000025
618.8692100002332
414.9106899999751
607.8403100001167
653.8759300003147
541.1724300001698
563.9427000001218
494.1219199999357
577.5566500002327
527.919030000206
496.7918199998932
681.6647400003727
557.9510400002226
470.3366399999238
506.537980000116
547.0620600002295
498.90164999991174
597.8531000002528
436.17166999994777
582.5249900001568
631.689310000186
452.78185000012456
454.15778999994916
404.46773999994946
426.9842699999675
496.71589999991875
593.4703200002564
522.762240000129
454.15948999998983
647.5808400002
384.89516999996493
450.7865599999233
637.72350000027
684.6134100005057
481.61495999989995
642.8093100003596
621.6904700002866
435.0289799999258
693.2425800004279
542.707610000251
508.46519000023903
547.2989800002258
419.1668899999468
430.2119099999397
574.7087300001622
615.981610000107
555.1753500002272
607.0600300001305
521.9892800002259
475.5306199999081
554.59628999993
366.22556999997823
440.0722999999465
424.04992999994136
490.20789999990245
500.9131200000188
572.8803400001178
567.5048600002151
635.0840900003188
454.24423999992104
363.6172899999827
582.6639400002961
565.391990000241
421.8051699999394
500.9726200001836
500.6626599998859
425.35505999993586
526.5439800001888
408.39700999994454
500.3240299999645
482.0205700001337
588.4312900001905
533.8964900002317
633.1297600003503
450.6697000000156
449.6526000000085
474.41925000001737
630.1648600003952
588.9174700003027
585.196240000022
522.075720000031
561.4347800001799
493.7326600001164
653.6057800005143
517.0296699999765
470.21271999996634
537.318000000279
597.8730000001218
494.0919900000265
513.968680000202
501.4443900000465
435.74163999996284
462.413229999911
493.0551000000159
451.8874899999426
663.8918700003221
442.28561999991916
542.5379300000858
467.8736299999544
437.3893099999303
561.3853300000196
446.9810700000246
566.2312400004244
568.7863300002226
428.9517099999433
560.3361100002137
417.1282699999446
535.8191299998807
469.2325099999097
512.5767900000022
378.57537999996913
565.5599699999462
436.500789999931
429.0824000000104
619.1772100002877
506.9989899999133
606.3020400003596
503.97542999994425
489.53637000008763
483.40095000002793
592.7887200002675
603.8677000002392
477.2740299999706
457.58348999991904
605.6959500002323
428.1903399999374
553.3256500002135
533.7096700002344
408.4140699999488
629.5387000002735
510.14615000000833
578.3168900002075
618.1684700003382
531.4956300001066
421.3545099999358
588.9426100002484
578.5170800002315
520.7947899999647
478.6894699999124
562.4867200002763
544.2456900001147
577.3822900002723
485.98567999993776
449.8113099999228
602.4158400002169
454.2419799999323
644.5709400002174
468.623819999984
575.0572600002974
447.1241499999246
406.3908199999441
465.93335999996737
464.60781999992366
472.730050000012
552.186360000131
457.4108300000311
509.90255999994616
468.08207999996824
597.3937200001646
586.1286700001892
529.0567299999705
594.4254800002768
537.3647700002294
558.1109099999981
606.0281700002705
712.4292500003553
594.5135700001284
500.52948999998625
472.2144800000132
607.7620200002841
441.52218999993914
491.3634899999507
596.2029000002256
459.47491999991865
599.0669900002165
538.6601500001069
403.8813099999555
554.4032200002133
544.5311500002277
485.5954699999532
491.8356400000233
483.2168899999879
561.9788800002156
516.6684900000678
588.9330500002134
407.26733999995287
622.9779800002045
498.4273500000796
617.0910600001253
560.6738100001412
636.7613300003379
671.134450000304
606.4587900002971
570.084209999997
495.4287299999362
520.9620200002332
583.3258800002039
429.62346999999204
439.56696999993056
476.9236099999641
501.0610700001525
451.73169000002576
522.6208800000793
598.1884700001971
543.0826000001709
394.1972799999643
499.5727700002439
