1494.7451400004002
1402.5319100004012
1296.467340000246
1094.1385500000124
1084.5216199999725
1490.066790000289
1125.605789999978
1286.417650000345
1111.5959100001046
1225.7582800002085
1187.6179000001457
1499.6778100004685
1216.4976500003
1241.6123200003856
1334.4596900005129
1364.8709200003543
1462.7421300003768
1138.8406399999312
1277.0789000002324
1307.1339200005586
1266.4506300005582
1228.0357200003366
1183.8167400001078
1351.6194400002933
1193.7187600002017
1338.9153200006688
1237.6023600003925
1110.696220000035
1365.6733100006177
1344.3128200004471
1295.562410000221
1311.0954000005665
1332.5040000003871
1303.0455800004402
1421.4072300008422
1116.0389099999472
1449.0669000005219
1121.0668900001672
1229.0397200003483
1383.0014000008073
1252.3670200002312
1058.2248999998624
1491.76938000026
1565.9421000002578
1169.7518500001459
1189.078920000448
1277.8368900004002
1359.3347400004727
1174.5506200000355
1360.2420900003278
1275.6481300004714
1414.8957500002696
1259.3479500003186
1287.549800000359
1225.7998600003787
1209.6376600003432
1341.464430000208
1307.7530800004424
1191.0966500002353
1363.5507800006922
1322.020980000312
1504.9769900002418
1215.5228400001356
1133.8402899999612
1351.053870000398
1139.582130000097
1349.6041000005641
1277.3275300003713
1110.60808000007
1264.6468000002083
1197.7135500002425
1215.7308600002318
1248.4340500002647
1385.8611900001292
1352.1393100005298
1460.1789700009215
1342.1886600002974
1421.8876700002934
1245.3938500003683
1459.5063800003188
1147.3798900001557
1306.3408100003849
1171.2275400001436
1331.541550000252
1347.719200000639
1270.3534200004597
1298.4757500004803
1343.3883800003864
1217.4289900002696
1221.99018000029
1456.3034200008021
1300.8665900003334
1370.0113500006917
1278.6796800003747
1164.536979999961
1420.7690200005352
1379.2441900003062
1251.7903500004243
1387.0499000003556
1115.471810000004
1223.086240000224
1293.84059000051
1129.0486199999361
1133.6033799999764
1455.0582400004103
1411.6138800000967
1369.8516100003008
1519.3135300003166
1514.8255599998668
1189.7876800001786
1131.5430300000662
1310.314130000409
1349.7104800002746
1133.587880000039
1229.522080000249
1472.0911500003674
1186.8660200002992
1310.2243600003653
1247.8177000003118
1370.9213300001666
1244.107230000272
1267.419070000229
1264.459150000273
1432.2443600003085
1280.2306400005943
1385.9295000005038
1491.131540000393
1329.163320000321
1143.5264600001067
1121.053260000057
1120.9007400000783
1387.6414700004223
1403.4523400006915
1285.9693700004284
1353.3950500004953
1154.8488700000753
1178.4558800001066
1381.1783000003643
1213.671190000332
1180.3855200002818
1546.297360000347
1068.8170600000633
1212.8243400003175
1191.407460000222
1245.3834100002437
1487.1278200002707
1386.3290700002647
1391.6764200008986
1197.9441600001724
1349.0507600003687
1249.8516400003818
1307.6267000006178
1398.5223700002928
1283.4128800005426
1323.057780000401
1352.9033000004688
1375.7570000003748
1374.691440000484
1488.3921600008869
1339.1990200004861
1510.464000001131
1213.9304000002887
1396.8329700002284
1442.23978000045
1204.0890900002985
1234.4478700002196
1522.1804900000564
1212.7300600003039
1293.869700000395
1238.9447800003938
1047.248509999881
1386.3125800002363
1344.2562800006333
1333.0425200005243
1052.8632099999006
1209.5270000002224
1221.5853600002667
1270.614450000295
1279.5900200002218
1174.6155400001023
1226.6522300003644
1307.3546600002865
1352.2673200005643
1231.9708600002893
1201.113000000242
1085.1503499999183
1475.2011000003192
1362.5405500005688
1086.4351499999075
1184.1300600002492
1187.476490000109
1384.3678200007482
1221.0705600003757
1149.2421600000794
1186.3119700001046
1196.2073800002
1342.4060100005224
1451.528990000379
1158.5305900003127
1399.0866000004535
1439.0478900001283
1075.9724999999378
1190.2252200002881
1248.7109300005511
1284.889400000434
1183.8765500003685
1492.813660000496
1304.5303000003546
1268.9368000003092
1483.39567000098
1343.6977000006061
1467.1564000003461
1303.5144200005034
1297.7530200003487
1185.903600000155
1274.918020000358
1110.182649999989
1158.897639999959
1341.2288600003967
1098.8570099999765
1279.128280000378
1298.1970400003024
1366.4738300007136
1221.9005600002938
1448.3463400002668
1400.3509200007265
1140.6593600001363
1105.8415500000217
1399.658960000664
1273.1564000004246
1120.2079100001858
1287.5823700002197
1221.6590600001446
1240.3306600002977
1139.8390100001425
1587.7134600004783
1156.1801300001127
1216.021000000232
1311.7432600003965
1242.7782300004112
1289.5006900004707
1239.6116400001893
1465.2868500002662
1149.516590000112
1459.5367400004084
1301.8706500004569
1244.0005000003348
1153.98456000007
1242.9963000003663
1083.5525200000684
1992.4509799995585
1168.0976200002574
1431.3584600004026
1294.5952400005397
1479.4988300002797
1303.5615900004188
1286.7831000003825
1188.6900600002418
1229.9014000002808
1207.2243800001943
1281.5906300003603
1428.1228100002381
1406.5524400006386
1224.5344700003109
1130.889370000158
1198.68850000043
1075.9679999999364
1187.9357400002928
1219.2862900001307
1301.0243700005133
1093.4995399999063
1128.8918000000185
1195.2670400002153
1489.51911000024
1477.9325000001945
1223.4255500004044
1239.7429200004876
1422.5246500002559
1139.101229999998
1433.6549500007432
1330.0879200005663
1308.4248400004565
1087.4491000000523
1108.3056500000107
1213.3066800002744
1455.6867200009226
1317.6269200002928
1140.7601200000859
1014.9680099998886
1251.8007300002791
1067.317999999998
1246.7170900001888
1227.893480000248
1411.3035300005897
1365.9896700001977
1348.5303800004976
1140.1907900001124
1177.6384000002072
1448.5102000002705
1183.9799200000996
1195.7289500002225
1430.71370000046
1436.8167900005446
1274.6092500002683
1225.2860900001997
1175.672430000261
1313.202100000337
1315.7781200005893
1251.049860000388
1289.533800000409
1348.831200000565
1195.627650000386
1156.8457300002776
1294.7824700003005
1366.8828200005719
1232.0464200002502
1290.5552000004357
1235.872900000363
1208.943000000236
1354.1441500003018
1161.0289600001515
1160.0896000000162
1197.1056300002379
1234.0335500003007
1215.0486600002498
1192.0885300002437
1452.3773500003977
1049.3939499998282
1114.45302000007
1195.9168600002617
1253.4672200002062
1116.0251200000068
1306.997120000419
1128.8622999999798
1190.5842800003497
1148.9569800001073
1431.6123200004004
1284.6747000004664
1368.7494400003688
1255.7350000004403
1298.287580000271
1394.3444100003849
1245.7735200002937
1558.027030000495
1254.1156300003813
1337.215560000409
1273.2918000004663
1239.5333500002455
1121.8097199999897
1185.7291000002167
1012.8595599998854
1176.8075800002362
1186.7194200001618
1345.5328200005513
1125.2836100001073
1222.898600000324
1464.3642400009467
1325.3496200005839
1478.4993300007764
1386.5347100002948
1237.5640600002364
1048.1941499999045
1201.4896000001715
1396.2253000004823
1410.984360000762
1352.1972800004594
1272.450620000427
1184.5626600002681
1367.4142000002582
1278.8863000002593
1318.7388200005726
1215.464800000395
1433.3930600003127
1337.6751100005224
1425.925790000266
1370.506970000632
1572.352979999826
1061.9632099999226
1205.6436200002995
1177.681090000235
1105.9109099999787
1103.147039999963
1394.607960000391
1476.2521600008813
1218.8817200002816
1367.1160200004667
1250.7366700004713
1587.6949100010222
1343.8089200005343
1478.3588000003683
1203.4611800001119
1423.989520000722
1030.977359999875
1264.243100000392
1400.398710000329
1438.1926600004208
1106.2893200000376
1175.81586000022
1274.355340000237
1424.6196300003185
1325.2009400003758
1522.0228400003773
1290.044180000505
1323.0566700005809
1404.1943900000915
1230.9885500003388
1320.008820000387
1485.137360000988
1278.584180000425
1666.1193000008047
1113.1655399999079
1443.2189200002947
1510.6681600003142
1280.840500000595
1374.4904600003738
1439.9070200003946
1055.7203199999844
1125.6245499999093
1232.985890000262
1282.170120000441
1355.3081600004145
1404.258700000559
1122.3557800000367
1164.6227300001624
1120.7124399999393
1201.606620000236
1109.9590600000795
1393.1906600002924
1325.0818500006299
1382.289410000775
1448.2591200003421
1480.290940000687
1292.6155200002308
1339.4157200002167
1335.5153700005194
1301.588640000741
1400.6896100002748
1247.2431200002318
1262.229000000312
1215.2632900002623
1203.7238900002421
1199.2541800002632
1036.9794999998255
1231.6715300003423
1258.4577000003862
1306.1482200004464
1126.15286000008
1459.9787100003114
1190.5038500001956
1119.4913200001401
1353.2265300003878
1202.9407600002069
1365.6639900005332
1047.4950999998196
1253.109860000234
1171.9115000002357
1032.3134499998857
1405.70120000086
1150.179260000104
1358.8416000002408
1263.070660000431
1296.4137100002745
1248.115140000242
1329.6138200004903
1216.0897900001362
1133.570390000037
1380.1131800003275
1287.1244900003442
1341.9081000002852
1223.6437700002823
1205.2458300003163
1124.7802000000613
1518.9888300005568
1185.6999300002922
1200.4269200003414
1157.2948000001204
1336.952310000177
1227.7501600003338
1467.1303600003166
1212.3843300002557
1316.2722000005326
1548.6613600005405
1382.5406400004672
1199.1125900003121
1400.19123000034
1088.09719999998
1127.89202000002
1380.3573200005721
1149.5321000000708
1176.0486600001252
1322.432670000316
1201.181970000117
1332.7460200004955
1226.071080000196
1445.9887400003386
1056.9064999998723
1301.279560000377
1201.9679200002645
1535.6418600004247
1383.77955000074
1485.2768200003516
1289.6000500004882
1179.6735200002704
1170.3909900000294
1322.0767200004077
1341.6245000002784
1310.1968500002433
1154.3606600002379
1137.2281900000742
1277.1755800004473
1337.3133400005443
1314.1698600003035
1282.610260000421
1198.078960000244
1435.659020000725
1276.6848500004091
1118.0364099999997
1490.9053200003523
1546.630960000291
1188.3852200002634
1325.2976200003748
1340.2237900002804
1184.6844600002978
1333.42916000046
1260.9371100001815
1444.3461300003194
1226.3051200002537
1401.7996900003072
1271.155610000208
1324.7896200002756
1478.2615800005162
1340.4696300005755
1280.5816400004642
1344.6123600007122
1159.5690300000651
1099.926410000032
1421.575240000303
1096.2271199999452
1161.407960000034
1396.0398400005581
1309.8264400005437
1034.840759999906
1379.0730300003945
1239.2046500003366
1311.7529300005644
1178.6008600001828
1229.5695500003835
1216.704400000344
1168.1768600001178
1163.315520000145
1223.9171200003318
1083.2000099999366
1227.6169900002794
1247.6054300002208
1280.034750000409
1040.480259999906
1427.7627200003128
1235.9246000003068
1269.833600000311
1181.0146300002327
1267.8401500002647
1209.9029600001493
1139.8838499999897
1161.38353000008
1156.3802300000575
1510.1550900004631
1426.6546900003668
1188.901020000204
1144.4257000001294
1260.634930000297
1536.8182200004708
1220.5544300002587
1252.9419500004133
1349.529670000288
1163.6633200000638
1216.840250000162
1183.8925200003737
1392.676310000258
1279.3478000005111
1208.5869000003106
1226.2979300003376
1150.4395600002827
1279.7216300004213
1198.6212200003467
1261.5697800003566
1055.5575099999369
1247.0976700002439
1489.1355900001208
1095.6299599999643
1125.5690600001021
1419.9309300008033
1269.5197200002867
1334.542080000285
1392.048920000655
1174.7424600002469
1295.7279900003314
1204.2193400003075
1199.658130000198
1299.8693700002814
1044.8399099999071
1272.4177800004277
1142.44138000007
1125.6839600000324
1071.925170000041
1115.1162200001882
1155.2194500000894
1249.3435600003222
1276.134620000427
1348.9273600003703
1309.5859200004397
1393.531500000387
1158.528490000039
1132.568420000087
1220.8787500003655
1113.4608599998858
1338.9968500005943
1421.5294800006977
1332.2060400006865
1419.677700000422
1168.729530000252
1432.1463400009004
1155.8168800002666
1300.2171000002688
1231.9723400002376
1323.6687600005246
1291.5009400003405
1500.998310000373
1348.466930000578
1295.8351500004574
1310.9343800005145
1375.670280000374
1216.1902400001613
1095.0260199999711
1303.1345600005166
1330.2525000006374
1255.8158000003768
1135.101720000024
1194.195720000312
1508.1567800000778
1287.9267700002313
1207.7479700001145
1267.433190000251
1424.8769800002294
1296.5416300002162
1413.7754100003638
1519.9071900001354
1209.0134900002133
1308.928100000287
1349.2150200005476
1130.9466700002574
1098.8895199999577
1430.472340000838
1245.1750000005056
1207.7344400001152
1419.5089000003363
1211.7458300001967
1152.981220000074
1422.5467600004536
1338.3336000005731
1349.2623900003105
1225.646170000297
1243.2102700002536
1211.4654200002312
1195.8160700002234
1463.9861400002087
1263.4023400002804
1217.7955800001982
1248.269600000352
1154.1480000001347
1166.7014600001203
1507.7513600008458
1153.638420000141
1341.2200300006557
1318.2323300004527
1204.6440100002283
1306.7150300004002
1160.0002799999077
1358.160410000518
1338.7041300002886
1111.7933099998797
1168.5712000002177
1159.8273200001133
1410.7341000004155
1303.05305000031
1303.9806000003475
1299.3417600005052
1588.926060000442
1279.6783500002339
1155.589500000025
1373.7119300006843
1358.0230800003444
1198.6791600001307
1174.4328000001863
1393.0594200007035
1427.8951100004
1178.011000000306
1273.1135200004899
1464.7574300004019
1419.9419100003743
1346.1707000004892
1510.1980300007845
1252.2742900001845
1239.9732300003327
1335.0329600003367
1297.8851700002526
1131.9386600000291
1135.9186400002493
1217.5227500002181
1197.0993300001892
1154.1788200001502
1352.6025000005227
1426.943220000825
1140.7267900001386
1202.3910900001674
1503.0462100001587
1331.4260000005438
1510.2679900002577
1299.0257100004744
1502.690430000478
1349.6332600002715
1203.5362200001714
1117.831589999914
1297.6347300002726
1256.0024800003268
1131.7351600001014
1385.4035200007006
1188.6430600001404
1238.486470000291
1287.8504800004052
1332.085320000409
1270.078090000314
1149.9185600000903
1360.4555000003102
1201.4526300002126
1348.5332200006096
1331.6322100002833
1250.5057800002946
1309.8715000002667
1374.0534800005369
1383.5336800002553
1110.5779100001735
1449.807570000261
1276.3849500003278
1255.7756000002782
1129.3544900000118
1097.2043100001395
1465.3489200004362
1188.403380000182
1406.7959400003197
1259.5967200003859
1506.535400000883
1189.3803600001388
1391.0281600004198
1115.1962200001162
1231.9269200003082
1207.1897900002125
1292.3267500004426
1422.6188000009352
1178.78369000024
1386.3898200007304
1357.1829100002599
1150.26769000012
1380.7224000004376
1115.9395600000435
1431.3961400002613
1382.6782200005296
1344.8133400003323
1550.4054600005218
1288.2350000004603
1149.960620000057
1123.4420200000773
1248.7526600002816
1178.355790000248
1241.7679700001802
1312.8270400003819
1330.782590000316
1532.791460000411
1376.30720000029
1306.0911700002675
1530.2142400004739
1363.910990000279
1034.7418099999343
1270.282530000344
1290.5312200004084
1155.1218800001482
1195.9874500002065
1470.437620000428
1238.9800000004032
1379.0033900003068
1439.6569900002817
1491.6976800000941
1221.9796700002269
1528.3644300003734
1261.8825200003357
1420.038850000353
1177.7460200001847
1454.2607200007471
1474.3901100002788
1251.2091800004362
1326.6872000005521
1433.1397100003517
1321.5358300003218
1194.192410000318
1272.34916000026
1499.58132000036
1298.6308200002366
1313.1121000005307
1347.4708800003125
1274.7460200002233
1274.787830000313
1328.9312400002134
1274.352700000294
1361.055110000509
1470.9518400008874
1066.4299100000671
1318.7063800003061
1136.2052900000742
1233.4994600003793
1285.8132600003773
1342.9244700002932
1264.1254200002616
1231.639280000431
1510.8344300003937
1086.4613899999295
1257.6630800002188
1465.5381000003842
1496.2798600000183
1244.8803200002517
1393.8690000002198
1404.9155200004252
1115.3276000000662
1528.220540000465
1418.8694400002234
1174.8897500002363
1281.1369000002826
1160.336760000194
1211.8139200001506
1352.5285800005595
1466.1955600006957
1293.382240000215
1437.9064200008058
1201.7268000002548
1223.1047600001498
1378.6974000005432
1036.3632999998108
1205.0200800003431
1093.3238599999452
1388.4469300006242
1210.7804000003784
1350.1376000006776
1326.0877500002496
1430.4202100004986
1168.8977200000581
1103.2891500001838
1313.277820000348
1289.8232200002697
1195.1894500002059
1142.933320000246
1282.3278200003413
1193.7937800001807
1237.002100000333
1149.1199200000858
1236.9283800004157
1142.9370900001597
1384.5642100006758
1219.0864500002638
1413.4436100004625
1115.9816200001278
1100.6273600000652
1356.204900000382
1383.411060000535
1338.561690000407
1432.2979300006832
1266.6693800003131
1485.8663800000127
1166.4020200001962
1375.2465100003578
1279.7828200003619
1268.686550000486
1209.540860000349
1438.746920000802
1238.4470000003978
1185.7350000002784
1213.849450000257
1086.9446200000152
1266.5130000002591
1189.2350600002992
1284.364980000513
1485.0467700003105
1235.4802300003462
1495.2858300007838
1299.695500000425
1129.1874100000393
1558.7379600005186
1115.3166900000217
1229.2791200004658
1305.3316800003245
1223.468720000132
1294.7768700002716
1208.9979000002902
1511.8095600008714
1306.1109000005317
1289.761310000259
1099.342800000015
1398.9807300006632
1251.5135600003025
1211.3214200003636
1404.0748500004245
1291.2463000003843
1330.5446000004586
1438.1633300002604
1196.889090000153
1306.870520000693
1341.0309700003772
1394.3961000003374
1360.9841200007086
1294.6943800003482
1378.0197400002428
1099.3342199999693
1279.3608300002934
1237.8181900002592
1220.710000000194
1431.1674100003129
1249.8836300002886
1339.8907800003549
1388.5484000005238
1256.3310800004529
1182.7758200001874
1351.0010500002845
1313.8682000001324
1279.6180000004358
1399.3228200003743
1241.847960000331
1286.2996800004994
1308.5575200003157
1240.9154000002845
1333.941490000305
1367.3220200001676
1250.3904800002956
1489.6008400004011
1153.1266200000575
1265.55145000024
1303.5237200004615
1137.359330000112
1336.4075400002666
1175.1845600001666
1161.7676300002413
1311.9578000005326
1125.3980100000838
1434.2008400007885
1301.0841700006015
1412.1620000005635
1372.6892000006776
1306.4907800005124
1353.6721700003461
1247.9589900002925
1350.4700200006669
1389.4622200004324
1596.5877700003878
1400.327790000824
1237.9168800002453
1169.661200000124
1349.1486900003354
1246.882000000486
1215.444920000359
1363.3651400002218
1182.2792600001005
1368.0523100008081
1288.3695300004056
1157.497420000068
1284.2104600004886
1267.2195300002727
1357.684500000552
1309.904530000559
1196.8184500001935
1308.6091700003158
1409.452540000441
1358.064200000327
1168.172600000111
1426.2131400004168
1215.4119300002462
1478.071570001061
1501.6230300002694
1412.4520700003966
1532.7463500005479
1365.2403400004052
1385.443840000614
1242.1650800003724
1391.3503300002799
1390.5942800004227
1254.8280500003657
1129.3135900000177
1346.4799400003144
1189.183290000209
1271.3029300004305
1260.6202000003523
1401.6014000007667
1422.4427000003093
1181.770710000248
1209.9072900001995
