13737.600000032446
13347.600000031027
13175.700000030401
5498.9000000024735
4151.799999997573
13241.700000030642
4195.799999997733
12804.700000029052
3996.7999999974604
3827.699999997614
5404.800000002131
13282.60000003079
9825.700000018214
10514.70000002072
12962.700000029627
13100.700000030129
13484.600000031525
5390.80000000208
6240.700000005172
7808.7000000108765
8863.700000014715
6861.800000007432
4853.800000000127
13201.700000030496
5896.800000003921
7815.600000010902
12784.700000028979
3953.7999999974995
10438.600000020444
7966.600000011451
12803.700000029048
5865.800000003808
13115.600000030183
9652.700000017585
10792.800000021733
4516.799999998901
13197.600000030481
8345.80000001283
5530.700000002589
9282.600000016238
12874.700000029306
3406.799999997997
13593.700000031922
13515.600000031638
9348.700000016479
12738.800000028812
12091.600000026458
9502.600000017039
5481.800000002411
13078.600000030048
10525.70000002076
13401.600000031223
8003.700000011586
4975.80000000057
11426.700000024039
6495.8000000061
13216.70000003055
6276.800000005303
5076.800000000938
8071.700000011833
13221.600000030568
13194.70000003047
3412.6999999979917
3488.7999999979224
13128.70000003023
7106.700000008323
10232.600000019695
9494.70000001701
4232.799999997867
12908.70000002943
12822.700000029117
7655.70000001032
13015.70000002982
13185.700000030438
13126.700000030223
11064.700000022722
13267.700000030736
13673.700000032213
12836.700000029168
13350.700000031038
6008.8000000043285
6089.700000004623
6511.800000006158
13240.700000030638
9086.700000015526
8829.70000001459
9822.700000018203
13139.60000003027
10540.700000020815
5922.800000004016
11672.600000024933
12965.700000029638
6263.700000005256
6111.700000004703
5385.800000002062
13065.700000030001
13132.700000030245
9257.700000016148
13468.600000031467
8384.800000012972
12815.700000029092
13138.700000030267
4563.799999999072
5513.800000002528
13296.600000030841
13066.700000030005
13279.60000003078
13603.600000031958
13010.700000029801
3901.799999997547
5578.800000002764
13000.700000029765
13195.700000030474
4061.7999999974013
12938.70000002954
13726.700000032406
12026.700000026221
13118.700000030194
13005.700000029783
13099.700000030125
12920.800000029474
12851.700000029223
13133.700000030249
13028.700000029867
8393.700000013005
13190.700000030456
13658.600000032158
13209.600000030525
7596.700000010105
6037.800000004434
7424.7000000094795
13522.700000031664
6471.7000000060125
7432.700000009509
13062.70000002999
4947.800000000469
4464.799999998711
13015.600000029819
10775.60000002167
12045.70000002629
13397.70000003121
5315.800000001807
11824.700000025487
12759.800000028888
12817.8000000291
13337.60000003099
13359.70000003107
7862.600000011073
4527.799999998941
13108.700000030158
8828.700000014587
10938.700000022263
13357.700000031064
11419.700000024013
8049.700000011753
6214.7000000050775
12697.600000028662
13104.700000030143
11290.600000023544
12929.700000029507
8912.700000014893
5409.700000002149
12994.700000029743
13320.700000030929
12976.700000029678
12799.700000029034
13378.70000003114
6350.800000005573
7004.800000007952
6794.800000007188
4425.89999999857
13073.70000003003
8154.700000012135
8508.600000013423
3598.8999999978223
7913.700000011258
5938.800000004074
13040.70000002991
13124.700000030216
4538.799999998981
8163.700000012168
13092.7000000301
8707.600000014147
4928.800000000399
12908.70000002943
5429.800000002222
12694.600000028651
8336.600000012797
4062.8999999974003
12877.700000029317
4683.799999999508
7641.800000010269
7184.800000008607
5088.8000000009815
3922.699999997528
5111.800000001065
8858.600000014696
13323.60000003094
11493.800000024283
13041.700000029914
13207.700000030518
3922.7999999975277
10972.700000022387
5713.900000003256
6339.700000005532
8689.700000014082
13488.70000003154
5100.700000001025
6449.700000005932
8760.60000001434
8426.700000013125
13365.700000031093
9796.700000018109
13124.700000030216
6379.800000005678
12915.700000029456
5208.800000001418
3684.799999997744
13130.700000030238
5154.800000001222
8442.700000013183
13412.700000031264
8776.600000014398
10329.700000020048
13423.600000031303
9034.600000015336
3977.7999999974777
4212.799999997795
5902.7000000039425
7687.700000010436
12573.800000028212
7050.800000008119
5303.800000001764
6333.800000005511
6705.800000006864
13780.600000032602
5500.80000000248
6579.800000006406
13046.700000029932
8484.700000013336
8125.70000001203
4633.799999999326
13554.60000003178
4263.79999999798
13435.600000031347
11782.700000025334
12712.700000028717
5963.800000004165
5149.800000001203
5555.900000002681
14998.600000037033
12783.700000028975
13395.700000031202
6042.800000004452
13412.600000031263
12990.700000029728
9565.700000017268
12709.700000028706
10747.700000021568
6631.800000006595
13275.700000030765
13270.600000030747
7909.6000000112435
12872.7000000293
7936.8000000113425
10413.700000020353
4430.799999998588
7243.700000008821
4351.6999999983
7100.800000008301
3918.8999999975313
4443.799999998635
6335.800000005518
13364.700000031089
13219.700000030562
8658.700000013969
9641.700000017545
13281.700000030787
4061.7999999974013
8081.600000011869
7551.7000000099415
4892.700000000268
4529.799999998948
5500.80000000248
5479.800000002404
9551.600000017217
4601.6999999992095
4684.799999999512
4646.899999999374
12936.700000029532
5189.800000001349
12846.700000029205
7292.600000008999
10332.600000020058
13031.700000029878
7882.700000011146
6135.8000000047905
5485.800000002426
13236.600000030623
8122.700000012019
12744.700000028834
13351.700000031042
13224.70000003058
5469.800000002368
12761.700000028895
12831.70000002915
5334.700000001876
9082.700000015511
7613.700000010167
5800.700000003571
9061.700000015435
6584.800000006424
9193.800000015915
13145.700000030292
5035.700000000788
12919.70000002947
8128.700000012041
6668.8000000067295
10990.700000022453
13162.700000030354
9944.800000018648
4831.800000000047
7091.700000008268
12863.700000029266
12928.800000029503
6488.800000006075
13499.60000003158
2854.799999998499
7500.700000009756
12844.700000029197
13019.700000029834
5588.8000000028005
9218.600000016006
3855.7999999975887
4323.7999999981985
5395.800000002098
13560.600000031802
10701.700000021401
13255.700000030693
8306.600000012688
13014.700000029816
13539.600000031725
5888.800000003892
13851.60000003286
9516.70000001709
13126.700000030223
8639.7000000139
12821.700000029114
4645.79999999937
4947.800000000469
5166.900000001266
9874.700000018393
4571.799999999101
6285.700000005336
9818.80000001819
12828.70000002914
9572.700000017294
7641.600000010269
8184.600000012244
13372.700000031118
5664.800000003077
4263.79999999798
12761.700000028895
13324.600000030943
9396.600000016653
10448.70000002048
6212.800000005071
5714.800000003259
13224.60000003058
13067.600000030008
8525.600000013485
12802.700000029045
13185.700000030438
11536.600000024438
13236.600000030623
12826.700000029132
13577.700000031864
5951.9000000041215
6761.800000007068
12791.700000029005
4962.9000000005235
4321.799999998191
13331.700000030969
11000.700000022489
5383.800000002055
12074.600000026396
11988.700000026083
10416.700000020364
5454.700000002313
13704.700000032326
4998.700000000654
11099.600000022849
3926.899999997524
7357.700000009236
13384.600000031161
13682.600000032246
7045.700000008101
7130.70000000841
12912.700000029445
13570.600000031838
12940.700000029547
13685.600000032257
8136.70000001207
9673.700000017661
13223.700000030576
9503.700000017043
5216.700000001447
6774.700000007115
8942.700000015002
11981.700000026058
3665.7999999977615
13286.600000030805
13545.600000031747
9731.700000017872
13049.700000029943
13426.600000031314
4681.899999999501
4908.800000000327
12930.70000002951
11076.700000022765
13268.70000003074
13135.700000030256
5515.800000002535
5625.800000002935
4068.799999997395
4857.800000000141
5985.800000004245
13532.7000000317
11050.70000002267
10694.700000021376
13483.600000031522
7866.600000011087
12973.600000029666
13166.600000030368
9932.600000018603
9632.700000017512
13342.600000031009
6210.800000005063
7776.70000001076
12845.700000029201
9953.70000001868
6074.800000004569
2982.7999999983826
10301.700000019946
7313.700000009076
6942.700000007726
6056.800000004503
13592.700000031919
5957.800000004143
8004.80000001159
13258.700000030703
5102.8000000010325
11378.700000023864
3381.8999999980197
6819.800000007279
5503.800000002491
4061.899999997401
9095.700000015559
6076.800000004576
13319.700000030925
12688.70000002863
12886.70000002935
12824.800000029125
5137.700000001159
5150.800000001207
4895.800000000279
13170.700000030383
12847.700000029208
13390.700000031184
4925.8000000003885
9485.700000016977
6753.700000007038
13564.600000031816
8509.700000013427
11455.700000024144
5101.800000001029
13218.700000030558
5488.800000002437
13202.7000000305
7647.700000010291
7235.800000008792
13810.600000032711
5886.700000003884
12775.700000028946
13578.600000031867
4536.799999998973
5412.900000002161
7183.700000008603
5570.800000002735
5215.800000001444
12273.70000002712
4029.6999999974305
8482.600000013328
6587.800000006435
13232.600000030608
3998.8999999974585
12929.700000029507
9465.800000016905
14024.70000003349
6390.700000005718
13493.600000031558
7227.800000008763
12543.800000028103
5179.800000001313
6058.70000000451
13030.600000029874
13061.700000029987
6435.800000005882
6912.700000007617
5649.800000003022
6141.700000004812
12919.70000002947
6557.800000006326
12712.700000028717
10192.600000019549
7828.700000010949
5355.900000001953
13397.600000031209
13540.600000031729
8888.700000014805
6268.700000005274
13083.700000030067
12790.700000029
12052.700000026316
13080.700000030056
13349.600000031034
6458.800000005966
13271.70000003075
13030.800000029874
13132.700000030245
13271.60000003075
6506.80000000614
6283.700000005329
11317.700000023642
6393.800000005729
6286.80000000534
13656.600000032151
4341.799999998264
4548.799999999017
7762.600000010709
7193.600000008639
3454.8999999979533
13349.700000031035
13001.700000029768
8703.700000014132
6891.70000000754
8227.7000000124
8342.70000001282
9055.700000015413
7290.700000008992
5682.8000000031425
4776.899999999847
12924.700000029488
7206.700000008686
8715.700000014176
5800.900000003572
13148.600000030303
5314.700000001803
5747.700000003379
6105.800000004681
12905.70000002942
5173.800000001291
3431.7999999979743
4605.799999999224
5013.800000000709
13342.700000031009
13479.700000031507
5232.800000001505
5509.800000002513
6253.80000000522
13549.600000031762
10560.700000020888
10117.700000019277
12995.700000029747
5401.80000000212
6800.80000000721
12650.700000028492
13397.600000031209
8953.700000015042
10348.700000020117
7124.700000008388
6910.80000000761
13020.700000029838
9020.700000015286
6250.7000000052085
4004.799999997453
5447.800000002288
13167.700000030372
5281.800000001684
5109.800000001058
8361.600000012888
13085.700000030074
13291.600000030823
8524.60000001348
6871.800000007468
13135.700000030256
5821.800000003648
5593.800000002819
13427.700000031318
5220.900000001462
8652.700000013947
5049.80000000084
4585.799999999152
4908.900000000327
8429.800000013136
4353.799999998308
12918.700000029467
5212.700000001432
13315.70000003091
6882.800000007508
13168.600000030376
6063.800000004529
6836.800000007341
8773.700000014387
4176.899999997664
11431.700000024057
9915.700000018542
10495.600000020651
12673.700000028575
12809.70000002907
8789.600000014445
12712.700000028717
4204.699999997765
12814.700000029088
8142.700000012092
13113.700000030176
13410.600000031256
11287.700000023533
6028.800000004401
11751.700000025221
13090.700000030092
7171.700000008559
5769.900000003459
8308.700000012695
10989.700000022449
7181.800000008596
5954.800000004132
11905.800000025782
13516.700000031642
12955.700000029601
4754.799999999766
13157.700000030336
13398.600000031212
13046.700000029932
12742.700000028826
13478.700000031504
7809.70000001088
13123.600000030212
5844.7000000037315
8128.800000012041
3644.7999999977806
9047.600000015384
6274.800000005296
3662.799999997764
13424.600000031307
7690.700000010447
5666.800000003084
13059.70000002998
11145.600000023016
13187.600000030445
9137.600000015711
12745.700000028837
12808.700000029066
6865.900000007447
13324.700000030944
13087.700000030081
4290.699999998078
11331.700000023693
6750.800000007028
5491.800000002448
11049.600000022667
6116.800000004721
9056.700000015417
6855.7000000074095
5828.800000003674
12994.700000029743
3522.7999999978915
13172.70000003039
13181.700000030423
3463.799999997945
7263.700000008894
5401.80000000212
13612.700000031991
8844.700000014645
12918.700000029467
8005.700000011593
13907.600000033064
5487.800000002433
3705.799999997725
6396.80000000574
13196.600000030478
6406.800000005776
5494.800000002459
9676.600000017672
13424.700000031307
7984.700000011517
8716.70000001418
13411.60000003126
13621.800000032024
5828.700000003673
10378.600000020226
6646.8000000066495
7345.700000009192
13181.700000030423
12983.700000029703
3854.7999999975896
12668.800000028557
6592.800000006453
7339.70000000917
8855.700000014685
12914.700000029452
9488.600000016988
6069.80000000455
5362.800000001978
13495.700000031566
8966.600000015089
13466.70000003146
9652.600000017585
13808.800000032705
13540.70000003173
5815.800000003626
3866.7999999975787
13076.700000030041
5635.8000000029715
4778.799999999854
8252.600000012491
5170.80000000128
6658.700000006693
12046.700000026294
5253.700000001581
12999.700000029761
5038.8000000008
13583.800000031886
6905.800000007592
8028.6000000116765
12991.700000029732
7374.700000009298
13050.600000029946
6386.700000005703
13379.700000031144
12544.800000028106
13352.700000031045
13139.70000003027
13306.700000030878
4406.7999999985
7542.800000009909
13290.60000003082
7273.60000000893
13266.600000030732
12464.700000027815
10457.700000020513
8152.700000012128
13366.700000031096
5970.900000004191
12456.700000027786
5769.800000003459
6282.800000005325
8342.70000001282
12619.700000028379
11475.700000024217
13239.600000030634
4521.799999998919
13199.600000030488
4753.799999999763
13378.60000003114
4708.699999999599
13160.700000030347
13752.6000000325
6633.700000006602
4845.8000000000975
4310.799999998151
12908.70000002943
12701.700000028677
5318.700000001818
13054.700000029961
13091.600000030096
13661.60000003217
13392.700000031191
13022.700000029845
13657.600000032155
13511.700000031624
4340.79999999826
7877.7000000111275
6297.7000000053795
7836.700000010978
11855.7000000256
13333.600000030976
4920.80000000037
13379.700000031144
13343.600000031012
13272.700000030754
4802.799999999941
13709.600000032344
7297.600000009017
13325.700000030947
7588.700000010076
8424.600000013117
13797.800000032665
11545.700000024472
11050.60000002267
13394.600000031198
13053.700000029958
11551.800000024494
4165.799999997624
13726.800000032406
13078.700000030049
6496.700000006103
13166.700000030369
12999.700000029761
4993.800000000636
13047.700000029936
12944.700000029561
12301.600000027222
10285.600000019887
9130.800000015686
13125.70000003022
4285.79999999806
10208.700000019608
5174.800000001294
13134.700000030252
10103.700000019226
7000.700000007937
13509.600000031616
4094.7999999973713
4673.699999999471
13478.600000031503
13198.700000030485
4077.699999997387
13162.700000030354
13253.600000030685
4448.799999998653
13645.600000032111
13185.700000030438
12767.700000028917
13012.700000029809
5467.80000000236
6339.800000005533
8933.70000001497
11672.600000024933
12968.700000029648
9700.60000001776
12830.700000029146
4280.799999998042
6642.700000006635
2882.6999999984737
5832.800000003688
3985.8999999974703
8281.600000012597
7221.700000008741
9926.700000018582
13151.700000030314
13455.60000003142
4386.799999998428
12506.800000027968
13037.7000000299
12956.700000029605
7173.700000008566
11409.700000023977
4420.699999998551
5510.800000002517
11753.700000025228
3484.799999997926
6466.800000005995
9851.700000018309
10205.600000019596
12880.700000029328
13273.600000030758
6771.700000007104
6544.800000006278
12991.700000029732
12584.700000028251
13013.700000029812
7675.600000010392
7914.700000011262
13234.700000030616
9635.700000017523
12979.700000029688
6720.700000006918
9129.700000015682
12824.700000029125
8596.600000013743
7646.700000010287
11959.700000025978
8411.70000001307
5320.8000000018255
4501.699999998846
6346.800000005558
9788.70000001808
13692.600000032282
6069.80000000455
10834.600000021885
6237.700000005161
4271.799999998009
13938.700000033177
6707.700000006871
12694.800000028652
13233.700000030613
5583.800000002782
13213.70000003054
10303.700000019953
8421.600000013106
6852.800000007399
7123.600000008384
6469.800000006006
6529.7000000062235
7652.700000010309
10446.700000020473
13290.70000003082
5319.7000000018215
13343.700000031013
13410.600000031256
8736.700000014253
8398.700000013023
13240.700000030638
13307.700000030882
11165.600000023089
7084.800000008243
13446.700000031387
4171.7999999976455
13346.700000031024
12938.70000002954
12831.70000002915
13537.600000031718
7342.700000009181
13376.600000031132
12527.700000028044
10090.700000019178
4502.79999999885
13096.700000030114
13016.700000029823
6949.700000007751
13591.700000031915
13046.700000029932
10209.700000019611
12915.700000029456
5505.800000002499
13201.600000030496
13277.700000030773
6400.800000005755
13668.600000032195
5481.800000002411
12997.700000029754
11523.600000024391
4163.799999997616
13126.700000030223
4836.800000000065
7188.700000008621
9075.600000015485
7077.8000000082175
10200.600000019578
8950.700000015031
11989.600000026086
9741.600000017908
6436.8000000058855
13099.600000030125
12882.700000029336
7496.700000009741
13264.600000030725
13881.60000003297
9375.800000016578
6752.800000007035
6973.700000007839
13236.700000030623
9441.700000016817
5775.800000003481
13189.700000030452
4503.799999998853
9904.600000018501
7717.700000010545
6043.800000004456
9494.70000001701
13068.700000030012
7071.700000008195
8779.600000014409
6110.8000000046995
13287.700000030809
13342.700000031009
13368.600000031103
7074.700000008206
12552.600000028135
8918.700000014915
9447.70000001684
13627.800000032046
13317.700000030918
13907.600000033064
13265.700000030729
7888.600000011167
5434.80000000224
12901.700000029405
13151.600000030314
12908.70000002943
4446.799999998646
13293.70000003083
10488.700000020626
11154.70000002305
7267.700000008908
8992.600000015183
12727.700000028772
11985.700000026072
12800.700000029037
