12133.40000002661
11880.40000002569
11911.400000025802
4528.499999998943
3165.4999999982165
11958.400000025973
3154.4999999982265
11529.400000024412
2863.499999998491
2650.499999998685
4291.499999998081
11976.400000026038
8759.400000014335
9326.400000016398
11786.400000025347
11935.40000002589
12100.40000002649
4399.499999998474
5048.500000000835
6517.400000006179
7610.400000010155
5690.5000000031705
3785.4999999976526
11866.400000025638
4645.499999999369
6326.400000005484
11773.4000000253
2858.4999999984957
9017.400000015274
6590.400000006444
11715.400000025089
4602.499999999212
11969.400000026013
8499.40000001339
8969.400000015099
3482.499999997928
11985.400000026071
7493.50000000973
4311.499999998154
7799.400000010843
11798.40000002539
2504.4999999988177
12051.400000026311
11960.40000002598
8348.40000001284
11649.50000002485
10930.400000022233
8179.400000012225
4505.4999999988595
11990.40000002609
9146.400000015743
11929.400000025867
6846.400000007376
3550.4999999978663
10239.40000001972
5324.500000001839
11810.400000025435
5063.5000000008895
3680.499999997748
6769.4000000070955
11918.400000025827
11889.400000025722
2276.399999999025
2418.499999998896
11933.400000025882
6023.400000004382
8916.400000014906
8356.400000012869
3040.49999999833
11842.400000025551
11762.40000002526
6464.400000005986
11823.400000025482
11763.400000025264
11847.40000002557
9295.400000016285
12025.400000026217
11973.400000026028
11756.400000025238
11956.400000025966
4855.500000000133
4850.500000000115
5496.500000002465
11941.400000025911
7593.400000010093
7663.400000010348
8473.400000013295
11938.4000000259
9492.400000017002
4645.499999999369
10091.40000001918
11850.40000002558
4819.500000000002
4862.500000000158
4410.499999998514
11891.40000002573
11894.40000002574
8187.400000012254
12046.400000026293
7472.500000009653
11753.400000025227
11765.40000002527
3573.4999999978454
4609.499999999238
11940.400000025908
11888.400000025718
11964.400000025995
12123.400000026573
11833.400000025518
2615.4999999987167
4570.499999999096
11865.400000025635
11885.400000025707
2976.4999999983884
11781.400000025329
12056.40000002633
11058.400000022699
11890.400000025726
11786.400000025347
11893.400000025737
11761.400000025256
11761.400000025256
11862.400000025624
11906.400000025784
7156.400000008503
11993.4000000261
12160.300000026707
11974.400000026031
6602.400000006488
5118.50000000109
6428.400000005855
11908.400000025791
5068.500000000908
5873.400000003836
11825.40000002549
3844.499999997599
3394.499999998008
11901.400000025766
9710.400000017795
11017.40000002255
11609.400000024703
4331.4999999982265
10787.400000021713
11722.500000025115
11747.400000025205
12040.400000026271
11941.400000025911
6478.400000006037
3415.499999997989
11872.40000002566
7683.400000010421
9630.400000017504
11982.40000002606
10016.400000018908
6793.400000007183
4934.50000000042
11358.40000002379
11869.40000002565
9753.30000001795
11764.400000025267
7006.400000007958
4228.499999997852
11877.400000025678
12058.400000026337
11827.400000025496
11789.400000025358
11933.400000025882
4982.500000000595
5714.500000003258
5330.500000001861
3548.499999997868
11820.400000025471
6855.400000007408
7263.400000008893
2621.4999999987112
6835.400000007336
4603.499999999216
11868.400000025646
11743.40000002519
3460.499999997948
7093.400000008274
11902.40000002577
7260.400000008882
3663.4999999977636
11827.400000025496
4480.4999999987685
11354.400000023776
6804.400000007223
3078.4999999982956
11723.400000025118
3656.49999999777
5961.500000004156
5799.500000003567
4069.4999999973943
2788.4999999985594
3824.499999997617
7432.4000000095075
11969.400000026013
10464.500000020538
11861.40000002562
11865.400000025635
2957.4999999984057
10033.40000001897
4003.4999999974543
4965.500000000533
7516.400000009813
12035.400000026253
3765.499999997671
5081.500000000955
7229.400000008769
7113.400000008347
12003.400000026137
8521.40000001347
11855.400000025598
5385.500000002061
11836.40000002553
4248.4999999979245
2598.499999998732
11921.400000025838
4151.499999997572
7302.400000009035
11814.40000002545
7194.400000008642
9274.400000016209
12024.400000026213
7420.400000009464
2853.4999999985002
3198.4999999981865
4423.399999998561
6518.400000006182
11665.500000024907
5867.500000003814
4149.499999997564
5039.500000000802
5716.500000003265
12117.300000026551
4480.4999999987685
5388.500000002072
11951.400000025948
7310.400000009064
6854.400000007405
3462.4999999979464
12037.40000002626
3158.499999998223
12051.400000026311
10616.40000002109
11737.400000025169
4799.499999999929
3828.4999999976135
4555.499999999041
12592.30000002828
11754.40000002523
12032.400000026242
4681.4999999995
12074.300000026395
11850.40000002558
8367.400000012909
11761.400000025256
9710.400000017795
5259.5000000016025
11789.400000025358
11819.400000025467
6422.400000005833
11823.400000025482
7040.500000008082
9324.40000001639
3462.4999999979464
6096.400000004647
3094.499999998281
5442.500000002268
3015.499999998353
3284.4999999981083
5133.500000001144
11995.400000026108
11890.400000025726
7512.4000000097985
8507.400000013418
11953.400000025955
3070.499999998303
6543.400000006273
6410.4000000057895
3324.499999998072
3475.4999999979345
4531.499999998954
4393.499999998452
7969.400000011461
3375.4999999980255
3673.4999999977545
3726.599999997706
11857.400000025606
4276.499999998026
11849.400000025576
6130.400000004771
9125.400000015667
11927.40000002586
6501.4000000061205
5036.500000000791
4393.499999998452
11980.400000026053
7116.400000008358
11777.400000025315
12023.40000002621
12033.400000026246
4163.499999997615
11799.400000025395
11766.400000025274
3965.499999997489
7833.400000010966
6234.400000005149
4527.4999999989395
7741.400000010632
5379.500000002039
8271.40000001256
11928.400000025864
3538.4999999978772
11841.400000025547
6945.400000007736
5361.500000001974
9989.40000001881
11973.400000026028
8934.400000014972
3827.4999999976144
5973.4000000042
11776.40000002531
11845.400000025562
5441.500000002265
11984.400000026068
1986.3999999992889
6416.400000005811
11773.4000000253
11737.400000025169
4610.4999999992415
7991.400000011541
2850.499999998503
2874.499999998481
4397.499999998467
12069.400000026377
9536.400000017162
11920.400000025835
7044.400000008096
11886.400000025711
12010.400000026162
4712.499999999613
12140.400000026635
8358.400000012876
11886.400000025711
7250.400000008845
11799.400000025395
3578.499999997841
3861.4999999975835
4232.499999997866
8795.400000014466
3406.4999999979973
4636.499999999336
8917.40000001491
11759.400000025249
8081.4000000118685
6387.400000005706
6576.400000006393
11916.40000002582
4350.499999998296
3271.49999999812
11733.400000025154
11960.40000002598
8021.40000001165
9197.400000015929
4803.499999999944
4332.49999999823
11923.400000025846
11909.400000025795
7325.400000009118
11797.400000025387
11946.40000002593
10222.400000019657
12003.400000026137
11288.400000023536
11974.400000026031
5085.5000000009695
5554.500000002676
11764.400000025267
4024.499999997435
3270.499999998121
11835.400000025526
9282.400000016238
4145.49999999755
10734.40000002152
10824.400000021848
8587.300000013709
4063.4999999973998
12023.40000002621
3873.4999999975726
9629.4000000175
3062.49999999831
6134.400000004785
12017.400000026188
12027.400000026224
6089.400000004622
5858.400000003781
11874.400000025667
11955.400000025962
11871.400000025656
12065.400000026362
6870.400000007463
8495.400000013375
11845.400000025562
8397.400000013018
3985.4999999974707
5109.4000000010565
7796.400000010832
9926.40000001858
2605.499999998726
11917.400000025824
12089.30000002645
8546.40000001356
11933.400000025882
12107.400000026515
3711.59999999772
3946.499999997506
11809.400000025431
9949.400000018664
11864.400000025631
11972.400000026024
4462.499999998703
4445.499999998641
3083.499999998291
3572.4999999978463
5011.5000000007
11952.400000025951
9798.400000018115
9458.400000016878
12095.400000026471
6434.400000005877
11850.40000002558
11869.40000002565
8618.400000013822
8313.400000012713
11902.40000002577
5057.500000000868
6468.4000000060005
11781.400000025329
8921.400000014924
4886.500000000246
1954.399999999318
9229.400000016045
5987.400000004251
5659.500000003058
5083.500000000962
12014.400000026177
4855.500000000133
6954.4000000077685
11853.400000025591
3893.4999999975544
10012.400000018893
2425.4999999988895
5702.500000003214
4340.499999998259
3173.599999998209
7671.400000010377
5150.500000001206
11875.400000025671
11772.400000025296
11772.400000025296
11762.40000002526
3635.499999997789
4147.499999997557
3912.499999997537
11984.400000026068
11812.400000025442
11839.40000002554
3770.4999999976662
8365.400000012902
5796.400000003556
12015.40000002618
7325.400000009118
10338.40000002008
3955.499999997498
11836.40000002553
4222.49999999783
11941.400000025911
6394.400000005731
5750.500000003389
12205.300000026871
4356.499999998317
11759.400000025249
12028.400000026228
3498.4999999979136
4434.599999998602
5791.500000003538
4452.499999998667
4080.4999999973843
11052.400000022677
2894.499999998463
6989.400000007896
5549.5000000026575
11717.400000025096
3072.499999998301
11864.400000025631
8369.400000012916
12183.400000026792
4726.4999999996635
12020.400000026199
5830.50000000368
11668.500000024918
3996.4999999974607
4779.499999999856
11931.400000025875
11938.4000000259
5447.5000000022865
5876.400000003847
4278.499999998034
4787.399999999885
11811.400000025438
5427.500000002214
11771.400000025293
8675.40000001403
6592.400000006452
4350.499999998296
11923.400000025846
12026.40000002622
7895.400000011192
5153.500000001217
11847.40000002557
11713.400000025082
10898.400000022117
11794.400000025376
11968.40000002601
5320.500000001824
12020.400000026199
11833.400000025518
11919.400000025831
12025.400000026217
4974.500000000566
4939.500000000438
10141.400000019363
5445.500000002279
5331.5000000018645
12025.400000026217
3416.499999997988
3507.4999999979054
6375.400000005662
6118.400000004727
2496.499999998825
11889.400000025722
11796.400000025384
7533.400000009875
5823.400000003654
7012.4000000079795
7212.400000008707
8046.400000011741
6227.400000005124
4629.499999999311
3828.4999999976135
11778.400000025318
6097.400000004651
7470.400000009646
4914.500000000347
11986.400000026075
4123.49999999747
4526.499999998936
5106.500000001046
11845.400000025562
4027.4999999974325
2385.499999998926
3468.499999997941
3953.4999999975
12052.400000026315
12135.400000026617
3914.4999999975353
4393.499999998452
5043.500000000817
12098.400000026482
9557.400000017238
8957.400000015055
11868.400000025646
4291.499999998081
5722.500000003287
11707.40000002506
11889.400000025722
7392.400000009362
9300.400000016303
5928.400000004036
5716.500000003265
11915.400000025817
8067.400000011818
5035.500000000788
2982.499999998383
4304.499999998128
11884.400000025704
4256.499999997954
4133.499999997506
6846.400000007376
11929.400000025867
11919.400000025831
7212.400000008707
5668.5000000030905
11865.400000025635
4465.499999998714
4475.49999999875
11855.400000025598
4356.499999998317
7306.400000009049
3963.4999999974907
3583.4999999978363
3916.5999999975334
7588.500000010075
3270.499999998121
11803.40000002541
3850.4999999975935
11880.40000002569
5429.500000002221
11914.400000025813
5017.500000000722
5804.400000003585
7628.4000000102205
3194.59999999819
10184.40000001952
8592.400000013728
9016.40000001527
11193.40000002319
11766.400000025274
7359.400000009242
11756.400000025238
2913.4999999984457
11776.40000002531
6861.40000000743
11833.400000025518
12062.400000026351
9879.40000001841
4620.499999999278
10596.400000021018
11559.400000024521
6107.400000004687
4884.500000000238
7025.400000008027
9524.400000017118
5809.500000003603
4891.500000000264
10978.400000022408
11995.400000026108
11824.400000025485
3589.499999997831
11803.40000002541
11898.400000025755
11832.400000025515
11150.400000023033
12107.400000026515
6762.40000000707
11905.40000002578
4339.499999998256
7222.4000000087435
2613.4999999987185
7592.40000001009
5085.5000000009695
2450.4999999988668
12036.400000026257
6609.400000006513
4642.499999999358
11887.400000025715
9924.400000018573
11950.400000025944
7871.400000011105
11692.400000025005
11777.400000025315
5737.5000000033415
11934.400000025886
11852.400000025587
2995.499999998371
10242.40000001973
5718.500000003272
4426.499999998572
9539.400000017173
5076.500000000937
7769.4000000107335
5598.500000002836
4635.499999999332
11827.400000025496
2510.499999998812
11882.400000025696
11857.400000025606
2557.4999999987695
6162.400000004887
4384.499999998419
11941.400000025911
7812.40000001089
11753.400000025227
6660.400000006699
12061.300000026347
4339.499999998256
2573.499999998755
4796.499999999918
11897.400000025751
5374.500000002021
4348.499999998288
8267.400000012545
11794.400000025376
6760.400000007063
7429.400000009497
12119.300000026558
11858.40000002561
4431.49999999859
8677.400000014037
5446.500000002283
6088.400000004618
11904.400000025777
11841.400000025547
2708.499999998632
11655.500000024871
5386.500000002065
6273.400000005291
7878.40000001113
11811.400000025438
8127.400000012036
4859.500000000147
4218.499999997815
11897.400000025751
7535.400000009882
11948.400000025937
8464.400000013262
12009.400000026159
12009.400000026159
4609.499999999238
2843.4999999985093
11883.4000000257
4416.499999998536
3804.4999999976353
6726.400000006939
4119.499999997455
5341.500000001901
10856.400000021964
3928.3999999975226
11885.400000025707
3974.4999999974807
11914.400000025813
5808.5000000036
6505.400000006135
11843.400000025555
6193.400000005
11914.400000025813
5052.5000000008495
11973.400000026028
11656.500000024875
11914.400000025813
11906.400000025784
11820.400000025471
3379.499999998022
6521.400000006193
11937.400000025897
6148.400000004836
11918.400000025827
11346.400000023747
8625.400000013848
7124.400000008387
11937.400000025897
4900.5000000002965
11359.400000023794
4672.499999999467
4923.50000000038
6796.400000007194
11654.400000024867
10185.400000019523
11910.400000025798
3306.4999999980882
11920.400000025835
3759.4999999976762
11928.400000025864
3119.4999999982583
11872.40000002566
12134.300000026613
5300.500000001752
3727.4999999977053
3118.499999998259
11822.400000025478
11725.400000025125
4092.4999999973734
11809.400000025431
11889.400000025722
12131.300000026602
11892.400000025733
11882.400000025696
12092.30000002646
11911.400000025802
3408.4999999979955
6621.400000006557
5049.400000000838
6820.400000007281
10907.40000002215
11968.40000002601
3323.499999998073
11994.400000026104
11889.400000025722
11936.400000025893
3577.4999999978418
12183.300000026791
6107.400000004687
12086.400000026439
6558.400000006328
6991.400000007903
11965.400000025998
10430.400000020414
9928.400000018588
12003.400000026137
11847.40000002557
10683.400000021335
2908.49999999845
11990.40000002609
11941.400000025911
5116.500000001082
11836.40000002553
11812.400000025442
3634.49999999779
11701.400000025038
11815.400000025453
10837.400000021895
8522.400000013473
8301.50000001267
11938.4000000259
3119.4999999982583
9076.400000015488
3874.4999999975716
11878.400000025682
9023.400000015296
5874.4000000038395
12161.400000026711
3126.499999998252
3427.499999997978
12068.400000026373
11950.400000025944
2923.4999999984366
11839.40000002554
11942.400000025915
3389.4999999980128
12102.400000026497
11923.400000025846
11762.40000002526
11838.400000025536
4310.49999999815
5227.500000001486
7730.400000010592
10056.300000019053
11829.400000025504
8311.400000012705
11743.40000002519
3123.4999999982547
5117.500000001086
1995.3999999992807
4591.499999999172
3034.4999999983356
6968.4000000078195
5984.40000000424
8550.400000013575
11959.400000025977
12066.400000026366
3331.4999999980655
11666.40000002491
11876.400000025675
11834.400000025522
5928.400000004036
10459.40000002052
3138.499999998241
4250.499999997932
10646.4000000212
2386.499999998925
5132.5000000011405
8865.40000001472
8944.400000015008
11767.400000025278
11970.400000026017
5775.400000003479
5572.500000002741
11854.400000025595
11343.400000023736
11912.400000025806
6204.40000000504
6770.400000007099
11904.400000025777
8573.400000013658
11874.400000025667
5428.500000002217
8015.400000011628
11756.400000025238
7133.40000000842
6490.4000000060805
10937.400000022259
7102.400000008307
4287.499999998066
3247.499999998142
5255.500000001588
8535.40000001352
11986.400000026075
4844.500000000093
9182.400000015874
4921.500000000373
3069.499999998304
12126.400000026584
5800.40000000357
11675.500000024944
11923.400000025846
4457.499999998685
11841.400000025547
9328.400000016405
6782.300000007142
5412.500000002159
6006.40000000432
5508.500000002508
5060.500000000879
6476.40000000603
9274.400000016209
12085.400000026435
3938.4999999975134
11802.400000025405
12001.40000002613
7720.400000010555
7054.400000008132
11988.400000026082
11957.40000002597
9875.400000018395
5895.500000003916
11960.40000002598
3123.4999999982547
11898.400000025755
11857.400000025606
11800.400000025398
11881.400000025693
6109.400000004694
11977.400000026042
11148.400000023026
8969.400000015099
3212.4999999981737
11932.400000025878
11811.400000025438
5417.500000002177
12101.400000026493
11894.40000002574
8929.400000014954
11826.400000025493
4325.499999998205
11926.400000025857
11880.40000002569
5210.500000001424
12080.400000026417
4472.499999998739
11834.400000025522
10365.400000020178
2886.4999999984702
11827.400000025496
3544.499999997872
5990.4000000042615
7672.400000010381
5999.400000004294
8856.300000014688
7603.40000001013
10725.400000021487
8412.400000013073
5003.500000000671
11927.40000002586
11837.400000025533
5864.5000000038035
11981.400000026057
12199.40000002685
7643.400000010275
5636.500000002974
5904.400000003949
11875.400000025671
8045.400000011738
4577.499999999121
11968.40000002601
3350.499999998048
8543.40000001355
6533.400000006237
4949.500000000475
8224.400000012389
11859.400000025613
5776.500000003483
7397.40000000938
4950.500000000478
12024.400000026213
11889.400000025722
11997.400000026115
6030.400000004407
11226.40000002331
7696.400000010468
7646.400000010286
11876.400000025675
12039.400000026268
12192.400000026824
11913.40000002581
6500.3000000061165
4197.499999997739
11833.400000025518
11963.400000025991
11800.400000025398
3378.4999999980228
11876.400000025675
9488.400000016987
9991.400000018817
5996.400000004283
7603.40000001013
11464.400000024176
11032.400000022604
11787.40000002535
