6021.625000006419
7415.550000012128
4922.8750000052805
2669.9499999989653
1885.1749999993394
8785.075000014429
2141.8999999991474
4686.575000005106
2176.8499999991154
2176.0999999991163
2455.1249999988627
9193.32500001632
3517.375000002967
4243.1250000029995
7682.075000013121
7417.300000011988
6981.350000010637
2046.399999999388
3044.8999999992234
4621.6250000011905
3512.8750000016366
3088.3999999998964
2361.849999998947
7059.8500000112435
2702.69999999903
3786.1249999999886
5943.600000006961
2279.699999999022
3779.3750000029872
4899.875000001059
6895.400000007554
3438.149999998369
6336.825000008841
4648.850000002557
6526.350000006432
2439.174999998877
10165.55000001945
3749.4750000013782
2846.149999998522
4675.125000001407
4305.850000005768
1765.3999999994899
7401.850000012307
8303.075000012675
3417.8500000026406
5689.400000008787
4207.325000004813
3810.1250000020686
2541.174999999044
4939.350000005309
3838.875000003166
4788.625000005399
3777.8750000011833
3001.6499999983653
4157.375000004095
3903.649999999467
6398.375000006024
2952.6249999992788
2483.399999998837
4784.350000002217
5740.825000007646
9323.325000018562
1893.0499999993738
1873.6249999993915
5881.825000009982
3399.374999999996
3874.6000000027893
3968.575000002168
2124.1749999991634
4813.375000005342
4331.625000005688
3007.3750000008367
5585.625000004553
9324.850000016393
8879.075000016888
4065.375000003053
5059.100000005206
4956.125000005254
6517.375000010111
9421.050000016741
2993.3999999990647
3370.124999998772
3415.3750000005357
5065.875000005308
4252.8750000009795
3976.1250000013447
3949.8750000022883
6048.075000007415
3809.5750000035564
3464.4249999983017
5470.600000004912
6669.100000012272
3095.649999998753
3142.649999998773
2166.8749999992942
6467.325000010256
4727.125000005415
4800.875000002892
5195.100000005164
3051.425000001993
5069.175000005514
4827.650000005244
2485.9499999988348
2318.3499999993796
6382.3500000070235
5767.875000005638
5318.375000005407
7156.075000012166
10024.075000018935
2018.5999999992596
2706.8749999989723
5320.800000007144
5454.375000006525
2081.3499999992023
4692.900000005381
5345.375000005277
4344.400000004862
5072.07500000581
4922.625000005196
7617.07500001018
5438.425000007405
4809.925000005256
5100.85000000545
5036.125000005179
4098.125000002139
5957.850000008184
5523.625000005636
5076.35000000519
3098.925000000945
2708.099999999591
2980.350000000842
5278.625000006432
3543.1249999990027
3882.374999999412
4104.325000005952
2401.3749999989113
2600.6249999987303
5388.62500000565
3862.5750000037688
4247.925000004914
7209.850000008951
2659.9249999987724
6295.1000000083695
4081.650000005875
5798.925000008389
6893.050000012296
6401.850000008477
4035.1249999999586
2631.8749999987017
5553.375000006493
4093.575000002509
4364.400000003201
6794.100000011516
5036.875000003718
3941.1000000003633
3500.8999999988114
4251.350000005296
6962.850000011818
5791.350000006778
6915.60000000971
5199.1000000033655
2785.6499999985617
6296.6000000067215
6266.600000006896
4396.850000005679
7273.625000011505
7177.075000011908
3055.6499999991283
3531.8999999995035
3145.1499999994494
2446.1999999988707
7262.10000001188
5041.125000000808
4120.350000002323
1995.1999999992809
3353.625000000968
2591.6249999991082
6049.825000009118
5565.400000004567
2284.8499999990177
3304.8500000012914
5169.100000005327
3567.6000000012195
2341.599999998966
4427.125000005653
2271.149999999279
8462.075000015217
3567.3500000007275
1818.1749999994418
5158.400000006375
2558.874999998768
3545.149999999778
3196.624999999911
2657.3999999986786
2108.3499999991777
2771.6749999985745
4626.550000003976
7590.825000011369
5399.2250000047725
6245.600000010565
5472.625000005665
1867.649999999397
4908.325000005207
3440.949999997966
2843.6249999992406
3344.4250000017228
7565.6000000117065
2592.874999998737
2726.6249999995607
4080.1250000014065
4975.625000002139
5215.125000005584
4025.3750000022537
7596.825000012663
2811.6499999997923
7663.325000012865
2437.424999998879
1852.5749999994107
5565.100000006408
2266.674999999034
3414.0750000012736
4746.875000005332
3627.125000001054
4502.125000003131
5523.1250000056225
3806.12500000123
2133.8749999991546
1986.124999999288
3601.3999999979524
3815.8750000010155
4169.9250000057455
2812.8250000003636
2457.5999999988603
3185.8999999990383
3540.4250000009133
5878.37500000601
2400.3749999991664
3130.649999999518
4291.100000005905
3739.8750000010696
5193.600000001685
2203.124999999092
5401.350000006176
2019.8749999992583
6022.8500000066
4898.375000003865
6220.350000006798
2881.1749999991
2753.6499999985913
3492.249999998268
9373.525000016569
4544.950000005437
5168.875000005189
3241.3999999985967
5847.100000007282
8117.825000013763
3800.8750000022987
5374.65000000602
5106.625000003811
2704.124999999778
7676.375000011843
7920.825000012924
3818.6000000001095
4877.325000007013
3428.925000001157
4279.92500000297
2097.399999999188
3939.199999999571
2252.8499999990463
3454.399999999288
2182.224999999111
2170.674999999121
2988.224999999332
7283.350000008965
6258.350000006642
4158.875000000994
4992.650000003072
8175.850000014556
2078.399999999205
4593.875000000402
3746.374999999938
2878.149999998478
2365.6499999989232
2930.1749999987296
3168.6249999983243
4643.1250000027485
2475.124999998844
2180.874999999112
2317.4749999989876
4268.10000000581
2188.649999999136
5585.6000000065715
3820.1249999997485
6217.850000005088
6377.600000006913
3685.600000000261
2591.8749999995857
2764.1499999987022
5924.625000004897
4259.450000002085
4284.125000005751
6021.350000007536
5140.600000005839
2919.64999999844
4021.3250000059898
4842.625000005434
2917.6499999984417
3957.875000001541
3071.350000000525
3106.624999998526
4396.625000000995
3240.8999999993625
5417.4500000040625
4658.100000005562
2840.1499999985126
4992.100000005186
3846.125000000582
3820.649999998938
3945.8750000039963
4820.85000000544
3393.15000000333
2465.8999999988528
3180.125000000157
4840.425000005234
4451.950000005534
2959.399999999736
7842.350000012177
1710.8999999995394
3778.8250000017883
4803.375000006082
5729.625000004835
2477.3499999992487
4473.375000002619
2147.6499999991424
2382.8999999989283
3145.949999998391
5527.625000005197
4377.1250000030805
5999.875000007497
3678.850000000887
4821.125000005355
5982.125000005744
3089.6499999991283
8919.57500001538
4142.375000003368
6183.875000005751
3751.625000001044
4995.875000005095
2235.149999999063
3040.9249999983294
2109.424999999177
3310.6000000032327
2427.349999998888
2995.874999998784
3648.95000000305
5633.375000005799
5437.850000003249
4574.374999999487
3799.350000000154
5240.375000004978
2729.3749999986962
1957.8999999993148
4614.625000005415
5146.85000000591
4376.87500000127
3928.0750000031517
3054.1249999988613
2697.699999998704
4414.575000005774
4346.325000005798
4398.125000000977
4194.1250000058
5754.100000006754
5485.850000004861
5100.875000005237
6990.800000011546
5763.10000000767
2207.1750000000343
4312.399999999624
4427.350000005588
2983.2249999983824
1931.8749999993383
6056.875000007265
5862.600000005611
3339.9499999980576
5088.850000004239
6510.650000007969
6101.600000005927
3498.149999997914
5222.850000005321
2184.099999999109
4481.125000003078
1962.9499999992693
3621.8750000008536
4980.87500000534
6941.600000012244
2628.6500000007763
4138.874999999186
4401.575000005726
6894.600000008497
7495.075000011926
7805.850000012997
3745.625000000602
4564.550000004332
8609.325000013789
3240.350000002821
2974.3999999983903
3686.8999999986013
3970.1250000014297
5990.100000006385
1688.39999999956
6022.625000004952
6006.625000005917
5147.125000002541
5210.600000006167
5031.100000005425
1928.1999999993102
2427.3749999988877
4509.875000005574
5308.700000003574
7596.100000011421
6248.075000010707
2492.1249999990496
2720.6249999987895
1850.124999999413
2759.8999999985854
3472.699999998807
5211.10000000687
5294.550000006658
5494.850000006584
5800.075000007297
3334.850000000443
4247.850000005803
5174.125000005027
3945.350000002424
4672.3750000032005
6263.375000006128
2704.124999999472
3118.6000000007275
4848.625000006418
3867.125000002857
3408.6999999990385
1522.6499999997104
4053.575000003063
2824.6000000004706
3391.1249999995816
2778.8999999994826
6988.350000009667
2812.3999999991893
3148.200000001292
4632.375000005519
2501.89999999882
6105.375000006459
1585.6749999996532
3124.124999999864
2988.649999998403
2375.724999998935
5352.850000002816
3734.174999999692
5295.375000005239
5943.35000001029
5544.375000007587
5775.225000004938
2573.124999998755
2167.1249999991246
2261.1249999990387
4841.375000005406
5350.100000006898
5040.375000005116
2989.649999998376
4735.37500000179
2750.8750000003015
7447.825000010715
4204.875000002255
3880.800000004442
2567.3749999987604
7286.850000011622
2861.624999998493
7101.600000011991
2898.6000000008457
3862.8999999992266
5861.075000008775
2928.624999998516
4263.125000005764
5016.375000005276
2253.6499999990456
2717.974999998826
3088.124999999979
3240.149999998364
2837.399999998515
4496.350000004699
2059.0999999992227
3539.1000000009362
3565.374999999952
5154.600000005374
1874.9249999993901
4796.625000005296
3554.9250000024886
4845.375000005644
3701.8999999981406
7807.050000013622
4618.150000001021
4297.925000005634
2511.874999998811
3258.374999998586
4290.100000005854
5074.625000005147
3762.6499999999705
2643.100000000546
2915.8999999984435
3018.874999998838
5600.17500000569
3387.3999999992825
5392.17500000584
3965.350000002479
3849.3750000002324
2403.199999998999
6173.1250000057025
7134.82500001173
3354.400000002166
2544.599999999685
7038.600000009425
4785.375000005545
4379.850000004628
6470.875000008165
4831.100000005437
2765.6749999997082
7126.350000012006
4210.425000005793
4492.875000005693
6975.325000010361
3702.899999998432
3362.6499999990306
6406.850000007479
3240.149999999496
2885.6749999997064
4906.375000005311
2260.5999999990395
2362.624999998947
3580.375000000239
4348.350000001312
2004.4749999992723
7701.8500000115755
4467.625000005581
4192.625000002098
2764.65000000033
3447.625000000959
4540.125000002176
3476.4250000022453
3486.0750000009657
3670.8999999982057
2292.6999999990103
4918.125000006124
3707.3750000000673
5993.850000004275
2398.1999999996574
4776.10000000547
2963.1249999984007
2535.8499999990568
3679.8999999987027
6563.575000010771
2389.0999999989226
1954.3499999993182
2084.6499999991993
2948.149999998414
5083.600000005312
7560.350000010641
2847.6499999985053
2410.3999999990037
2896.1249999992815
7840.0500000138345
4471.625000003048
3763.375000002967
6508.6000000094145
2763.874999998614
3221.849999999829
4659.425000005323
7273.850000009405
3862.0750000015114
4651.87500000259
3506.6250000013083
3316.8999999999055
4318.625000005795
4827.100000004864
3104.3749999991396
2043.1749999992371
2551.0999999987753
7907.825000013561
2413.9249999989047
3235.399999998153
5371.825000004199
4429.325000005731
4883.1250000053205
4288.350000001027
3571.1499999994394
4384.35000000575
3278.4249999983404
2701.149999998897
4861.125000005294
2771.9499999986792
4074.6250000008095
2741.3749999986026
2345.3999999989624
2629.9749999987034
3748.175000002794
2108.8499999991773
4766.625000005306
2761.624999998584
5255.875000005068
3014.6249999996567
5657.600000006121
2606.849999999582
2875.925000000215
4568.875000001542
1980.9499999992938
5053.8750000043365
4002.1000000023714
4335.125000002563
6055.625000005133
4463.100000005545
4245.100000000903
6876.075000011832
2224.1249999990728
6822.600000011977
4696.8750000007385
6803.350000008111
5109.32500000626
5779.650000006974
3319.89999999847
6547.07500000918
4769.625000005013
3008.3250000004505
2641.6999999993823
3560.5750000009702
4944.625000002866
3033.3750000000546
3230.4499999994396
4749.700000004361
8191.82500001227
6961.375000011849
2584.624999998745
5356.675000004834
8647.325000013927
4850.150000005249
5252.350000006772
9920.825000018562
3197.6000000010376
4886.325000005315
2997.1499999983744
4176.20000000219
2052.449999999229
4214.850000003257
3623.174999998643
1968.0749999993056
5231.850000005163
2730.8500000012964
2730.6499999990515
7037.825000011974
4001.6000000038093
6007.8250000089465
3391.325000002128
6216.650000007519
5052.3750000061655
2931.2250000001204
7810.100000011834
4562.5750000055405
2189.599999999104
4493.375000003828
3578.6500000004007
2583.8999999989255
4748.125000002759
3906.1999999996756
4474.350000003611
3494.899999999377
3054.199999998724
4772.850000005361
1767.5999999994879
6733.100000012221
4307.375000005796
1733.349999999519
3788.650000000939
2580.6499999988646
5262.62500000503
4019.125000001458
5806.125000007098
3941.1250000001955
5074.100000005319
3168.6499999982857
2013.924999999264
3429.8999999985103
4712.1000000054955
2985.3749999996144
3129.649999998325
5464.125000003374
7367.600000009686
3815.12500000047
4062.3750000009395
7493.825000012632
5989.350000006096
3372.8749999981555
5545.600000004012
2831.624999999855
3296.875000000175
5590.375000005758
7490.825000012662
2331.1999999989753
6188.425000009134
2955.6249999997026
2926.1000000007343
3669.35000000188
6402.350000010206
4674.325000004377
3367.8999999987386
2288.599999999014
9820.550000018195
3686.850000001423
6936.100000012153
4011.825000002452
5995.100000007053
7331.100000011891
2559.5999999991327
2130.8999999991574
5025.100000006236
3053.1249999984557
2718.399999998623
4307.625000000594
2703.849999998636
3095.0999999994906
4756.875000004192
2584.374999998745
4478.825000005665
2982.449999998383
5132.150000005198
3379.3999999997595
4031.85000000071
6153.350000007448
3254.8250000003363
5543.375000004756
3400.899999999589
4596.1250000056425
3984.4250000058155
7671.600000011886
6895.3250000121225
4978.625000005173
2164.624999999127
4356.175000001458
6376.100000007256
3171.125000000329
5241.62500000502
6571.825000011047
5048.35000000332
3052.875000001549
8036.075000013991
3004.72499999911
3897.325000005606
3335.899999998881
3189.649999998873
4908.350000001828
4768.350000005721
5853.1250000074515
4624.600000005551
2176.8999999991156
6042.325000006926
2271.3999999990297
5657.125000005148
2603.6499999987277
5236.900000004906
5902.62500000651
3374.6249999991837
2794.4749999985534
2085.5749999991986
5020.600000005142
4321.325000005685
2859.3749999984952
5629.37500000665
5263.57500000754
4835.600000005521
5900.875000006135
6335.850000007693
5131.325000006052
6334.600000009517
2575.699999998753
3276.6000000007325
2784.3499999994524
3061.6000000012036
4458.375000004589
6067.825000007336
2467.1499999988514
6676.10000001031
5886.325000007282
7851.075000013936
2462.8499999988553
7325.1000000099875
3693.1000000004756
5917.325000007519
3582.90000000046
4399.100000002543
7396.550000009378
4726.375000003803
4604.125000003278
4771.350000005496
5188.6250000049895
5598.9250000075845
2158.899999999132
8050.575000011757
4393.62500000579
3121.149999999178
7496.825000010818
4275.600000005804
2628.649999998705
5588.625000006198
4983.650000005138
4642.375000004188
6233.325000006056
3382.6750000025863
5379.125000004853
2161.5999999991295
4125.900000002788
2976.874999998388
6074.600000009161
3379.3500000033882
4002.8750000006785
5624.875000004884
2226.8999999990597
2387.0999999989244
5922.125000005574
8508.075000013547
2126.1499999991615
7592.575000010091
6320.375000006515
2244.8999999990538
6931.85000001025
9731.07500001787
4124.125000005841
4395.100000005688
3300.3999999981475
3513.124999999048
4656.3250000031085
5078.125000003526
5644.600000008625
3963.1000000025097
4594.375000005425
2108.624999999178
3606.899999998735
1517.1249999997158
3539.6499999982416
1985.4499999992895
3497.3750000009513
4475.924999999886
4704.375000002093
4536.125000005666
6514.325000009065
2206.8999999990883
5391.400000008174
5853.850000006446
4367.1500000057
2907.100000000359
5186.950000004565
2336.124999998971
3022.8749999983465
4543.375000004282
1896.3999999993707
2959.1249999993242
3517.8500000031463
5502.55000000544
6721.625000010285
8255.07500001452
3137.4249999999374
3737.4249999993854
4810.625000005347
7964.825000013005
4569.625000005601
4567.375000000226
4173.125000001207
7372.075000009609
3693.0750000026414
9436.07500001809
3331.374999999459
5142.125000002403
4521.875000005516
3260.825000001335
3926.625000001556
4144.625000004918
3431.1250000011983
2804.874999998588
2421.8749999988927
3766.149999999713
4640.850000002333
7547.10000001167
2834.1249999991733
6380.575000006233
3473.1249999987353
2174.4499999991176
6006.600000007604
2733.850000000345
6558.9500000084545
4990.625000005992
2810.874999998744
5454.825000007158
4049.6500000031697
4076.8750000002005
3585.649999999092
2826.0750000004637
2489.3750000002287
3603.6249999991633
3668.1250000002824
4956.125000003645
7452.85000001242
2880.6249999984757
5847.600000008047
6674.85000000723
3371.350000001928
3911.625000000725
7456.075000012292
5496.875000005794
4726.100000003933
3286.1499999999432
5736.350000006949
2258.649999999041
4900.375000005314
4686.375000005406
4449.150000005583
7306.3500000102085
2941.3750000004707
4362.325000005887
5947.125000007396
4293.875000002492
2162.8749999991282
5536.075000008355
5437.3750000053515
3542.8999999992234
5030.125000005411
5344.125000005891
4687.87500000214
5850.150000006069
2689.874999998649
6206.075000009281
7071.6000000119275
3483.174999999719
5269.125000005146
2980.4499999987324
5459.125000006278
4064.850000004304
2153.8999999991365
5255.1500000054475
2349.849999998958
3322.100000000024
4306.3500000023705
3620.950000000479
4085.3250000031117
5699.85000000386
4532.32500000425
5122.850000003653
3431.8999999992416
6475.575000010885
4331.625000005678
4337.650000000613
5370.125000005844
8073.350000012206
5654.600000004988
3444.1499999994858
2896.625000000271
5625.12500000606
3851.90000000186
3362.1749999982985
5226.125000005025
2281.374999999021
5779.325000006527
3027.0750000009148
2972.6249999991824
5066.350000003768
4625.850000005503
3813.3999999995776
4172.125000000953
3567.899999998896
4844.600000005392
7342.600000009181
6059.300000009673
3245.8750000001764
5920.625000005037
3174.3500000020977
5047.375000001944
6771.375000010137
5797.875000005867
6411.350000007857
6795.350000007315
3426.350000000484
2696.399999998643
4915.100000005211
5471.825000007254
5274.600000005468
2239.6499999990588
5271.125000005624
4368.125000003827
3821.150000004146
3721.3750000008936
5750.600000004595
5913.125000004718
5041.150000006123
5152.350000007279
