7646.225000010285
8867.900000016216
6197.025000005781
3707.0999999993182
2834.8249999985806
10191.475000019545
3277.299999998228
5962.2250000067315
3382.7499999980187
3538.649999997877
3658.2749999992557
10652.450000021221
4694.27500000334
5502.025000003575
8912.97500001639
8716.700000015351
8460.650000013684
3107.0499999997414
4346.22499999958
5896.025000004609
4810.025000002472
4224.800000000913
3570.4999999987094
8313.72500001464
4043.0999999994656
5356.5000000022665
7035.250000009812
3380.099999998021
5200.175000003764
6265.700000005263
8005.550000011592
4687.550000000235
7676.650000011531
5923.250000005122
8034.525000011698
3508.8249999983827
11477.900000024225
4704.375000001844
4179.2749999989255
6161.2500000050595
5383.00000000618
2780.049999998567
8867.725000016544
9817.200000018183
4480.225000002993
6716.300000010535
5462.675000005217
5159.9250000025495
3637.3249999993627
6201.725000006913
5197.2750000036785
6157.475000006074
4997.250000003097
4403.049999999024
5370.275000004545
5128.050000001309
7723.025000010564
4210.2749999999105
3782.049999998771
6104.500000005741
7104.900000009727
10638.97500002215
3166.6999999982154
2987.024999998379
7054.700000011946
4513.025000001473
5230.700000003882
5158.475000003998
3264.299999998282
5980.275000006189
5507.025000006008
4143.750000001452
6824.525000007543
10610.25000002107
10150.475000020202
5615.02500000434
6491.750000007167
6397.7500000081745
7698.525000011804
10985.200000022433
4141.274999999844
4708.950000000985
4508.025000002161
6310.750000007648
5798.275000004347
5170.5250000022015
5244.025000004179
7328.675000010791
4992.97500000388
4805.57500000071
7037.9250000092
7824.750000014079
4773.22500000012
4644.77499999982
3221.2499999996317
7750.72500001216
5933.775000006604
6041.775000005306
6659.725000007905
4021.350000002314
6118.5750000073
6003.5500000068805
3574.349999998376
3342.749999999667
7849.700000011026
6966.775000008755
6620.675000008865
8655.650000015426
11311.47500002362
3330.2499999980664
3823.774999999304
6526.700000009043
6754.275000008691
3273.7499999981183
5860.5250000066835
6956.525000008237
5398.0500000052025
6337.725000007776
6149.275000007179
8881.47500001478
6611.325000009445
5898.825000006773
6393.500000007401
6221.275000006831
5261.250000004151
7356.500000010188
7130.675000008412
6399.20000000746
4146.825000001303
3742.499999999899
4031.725000001213
6707.750000009144
4988.225000001814
5377.775000002033
5203.950000006556
3533.999999998947
3734.024999998282
6622.750000007466
5015.700000004127
5328.325000005288
8807.47500001451
3730.3249999990894
7390.500000011227
5154.800000006257
6909.32500001011
8239.900000014475
7897.000000011683
5460.750000002988
3860.2749999982852
6900.525000008444
5331.225000004362
5557.050000005071
8228.250000013719
6448.275000006348
5280.750000002654
4861.500000000844
5479.175000005891
8219.750000013853
7379.15000001013
8145.500000012176
6995.225000008338
4094.749999998865
7534.250000009926
7701.250000010485
5627.250000006073
8407.775000014186
8558.225000014947
4369.799999999804
4837.300000000903
4418.775000001806
3476.0999999983087
8501.750000015265
6383.025000005689
5385.475000004329
3057.099999998315
4435.27500000202
3851.2499999999445
7312.725000010983
6838.800000007439
3474.2499999984393
4394.750000002139
6474.750000007529
4971.225000002407
3679.9999999986953
5591.775000006029
3292.0499999996177
9839.675000018902
4958.400000002305
2796.0749999985524
6346.550000008164
3694.7749999987223
5100.275000002675
4445.500000001758
3795.299999998772
3361.2249999980386
4083.0749999985637
5934.625000006117
8996.700000015198
6474.375000006772
7430.5000000125665
6734.500000009337
2895.5499999984618
5940.725000006743
4955.625000000711
4136.475000000917
4419.3000000022985
9127.500000015949
4050.199999998689
3948.7000000004878
5561.700000004455
6331.525000005696
6504.750000008339
5271.025000004228
8856.475000016011
3892.3000000005836
8872.475000015971
3451.824999999221
2981.4749999983837
6884.250000008705
3322.0749999992777
4572.9750000034055
6007.500000006566
5168.425000003119
5638.525000004867
6940.225000008775
5361.750000002226
3342.024999998056
3018.499999998483
5185.950000001335
5081.2750000029355
5162.325000006039
4036.2250000007834
3632.749999999164
4487.0250000008855
4547.325000002572
7437.925000009527
3428.999999999574
4354.05000000064
5492.000000006276
5005.525000002423
6553.75000000631
3408.9999999986067
6858.200000008663
3156.9999999984148
7434.92500001014
6156.2750000056385
7296.000000009535
3975.300000000215
4247.549999998782
4599.649999999694
11888.175000025718
5691.600000005796
6655.025000007135
4606.799999999481
7243.650000009508
9354.72500001696
5015.250000003684
6464.30000000773
6241.775000006777
3960.525000000376
9026.775000015525
9382.450000016874
5429.925000003024
5894.200000008828
4413.575000001607
5331.325000003673
3143.549999998617
5177.600000001856
3530.699999998175
4829.300000002449
3205.37499999818
3361.5749999984337
4216.1249999998345
8707.750000014148
7546.000000010053
5341.775000003354
6243.550000006272
9566.500000018297
3131.274999998248
6134.250000004785
5145.275000001187
4404.499999999001
3442.5499999984577
4001.324999999053
4365.024999999737
6312.45000000598
3820.9249999981953
3358.0249999987104
3277.8749999987403
5373.4750000062595
3180.799999999446
6747.500000008778
5053.250000001301
7583.175000010056
7601.250000010123
5115.500000002402
3779.0249999999774
3938.5499999990934
7303.975000009041
5370.600000003667
5354.025000006059
7477.750000009781
6451.750000007827
4268.799999999104
5032.45000000637
5907.7500000071595
4345.249999999015
5232.525000002486
4363.000000001127
4455.70000000003
5823.775000003655
4525.550000000214
6472.850000006752
5929.750000005991
4389.74999999916
6167.250000006771
5191.025000001939
5211.30000000143
5027.500000004361
6119.250000006281
4423.050000003722
3512.274999999159
4326.525000001162
5961.575000006951
5693.3500000059585
4060.7750000001224
9465.900000016905
2694.299999998645
4902.975000003474
5899.525000007811
6997.525000007925
3553.7499999995607
5742.975000004533
3253.549999998136
3739.299999998021
4235.59999999933
7243.000000009131
5653.27500000382
7247.500000011115
4822.725000003174
6016.775000006096
7455.000000009602
4259.275000001126
10638.17500002117
5323.775000005235
7530.525000009864
5129.025000001948
6111.025000006637
3355.2999999986687
4199.324999998498
3024.824999999562
4347.975000003711
3667.499999998301
4571.200000000597
4663.10000000336
6768.525000008851
7183.750000008602
5955.225000004133
5381.900000003474
6660.02500000726
4053.2749999991925
2967.799999998587
5690.275000005771
6507.950000008001
5908.9250000041175
5194.975000003593
4436.525000000585
3964.59999999933
5673.175000006314
5590.95000000621
5766.950000004053
5302.525000006171
6999.500000009494
6843.200000007364
6433.2500000060845
8247.200000015398
7162.975000010383
3137.0750000003522
5571.800000002739
5547.250000005936
4043.374999999075
3027.024999998599
7373.25000001107
7639.450000010369
4624.849999999807
6390.225000007224
7691.050000011055
7957.9500000114185
4943.525000000453
6646.250000009511
3320.474999999102
5968.500000004802
2882.0999999984742
4851.250000002895
6419.925000006517
8417.700000014986
3555.5500000012153
5391.775000002446
5584.47500000604
8540.200000013538
8701.975000015016
9455.425000017523
5056.775000001531
5808.950000006235
10038.475000018989
4386.000000003254
4348.774999999349
5455.700000002316
5280.02500000297
7848.4500000117
2818.5499999985323
7352.750000009218
7562.92500001002
6433.525000005873
6447.500000008016
6446.450000007691
2827.09999999919
3506.2749999988305
5666.775000006138
6518.350000006593
8982.000000015145
7478.950000012721
3629.5249999994085
3939.024999999252
2928.274999998432
4062.79999999844
4522.350000000012
6536.725000009348
6574.200000008633
6863.750000008573
7252.650000009905
4636.700000002485
5318.95000000635
6424.50000000645
5298.975000003813
6083.525000005668
7585.750000010065
3943.274999999956
4407.7500000012715
5927.025000008136
5011.025000003516
4632.850000000967
2585.7999999987437
5206.225000004633
4048.4750000010717
4778.725000000818
3813.3000000005427
8647.250000013999
3926.549999999641
4261.100000001664
5895.025000006151
3744.5499999988347
7518.025000010246
2581.324999998748
4338.77500000078
4205.050000000004
3333.149999998064
6717.000000006905
4788.825000001509
6695.525000008051
6981.750000011844
6637.025000009329
6957.625000008
3935.1999999996483
3325.27499999927
3378.7749999989314
6155.275000006349
6482.000000008557
6363.275000006567
4267.049999998724
5977.775000004319
3832.775000000631
9054.92500001541
5438.025000004116
5043.450000004875
3662.9999999993524
8650.000000015281
4173.024999999883
8463.500000014052
4144.750000001363
5337.55000000277
7365.150000011618
4373.474999999724
5301.025000006142
6486.950000006958
3358.799999998542
3802.8749999991337
4382.2000000016915
4339.025000000543
4014.2999999990934
5722.750000006508
3289.7249999981036
4943.950000002078
4735.775000001732
6602.175000008163
2874.3249999984814
5973.525000006184
4666.075000002957
6439.775000006984
5370.9750000020085
9299.350000018001
6023.05000000476
5214.075000005969
3674.024999999323
4631.175000001142
5378.425000006399
6340.525000006985
4914.55000000173
3670.2500000009595
4336.299999999194
4470.949999999911
6767.575000007449
4666.550000000444
6483.575000007393
5446.925000003323
5156.275000002022
3443.349999999396
7702.250000010489
8583.6500000154
4396.800000002545
3743.6750000001607
8315.25000001272
5869.025000007328
5550.97500000618
7779.5250000110045
6133.92500000739
3932.550000000205
8493.000000014159
5363.5750000063745
5790.775000006102
8328.700000013861
5399.05000000211
4739.0000000012515
7673.7500000103855
4312.050000000147
3908.8250000002095
6416.500000006609
3386.9999999982942
3520.2749999984085
5021.175000001438
5552.675000004485
3062.12499999831
9119.000000015643
5646.5250000064925
5403.275000003957
3806.275000000812
4666.750000002114
5713.750000005477
4523.57500000262
4605.475000002656
4838.550000000442
3318.0999999988517
6028.5250000078995
4964.025000001835
7307.250000009053
3385.3499999999544
6029.650000007144
4312.44999999929
3797.2249999995197
4810.050000000772
7699.9750000125105
3619.7499999990287
3150.9999999982297
3134.0249999988246
4169.549999998789
6427.250000007385
9126.25000001567
4180.049999999529
3525.774999999496
4128.7500000007085
9323.350000018097
5593.77500000387
4893.750000003491
7730.5000000114815
3944.274999998993
4390.750000001167
5675.32500000566
8658.67500001397
5163.725000003786
5813.2750000038795
4673.500000003438
4433.300000001868
5492.5000000062455
5889.25000000641
4347.00000000074
3147.5749999982327
3869.7499999992715
9257.725000017273
3473.574999999284
4321.299999999876
6953.150000008562
5675.225000006154
6291.5000000060045
5627.925000004566
4834.050000001322
5688.750000006199
4708.075000000302
3839.3000000001493
6287.0250000067645
3762.3499999996275
5447.275000002366
3914.274999998625
3418.0499999985436
3686.124999998667
4621.325000004227
3299.4999999983875
5894.775000006553
4122.474999999424
6753.775000007579
4361.525000000297
6967.700000009111
3749.2499999999227
3893.5750000009075
5794.775000003755
3024.8749999984366
6294.500000007438
5340.500000003842
5737.250000004274
7643.525000010276
5555.500000005949
5673.6500000048945
7945.975000013392
3605.49999999794
7964.750000013617
5986.025000004246
8153.500000012131
6514.425000008534
7171.300000009473
4703.800000000518
7792.975000012487
6072.525000005987
4170.4750000008
3645.600000000136
4954.725000002452
6464.025000005984
4436.275000000569
4342.60000000116
5809.350000005916
9643.225000017552
8088.250000014099
3858.5249999983353
6604.825000007653
10115.70000001927
6062.800000006018
6484.475000009006
11477.225000024224
4334.500000001375
6184.175000007292
4647.224999999573
5177.850000003644
3144.099999998236
5557.425000005753
4980.075000001273
3236.474999998152
6701.925000007717
3865.000000001667
3759.025000000195
8255.225000013766
5271.725000004315
7329.425000010996
4566.950000002673
7297.800000010373
6164.77500000787
4029.9000000005794
9403.000000016676
5799.475000006043
3475.224999998156
5643.525000004786
4694.550000002095
3684.2749999994776
6310.200000005951
5044.850000002698
5814.25000000574
4876.475000000922
4229.6000000004005
5980.750000006268
2910.4999999984484
7960.475000014291
5471.250000006448
2782.249999998565
4950.050000002735
3661.5249999992498
6809.275000007576
5186.525000002331
6984.025000008927
5409.775000002469
6663.150000008223
4395.799999999285
3139.3249999982404
5033.300000001124
6020.7250000065
4143.774999999954
4297.52500000029
6911.700000007613
9017.250000015272
5078.525000002537
5291.250000003725
8907.875000016564
7419.525000009461
4739.250000001085
7263.450000008893
4104.2750000002625
4569.025000001344
6887.275000009272
8689.72500001585
3565.099999997853
7180.825000010634
4217.525000000098
3991.750000001153
4737.500000002349
7593.750000012033
5987.925000006476
4575.5500000008
3475.4749999993746
11464.700000024177
5056.950000002507
8331.250000014441
5269.400000004471
7621.525000010435
8830.500000014608
3818.4999999995775
3254.7999999981353
6197.225000008212
4357.2749999996795
3910.549999998315
5814.750000003648
3853.7499999998213
4438.975000000475
6073.775000005506
4003.42499999877
5678.475000006053
4124.099999999195
6632.825000008037
4536.3000000014345
5508.700000003506
7399.750000010776
4443.725000001565
6780.250000007135
4727.500000001763
5906.000000006832
4881.825000006261
9145.000000015796
8208.975000014065
6303.025000006783
3326.2749999984235
5458.5750000044045
7801.20000001098
4267.475000000826
6584.725000007038
7763.725000012844
6751.475000008042
4130.2750000019505
9552.225000018085
4086.3749999996708
5026.7250000060285
4411.800000001125
4549.550000000551
6468.750000006001
5843.250000007336
7256.025000009676
5934.475000006122
3403.0499999984845
7387.150000010498
3301.7999999989306
7106.47500000878
4322.699999998261
6483.050000006977
7580.1750000102165
4687.975000000992
3964.3749999983424
3195.974999998433
6205.0000000065775
5362.475000006002
4118.249999999015
6886.2750000087235
6420.425000009596
6338.925000006837
7276.025000009238
7543.750000010527
6596.650000008685
7796.750000012069
3605.0999999980945
4503.000000001728
4082.424999999885
4171.000000001554
5550.025000004967
7445.675000010998
3830.02499999917
8120.250000012626
7211.200000010215
9169.700000017674
3798.9999999984707
9068.40000001546
4966.700000002406
7336.4750000103595
4677.30000000197
5907.400000004762
9125.475000015667
5883.7750000049255
5924.250000004225
6208.975000006398
6484.525000006692
6603.575000009049
3460.274999998028
9764.00000001799
5586.250000006227
4453.200000001034
8815.975000014541
5432.225000006278
4060.7999999985714
6786.50000000968
6197.550000006471
6263.500000005403
7829.950000010953
4310.350000002899
6673.775000007688
3427.9999999981933
5290.300000004595
4325.52499999944
7333.975000011262
4481.225000003849
5164.275000002471
7158.675000008512
3225.7999999981616
3661.9749999987894
7473.500000009657
9871.22500001838
3350.724999998048
9035.975000015342
7746.950000010651
3352.0499999984477
8477.92500001331
11134.225000022974
5115.5250000063015
5599.25000000614
4538.299999999694
4711.775000000852
5925.225000005225
6763.425000007073
6775.475000010503
5307.675000004986
5730.525000005814
3259.7499999983406
5152.000000001211
2527.524999998797
4792.800000000052
2999.8499999983674
4777.950000002303
5770.325000003461
6085.025000005675
5841.275000006078
7935.675000013138
3307.524999998545
6321.8250000095995
7076.000000009659
5480.525000006184
4057.250000000904
6204.600000006352
3708.224999998352
4294.524999999934
5715.275000006072
3005.5249999983616
4304.525000000437
4581.000000003472
6854.375000009006
7922.275000012416
9662.150000018206
4247.825000000274
4830.3250000009375
6011.525000005741
9330.725000016555
5754.025000006915
6114.175000004711
5386.275000003114
8755.725000014321
4896.47500000294
10735.975000021526
4577.975000001542
6359.525000005604
5572.275000006819
4719.42500000192
5110.025000003482
5232.7750000052765
4570.525000003183
3918.5249999992907
3675.4499999984955
4814.050000002759
5933.500000005453
9030.70000001543
4055.7750000000515
7890.675000011174
4866.975000001201
3356.0999999982428
7714.72500001128
3771.250000000635
7688.850000010739
6228.750000008137
4053.7749999992793
6716.225000009235
5111.300000003563
5748.175000003381
5101.050000001687
4087.37500000082
3538.0250000005763
5074.675000002749
4877.77500000106
6085.500000006841
8884.000000016229
4309.974999999504
7203.000000010492
8169.175000012188
4542.00000000224
5270.52500000204
8831.225000016
6837.275000008168
6111.200000006206
4634.050000000397
7138.225000010085
3368.7999999981175
6256.2750000071055
5902.775000007077
5519.775000006007
8852.225000014674
4200.025000001072
5651.200000006506
7277.02500000966
5491.000000004618
3452.5249999984176
6767.2250000103
6673.025000008602
5008.525000001676
6469.250000007781
6533.50000000834
6001.025000004588
7044.550000009209
4053.524999999036
7496.625000011667
8341.725000015223
4734.075000001687
6841.200000008132
4005.325000000357
6684.025000008109
5244.20000000477
3390.7999999980884
6525.050000007514
3606.7499999986576
4564.000000001071
5537.950000005636
4777.600000002143
5410.6500000054475
7174.750000008569
5934.1500000058095
6562.925000006398
4838.300000001671
7761.4500000128355
5507.525000006076
5907.275000004298
6813.700000007928
9754.675000017956
7358.0250000097585
4701.800000000149
3956.2500000007685
7002.025000008138
5047.025000003256
4688.07499999965
6415.025000008292
3459.2749999984126
7131.900000010456
4221.475000001374
4152.525000000699
6428.75000000595
5846.750000005979
5196.750000002276
5490.250000003228
4863.550000001491
6318.750000006823
8828.250000014585
7409.650000011832
4377.275000000501
7390.225000009354
4350.000000002621
6806.475000007231
8142.300000013387
7250.77500000941
8118.425000012433
8178.500000012222
4787.4000000020715
3920.274999999678
6057.500000006268
6739.700000009186
6469.500000007227
3367.799999998431
6503.750000007951
5424.525000005537
4938.050000004629
5000.025000002923
7289.700000008988
7136.025000008429
6114.550000007721
6235.500000008956
