13080.10000001336
13598.025000019425
10458.42500001236
7027.550000008035
5913.0500000045995
15389.875000018283
6859.950000007426
9977.025000014397
7030.850000008048
7660.700000010338
7452.150000009579
16064.125000015087
8250.700000012484
9423.175000016749
12893.950000023893
12994.325000022083
13244.450000017952
6249.4750000052045
8400.77500001303
10392.975000020278
8730.37500001423
7947.175000011381
7466.800000009633
12730.900000011421
7995.525000011557
10348.875000020118
10581.175000019113
7147.575000008472
9440.17500001681
10972.825000022387
12423.025000014963
9179.200000015862
11782.400000019796
10179.3250000195
13400.000000028595
7091.750000008267
16314.750000022796
8161.150000012158
8531.850000013506
11039.850000022632
8934.625000009208
6047.72500000447
13585.150000008114
15348.875000015025
7914.425000011261
10145.600000016462
9379.700000016592
9500.20000001703
7179.025000008586
10269.250000014177
9329.35000001641
10656.525000007881
9017.075000015273
9047.125000015381
9061.575000015435
9377.700000016584
12666.500000013648
8308.650000012696
7751.200000010667
10984.85000002243
11147.450000018
15314.625000012267
7130.72500000841
6506.92500000614
10968.80000001498
8007.1500000115975
9359.525000016518
9014.075000015262
6952.575000007762
9967.450000012537
9072.950000013367
7711.8250000105245
11027.475000016811
15776.30000001741
14500.700000023353
10392.575000016968
10945.350000013717
11170.12500000737
11387.950000020925
16959.975000010534
7664.450000010352
8975.950000015124
7863.225000011075
10563.1750000121
10559.425000020883
9453.97500001686
9192.65000001591
11254.47500001852
8587.875000013712
9206.55000001596
11866.50000002246
11614.90000001663
9998.05000001884
9193.325000015913
6517.675000006179
12076.62500001751
10249.125000005995
10468.475000020553
11239.5500000131
6984.625000007878
9819.275000010888
9777.200000012383
6936.8000000077045
6751.65000000703
13063.625000016229
11533.87500000854
10833.47500001187
14108.299999996558
17637.475000000963
7221.52500000874
7493.150000009728
10375.550000015817
11108.925000014311
6988.675000007893
9640.800000013185
12245.17500001051
8896.750000014836
10404.325000013745
9849.200000014971
14244.775000017744
10463.825000013809
9611.750000008064
10636.600000015727
10358.37500001098
9464.900000016902
11951.9500000169
12227.175000013187
10748.825000013489
7627.525000010217
7096.125000008284
7206.700000008686
10867.67500001271
10109.850000019247
10172.050000019475
8648.500000009562
7147.775000008472
7661.050000010338
10838.32500001449
8622.225000013836
8841.550000014635
14741.100000010741
7281.55000000896
10805.175000021778
8448.575000013005
10617.050000017714
12821.650000006015
12803.650000014986
10478.62500002059
7857.375000011054
11057.150000016072
9172.525000015838
9524.450000017117
12688.100000014732
10883.175000021498
9604.025000017407
9357.850000016513
9376.175000009485
12317.40000001515
12345.875000023323
12499.025000021145
13040.375000027778
8340.025000012809
12311.100000012691
12821.825000014396
9435.875000013806
12303.250000019538
13551.775000001977
8630.375000013866
9196.650000015925
8420.925000013103
6740.550000006991
13071.150000010439
11207.600000023242
9491.800000017
6386.0500000057
7932.7000000113285
7627.325000010216
11244.82500001932
11142.775000013571
7136.30000000843
8019.600000011644
10474.10000001528
9334.775000016429
7620.075000010191
9285.200000013523
6426.725000005848
15610.30000000698
9589.275000017355
5981.275000004229
9924.725000015478
7379.925000009316
10174.625000019483
8195.300000012283
7416.975000009452
7173.025000008564
8434.350000013153
10189.87500001954
14047.05000002034
10226.900000019676
11316.650000015756
11755.200000006434
6103.500000004673
9428.60000001677
10059.200000019064
8180.57500001223
8178.05000001222
13953.800000018073
8410.425000013065
7748.275000010656
11067.10000002273
11096.350000022838
11330.450000007608
9338.02500001644
12991.35000002024
7462.975000009619
12796.350000022334
6766.500000007085
6432.325000005869
11074.32500001635
6599.775000006479
8190.225000013017
10188.45000000888
9903.025000018495
9355.950000016504
11975.825000009972
10503.175000020678
7160.600000008519
6302.100000005591
10448.45000002048
9182.925000015875
8182.825000012237
7785.250000010791
7319.525000009096
8450.10000001321
7732.500000010634
12925.025000011332
6906.650000007595
8164.200000012171
9255.275000010943
9087.425000015528
11191.125000023181
7233.100000008782
11718.200000008834
6746.4250000070115
12322.325000014223
10311.700000019318
11084.425000017978
7468.250000009639
8970.025000015103
8101.375000011942
20400.49999997099
9298.800000015406
11271.600000013674
9073.97500001548
12179.600000012146
13282.650000025285
8840.175000014628
10044.475000016642
9746.450000017925
7977.950000011492
13478.575000016
14245.325000013458
10257.450000019786
9013.22500001336
7745.850000010647
9386.825000016619
6492.725000006089
9440.100000016811
7536.750000009888
9435.575000016794
6594.125000006458
6925.750000007664
8102.575000011946
14117.125000012275
12489.350000008526
9438.975000016808
10495.52500002065
14623.975000008686
6698.675000006839
11840.175000025543
10147.200000019384
9249.125000016116
6769.22500000765
7441.750000009542
8445.400000013193
11319.275000023648
8087.17500001189
7031.175000008048
6367.400000005633
8999.100000010987
6272.750000005289
10623.950000014545
9203.32500001595
13662.325000023407
12536.150000016576
9560.52500001725
7424.95000000948
7634.975000010244
12199.575000012683
8979.050000015133
8733.70000001396
12561.475000015693
10601.050000011686
8724.75000001421
8192.350000011076
9448.125000014441
8693.800000014096
9530.475000017139
8284.075000012606
8851.300000014671
10629.90000002114
8698.700000014114
10291.850000019911
9939.57500001309
9359.600000016519
10147.625000015203
9687.20000001771
9731.650000017873
8526.450000013487
10416.375000012782
7756.550000010686
6833.500000007329
7958.875000011421
9371.000000014745
9489.300000013838
7895.450000011192
14729.52500001253
5959.77500000415
8319.825000012737
9405.725000014045
11435.275000015412
6905.375000007591
10039.825000018993
6805.225000007226
8110.400000011974
8213.325000012348
12311.87500001488
10012.975000018894
11813.225000014312
8742.075000015642
9923.350000012453
12236.800000014493
7995.475000011556
16347.550000008428
9042.625000015367
11807.375000018854
9525.35000001712
9739.200000016499
6797.625000007199
8266.800000012543
5892.050000003904
7684.375000010423
7639.875000010263
9303.825000016315
8048.300000011748
10408.450000017816
13226.425000029521
10760.825000021616
10299.75000001994
11278.600000011582
8225.800000012394
6133.00000000478
9263.175000010911
10723.975000012975
11104.000000022865
9277.775000016221
8717.100000014181
7998.025000011566
9613.725000010332
9315.22500001236
10616.825000021092
8784.175000012025
11714.82500001054
11581.075000022814
10867.05000001215
12423.350000022245
12099.400000004382
6005.025000004314
9809.275000018155
9256.175000014351
7385.825000009338
6443.175000005909
11930.050000015934
13441.150000025487
8858.075000014695
10889.300000015985
11726.77500002348
13951.57500002658
10169.900000019466
11627.225000006896
6721.750000006922
10701.825000021401
5790.575000004282
8777.925000014402
10921.7000000135
13263.350000001084
6431.500000006441
9203.875000015953
9319.075000012679
13853.875000018794
12717.150000023532
15035.275000004316
9355.125000016502
9943.750000018645
15243.900000010377
7887.100000011163
9007.400000015237
11017.77500002255
9564.675000017265
14446.350000016708
6201.975000005031
12768.875000013397
12965.400000011865
11143.200000023007
10397.025000014723
10932.45000001118
5692.875000003685
6768.450000007092
9246.675000013844
10597.575000021023
14031.700000010593
11251.300000017523
7086.70000000825
7781.650000010779
6223.925000005111
8338.000000012802
8237.075000012435
10902.850000005874
10637.475000021168
11311.425000023619
12145.950000012952
9006.27500001587
8934.27500000853
10789.300000010688
9460.000000016884
10746.275000021564
12797.425000013682
7722.375000010563
8426.375000013124
9135.625000015245
8530.450000013501
8732.350000014238
5780.750000003499
8800.075000014484
7948.625000011385
9230.57500001605
7037.975000008073
13874.350000015533
7619.425000010188
7661.575000010342
9817.925000011339
7691.3500000104505
13202.50000002044
5557.0250000026845
8164.575000012172
8047.725000011746
6540.425000006262
11935.850000025892
8431.275000013142
11168.700000011431
10438.950000015986
10568.975000011375
10920.625000017386
8240.75000001245
6795.15000000719
6749.125000007021
10628.875000013351
10030.150000015765
11030.22500001335
8732.225000014236
9890.925000018451
7149.72500000848
14759.12500001807
9449.925000016847
8634.07500001388
7188.650000008621
13436.475000009028
8276.075000012577
12930.350000011807
7851.850000011033
9967.750000018732
12219.100000008377
9013.850000015262
8619.150000012767
11151.500000012838
6799.200000007204
7258.875000008877
8550.550000013576
7779.9750000107715
7599.375000010115
9798.100000010178
7044.275000008095
9452.550000016856
8589.325000013716
11381.3000000105
5972.775000004198
9761.850000013845
8347.050000012834
11330.075000007762
10785.300000021705
14711.700000011973
10779.750000021686
8255.0750000125
7177.925000008581
8897.175000014837
9021.725000009974
10624.425000013685
8656.725000013961
7055.400000008136
8851.900000014672
9116.200000015633
11315.825000015491
9036.925000015344
9990.025000018184
10178.925000019499
9663.200000017623
6660.5500000066995
13367.125000014428
14165.324999995595
7681.225000010412
7660.425000010337
12740.95000001889
9312.700000014778
9496.550000013953
12390.750000016791
10496.200000008768
7723.475000010567
13286.65000000611
8912.775000009315
9765.400000013262
12893.275000018624
10489.525000020629
9150.575000015759
12023.87500002621
7753.650000010677
7141.525000008449
11289.875000010008
6862.150000007432
7062.125000008161
9711.7250000178
10457.775000020514
6413.0750000058
14416.27500000868
9105.425000013025
9707.150000017784
7400.525000009391
8594.675000013736
9559.475000017246
7754.250000010679
8130.325000012046
9298.275000016296
6627.80000000658
9475.925000014864
9045.200000015375
11422.075000024022
6392.325000005723
10268.40000001191
8605.775000013777
7705.000000010499
8788.700000014442
11594.82500001895
7409.350000009424
6821.825000007286
6549.175000006295
7823.6750000109305
10937.075000009043
14869.625000013853
8147.000000012107
7077.450000008217
8064.350000011806
14010.650000014197
9280.65000001623
8728.925000014224
12048.37500001702
7580.375000010046
8156.10000001214
8970.000000014734
13769.050000019906
9285.57500001625
9771.750000018019
8337.3750000128
8230.00000001241
9197.875000012384
9552.15000001722
8373.550000012932
6433.275000005872
7753.550000010677
14964.375000007658
6714.750000006897
7881.475000011142
12104.275000026504
9585.125000013211
10634.550000013054
10284.700000019884
8895.000000014828
9607.125000011561
9159.57500001579
7457.100000009597
10634.45000001192
6931.050000007684
10098.450000019206
7605.3000000101365
6968.45000000782
7254.62500000886
7634.400000010454
6889.850000007534
9301.950000014245
8547.275000013564
11241.675000014533
8613.850000013805
11274.275000015292
7352.4000000092165
7134.025000008422
10167.450000019457
6245.550000005189
10589.950000019347
9594.400000017373
10513.125000019883
13303.000000017604
9084.900000013724
11106.550000022873
11480.175000023819
7801.775000010851
11590.950000023055
10723.40000002148
12685.475000020411
10784.150000011885
12052.000000022435
9468.225000016915
11639.17500002481
10444.8500000119
7813.800000010895
6702.800000006853
9245.975000016106
11392.000000023912
8583.925000013696
7753.525000010675
9248.550000016116
15194.850000007635
12048.750000015312
7751.300000010668
11155.850000012117
15475.30000001036
10341.025000011272
10839.150000008496
17357.900000002664
8085.375000011883
10209.925000013807
9721.325000017834
8694.325000014098
6672.800000006744
10154.52500001941
9714.57500001781
7146.825000008469
11226.500000014054
7248.575000008839
7035.975000008065
12389.250000018035
9224.800000016028
11537.00000001723
8327.975000012766
11296.575000018394
9843.700000014502
7730.875000010593
14624.025000011983
9785.825000013094
7332.750000009146
9382.475000016602
8326.925000012761
7318.225000009092
11675.250000019223
8638.550000013896
9966.100000018727
9479.525000016954
7898.550000011202
9963.90000001376
6351.1750000055745
11946.475000014174
9163.12500000745
6142.875000004817
8759.000000014334
7383.275000009329
11638.150000012618
9366.225000016544
11432.52500001501
10079.650000019139
12034.200000007066
8654.725000013954
6748.000000007018
10204.50000001959
10138.525000011914
7835.1000000109725
8169.4750000121885
11998.075000026118
14051.1500000228
8885.450000014793
9652.525000017584
13689.650000009988
12479.175000011446
9556.600000017235
13283.050000022817
8052.675000011764
8594.425000013734
10823.100000016442
13035.600000016027
7437.300000009525
10578.925000020954
8220.325000012373
7336.3250000091575
8241.350000012451
11702.47500001873
10640.975000021179
8218.475000012368
7218.62500000873
18383.399999999685
9485.750000016978
12805.400000009005
9262.650000016167
12833.900000012374
13806.250000010587
7707.87500001051
6637.475000006615
10065.350000013166
8523.875000013479
7730.725000010593
10845.825000021927
7499.300000009751
8674.775000014028
10316.150000015266
8439.825000013174
9387.125000013504
7910.300000011246
11289.250000011401
8413.450000013076
10254.775000019776
11730.725000013834
8252.800000012492
11175.350000015937
9127.075000015671
10122.150000007201
7662.325000011487
14083.22500001239
12262.800000016756
10714.7500000137
6867.200000007451
8766.52500001436
12606.075000017543
7787.0000000108685
11221.575000012203
11612.85000002288
12448.300000021609
7482.425000009689
14157.850000016222
7519.350000009825
8394.300000012863
8019.450000011644
8955.200000015047
12056.925000026331
9047.425000015382
11805.450000021492
10147.525000009362
7147.700000008472
11718.700000017521
6594.22500000646
12072.325000010733
9293.475000016277
10984.550000011854
13000.425000011539
9026.075000015306
7734.325000010605
6687.850000006799
9963.10000001611
8687.375000013397
8134.0250000120595
11353.675000012754
10255.000000012034
11013.925000008156
12322.425000013756
11777.900000018777
11160.650000009977
12480.450000015906
6988.050000007891
8356.075000012868
8153.650000012131
7698.0750000104745
8958.975000015062
12552.77500001127
8065.42500001181
12834.575000017998
11699.525000010835
14872.050000006118
7791.550000010814
14566.675000013902
9267.550000016185
11831.075000015606
8148.250000012111
10617.200000021094
15303.450000017274
9937.175000017847
10649.600000020495
10591.275000010519
11052.200000014782
10190.800000019542
7609.375000010152
16142.950000014123
9456.625000011507
8785.27500001443
13685.65000002037
9081.375000012511
8436.72500001316
11801.775000008587
10215.525000014215
11016.05000001617
13671.625000028846
7184.375000008648
11132.95000001421
7332.425000009143
9010.000000015247
8698.125000014112
11745.125000015261
7969.350000011461
9352.175000016492
12395.225000013366
6374.72500000604
7561.500000009977
12648.350000012748
15857.824999997045
7522.825000009836
14426.075000016728
12758.075000018052
6876.950000007487
13790.525000012636
16670.67500000633
8311.675000012187
9307.350000013055
8521.875000013471
8624.425000013844
10280.400000019868
12209.500000021268
10516.400000015563
9815.450000017874
9446.475000013137
6966.100000007811
10110.07500001925
5672.725000003105
9244.6500000161
6197.550000005015
9082.17500001551
10480.875000020598
10765.675000021634
10207.45000001209
12573.050000016723
6803.125000007218
9289.775000016263
11000.900000016678
9152.17500000808
7749.325000010661
9689.80000001772
7922.800000011292
8255.825000012503
9492.400000017002
6667.125000006723
8544.900000013555
7865.650000011083
11100.350000022852
11607.475000022278
14265.025000017878
7840.525000010993
8324.025000012753
10054.650000008907
13890.175000026216
9365.400000012804
11356.525000023783
9422.075000016746
14865.650000005873
8617.87500001382
15297.95000001855
8706.575000014143
10966.700000022365
8789.45000001384
9208.62500001597
9046.450000015378
8648.175000013931
8047.950000011748
7473.375000009657
7788.500000010803
8594.75000001413
10333.400000020061
14397.8000000038
8109.875000011972
13751.800000024195
9122.275000015656
7110.8000000083375
13070.800000011075
7020.92500000801
11046.100000022654
10210.650000012916
8011.625000011614
10727.525000015143
8731.475000014234
11360.200000023797
9994.225000018827
7930.125000011319
6690.92500000681
10038.275000018988
9064.425000015444
9609.350000017428
13150.325000019031
8887.800000014802
11508.175000015257
13705.07500001604
8155.175000012137
9852.725000018312
13248.850000015125
11277.10000001491
10594.050000019759
8983.875000015152
11773.125000010616
6824.175000007295
10451.425000014002
9516.67500001438
9076.725000010687
14004.62500001958
7931.625000011323
9526.000000010448
11865.20000001746
9618.125000017459
7381.875000009324
10679.32500001392
10906.950000011013
9472.85000001693
11212.325000009914
10414.3250000155
10307.825000019968
11141.050000018051
8309.6750000127
11625.200000017627
13076.17500000472
8814.050000014533
11973.850000010869
7415.300000009445
10695.925000016992
9122.525000015656
7179.900000008589
10962.775000011761
7419.850000009462
8493.125000013366
9425.525000017646
8370.30000001292
9683.375000017697
12041.400000026275
10353.875000017377
11175.525000023124
9533.17500001715
11835.000000019027
9061.425000012723
10980.925000022416
11458.575000016372
16444.324999994227
12543.0250000281
8894.600000014827
7388.7000000093485
11512.45000001468
9087.500000015529
9098.275000015568
10777.500000008922
7256.900000008869
11666.775000024913
8023.600000011658
7696.150000010466
10442.825000020459
9655.875000014074
9893.600000018461
10092.600000019185
8693.975000014098
10810.800000014315
14478.30000002126
11629.650000015998
8108.225000011966
12734.350000016588
7874.325000011115
12491.600000027915
13393.17500000757
11869.900000015083
13448.525000014533
13164.000000019687
9265.650000016176
7957.925000011419
9985.625000009743
10817.52500001467
10298.325000017448
6950.700000007755
11086.15000000959
8771.950000014382
8421.500000013106
8908.425000014877
12081.30000002642
11854.175000011812
9505.000000017048
9748.900000014315
