5797.3500000060885
7286.800000011872
4748.9000000052665
2577.424999998977
1771.649999999401
8633.575000013878
2021.6749999992567
4503.300000005143
2021.0999999992573
2062.3499999992196
2311.1249999989936
9077.82500001601
3402.400000002952
4087.150000002981
7532.87500001277
7257.80000001164
6790.325000010413
1916.1249999993784
2904.649999999169
4498.900000001034
3381.850000001664
2946.6249999998654
2228.849999999068
6924.100000011058
2582.6999999990303
3588.349999999852
5793.400000006622
2157.949999999133
3641.850000002908
4798.125000000919
6785.175000007248
3262.8999999983666
6196.050000008652
4504.8500000024
6402.3500000061085
2316.6749999989884
9989.800000018811
3627.4250000013913
2687.624999998651
4551.35000000129
4152.8500000057975
1653.3999999995917
7191.075000011715
8150.800000012319
3292.150000002608
5579.850000008722
4080.050000004785
3650.8500000020513
2438.6999999990585
4799.575000005255
3711.6000000031754
4604.300000005425
3629.1000000010094
2846.3749999985066
4041.1000000040995
3812.149999999267
6264.175000005762
2740.624999999307
2322.674999998983
4675.850000002003
5578.050000007404
9188.075000018294
1726.2749999995253
1753.149999999501
5708.050000009769
3302.875000000003
3684.3250000028124
3786.075000002152
1989.449999999286
4658.650000005325
4211.150000005674
2872.07500000084
5483.925000004555
9231.17500001605
8699.375000016522
3869.0500000030397
4880.850000005178
4835.850000005236
6389.650000009944
9290.325000016266
2857.674999999065
3200.099999998623
3294.4250000003913
4887.875000005118
4046.3750000009204
3857.175000001335
3778.100000002275
5898.050000007115
3694.8750000035798
3343.4749999982823
5228.075000004277
6508.075000012108
2942.1249999987326
3041.649999998757
2008.3749999992544
6295.325000010092
4568.850000005458
4652.9000000027245
4999.8500000051
2956.9000000019623
4933.650000005371
4676.125000005252
2373.9499999989366
2206.874999999365
6242.575000006728
5603.350000005283
5167.100000005192
6967.800000011994
9919.350000018554
1864.5749999993996
2594.89999999897
5158.300000007028
5302.875000006399
1932.6499999993378
4564.675000005349
5139.8500000051645
4228.925000004866
4895.575000005659
4794.17500000516
7452.925000009582
5319.375000007306
4672.4000000052565
4975.35000000527
4883.850000005146
3930.6000000019585
5756.150000007907
5322.3500000053455
4945.600000005166
2986.1750000009306
2575.8499999996193
2866.6500000008095
5103.100000006223
3360.6249999987267
3770.1749999993804
3965.8000000058973
2286.3499999990154
2502.1249999988195
5219.07500000553
3729.3250000037533
4133.175000004884
7023.800000008525
2516.974999998806
6174.400000008126
3988.6250000058767
5695.650000008314
6729.250000012166
6258.100000008315
3808.349999999981
2505.124999998817
5428.87500000635
3973.3000000024167
4215.625000003196
6611.575000011344
4881.875000003551
3797.5750000003577
3345.624999998655
4060.7750000052433
6841.100000011779
5647.825000006578
6817.200000009561
4964.825000002835
2636.6249999986976
6140.575000006642
6093.07500000664
4255.625000005624
7153.175000011399
7007.300000011779
2910.874999999118
3395.874999999443
2983.8749999994407
2367.449999998942
7118.575000011572
4911.3500000004515
3960.3250000021894
1888.6749999993779
3237.925000000926
2436.5999999991172
5900.075000008909
5436.450000004565
2131.8249999991567
3168.075000001303
5030.100000005168
3388.3250000012076
2170.349999999122
4280.925000005606
2143.3999999992975
8325.800000014928
3413.350000000712
1691.8749999995537
5014.400000006257
2427.8999999988873
3356.124999999715
3064.5749999999116
2513.6999999988093
1937.8249999993332
2683.9999999986544
4466.250000003877
7426.050000010986
5294.450000004684
6087.325000010422
5359.1000000054455
1768.1499999994874
4770.325000005194
3291.724999998102
2691.8499999992364
3220.150000001732
7374.075000011289
2422.599999998892
2566.824999999523
3881.5750000011576
4837.600000001878
5022.600000005334
3847.4250000021566
7469.350000012439
2661.399999999777
7539.100000012626
2318.6999999989603
1701.0749999995483
5429.100000006256
2131.1499999991574
3279.3000000011943
4603.375000005343
3461.8500000010076
4371.425000002985
5347.35000000531
3576.60000000122
2005.5999999992714
1853.3499999993608
3421.874999997983
3666.1250000008076
4067.1500000057185
2635.275000000384
2312.549999998992
3048.8749999990155
3423.450000000724
5690.825000005779
2251.6249999991824
2974.674999999492
4121.300000005827
3588.62500000108
5083.600000001383
2027.0999999992518
5216.050000005994
1876.374999999389
5870.075000006384
4747.650000003847
6105.625000006599
2777.199999999105
2625.8999999987072
3407.249999998228
9170.55000001583
4464.475000005408
4986.1000000051545
3026.1749999985796
5664.550000007128
7980.9000000133965
3675.9000000022816
5265.17500000592
4978.425000003539
2538.6749999997387
7550.175000011593
7825.050000012777
3622.574999999909
4736.800000006826
3293.1250000011564
4175.950000002964
1974.1249999993001
3828.949999999546
2135.5749999991535
3265.9249999991703
2048.1749999992326
2072.6749999992103
2845.1999999993277
7116.325000008357
6087.5750000062535
4029.900000000987
4800.950000002586
8001.350000014124
1965.1499999992989
4442.6000000001195
3614.849999999916
2657.124999998679
2236.449999999002
2820.449999998722
3038.1249999983324
4472.350000002612
2332.8499999989735
2058.649999999223
2224.699999999072
4117.075000005809
2081.3999999992025
5459.150000006428
3710.6249999997367
6064.825000004572
6238.850000006573
3498.5500000002717
2479.4249999995727
2642.924999998692
5760.350000004735
4144.72500000193
4159.900000005728
5879.6000000073955
4965.575000005693
2792.6749999985554
3887.325000005976
4723.625000005304
2747.8999999985963
3809.675000001486
2914.825000000499
2962.099999998496
4269.375000000971
3069.399999999365
5353.450000003887
4492.100000005518
2604.849999998726
4845.37500000516
3724.875000000574
3690.1499999987686
3809.6750000039765
4655.100000005406
3297.625000003311
2346.9249999989543
3030.8500000001286
4721.925000005216
4341.925000005525
2811.6499999997027
7719.850000011891
1628.1499999996145
3669.575000001698
4665.37500000593
5632.950000004684
2353.8749999992597
4300.575000002396
1987.1999999992881
2205.3749999990896
3026.4749999983637
5374.350000005051
4211.925000003042
5849.125000007141
3578.3250000007874
4656.850000005392
5820.850000005448
2950.649999999039
8758.550000015028
3967.325000003155
6079.375000005481
3616.350000001042
4881.925000005098
2127.87499999916
2920.2249999984397
2017.399999999238
3174.825000003258
2299.874999999004
2856.3749999987594
3555.425000003045
5502.175000005538
5327.075000003052
4325.374999999302
3632.6000000001154
5086.825000004992
2595.849999998735
1843.649999999419
4517.650000005406
4963.800000005729
4187.350000001239
3735.30000000317
2884.8749999988336
2532.4249999987924
4251.800000005778
4197.275000005751
4277.850000000863
4058.8750000057835
5580.300000006542
5351.100000004659
4935.100000005199
6899.800000011255
5614.575000007511
2057.600000000061
4187.224999999442
4331.925000005582
2884.1999999984723
1794.3749999994634
5927.650000006989
5609.57500000504
3195.9749999981887
4957.100000004089
6381.425000007817
5867.325000005334
3343.624999998054
5091.6000000050235
2029.5999999992496
4286.600000003079
1864.424999999319
3484.650000000662
4820.60000000531
6758.825000012101
2507.1250000007317
4067.624999999125
4276.07500000572
6769.100000008283
7355.850000011647
7642.075000012663
3596.850000000605
4392.775000004218
8465.825000013267
3064.825000002841
2822.874999998528
3474.6249999984725
3822.3750000013983
5727.350000005684
1569.1499999996686
5894.350000004682
5798.85000000541
5064.375000002442
5046.800000006075
4852.800000005283
1818.899999999368
2302.4249999990016
4364.375000005576
5229.725000003436
7435.625000011203
6077.300000010518
2377.424999999036
2590.899999998742
1698.1249999995512
2574.1999999987543
3368.4999999987726
5051.5750000066855
5153.525000006444
5338.875000006377
5587.025000007013
3151.800000000393
4117.575000005781
5020.325000005046
3786.1000000024146
4560.375000003096
6119.100000005809
2546.5999999994447
2987.8500000007443
4711.1000000063095
3745.9250000028487
3285.4749999988735
1435.62499999979
3880.3250000030703
2669.3500000004415
3221.3499999995292
2645.3999999994735
6832.3250000095295
2673.1499999992116
3033.400000001324
4459.650000005544
2350.8749999989573
5908.100000005947
1459.6249999997594
2964.3749999998163
2871.4499999984837
2282.9499999990194
5193.075000002507
3626.4499999995546
5152.400000005042
5801.100000010208
5406.625000007467
5689.975000004724
2435.3499999988717
2035.5999999992441
2141.1249999991483
4679.350000005357
5200.600000006809
4909.875000005106
2837.6499999985144
4642.175000001658
2637.150000000279
7284.300000010419
4096.900000002162
3727.3250000044673
2422.874999998892
7166.375000011472
2711.12499999863
6917.575000011841
2747.350000000808
3688.399999999218
5660.775000008451
2765.3749999985803
4129.350000005753
4860.850000005222
2132.8999999991556
2617.4499999988248
2942.0999999999285
3123.949999998362
2710.1249999986308
4344.825000004675
1935.349999999335
3393.325000000964
3450.124999999839
4958.325000005138
1738.1249999995146
4692.350000005278
3429.375000002491
4616.0750000055805
3530.124999998125
7682.050000013405
4493.175000000707
4178.875000005616
2397.8999999989146
3123.0999999985625
4147.325000005858
4895.875000005121
3631.449999999807
2512.3500000005706
2720.1249999986217
2873.099999998824
5467.950000005514
3251.399999999289
5311.475000005726
3749.5500000024977
3671.4000000002256
2299.6749999989934
6044.100000005471
6968.30000001161
3223.125000002172
2373.5249999996795
6879.1500000090555
4656.875000005471
4232.57500000461
6352.650000008061
4678.050000005464
2603.1499999996868
6933.600000011813
4083.3750000058085
4320.625000005699
6765.300000009824
3529.149999998402
3191.3499999988167
6271.850000007265
3112.3749999994975
2762.6749999996896
4748.575000005326
2157.3999999991333
2244.124999999054
3404.1000000002396
4201.325000001003
1901.9499999993657
7516.1500000110955
4327.625000005553
4024.1000000019653
2635.8750000003183
3326.6250000009372
4400.425000001841
3369.9250000022357
3324.0750000008993
3490.449999998147
2187.174999999106
4773.875000006012
3585.9249999998697
5879.350000003858
2303.4249999996605
4633.350000005455
2818.8499999985315
2384.0749999990767
3562.3999999986995
6432.575000010648
2237.84999999906
1835.599999999426
1952.8749999993015
2859.424999998495
4878.575000005285
7344.57500001014
2699.1749999986405
2277.399999999024
2725.0999999992746
7678.050000013471
4359.875000003034
3624.350000002921
6383.350000009301
2634.3749999986994
3056.8499999998585
4550.675000005333
7175.600000009156
3705.57500000139
4571.975000002571
3365.325000001157
3195.3999999998314
4175.375000005757
4718.850000004768
2944.849999999152
1927.1749999993428
2392.8249999989193
7794.825000013343
2316.199999998989
3145.6999999982345
5199.550000003785
4272.125000005688
4719.850000005294
4146.075000000832
3427.9499999993914
4219.350000005696
3132.7249999983123
2527.099999998868
4734.625000005243
2661.9249999986746
3970.125000000784
2633.5999999987002
2210.399999999085
2532.949999998792
3634.3750000026776
1977.8499999992964
4666.425000005249
2566.824999998761
5107.6250000049795
2847.349999999655
5520.575000005987
2482.149999999583
2747.12500000021
4458.650000001401
1854.399999999409
4895.875000004093
3837.1000000023932
4196.12500000248
5868.375000004633
4355.400000005533
4062.3500000006447
6788.425000011703
2080.8499999992027
6727.425000011858
4611.8750000005
6689.4000000078595
4935.275000006073
5616.875000006809
3161.649999998474
6430.6250000089585
4610.100000005077
2879.8250000004273
2508.1499999993566
3371.025000000898
4809.125000002708
2872.92500000004
3126.699999999317
4639.175000004358
8015.800000011834
6850.900000011712
2452.3499999988653
5242.700000004708
8538.30000001353
4713.400000005263
5093.5750000066555
9702.825000017927
3032.8500000010476
4729.27500000529
2864.89999999849
4087.1750000021025
1951.1999999993209
4037.3000000030584
3488.7249999985847
1808.5749999994505
5056.075000005107
2544.800000001271
2607.3999999990665
6915.050000011892
3843.825000003747
5863.050000008814
3249.775000002126
6092.175000007253
4915.625000006096
2800.425000000143
7705.175000011543
4418.075000005569
2036.5749999992431
4366.175000003804
3458.4250000002894
2450.1499999989255
4512.100000002649
3800.9499999994805
4256.325000003379
3331.624999999331
2941.9499999986847
4634.875000005361
1638.899999999605
6579.150000011968
4139.075000005808
1614.599999999627
3685.9500000008375
2451.199999998862
5107.600000004937
3879.9000000014403
5682.425000006948
3772.6250000001382
4918.325000005278
3016.9249999983517
1913.4249999993554
3258.399999998495
4540.050000005508
2855.874999999625
3008.4249999983595
5335.625000003043
7218.100000009258
3651.675000000363
3958.1750000009133
7335.300000012287
5858.575000006005
3229.874999998158
5379.550000003823
2697.3999999998387
3178.875000000162
5455.850000005605
7341.8250000123335
2244.249999999054
6129.17500000904
2781.8499999996516
2793.325000000763
3539.6000000018485
6278.400000010074
4494.275000004203
3232.4499999987097
2110.5999999991755
9703.300000017769
3525.050000001406
6750.600000012
3844.050000002328
5819.825000006858
7130.375000011527
2404.3749999991137
2004.1999999992727
4875.075000006131
2928.124999998437
2565.699999998762
4117.575000000426
2537.8499999987876
2953.574999999463
4595.625000004174
2407.849999998906
4297.875000005663
2851.4749999985024
4979.375000005042
3252.64999999973
3898.3250000005937
6020.40000000716
3103.8000000003485
5401.125000004702
3233.3749999993734
4429.350000005611
3899.900000005814
7497.850000011547
6731.575000011937
4855.875000005167
1991.6749999992842
4259.900000001349
6237.5750000070275
3067.350000000268
5064.575000005024
6443.600000010923
4841.575000003043
2922.375000001569
7875.57500001366
2899.4499999991203
3730.0500000056554
3190.1749999986205
3056.3999999988673
4743.825000001614
4660.900000005607
5712.375000007322
4458.550000005583
2032.6499999992468
5912.800000006673
2133.8999999991547
5508.350000004975
2424.6499999988905
5106.200000004876
5696.075000006335
3216.5749999991867
2673.4749999986643
1935.0999999993358
4887.350000005146
4196.375000005688
2743.5999999986
5488.3500000065405
5113.775000007415
4657.800000005534
5754.875000005921
6190.850000007531
4934.025000005805
6158.6000000092445
2475.4749999988444
3125.3250000007497
2595.299999999411
2950.850000001188
4347.450000004527
5890.550000007176
2302.0999999990017
6512.825000010125
5733.800000007179
7700.800000013591
2310.574999998994
7184.100000009739
3532.0750000002836
5750.575000007343
3469.175000000422
4187.825000002252
7249.800000008843
4629.125000003814
4424.1000000032245
4601.800000005461
5069.650000004989
5500.400000007488
2027.3749999992515
7886.800000011161
4242.37500000571
2987.3749999991574
7369.575000010589
4153.600000005808
2451.199999998866
5445.90000000582
4861.950000005094
4506.100000004148
6035.300000005613
3304.1500000025544
5239.125000004794
2053.9249999992276
3970.150000002778
2803.8749999985453
5942.0750000089865
3248.075000003413
3851.875000000637
5419.350000004885
2113.9499999991212
2231.8249999990658
5763.600000005445
8378.325000013276
1979.0999999992955
7489.800000009716
6205.375000006202
2103.6499999991825
6749.5750000100115
9584.100000017337
3993.3750000058117
4246.325000005709
3172.8999999982098
3389.1749999989834
4526.5750000030175
4899.12500000326
5509.825000008536
3796.0500000023717
4497.925000005418
1952.5999999993196
3427.149999998638
1400.1249999998222
3407.3749999982006
1853.3999999994098
3281.325000000873
4391.474999999757
4537.1250000018845
4377.850000005603
6325.55000000857
2053.349999999228
5295.875000008033
5711.375000006153
4201.10000000571
2760.8250000003777
5117.225000004456
2146.599999999143
2896.124999998461
4432.150000004187
1794.6249999994388
2813.3749999993524
3395.6250000031446
5300.525000004909
6610.9500000101125
8095.550000014155
3026.6999999999225
3637.249999999238
4619.350000005354
7820.100000012712
4412.350000005612
4403.874999999799
4023.850000001005
7245.325000009419
3621.8750000026025
9311.625000017882
3175.8499999993746
5009.625000002184
4386.875000005509
3070.775000001335
3766.875000001435
4003.375000004923
3275.8750000011305
2706.1249999986344
2242.624999999056
3634.4499999993577
4486.600000002117
7365.300000011535
2656.3499999991745
6229.800000005922
3316.0999999986425
2076.4499999992067
5813.550000007426
2615.1500000003443
6492.450000008374
4838.850000005885
2687.124999998729
5323.075000007024
3906.900000003176
3869.350000000158
3435.1499999990424
2640.0250000005067
2349.3750000002224
3469.8749999990287
3541.8750000002756
4845.600000003478
7301.075000012062
2735.099999998608
5704.350000008015
6518.600000006782
3261.9000000019096
3686.4250000005904
7289.575000011919
5347.600000005656
4567.8250000038015
3150.3999999999164
5583.825000006845
2150.3999999991397
4737.400000005239
4527.375000005398
4318.650000005584
7167.325000009947
2795.850000000478
4173.550000005908
5800.125000007258
4142.350000002493
2033.874999999246
5361.300000008199
5311.150000005224
3388.849999999187
4812.575000005284
5195.850000005684
4541.600000002149
5724.4500000058215
2560.174999998767
6066.32500000913
6957.325000011791
3345.1999999995037
5094.600000005118
2873.9499999986197
5342.125000006174
3892.8250000043254
2041.1499999992393
5108.900000005348
2186.8499999991063
3181.3500000000076
4202.35000000216
3539.4500000003563
3915.300000002974
5595.600000003575
4313.525000004237
4980.850000003461
3264.374999999106
6322.775000010761
4207.375000005702
4174.625000000406
5279.625000005713
7835.075000011591
5500.600000004631
3313.64999999945
2793.4000000002206
5506.37500000595
3711.150000001852
3230.224999998266
5079.150000004931
2115.3749999991715
5628.300000006191
2876.350000000919
2852.1249999991865
4973.350000003635
4497.625000005502
3686.624999999477
4037.1000000007803
3433.4499999987615
4684.8500000053045
7171.700000008559
5863.000000009468
3139.4500000001563
5744.350000004624
3028.0750000021035
4810.350000001507
6607.825000010005
5613.375000005661
6149.075000007118
6630.650000006899
3213.0750000004846
2547.6249999987785
4769.850000005227
5319.075000007041
5175.35000000533
2115.649999999171
5115.350000005466
4255.4250000036645
3698.3750000041405
3590.400000000749
5606.600000004185
5777.85000000464
4938.650000006039
5013.57500000717
