5669.025000005833
7169.475000011487
4637.850000005176
2471.5999999989185
1697.3499999994651
8486.725000013343
1913.8749999993547
4400.275000005033
1942.5749999993286
1926.7499999993431
2221.599999999075
8948.975000015676
3298.325000002889
3974.8500000029135
7422.55000001239
7137.775000011241
6648.2500000101245
1841.8249999994205
2761.049999999129
4384.100000000827
3293.3250000015983
2868.599999999773
2090.749999999194
6809.800000010846
2466.624999998955
3473.0499999997996
5691.325000006338
2054.874999999227
3527.7750000028655
4648.775000000731
6687.100000006933
3172.124999998255
6081.475000008451
4381.275000002161
6243.775000005716
2208.8499999990863
9845.200000018285
3546.375000001321
2566.5499999987615
4441.800000001076
4064.800000005681
1548.574999999687
7051.275000011328
8037.475000011946
3185.3250000025555
5509.050000008502
3973.975000004738
3534.2750000020023
2323.3749999989896
4686.750000005224
3581.5750000031167
4556.52500000532
3497.525000000757
2721.82499999862
3928.0250000040273
3675.849999999106
6165.125000005415
2674.349999999165
2243.8999999990547
4570.525000001648
5475.475000007205
9069.000000017899
1580.9749999996575
1648.349999999596
5622.250000009499
3194.099999999948
3585.0250000027067
3700.300000002056
1886.1249999993802
4547.10000000524
4095.825000005612
2789.0250000007713
5338.875000004513
9088.825000015533
8577.075000016112
3804.8000000029215
4770.775000005127
4717.525000005172
6287.825000009742
9117.275000015637
2743.87499999898
3083.799999998564
3191.3500000001923
4781.850000005053
3927.050000000855
3744.375000001279
3698.3250000021917
5784.25000000676
3585.325000003507
3237.14999999824
5103.5250000038595
6415.550000011848
2810.549999998675
2905.549999998717
1926.3249999993209
6214.300000009863
4470.0750000053495
4541.375000002512
4886.775000005042
2853.3250000018975
4860.600000005154
4595.350000005139
2265.624999999035
2091.324999999296
6126.75000000637
5524.3250000050175
5047.025000004971
6855.250000011674
9779.550000018047
1777.5499999994788
2494.124999998905
5077.0250000067845
5217.075000006157
1822.0749999994382
4460.600000005287
5032.075000004957
4118.10000000478
4799.275000005376
4688.350000005096
7325.825000009119
5242.325000007091
4592.350000005159
4815.050000005077
4773.32500000507
3840.1000000016743
5642.600000007644
5195.775000005082
4825.7750000051155
2885.350000000859
2492.0749999995596
2770.825000000749
5014.8250000059725
3243.2999999985927
3624.124999999338
3885.775000005823
2176.77499999911
2396.299999998916
5122.300000005238
3622.5000000036653
4030.1000000048357
6926.25000000822
2420.6499999988937
6072.575000007771
3887.300000005828
5589.075000008117
6626.450000011896
6141.5500000081065
3669.7999999999192
2391.3249999989202
5311.825000006134
3847.5000000021723
4129.3500000031145
6513.050000011068
4747.075000003294
3675.5250000002984
3217.04999999857
3997.000000005147
6753.100000011541
5526.250000006367
6691.85000000939
4830.000000002374
2525.0499999987987
6053.800000006393
5970.2750000063825
4150.100000005577
7050.3500000111835
6910.5250000115475
2779.5999999990677
3281.574999999383
2893.324999999347
2242.3499999990563
7004.275000011326
4770.325000000023
3871.0250000019473
1787.8499999994692
3138.600000000854
2340.2999999990116
5783.525000008699
5326.625000004517
2048.799999999232
3079.0500000012375
4920.800000004968
3291.27500000111
2085.299999999199
4179.3500000055365
2064.599999999219
8212.50000001458
3300.775000000654
1618.574999999615
4933.350000006029
2314.8499999989904
3219.799999999628
2960.5749999998625
2410.1249999989036
1819.9999999994402
2543.899999998782
4376.200000003618
7300.250000010589
5184.125000004462
6001.800000010174
5240.0750000050375
1660.824999999585
4681.050000004923
3192.8999999981916
2592.5499999991616
3146.3500000016415
7241.5250000108845
2293.02499999901
2471.5249999994294
3775.775000000879
4715.30000000149
4925.82500000505
3745.8500000020913
7353.325000012046
2581.8499999996966
7417.825000012238
2224.8749999990405
1611.52499999963
5317.525000006042
2059.0999999992227
3167.5000000010937
4520.600000005248
3363.5250000009482
4256.600000002757
5219.550000005125
3441.2750000010865
1921.324999999348
1773.5749999994264
3294.2999999980993
3542.6000000005592
3975.325000005667
2549.525000000313
2224.799999999072
2942.549999998954
3324.3750000005125
5588.275000005497
2175.0749999991094
2855.6249999993993
4034.5500000057423
3503.600000000963
4951.750000001053
1906.049999999362
5118.02500000576
1794.074999999464
5755.250000006167
4635.875000003794
5997.100000006229
2674.624999999044
2504.849999998817
3285.399999998185
9024.2250000153
4339.625000005389
4848.3000000051
2927.649999998433
5564.250000006882
7835.075000013023
3565.8500000022204
5159.350000005717
4869.850000003195
2432.099999999674
7451.350000011249
7704.00000001243
3493.7499999998417
4651.250000006558
3219.0750000010808
4074.8750000029004
1891.5749999993752
3725.624999999484
2006.7499999992706
3157.3749999991187
1975.8749999992983
1958.5999999993142
2771.8999999992548
6973.025000007836
5997.550000005981
3920.100000000929
4686.375000002214
7879.075000013747
1859.3749999993884
4317.524999999772
3501.799999999859
2516.549999998807
2140.37499999908
2721.1249999986594
2929.0999999984315
4326.7750000023025
2210.7749999990847
1950.5999999993214
2130.624999999158
4036.050000005719
1982.824999999292
5353.325000006236
3561.7749999996945
5937.500000004135
6099.025000006373
3387.0500000001934
2369.8499999995156
2529.1249999987954
5634.5250000045
4015.125000001729
4055.325000005658
5758.550000007169
4855.550000005424
2678.14999999866
3808.3000000058705
4605.600000005122
2603.299999998728
3690.6250000014134
2822.800000000419
2852.799999998501
4105.775000000947
2965.6249999992897
5231.350000003591
4381.5250000054475
2508.324999998814
4706.8500000050835
3609.075000000517
3550.0499999987223
3703.6000000039053
4522.325000005349
3192.0500000032507
2245.5999999990413
2953.8250000000494
4613.600000005153
4244.600000005475
2702.599999999654
7570.0000000115
1500.5499999997307
3558.050000001489
4593.825000005715
5505.125000004506
2238.574999999201
4219.52500000218
1888.1249999993784
2098.599999999187
2921.149999998439
5249.800000004794
4062.875000003013
5734.350000006749
3470.250000000734
4549.850000005304
5673.275000005084
2869.874999998793
8620.72500001469
3868.0750000028675
5927.025000005117
3496.300000000974
4777.10000000504
2009.0999999992682
2813.8999999985363
1921.0749999993204
3091.800000003176
2179.074999999114
2743.049999998695
3451.8500000030053
5390.100000005144
5212.275000002703
4170.024999999256
3500.2750000000524
4996.825000004922
2479.5499999988406
1743.5749999995098
4408.600000005352
4876.250000005504
4052.0250000011747
3637.0250000030783
2798.074999998752
2457.124999998861
4167.750000005697
4119.975000005683
4162.775000000669
3981.5750000057133
5490.775000006309
5199.2500000044365
4813.0250000051365
6798.225000010893
5523.800000007253
2006.0749999999302
4037.3999999991943
4186.10000000554
2776.1249999985703
1716.0749999995346
5814.825000006607
5454.000000004713
3094.399999998281
4845.275000003884
6277.850000007608
5717.2500000048285
3208.824999998177
4930.525000004911
1936.5499999993342
4141.775000002994
1767.099999999404
3378.8500000004638
4706.525000005256
6653.550000011844
2429.325000000634
3943.0749999990976
4144.800000005689
6636.000000008095
7248.325000011288
7523.750000012267
3468.0750000005355
4282.750000003907
8334.025000012789
3000.050000002732
2705.049999998635
3340.799999998413
3703.3250000013254
5583.525000005194
1467.074999999761
5792.050000004487
5674.275000005046
4907.300000002253
4951.550000005811
4752.27500000519
1750.5999999994253
2196.349999999098
4275.325000005505
5101.6250000032605
7322.325000010982
5992.800000010267
2277.599999999024
2483.099999998837
1620.3249999996217
2447.3999999988696
3243.64999999873
4966.300000006433
5046.475000006255
5214.350000006124
5487.725000006745
3029.7500000002624
4036.5250000056885
4930.525000004949
3660.2750000023493
4443.850000002851
6021.025000005489
2463.5749999993564
2912.8250000006715
4632.075000006094
3632.3500000027866
3182.149999998681
1331.049999999885
3785.300000002953
2579.3250000003572
3092.0499999994536
2569.0999999994083
6707.525000009299
2592.124999999119
2950.1000000012505
4375.850000005454
2240.8249999990576
5772.575000005472
1380.5749999998277
2848.824999999754
2773.374999998573
2180.8749999991123
5101.050000002275
3520.6249999993743
5046.35000000483
5725.800000009989
5321.075000007235
5548.125000004454
2333.299999998959
1951.5749999993207
2028.099999999249
4562.3250000052885
5122.575000006564
4802.325000005048
2722.874999998619
4507.12500000147
2541.325000000237
7143.475000009988
3985.1250000019495
3636.7750000043784
2341.3499999989663
7055.825000011249
2593.7999999987364
6823.050000011584
2667.575000000732
3563.874999999172
5565.000000008191
2654.5499999986814
4041.0750000056673
4756.025000005152
2043.8499999992364
2520.1249999988036
2807.2749999998005
3023.3749999983456
2592.074999998738
4260.300000004596
1818.7749999994412
3248.5250000008627
3343.0499999996437
4876.525000004889
1665.324999999581
4591.300000005228
3351.8250000024263
4503.050000005438
3403.0499999980566
7561.725000013005
4354.375000000347
4105.825000005528
2281.099999999021
3004.2999999985113
4063.2750000057877
4800.350000005026
3526.124999999597
2429.300000000471
2628.599999998705
2762.274999998772
5360.625000005311
3123.0999999992137
5179.125000005546
3626.500000002415
3539.8750000001282
2197.84999999908
5906.80000000504
6877.7500000113505
3143.3250000020807
2313.024999999582
6770.3250000086955
4572.825000005212
4137.025000004537
6235.350000007838
4571.275000005371
2523.124999999597
6835.300000011522
4005.3250000057315
4201.350000005591
6646.750000009428
3387.8249999983354
3103.049999998644
6132.050000007095
2998.349999999423
2661.849999999639
4648.800000005259
2035.5999999992441
2129.849999999158
3254.2750000001515
4095.0250000006413
1804.8749999994538
7404.350000010895
4253.82500000547
3925.3250000016706
2561.325000000242
3222.075000000889
4281.60000000143
3262.6000000021704
3231.0500000006155
3367.649999998035
2089.599999999195
4692.575000005785
3465.374999999701
5732.025000003321
2202.849999999604
4518.525000005405
2710.024999998631
2275.524999999026
3442.874999998657
6313.025000010432
2161.54999999913
1695.5249999995535
1866.349999999373
2715.3749999986258
4771.800000005178
7202.025000009679
2593.1249999987367
2210.5999999990845
2622.324999999185
7546.225000013039
4261.850000002981
3549.0750000028415
6271.800000009082
2521.3499999988026
2957.549999999789
4450.100000005269
7050.250000008835
3623.2750000011747
4420.375000002537
3282.575000000906
3116.849999999674
4068.5750000056946
4610.075000004551
2852.0499999990648
1826.5999999994342
2305.049999998999
7670.000000012937
2209.8749999990855
3036.124999998334
5099.725000003452
4143.325000005624
4614.525000005217
4029.5000000006144
3336.124999999336
4134.575000005621
3029.89999999834
2436.8249999988793
4614.32500000519
2560.099999998767
3813.07500000078
2517.299999998806
2126.5999999991614
2430.1249999988854
3562.0750000024505
1894.074999999373
4555.85000000519
2465.0499999988533
4979.825000004874
2752.824999999574
5401.775000005785
2366.349999999505
2672.5750000001276
4301.600000001204
1776.0999999994801
4778.325000003855
3742.325000002271
4067.8000000024504
5710.825000004209
4245.600000005496
3941.0250000005876
6658.075000011523
1967.2999999993062
6580.325000011637
4482.800000000229
6537.100000007453
4840.975000005823
5530.100000006551
3049.5749999984064
6324.800000008614
4505.100000004984
2773.250000000374
2437.0999999992728
3278.0250000008164
4633.825000002498
2757.124999999958
3026.124999999118
4537.850000004291
7905.525000011467
6746.325000011509
2335.5499999989715
5140.125000004652
8433.225000013148
4620.875000005188
4998.800000006384
9521.500000017428
2945.325000000936
4650.975000005215
2689.2999999986496
3979.8500000019285
1834.8749999994266
3932.2750000027536
3390.899999998535
1703.0249999995467
4921.75000000506
2490.8000000011484
2524.099999998996
6788.000000011643
3752.0500000036777
5740.500000008592
3160.250000002055
5982.10000000688
4834.600000005852
2724.125000000061
7584.350000011245
4302.55000000551
1948.799999999323
4269.350000003756
3348.1250000000528
2368.5999999989417
4385.275000002596
3701.3749999991333
4131.80000000301
3211.549999999257
2837.124999998606
4519.575000005309
1530.8249999997033
6471.825000011748
4078.8250000056973
1500.3249999997308
3572.625000000638
2356.874999998943
4991.550000004885
3769.62500000138
5577.100000006748
3600.32500000008
4787.025000005205
2896.149999998461
1804.3499999994544
3126.1249999984275
4446.275000005417
2748.299999999569
2907.8749999984507
5173.775000002644
7086.0000000089185
3548.8500000003237
3854.850000000864
7206.225000011875
5769.325000005773
3121.2999999982567
5267.000000003515
2582.5999999997794
3072.3250000001226
5325.050000005364
7241.500000011998
2106.14999999918
6007.075000008875
2658.049999999608
2709.8000000006946
3429.075000001796
6171.575000009859
4389.000000003914
3124.874999998645
2030.8249999992483
9557.975000017239
3437.250000001344
6660.800000011739
3745.25000000208
5734.050000006645
6999.325000011301
2276.3249999990435
1901.8749999993656
4773.300000005842
2819.5499999985313
2463.1249999988554
4010.3000000001757
2449.299999998868
2830.4999999994
4507.1000000040995
2282.524999999019
4181.325000005567
2746.6499999985977
4894.850000004948
3150.8499999996748
3765.000000000326
5921.075000006814
3019.2750000002507
5263.525000004688
3104.5499999990966
4333.3250000055195
3797.8250000057124
7347.07500001108
6603.275000011687
4734.825000005135
1880.849999999385
4142.075000001118
6126.750000006824
2959.025000000205
4978.275000004936
6320.075000010714
4756.275000002806
2839.325000001491
7755.000000013247
2798.8749999990428
3673.3000000055436
3080.8749999984075
2939.0999999987844
4614.025000001374
4551.575000005378
5632.350000007105
4369.025000005465
1948.5999999993232
5795.475000006308
2056.3499999992255
5393.775000004762
2293.0499999990097
4997.625000004816
5572.275000006026
3110.799999999087
2565.649999998762
1855.7999999994076
4768.050000005089
4088.5750000056305
2617.549999998715
5407.100000006321
5035.500000007172
4563.5000000054315
5652.5750000057105
6072.800000007303
4839.975000005563
6033.800000009019
2351.124999998957
3024.8000000006277
2507.249999999311
2843.0250000011397
4217.100000004493
5796.000000006932
2206.074999999089
6386.525000009903
5647.750000006949
7587.725000013206
2196.2749999990983
7028.750000009549
3405.7750000000115
5614.775000007066
3366.6000000003723
4055.5000000019854
7091.225000008267
4511.850000003771
4307.775000003161
4507.525000005373
4915.100000004929
5390.325000007275
1909.8249999993586
7753.250000010675
4132.1000000056465
2868.5499999990834
7248.275000010191
4040.8250000057433
2336.149999998971
5330.100000005418
4760.375000005048
4393.025000004103
5904.250000005188
3212.0750000024977
5133.825000004735
1913.0999999993555
3888.1000000026993
2691.2999999986478
5830.025000008787
3157.800000003327
3759.075000000353
5269.275000004833
1998.8749999992192
2142.049999999147
5607.525000005162
8269.775000012916
1891.5499999993751
7381.500000009322
6068.525000005878
2018.8749999992592
6616.750000009807
9462.825000016896
3913.0750000057315
4160.325000005617
3030.574999998339
3239.12499999893
4387.025000002747
4739.525000003014
5415.550000008262
3706.7500000021255
4388.350000005368
1865.5499999993988
3285.5499999986005
1297.7999999999151
3290.8499999981573
1783.0999999994738
3192.0250000007504
4266.374999999576
4418.325000001681
4261.575000005543
6209.975000008202
1956.324999999316
5202.050000007834
5597.575000005765
4144.350000005599
2674.300000000271
4980.6250000042755
2063.299999999219
2788.5499999985595
4325.60000000413
1658.8499999995547
2721.0749999992827
3274.575000003047
5189.200000004531
6481.850000009941
7986.475000013796
2923.62499999986
3504.1499999991397
4553.600000005234
7695.825000012319
4318.075000005481
4273.2749999994685
3911.8000000008033
7112.550000008961
3485.32500000258
9188.575000017474
3094.049999999297
4885.600000001756
4307.825000005431
2953.2250000011677
3673.350000001168
3924.5750000048397
3198.3250000010357
2590.8499999987393
2118.7999999991684
3539.3749999990264
4376.525000001895
7259.50000001128
2559.574999999078
6103.725000005526
3205.0249999985763
1964.1249999993092
5699.27500000713
2499.075000000279
6363.3500000082
4745.800000005604
2572.349999998756
5215.500000006812
3828.350000003097
3719.275000000073
3337.8249999989857
2544.475000000389
2277.825000000147
3348.0499999987924
3437.575000000225
4740.325000003113
7172.775000011655
2598.0249999987323
5617.300000007777
6375.250000006552
3151.825000001849
3557.8750000005234
7182.750000011548
5219.300000005437
4481.275000003567
3004.2999999998515
5480.5500000065485
2030.374999999249
4639.100000005182
4445.075000005329
4242.600000005515
7049.000000009552
2705.3250000003554
4067.5250000058045
5715.100000007031
4023.025000002382
1920.5749999993486
5261.750000007921
5202.600000004995
3289.8249999991085
4692.050000005172
5081.2750000054375
4408.800000002086
5623.3750000054715
2459.874999998858
5949.000000008889
6836.275000011556
3241.374999999301
4968.2750000050555
2768.624999998563
5230.600000005965
3802.025000004211
1934.8499999993358
5022.625000005082
2102.824999999183
3072.0749999999534
4073.000000001934
3417.850000000194
3821.25000000271
5475.525000003272
4210.975000004128
4847.250000003263
3171.074999998826
6232.500000010532
4117.075000005627
4053.325000000196
5118.7750000055075
7709.000000011185
5376.075000004221
3178.5499999994
2688.6000000001704
5390.600000005729
3629.600000001768
3120.1499999982575
4978.85000000486
2016.5749999992613
5512.475000005792
2794.0500000008096
2712.8499999991
4836.025000003459
4378.575000005444
3557.549999999281
3915.300000000676
3317.874999998532
4548.500000005267
7037.100000008069
5768.200000009188
3006.625000000102
5630.2750000043125
2937.8000000020184
4687.77500000124
6513.30000000975
5491.600000005409
6015.000000006696
6483.850000006506
3081.7750000003243
2458.3499999988594
4683.325000005143
5208.500000006843
5047.525000005146
2028.84999999925
5034.075000005241
4151.600000003465
3621.325000004058
3473.1000000004997
5452.750000003814
5699.350000004394
4829.0750000058215
4939.050000006953
