6460.025000007198
7777.725000013175
5295.300000005411
2966.549999999088
2146.049999999144
9164.025000015807
2464.299999998854
4987.725000005234
2500.999999998821
2610.999999998721
2799.4999999989955
9656.025000017598
3865.5000000031246
4577.05000000311
8025.975000014083
7818.22500001314
7405.450000011303
2335.024999999542
3421.5749999993186
4975.52500000223
3855.5000000019368
3387.500000000042
2729.7999999986127
7403.000000012096
3052.5499999991725
4224.3000000003685
6257.750000007822
2559.5749999987675
4242.475000003166
5288.550000001764
7207.775000008691
3761.2999999986514
6716.950000009522
5006.275000003136
6885.800000007519
2731.524999998611
10533.50000002079
4012.5750000015055
3224.8249999987133
5091.050000002416
4588.9750000059375
2063.2499999992187
7777.275000013431
8703.00000001413
3726.0250000027822
5948.025000009284
4566.975000004963
4164.225000002206
2872.0749999992004
5342.275000005786
4186.0250000033475
5085.725000005648
4132.525000001777
3397.5749999980053
4476.775000004219
4293.849999999985
6726.050000006938
3262.2499999994766
2776.54999999857
5145.525000003259
6099.225000008177
9664.000000019507
2251.4749999990477
2185.5499999991075
6191.450000010571
3718.775000000277
4216.500000002958
4254.475000002626
2439.8249999988766
5152.275000005448
4681.000000005882
3340.2250000010004
5964.075000005231
9667.77500001764
9223.000000017873
4445.475000003352
5478.0250000057495
5339.050000005512
6827.750000010567
9879.750000018412
3290.0749999991804
3742.499999999388
3742.300000001057
5437.800000005912
4650.300000001489
4309.550000001544
4265.5000000025275
6411.500000008466
4144.000000003748
3851.5749999986874
5865.725000006041
6977.200000012764
3598.9999999990105
3618.8499999989563
2461.499999999418
6823.225000011038
5052.000000005698
5182.800000003514
5573.775000005279
3327.850000002103
5370.525000006113
5107.75000000536
2824.074999998527
2630.2749999994894
6792.275000008185
6074.2750000065025
5696.975000006203
7586.225000013066
10410.275000020341
2377.499999998933
3032.549999999087
5637.9500000077405
5775.025000007097
2452.749999998865
4991.800000005478
5709.025000005972
4653.775000004969
5396.975000006381
5241.775000005668
7998.275000011567
5757.775000008088
5099.525000005649
5433.5500000059
5375.525000005618
4400.275000002718
6386.275000008953
5972.200000006262
5457.02500000585
3400.5500000010315
2986.499999999741
3277.525000000947
5615.500000007088
3942.524999999721
4244.074999999511
4393.725000006138
2728.7749999986136
2940.5499999984213
5714.2750000062715
4183.000000003891
4565.800000005051
7560.225000009972
2962.57499999883
6603.250000009227
4372.800000006009
6099.275000008906
7254.650000013001
6819.025000009211
4378.300000000191
3000.7999999983663
5894.050000007001
4449.500000003147
4659.525000003667
7161.500000012193
5363.300000004222
4305.025000000501
3855.824999999388
4558.425000005483
7298.5000000125
6245.175000007532
7246.050000010169
5647.725000004664
3165.299999998624
6635.750000007687
6694.275000007868
4744.775000005765
7615.275000012238
7523.725000012663
3394.074999999334
3906.574999999604
3462.30000000002
2789.049999998559
7583.000000012781
5398.050000002107
4447.750000002918
2277.2999999990243
3675.050000001115
2924.7749999993193
6432.250000009729
5882.300000005138
2600.7499999987303
3593.7250000014255
5547.775000005972
3909.5000000013956
2700.2499999986394
4767.275000005742
2544.0249999994076
8810.000000016196
3929.9750000008958
2090.5249999991943
5433.250000006884
2905.524999998453
3947.299999999926
3513.2500000002037
2987.799999998618
2474.274999998845
3202.099999998183
4951.900000004533
7963.750000012378
5699.100000005309
6543.225000011171
5803.550000006653
2168.774999999123
5184.725000005742
3792.5999999980363
3171.7499999994234
3621.5250000019414
7957.275000012781
3021.224999998348
3045.5249999997527
4478.725000002189
5351.550000003229
5555.775000006189
4349.05000000237
7948.250000013666
3094.524999999928
8011.000000013863
2755.324999998941
2140.474999999149
5938.525000007022
2542.049999999039
3762.225000002143
5041.275000005525
4066.475000001308
4836.800000003698
5898.525000006142
4204.050000001456
2455.5249999988623
2267.524999999033
4016.9749999984706
4170.025000001573
4462.300000005877
3118.4750000005324
2760.249999998887
3550.049999999238
3833.825000001383
6273.4750000066715
2681.9999999993083
3470.0499999996214
4634.475000006002
4093.250000001267
5621.55000000292
2547.274999998779
5755.200000006887
2352.749999998956
6427.500000007565
5249.800000004128
6526.525000007672
3198.0749999992677
3193.324999998191
3822.849999998331
10062.425000019075
4896.325000005517
5558.300000005385
3608.2999999987182
6229.400000007972
8473.52500001463
4132.800000002442
5691.275000006542
5414.275000004647
3028.274999999862
7999.025000012753
8282.750000013997
4282.700000000848
5154.225000007589
3695.550000001317
4572.300000003092
2381.2499999989295
4299.324999999837
2581.2749999987477
3806.0749999998907
2475.324999998844
2476.7749999988428
3302.074999999534
7676.275000010395
6576.000000007548
4478.275000001349
5396.300000004188
8568.50000001571
2398.824999998914
4952.050000001431
4194.800000000141
3261.0749999981294
2671.074999998666
3249.04999999883
3511.549999998455
5093.000000003666
2855.7249999984983
2562.0249999987655
2597.624999998733
4591.725000005988
2474.27499999925
5966.00000000722
4170.8249999998525
6612.500000006525
6773.300000007899
4031.2500000008386
2922.774999999719
3114.549999998832
6281.550000005759
4587.325000002549
4603.250000005854
6462.275000008283
5495.250000006537
3264.5749999984478
4291.9750000061495
5172.050000006026
3332.3499999981927
4323.800000001613
3401.4750000006593
3488.0249999987013
4817.575000001397
3579.5499999995627
5790.300000005031
5012.775000005646
3247.049999998142
5353.525000005655
4266.550000000856
4209.849999999499
4273.800000004128
5192.525000005576
3690.7750000034657
2758.7999999985864
3488.7500000003047
5148.550000005714
4855.050000005744
3277.799999999858
8318.200000013463
2022.0249999992564
4072.7500000022674
5095.525000006682
6037.82500000527
2774.5249999993584
4820.275000003197
2484.049999998836
2677.2999999986605
3451.074999998471
5979.300000005989
4732.575000003161
6387.550000008697
3993.5250000015512
5137.025000005544
6370.550000006818
3407.7999999997874
9356.750000016624
4457.725000003888
6548.825000006687
4122.550000001242
5317.275000005518
2548.549999998778
3382.3249999980194
2390.2999999992426
3579.9750000033473
2798.024999998551
3373.7999999990043
3958.300000003155
5933.77500000666
5946.525000004807
4937.32500000043
4237.475000000888
5590.525000005629
3074.299999998831
2247.024999999052
4931.27500000554
5489.7250000065505
4808.22500000189
4241.475000003306
3393.024999999041
3041.524999998788
4740.725000006
4684.725000005926
4837.0250000018
4510.725000005979
6088.975000007345
5878.550000005394
5462.8000000053535
7302.225000012535
6110.2250000083295
2440.2750000001943
4689.350000000357
4778.550000005703
3291.0749999982245
2225.7249999990713
6415.2750000083415
6331.750000006972
3678.32499999802
5443.0250000048545
6844.5250000088745
6589.950000007193
3878.824999997903
5593.0250000062615
2481.4999999988386
4866.300000003234
2240.8249999990576
3971.550000001462
5354.725000005492
7305.2500000129785
2881.7750000009714
4498.3250000001135
4726.500000005842
7329.050000009271
7855.500000012931
8275.200000014429
4106.300000000775
4888.200000004966
8920.750000014923
3516.7000000030293
3347.324999998144
4216.224999998673
4348.550000001714
6434.725000007668
2012.9999999992647
6392.55000000601
6407.45000000698
5525.325000003152
5537.500000006772
5428.225000006263
2172.5749999991194
2738.024999998634
4817.22500000574
5665.575000004389
7933.0250000120905
6594.975000011382
2818.024999999156
3078.5499999989474
2132.9749999991554
3099.074999998277
3798.09999999892
5550.500000007596
5633.725000007136
5904.77500000725
6198.675000008042
3690.975000000799
4538.250000005986
5487.275000005211
4307.525000002563
5107.025000004045
6625.300000007095
3048.4999999996207
3424.475000000893
5127.225000006941
4202.525000002981
3744.5999999995893
1818.2499999994418
4350.725000003432
3160.50000000069
3780.04999999976
3054.0499999996564
7416.275000010799
3107.0249999993675
3432.30000000147
4937.775000005695
2846.049999998513
6505.775000007505
1848.5249999994141
3474.049999999974
3338.824999998669
2652.399999998683
5662.750000003694
4058.5500000001884
5657.275000005797
6229.975000010887
5830.47500000811
6130.32500000586
2943.7499999984184
2486.224999999127
2597.524999998737
5244.800000005517
5640.725000007465
5377.300000005248
3352.824999998046
5092.8250000023045
3073.775000000432
7819.500000011774
4529.550000002843
4178.70000000463
2848.7749999985554
7636.500000012515
3204.2999999986355
7458.50000001266
3222.725000001056
4216.0749999997215
6256.675000009621
3308.049999998631
4549.725000005865
5421.500000005402
2570.749999998757
3021.6249999989586
3430.5000000001846
3538.5749999986742
3143.79999999842
4818.225000005125
2413.024999998901
3898.275000001092
3930.3000000005827
5542.500000006167
2144.524999999145
5161.550000005462
3851.025000002652
5255.250000005809
4179.02499999899
8244.650000014964
5003.100000001983
4554.550000005812
2814.5499999986237
3693.7249999992196
4611.225000006031
5432.525000005848
4094.300000000455
2914.450000000677
3294.549999998559
3439.7249999990977
5937.550000006203
3763.5749999994373
5742.3250000063545
4319.45000000263
4208.550000000614
2704.0499999991257
6579.550000006913
7521.4500000125645
3641.2500000022783
2859.449999999937
7436.00000001053
5060.25000000606
4689.475000004779
6806.525000008751
5173.200000005792
3091.7999999999074
7480.7500000127275
4515.52500000598
4870.525000005846
7357.000000011358
4185.099999998616
3726.274999999737
6783.300000008037
3562.2999999996173
3172.79999999982
5265.2750000055385
2631.549999998702
2694.7999999986446
3954.475000000364
4687.500000002301
2307.8249999989966
8084.025000012557
4765.000000005731
4531.000000002753
3051.0250000004903
3818.0500000011816
4863.550000003116
3775.800000002361
3768.725000001509
4026.3249999987465
2596.549999998734
5199.250000006653
4083.825000000587
6363.80000000562
2695.0749999997897
5168.450000005878
3373.2749999983507
2860.249999999227
4011.324999999121
6880.000000011324
2719.74999999876
2345.799999998962
2369.5249999989405
3363.8499999980936
5437.250000005542
8066.025000012078
3208.824999998198
2718.2749999992393
3241.2749999994717
8243.900000015034
4794.050000003154
4078.2750000031265
6838.025000009991
3063.0499999987233
3506.749999999976
4956.275000005441
7654.2750000104215
4169.475000002116
4986.325000002687
3819.750000001948
3582.7750000004144
4682.525000005965
5141.0000000053515
3434.0249999993903
2334.549999998972
2945.2499999989086
8304.500000014716
2722.074999999043
3548.2999999983413
5757.72500000528
4810.750000005816
5261.550000005456
4671.450000002039
3929.2999999998924
4773.500000006039
3625.8249999987356
3006.999999999032
5201.275000005413
3071.2999999988006
4458.825000000914
3065.2999999983817
2640.274999998694
2909.874999998455
3984.8250000032685
2434.999999998881
5107.050000005462
3131.7499999983684
5623.050000005659
3359.024999999902
6001.525000006708
2934.2749999997322
3157.025000000381
4941.82500000206
2254.299999999045
5416.800000005046
4348.750000002562
4727.050000002702
6511.575000006248
4780.525000005675
4660.000000001994
7214.775000012324
2599.2999999987314
7174.2750000124925
5104.325000001747
7188.300000009151
5490.675000007019
6132.500000007685
3670.0749999988025
6904.975000010221
5065.775000005192
3337.500000000556
2925.049999999518
3977.725000001195
5302.825000003412
3422.8000000002407
3566.5750000000025
5070.800000004864
8616.500000013815
7297.275000012429
2936.7999999984245
5703.075000005413
8995.750000015194
5161.025000005395
5547.475000007327
10378.775000020227
3515.7250000011804
5230.950000005903
3488.32499999852
4465.82500000267
2358.3249999989507
4552.975000003892
4031.574999999333
2292.72499999901
5625.000000005512
3017.425000001462
3018.274999999225
7400.500000012586
4345.750000003972
6370.00000000959
3681.9750000022536
6514.050000008328
5354.000000006753
3218.8500000003605
8306.300000013187
4881.250000005688
2527.249999998797
4790.275000003927
3902.0500000009583
2864.024999999043
5185.975000003304
4239.075000000658
4799.225000004275
3913.2749999995403
3402.824999998922
5097.775000005511
2105.7499999991805
7082.025000012805
4590.725000006044
2047.749999999233
4109.050000001462
2901.0749999989966
5654.050000005136
4359.550000001558
6130.525000007637
4374.5750000004
5485.70000000556
3507.8249999984255
2324.7999999989815
3872.574999998829
5027.7500000056625
3315.299999999759
3458.0749999988634
5865.800000004407
7807.300000010871
4180.025000001062
4445.05000000162
7912.425000013876
6332.50000000676
3780.549999998767
6014.4750000053755
3176.024999999999
3643.2750000003252
5913.5250000066035
7822.750000013577
2687.0999999986516
6487.625000009547
3318.549999999812
3197.725000000908
3978.0250000019637
6758.250000010832
5012.950000004992
3679.2999999990557
2617.499999999067
10210.000000019612
4021.2250000016143
7266.250000012841
4347.425000003079
6373.750000007898
7766.275000012456
2894.774999999242
2435.5499999988806
5339.475000006823
3426.04999999866
3105.0499999982712
4654.525000001159
3016.9999999986358
3454.7749999995954
5130.025000004378
3007.1999999983873
4817.2500000057735
3302.824999998173
5492.025000005935
3709.550000000193
4406.500000001314
6513.500000008506
3558.725000000514
5908.075000005107
3765.8000000001853
4938.5250000058595
4236.550000006046
8029.775000012887
7266.750000012755
5283.800000005271
2515.7749999988073
4666.775000002374
6734.7750000082415
3509.8000000004604
5566.775000005436
6914.750000011609
5481.950000004363
3338.250000001708
8407.000000015048
3288.5749999992636
4184.925000005857
3641.574999999384
3570.5499999990607
5295.025000002645
5101.525000006306
6288.500000008473
4965.5000000058035
2508.749999998814
6435.200000008095
2531.0499999987937
6021.275000005948
3046.249999998325
5602.050000005051
6297.450000007209
3714.274999999506
3134.074999998245
2345.9749999989617
5330.025000005319
4602.000000005828
3206.799999998406
5955.000000007349
5560.225000008144
5229.700000005845
6268.550000006693
6676.025000008338
5506.675000006813
6707.27500001016
2873.074999998483
3599.475000000885
3123.199999999582
3394.0250000013402
4817.5500000046595
6404.475000008245
2766.2999999985796
7053.02500001093
6204.225000007959
8207.475000014974
2816.524999998534
7867.45000001133
4048.2750000010205
6336.750000008254
3904.8000000008283
4812.200000003163
7817.5000000109085
5051.050000004011
5019.550000003414
5140.750000005709
5523.3250000052685
5916.025000008115
2549.7999999987765
8494.25000001337
4789.050000005923
3514.999999999432
7830.500000011747
4603.025000005975
3034.074999998336
5887.800000007101
5325.050000005271
5073.300000004408
6647.500000007209
3672.100000002706
5796.550000005568
2532.549999998792
4427.025000003256
3317.799999998078
6433.500000009806
3690.475000003557
4289.775000001253
6027.975000005507
2542.824999998783
2722.2499999986194
6344.550000006339
8915.000000014901
2467.024999998852
7955.000000011409
6739.300000007606
2542.0249999987836
7332.475000010902
10155.500000019414
4385.000000006001
4721.9750000058775
3658.849999998237
3869.074999999535
5013.500000003716
5547.225000004215
5928.500000009195
4316.425000003275
4909.275000005551
2424.4999999988904
4045.099999998804
1824.499999999436
3880.824999998581
2257.0499999990425
3846.200000001098
4866.0750000005155
5065.800000002928
4913.025000005752
6934.975000010337
2501.7499999988204
5676.025000008685
6204.5250000074375
4640.250000005892
3205.9750000005038
5513.325000005016
2709.749999998631
3378.2999999985627
4906.525000004981
2213.3249999990826
3308.5249999996536
3824.2750000032665
5909.650000006649
7049.050000010737
8653.475000015645
3470.800000000064
4057.849999999826
5120.225000005543
8354.250000014108
4907.225000005758
4956.250000001242
4505.800000001709
7771.250000010788
4068.2750000027336
9807.750000019198
3649.7750000000524
5491.550000003431
4795.250000005655
3647.4250000014995
4217.5000000020755
4432.225000005058
3733.750000001701
3120.549999998709
2780.5249999985667
4052.8250000005887
5022.025000003097
7894.950000012388
3144.749999999317
6782.2500000073505
3847.049999999394
2513.8249999988093
6450.72500000848
3039.7500000004597
6891.850000008972
5305.250000006617
3185.049999998919
5778.2500000076925
4338.25000000331
4512.450000000324
3977.32499999925
3162.1750000006186
2761.7500000003693
4036.499999999982
3977.0500000003963
5244.775000004474
7921.25000001383
3265.799999998225
6137.000000008662
7095.5250000082815
3738.5000000020764
4345.300000000733
7838.5000000134205
5847.300000006348
5087.0000000046575
3689.10000000006
6128.475000007853
2567.2999999987605
5293.550000005522
5015.725000005931
4745.025000005735
7670.775000011245
3278.475000000672
4679.725000006019
6276.500000008032
4650.775000002827
2539.274999998786
5851.200000008921
5754.550000006142
3868.2999999998874
5416.500000006056
5678.775000006401
5022.800000002291
6203.3000000070915
3149.049999998723
6579.475000009962
7402.525000012522
3858.8250000003395
5692.275000005727
3294.574999999272
5813.800000006893
4375.0000000044565
2488.2999999988324
5570.025000006068
2629.749999998704
3656.775000000177
4666.275000003073
4002.0500000011243
4443.675000003851
6140.050000004972
4927.675000004414
5505.025000004195
3784.7749999999464
6811.225000011556
4654.225000005914
4722.575000001263
5830.300000006521
8523.975000013486
6077.275000006232
3821.8499999995597
3236.8000000004095
5995.5500000067195
4147.775000002007
3739.3249999985023
5613.300000006006
2581.024999998748
6187.72500000774
3351.725000001083
3315.2749999995413
5448.550000004312
4957.025000005616
4159.075000000148
4564.050000001598
3935.049999999523
5362.300000005496
7716.800000010542
6401.650000010285
3571.8250000002563
6345.52500000621
3485.975000002247
5566.7500000028585
7103.250000010776
6221.800000006938
6867.47500000899
7199.800000008661
3759.925000000623
3044.774999998769
5211.750000005372
5852.500000007937
5621.300000005969
2544.2499999987813
5577.750000006242
4696.300000004399
4105.025000004306
4079.275000001472
6184.050000005661
6226.52500000538
5344.275000006623
5456.4500000078415
