5592.075000005676
7100.500000011287
4578.6250000051605
2430.099999998907
1635.3249999994873
8389.325000013041
1860.1249999994036
4314.825000005002
1904.5999999993633
1874.2499999993909
2161.09999999913
8856.30000001544
3250.325000002878
3925.1250000028804
7382.300000012294
7084.550000011106
6559.750000009987
1794.0749999994505
2688.074999999116
4336.600000000762
3222.3500000015565
2817.849999999756
2020.3499999992582
6720.300000010754
2422.874999998937
3393.3499999997775
5648.825000006271
2002.6249999992742
3413.0000000028335
4580.050000000616
6636.350000006793
3122.649999998255
6015.000000008335
4324.350000002069
6160.600000005488
2164.0999999991272
9766.250000017997
3498.3750000012997
2486.374999998834
4361.350000000972
4013.075000005668
1501.0749999997302
6953.550000011195
7967.8000000117745
3102.300000002507
5473.050000008456
3902.2750000047135
3469.275000001965
2271.8749999990296
4609.325000005209
3518.350000003077
4487.575000005306
3405.075000000644
2639.399999998695
3872.3500000040312
3589.1499999989755
6114.625000005295
2619.1249999991173
2189.3999999991042
4503.100000001485
5408.750000007114
8996.575000017683
1505.0499999997267
1583.0999999996557
5535.025000009382
3134.099999999929
3513.800000002654
3648.5750000020444
1820.0999999994401
4486.350000005224
4041.825000005586
2693.0500000007623
5271.625000004472
9046.57500001538
8517.575000015957
3729.8500000028976
4694.850000005087
4619.550000005119
6229.325000009663
9052.550000015402
2670.84999999896
3017.0499999985323
3139.350000000105
4702.32500000505
3853.375000000836
3673.8750000012556
3643.1000000021686
5703.525000006525
3520.5750000034973
3193.899999998224
5018.275000003632
6352.0500000117345
2730.32499999865
2840.874999998695
1855.5499999993467
6163.825000009787
4413.850000005318
4482.125000002403
4794.57500000501
2807.3250000018684
4801.325000005099
4555.850000005119
2218.6249999990778
2029.574999999253
6040.8000000061365
5459.125000004908
4953.50000000486
6740.750000011534
9711.5750000178
1710.5999999995397
2445.374999998899
5018.050000006696
5146.62500000607
1784.5749999994723
4395.575000005292
4922.375000004881
4079.350000004774
4732.075000005278
4633.850000005081
7264.075000008896
5199.825000007028
4544.850000005139
4726.100000005025
4714.350000005041
3761.8250000015887
5606.850000007604
5104.525000004944
4729.300000005091
2843.6000000008526
2430.5999999995183
2685.0500000007246
4936.075000005899
3173.3249999985733
3571.374999999319
3806.7750000058027
2075.074999999164
2320.624999998985
5066.350000005186
3567.8000000036614
3982.100000004824
6846.800000008028
2377.6499999989333
6028.575000007665
3832.0500000058128
5531.575000008031
6542.000000011757
6062.850000007955
3471.0999999998235
2332.1249999989745
5223.875000006018
3776.575000002077
4066.625000003095
6457.100000010985
4683.375000003177
3588.3500000002714
3124.349999998543
3911.500000005121
6696.100000011452
5452.250000006258
6626.35000000931
4697.775000002016
2454.8499999988626
5990.600000006278
5896.100000006294
4096.350000005565
7006.850000011122
6831.075000011412
2689.399999999044
3222.1499999993725
2800.3499999992973
2183.5999999991095
6925.825000011159
4693.874999999802
3797.8250000018234
1734.8499999995174
3057.3250000008366
2262.5749999990326
5720.8250000085845
5270.375000004475
1982.0999999992928
3012.0750000011826
4830.600000004925
3226.575000001084
2025.0999999992537
4134.350000005534
2018.3499999992487
8132.775000014361
3207.75000000064
1550.7999999996389
4892.600000005949
2260.849999999039
3095.8499999996156
2868.574999999826
2350.8749999989573
1771.5749999994844
2481.3999999988387
4313.475000003489
7237.5500000104275
5141.125000004396
5955.050000010104
5157.8250000048665
1613.3249999996283
4628.325000004828
3150.1499999982307
2498.2999999991307
3076.825000001665
7136.6000000105805
2236.0499999990616
2396.7749999993794
3670.275000000733
4641.875000001283
4843.575000004963
3663.3250000020707
7294.575000011882
2539.099999999678
7359.325000012074
2145.599999999071
1546.8249999996885
5246.350000005928
2019.0999999992591
3120.0500000010793
4449.075000005252
3277.750000000968
4209.850000002672
5115.075000004914
3373.3500000010754
1852.8749999994102
1699.0749999994594
3206.7999999981785
3485.8500000004574
3943.075000005671
2484.575000000273
2161.09999999913
2850.3499999989563
3260.350000000446
5513.0250000053875
2096.574999999143
2802.1249999993747
3983.575000005698
3459.3500000009585
4899.85000000093
1816.8249999994207
5051.550000005628
1719.7999999995225
5669.775000006044
4580.625000003769
5953.600000006114
2599.3499999990413
2447.3999999988696
3244.6499999981916
8869.725000014736
4281.875000005371
4763.625000005032
2874.1499999984812
5493.250000006742
7784.325000012892
3494.0750000022163
5104.8500000056265
4808.350000003027
2382.3499999996648
7386.100000011093
7625.050000012188
3424.7749999998136
4586.525000006488
3181.075000001061
4018.125000002912
1843.074999999419
3683.8749999994857
1930.0499999993401
3081.599999999085
1933.1249999993347
1898.349999999369
2728.1499999992443
6883.600000007511
5932.8500000058075
3856.600000000893
4626.375000002041
7813.575000013543
1761.349999999441
4231.849999999645
3437.6249999998304
2444.849999998872
2071.0999999991072
2673.374999998664
2875.87499999848
4254.8000000021675
2106.7749999991793
1897.3499999993696
2087.624999999197
3953.0500000056854
1931.0749999993393
5291.075000006138
3497.8499999996857
5867.775000003971
6028.350000006278
3310.8500000001445
2326.5999999994924
2472.6249999988468
5552.575000004353
3964.8750000016635
4009.075000005658
5678.850000007039
4790.100000005286
2616.1499999987163
3726.525000005843
4538.5750000051
2543.3499999987826
3638.3750000013893
2769.8250000003727
2778.2999999985686
3987.1250000009004
2893.899999999239
5181.100000003461
4305.8500000054155
2441.3499999988753
4649.600000005062
3545.125000000495
3490.3999999987172
3632.8250000038656
4451.350000005285
3111.525000003206
2165.5749999990735
2895.1000000000486
4567.35000000514
4199.350000005462
2629.5999999996106
7505.000000011329
1433.299999999792
3497.5750000014023
4548.825000005658
5447.875000004467
2167.0999999991714
4150.575000002093
1835.8749999994257
1988.8999999992866
2875.149999998481
5171.350000004682
4008.625000002974
5659.825000006614
3392.8000000006955
4485.6250000052405
5572.850000004928
2795.3499999987002
8445.27500001418
3809.0750000027724
5816.875000004932
3426.1250000009413
4723.100000005035
1967.3749999993058
2767.6499999985786
1855.7999999993426
3009.025000003111
2104.849999999181
2645.299999998707
3394.1000000029894
5340.850000005021
5133.350000002567
4083.824999999214
3397.250000000017
4913.625000004902
2423.124999998892
1700.8249999995487
4356.350000005328
4783.050000005405
3971.2750000011547
3561.5750000030393
2743.8749999987185
2412.874999998901
4072.275000005713
4056.800000005677
4097.050000000547
3930.5750000056937
5422.575000006198
5120.0500000043585
4721.350000005132
6706.275000010657
5437.550000007172
1973.5749999999125
3972.8999999991156
4128.850000005515
2734.8749999986085
1654.8249999995903
5749.55000000652
5337.0250000045135
3051.1499999983207
4790.825000003806
6237.100000007557
5633.0000000046075
3131.874999998247
4858.075000004832
1881.8249999993839
4060.600000002956
1711.574999999421
3293.0750000003877
4623.025000005247
6579.800000011688
2366.3000000005845
3899.624999999093
4054.8250000056296
6548.300000007985
7193.325000011157
7440.0250000120395
3410.6250000004957
4210.550000003785
8261.325000012523
2931.5750000026974
2624.3749999987085
3260.049999998374
3627.3750000013006
5448.000000004874
1412.0749999998113
5718.100000004386
5617.525000004991
4817.6250000020855
4866.850000005681
4664.550000005161
1689.8249999994466
2147.3499999991427
4219.325000005472
5030.625000003164
7251.600000010908
5905.025000010192
2223.3499999990736
2418.624999998896
1555.5749999996808
2404.3999999989087
3200.8999999987223
4887.800000006355
4976.800000006146
5148.350000006007
5406.750000006611
2959.525000000204
3962.7750000056717
4854.350000004952
3589.575000002318
4385.850000002763
5946.1000000054055
2418.0999999993455
2845.5750000006483
4582.575000006005
3592.1000000027716
3130.899999998618
1270.7999999999397
3730.5750000029457
2501.8000000003485
3024.824999999438
2525.0999999994006
6631.600000009164
2537.12499999911
2899.100000001219
4318.875000005424
2175.624999999117
5717.100000005303
1334.5749999998516
2772.3749999997353
2726.3749999986157
2133.624999999155
5039.600000002163
3460.1249999992783
4986.1000000047925
5679.550000009878
5278.825000007158
5494.62500000436
2221.299999999021
1896.3249999993707
1965.3499999992925
4505.125000005282
5072.575000006509
4733.375000005022
2665.899999998671
4432.375000001351
2485.825000000211
7009.775000009622
3928.1250000018663
3588.8000000043403
2269.5749999990207
7001.575000011186
2526.874999998797
6752.850000011443
2617.325000000741
3488.1499999991192
5460.250000008122
2588.824999998741
3990.5750000056655
4676.05000000515
1994.3499999992814
2475.8749999988436
2722.0499999997332
2953.3499999983883
2524.6249999987995
4196.075000004587
1754.5749999994996
3178.300000000856
3276.1249999995443
4785.2750000048
1625.0749999996174
4534.37500000523
3301.0750000024177
4423.350000005394
3302.3249999980917
7455.700000012821
4279.900000000172
4037.0500000055044
2230.5999999990668
2900.2749999985026
3948.2500000057307
4755.125000005013
3477.874999999525
2380.0500000004577
2561.649999998766
2697.0499999987433
5310.375000005248
3044.8999999991747
5120.125000005459
3538.025000002315
3483.125000000103
2133.8249999990985
5847.100000004873
6774.500000011236
3098.8250000020575
2200.274999999584
6706.825000008523
4535.825000005165
4041.300000004505
6176.350000007749
4468.525000005365
2450.3499999996016
6770.3500000114045
3935.05000000571
4144.850000005577
6570.30000000922
3324.1499999983284
3027.849999998649
6063.350000006978
2931.6249999993925
2614.3499999996197
4570.600000005221
1978.599999999296
2063.3749999992187
3164.025000000105
4038.2750000004894
1764.6249999994907
7333.85000001079
4205.075000005465
3878.1000000015956
2488.5500000002185
3145.075000000882
4210.325000001312
3213.3500000021418
3164.825000000497
3325.649999998071
2047.3499999992334
4640.075000005697
3402.8749999996867
5654.850000003042
2162.349999999583
4419.750000005363
2648.549999998687
2195.0749999990994
3375.89999999862
6259.075000010329
2103.849999999182
1612.8499999996284
1787.3249999994039
2643.899999998691
4698.850000005108
7132.600000009497
2533.3749999987913
2129.5749999991413
2537.574999999133
7439.450000012851
4193.375000002979
3462.075000002817
6208.850000009
2463.624999998855
2884.099999999746
4413.60000000525
6976.525000008683
3559.3250000010457
4369.12500000251
3205.3000000008446
3067.349999999664
3982.575000005691
4556.325000004474
2793.0999999990468
1782.8499999994742
2228.8499999990686
7608.825000012762
2157.874999999122
2969.8749999983943
5024.500000003273
4083.5750000055805
4562.3500000052145
3961.0250000005126
3294.6249999993342
4076.0750000056014
2969.399999998395
2388.8499999989226
4553.350000005172
2514.5999999988085
3752.375000000716
2466.374999998852
2080.0999999992036
2375.624999998935
3505.050000002382
1829.3499999994317
4482.325000005161
2385.0749999989266
4924.125000004861
2677.1249999995307
5305.050000005665
2306.5999999995074
2603.5500000000866
4247.125000001074
1724.849999999516
4697.82500000378
3675.3500000022486
3984.6000000023905
5638.125000004005
4186.100000005471
3793.2500000005593
6591.575000011444
1862.849999999401
6532.5750000115595
4399.875000000117
6466.100000007264
4756.0250000056985
5482.100000006475
2955.3999999984076
6264.800000008446
4436.375000004935
2703.325000000371
2396.849999999254
3220.075000000795
4547.3750000024565
2715.37499999993
2979.6249999990523
4503.100000004286
7835.8250000113
6672.80000001145
2274.8749999990264
5086.375000004636
8280.550000012594
4562.625000005154
4912.550000006297
9454.575000017234
2887.0750000009302
4583.275000005208
2599.074999998732
3931.3500000018316
1781.1249999994757
3843.000000002632
3330.6499999985067
1633.5749999996096
4831.025000005015
2426.3000000011334
2444.5749999989443
6714.07500001151
3687.3250000036705
5666.02500000848
3081.8000000020693
5941.350000006774
4782.600000005772
2684.1250000000464
7520.100000011074
4238.32500000546
1879.8249999993857
4202.850000003741
3305.625000000004
2290.5749999989785
4299.80000000253
3657.874999999044
4087.57500000294
3146.824999999246
2769.099999998578
4458.600000005254
1489.3249999997408
6395.550000011686
4006.5500000056927
1445.3249999997809
3514.8750000005334
2272.8499999989795
4921.625000004866
3704.1250000013674
5526.350000006685
3511.1250000000477
4687.000000005197
2832.649999998519
1754.5999999994997
3063.899999998392
4374.825000005392
2664.1249999995234
2811.099999998539
5077.300000002383
7026.350000008786
3490.8500000003082
3761.075000000865
7099.975000011709
5704.60000000568
3035.5999999983346
5177.050000003436
2529.3499999997616
3013.850000000084
5256.600000005242
7179.82500001183
2062.14999999922
5953.825000008799
2574.624999999574
2656.5750000006847
3363.1000000017684
6110.575000009751
4330.275000003787
3072.624999998648
1950.0499999993158
9473.05000001693
3362.550000001332
6592.850000011599
3638.7500000020705
5666.350000006527
6927.100000011156
2219.8499999990768
1846.8749999994156
4683.550000005736
2724.874999998617
2418.374999998896
3912.099999999974
2391.3499999989203
2746.824999999384
4453.375000004058
2206.274999999089
4122.325000005545
2702.149999998638
4840.625000004924
3093.3749999996535
3685.8000000002253
5872.825000006695
2951.3250000002463
5171.350000004659
2996.074999998961
4240.075000005494
3757.825000005679
7267.85000001088
6529.075000011555
4625.125000005079
1837.8499999994237
4105.325000001061
6038.550000006732
2881.5500000001816
4910.825000004913
6250.575000010583
4655.775000002749
2789.075000001468
7698.075000013092
2744.3749999990378
3630.050000005502
3003.5999999983487
2882.624999998761
4510.100000001186
4508.325000005285
5568.600000007017
4310.325000005445
1905.5999999993621
5720.500000006139
2006.099999999257
5326.575000004652
2216.04999999908
4946.625000004787
5487.775000005853
3051.0749999990667
2525.1499999987986
1784.8249999994723
4692.850000005061
4028.3250000056164
2545.5999999987803
5350.600000006227
4951.0000000070395
4476.02500000542
5598.125000005613
5996.100000007201
4733.750000005457
5970.1000000089025
2310.374999998994
2968.0750000005996
2456.7749999992852
2775.8500000011236
4169.100000004487
5714.2750000068045
2097.84999999916
6289.8500000097265
5594.8000000068805
7488.025000013016
2105.3499999991805
6920.50000000938
3346.799999999928
5542.825000006927
3315.100000000345
3996.0000000019
7018.050000007999
4428.875000003751
4247.600000003144
4444.825000005365
4856.125000004906
5346.575000007214
1804.5999999994542
7683.575000010476
4049.32500000563
2776.2749999990474
7165.325000009965
3953.800000005734
2281.1499999990206
5257.825000005269
4703.875000005037
4294.35000000408
5826.300000004954
3181.8250000024805
5067.875000004729
1856.8499999994065
3844.8500000026715
2627.1249999987062
5736.550000008669
3073.2750000032797
3692.875000000242
5158.775000004769
1932.3499999992437
2086.3249999991976
5514.850000005012
8203.825000012763
1793.299999999439
7292.075000009067
5978.300000005678
1961.874999999311
6508.5250000095875
9407.825000016712
3837.8000000056804
4103.0750000055905
2948.1499999984144
3183.1249999989136
4315.575000002603
4636.52500000287
5330.300000008137
3604.250000001962
4342.10000000534
1775.5749999994678
3205.349999998589
1258.2999999999442
3210.1499999981756
1744.3499999995013
3109.275000000744
4221.874999999528
4348.875000001583
4198.8500000055155
6111.750000008018
1885.824999999349
5170.0500000077955
5526.850000005602
4074.575000005577
2612.325000000265
4935.875000004209
2017.5749999992606
2726.6249999986157
4276.6000000041295
1565.8499999996016
2664.624999999242
3237.075000003027
5125.975000004382
6424.60000000986
7930.750000013658
2886.1249999998536
3443.14999999911
4510.850000005204
7626.575000012137
4262.325000005455
4174.2749999993375
3844.8750000007176
7043.575000008777
3426.825000002558
9137.325000017332
3027.8249999992813
4817.875000001582
4259.075000005403
2874.275000001168
3617.1000000010654
3871.57500000482
3129.050000001008
2531.8749999987926
2035.0499999992414
3453.5999999988235
4325.600000001825
7189.3000000111315
2501.09999999902
6020.525000005305
3122.5749999985683
1920.8749999993483
5606.050000006975
2454.825000000259
6323.850000008133
4657.82500000552
2505.124999998817
5151.325000006699
3764.350000003087
3632.275000000042
3266.149999998976
2473.725000000358
2239.0750000001362
3203.274999998603
3369.375000000212
4663.325000003011
7106.075000011462
2510.324999998812
5553.350000007633
6280.275000006433
3097.8250000018334
3507.8750000004757
7114.825000011357
5122.375000005249
4410.05000000345
2880.6499999998173
5398.80000000646
1983.3749999992915
4568.125000005178
4390.3250000053085
4164.325000005484
6988.8250000093985
2654.8250000003522
3987.300000005758
5651.350000006929
3938.825000002387
1864.3499999994
5202.300000007814
5154.850000004928
3223.624999999086
4606.575000005155
4967.325000005298
4329.875000002042
5572.375000005358
2391.3749999989204
5870.97500000884
6725.300000011358
3189.374999999237
4874.800000005007
2690.3499999985956
5176.375000005888
3709.5500000041957
1863.8749999994004
4977.87500000503
2042.5999999992378
3006.3499999999294
4032.025000001852
3364.8500000001195
3707.2500000025107
5410.850000003107
4140.250000004095
4783.775000003191
3105.624999998696
6169.550000010442
4054.575000005614
3971.625000000061
5045.8000000054035
7604.02500001093
5315.350000004062
3097.899999999379
2607.075000000131
5322.625000005631
3561.8250000017565
3065.899999998307
4899.825000004824
1948.3749999993233
5417.975000005617
2733.075000000802
2649.5999999990827
4763.100000003365
4327.350000005397
3476.8499999992614
3841.3500000006716
3266.874999998521
4497.85000000525
6991.850000007905
5715.25000000911
2962.125000000091
5556.325000004196
2878.825000001962
4642.300000001161
6437.600000009594
5429.625000005301
5953.775000006516
6411.600000006315
3001.000000000325
2369.8499999989403
4624.600000005113
5144.300000006743
4973.100000005028
1976.0999999992982
4953.575000005167
4071.32500000335
3567.325000004062
3416.3500000004083
5377.050000003608
5646.6250000043265
4771.575000005719
4894.050000006866
