425.6544200002017
306.905020000028
365.4822500002213
218.53560999999416
243.6522799999819
434.5449300003147
246.75344999998933
348.9742300002215
220.3712799999999
258.7924899999942
271.3763499999739
471.8404300003803
304.0662600001294
330.9456400001343
407.33095000033666
398.7219400002772
394.8016800002283
248.28194999998973
293.18458999998967
349.85066000004315
315.55194000006765
310.81966999998417
257.8828099999875
418.2922500002774
281.87915999996517
336.1714399999988
351.7381600002185
228.8514199999879
345.1411000001226
335.4810100000213
407.84947000030957
324.1950599999284
280.45577999996885
259.2820399999846
382.4562600000892
256.7812599999768
453.5138900004342
293.6037000000668
250.54903999998672
364.86223000005356
291.15818000012683
223.23306000000127
291.6062799999629
521.355830000491
216.26499000000774
347.51559000020717
338.41249000020673
338.96098000009266
260.77976999997804
425.00730000038675
244.95296999999064
395.9227000002042
309.91703000004856
266.9872799999793
328.8865300001754
240.91639999998617
423.08126000022753
335.1982499999506
276.34405999996574
369.25192000006217
287.7592100000681
377.93097000021606
248.92850000000402
239.49084999999846
400.39604000027134
283.9977400000214
257.1457199999913
325.46244000009943
252.44507999998058
352.74116000022764
330.6775600002402
295.5717300000393
362.2259700002134
445.61468000035495
432.0890600004092
300.9122399999522
367.7534400002293
299.0526499999514
410.23096000041284
342.72238000005206
274.92154999997683
315.72178999995714
262.354660000017
372.29956000022094
350.23636000004643
333.1587600000578
337.6199600000945
381.00368000025236
319.2123500001536
258.620109999973
391.35409000014107
380.7276500002523
320.8216999999497
302.78110999996323
256.28573999998736
333.8953700001606
300.7211699999944
329.779560000082
387.1518200002156
209.73522000000153
369.87739000021946
381.49036000025626
249.4836799999866
254.7762399999835
411.49521000021275
415.416050000217
383.1588800002195
448.59383000023854
496.6767600004454
260.81172999998677
221.72649999999808
294.495670000024
381.6665500002117
242.9727499999937
352.1908700002213
412.0635500001964
321.9116700002086
378.7398400002208
359.96586000021614
445.49857000033256
363.72368000020884
391.9851700002455
349.7589300002321
385.4430300002091
335.82937000002863
306.2826000000768
408.13507000021355
371.83573000022415
281.31028000004693
232.53238999998732
273.35395000004456
275.4944999999684
349.2526199999385
320.34546999999037
233.54954000000092
256.59310999998587
270.3932099999718
397.05143000021997
299.62302000016894
220.18491000000017
378.14474000009767
250.21607999997133
350.15815000021036
323.98878000024536
355.49987000022213
495.9476800004836
406.6353400002081
354.3548299999994
266.96422999997833
398.33064000025064
225.7586500000055
267.02349999996864
381.3572400002254
354.9105500001442
328.06502000003593
267.8940599999846
373.4959700002023
446.06745000044475
379.218820000126
315.6243100001637
405.1362000000212
281.7840999999683
418.1340400002326
412.71752000019114
220.3119700000026
363.6313700002135
382.50577000021144
291.2158399999751
282.4591799999673
313.96704999996916
229.55946999998946
380.50734000020304
362.88534000001636
357.25521000008456
208.907000000003
234.91337999999337
284.1025399999659
240.1279699999992
272.76609999995895
255.60872999998818
308.40935000004924
247.92687999999475
340.277930000044
243.4662699999936
335.39875000023477
242.77466999998424
463.40499000037454
340.2024900000252
205.89951000000804
336.22817000022934
269.62704999997305
292.06455999996234
275.6250599999574
260.46066999997686
257.4272099999918
278.94117999996666
352.4474500000466
451.94692000030244
355.6309000001989
318.51408000014
424.8310500001857
228.2814699999969
232.6908699999877
282.3743399999454
306.55782999996484
254.80250999996667
409.7018100002356
291.4741699999732
305.98711999997397
390.1296200000007
357.67583000004686
310.2022999999462
260.9857999999789
399.9360300002294
240.43210999998712
377.38604000025947
215.52231000000262
243.30012000000062
366.23402000022327
212.7710100000022
256.49392999998656
261.6605999999673
345.23579000003525
322.0262700001366
413.0791200001954
353.51864000004383
255.78013999998188
255.6256199999773
328.9558599999443
303.80857000003255
315.88708000023655
298.6059100000219
275.3027099999744
301.83033999997036
294.1183600000348
446.6805900002139
283.0130499999566
292.7437599999905
377.361330000232
322.8728500000472
358.19132000001474
265.9421299999899
415.8576200001973
254.41014999998467
315.00451000001914
361.89686000017144
262.2386000000316
271.2336699999816
288.8016599999621
263.63517999996316
474.7293800001203
327.17868000023645
269.5498499999861
310.11407999994327
404.57102000021473
275.2576800000646
325.3381500001015
339.99158000022703
336.9157600001499
278.3415499999968
292.1906000000379
410.8872300002468
339.3015600000124
370.419400000208
230.18652999998284
251.97591999996703
208.70850000000394
248.58631999997542
241.7794399999978
321.4949799999678
244.4925899999835
250.31085999998555
291.1428899999781
486.06294000033813
501.27232000045507
334.115660000044
337.70837000009334
477.2509500004387
223.37419000000165
372.34635000000117
335.71624000000025
298.7298399999638
219.43439999999606
263.30435999996683
295.77834999994974
296.34942999996065
284.45497999998537
253.91483999998476
231.14438999998325
344.27955000023366
235.72386999998426
356.55655000022125
301.55312000002
406.6008100001363
390.7962400002066
335.3394200000161
268.8406399999891
246.0569999999808
399.280810000207
291.6336800000686
325.17526000024566
284.6608899999637
446.77092000041216
294.12975999996206
334.8567500002415
240.18447999998247
291.1086099999724
334.4864500000648
251.07886999998442
266.2630399999778
348.72595000005924
249.6196999999781
259.12312000005085
332.84766000024666
314.54090999995367
344.3954400002316
337.41045000002777
264.99407999997055
317.93156000017257
261.7496699999901
300.06048000014
264.5235499999749
291.5189500000161
352.80776000022576
340.9676800002312
290.83694999999057
300.8802099999783
214.86247000000483
306.6387300000704
342.1715700002253
369.84687000020347
257.5687399999804
354.82131000010276
244.51755999999213
268.9712499999732
279.2325799999544
399.3823400002042
336.2752700001404
407.3608700002359
325.1522300000403
382.66365000025127
291.01311999998717
293.204869999963
505.74360000046147
329.09525000009313
274.5545499999694
325.10483000005
229.82088999999985
217.8763800000041
280.5896699999584
191.93322000000808
218.52947000000316
265.8431399999783
320.80801999994327
208.458800000004
244.32848999998498
338.9278499999757
334.59361000000484
357.6341900000087
408.5159200001927
280.3377199999697
202.84680000000563
342.1909600002254
389.85899000022835
361.0661800000638
347.2060400001314
274.87518999996604
282.9455699999582
369.6679100002347
347.9125000002399
274.9935299999681
227.05558999999516
415.35085000025725
359.2052000001586
272.90430999998966
398.81774000025564
464.04155000029095
272.99526999997715
306.36085999998306
329.83065000023583
262.1930699999686
240.09674999999228
400.2845800001918
436.7234300001796
250.32591999997828
395.0768300001523
394.76868000025445
435.9896900001386
321.90393999994217
423.1220700001784
264.92121999998307
371.81051000013
201.1421200000029
294.00896000002473
266.8315999999901
482.94512000045916
270.41078000003205
296.7635400000045
345.1232200002445
405.8894100001982
398.2147500003287
438.9871900002251
258.023169999979
364.34121000014557
434.41244000028
317.0675300001071
305.37703999995813
309.54248999995644
327.9897500000716
470.1767400001364
231.7266500000049
300.6619599999586
310.2208799999561
281.58317999999053
390.48354000024233
437.9675900002551
206.2722399999979
244.93455999998915
339.0061500002384
350.59418000014654
446.0254500002969
378.53593000022016
258.1992399999755
276.31513999996525
209.9963900000115
247.37490999998533
228.26570999998665
308.47707000000923
341.44430000015024
379.85016000017436
298.50859999998494
361.0233200000041
362.275340000222
383.9889100002074
327.96041000011496
282.7140899999551
419.87233000023787
240.03587999999863
305.10226000003325
227.04308
302.8542500001382
262.4545299999693
213.12636000000896
243.1615799999893
302.1663400000102
319.88922999998834
274.74717999998336
418.60523000019174
298.26955999995886
285.2734800000594
365.5656500002234
276.1680299999729
404.89957000013305
199.19490000001133
241.68217000000047
278.09234999995954
236.7993999999803
389.40186000010164
293.1506699999708
381.47606000020716
255.430490000019
405.8185700002821
371.38459000020447
305.6595099999602
234.5674899999996
252.0921399999848
375.62475000022334
379.1328500002794
375.44266000021196
260.805399999974
239.67797999998814
268.6140500000207
323.82403000000517
305.8165500000629
325.07304000017956
273.4461599999667
399.6590600001917
240.41203999999118
424.45903000031996
238.94147999999382
329.9201599999783
439.4607700002383
318.56241999995325
328.6410500002368
393.9205900002107
242.9474699999869
265.2320999999671
333.8625099999909
274.5843599999633
230.36828999999796
376.7011400001769
235.07324000000114
328.2784100000435
242.31124999999275
289.51663999996737
202.4016000000077
243.165529999992
313.8622800001013
303.5380399999678
293.27252999996324
353.8340000000953
336.1798600000031
229.5412299999854
223.94799000000378
272.2729799999809
386.18431000021496
375.9228600002149
295.10287000000574
287.2051600000111
266.0139799999765
313.86216999995395
371.9851900002073
308.5374499999831
360.0238700002463
362.88876000009657
263.7016899999779
257.3753799999752
430.07074000019225
517.8959300004274
221.4592999999985
307.6924799999816
401.53495000027056
250.08079999996988
259.3792399999833
422.9033700003198
400.25976000021467
291.35836999998816
412.7335500002093
349.351680000231
357.30085000023865
290.52493999999643
325.0001699999502
315.4336199999553
354.5820300001532
278.40225000000333
267.2598699999974
394.61392000020817
236.27793999999582
256.3903399999863
337.18047000001775
301.8581399999883
208.2415200000009
446.99117000029537
235.3531899999922
337.12196000005207
287.0859800000111
317.99256000003703
324.82926000004
298.61917000009936
227.66986999999818
264.7305099999653
243.49536999998173
345.7479600002291
242.42437999999595
336.5914300000848
241.49197999999734
387.6310600002257
284.2588999999683
289.0182999999682
240.91759999998197
367.570730000216
274.3169399999742
217.87496000001153
233.98088999999246
260.33814999998316
427.59613000025877
428.0681500002099
274.2655699999705
272.9965499999652
290.00504999998293
440.44808000030986
323.5831500001499
339.3548600001091
403.56124000027455
266.47433999997554
284.34183000001696
220.8576899999915
458.156910000372
348.8359400000492
325.6477600001327
323.3061600000341
256.13170999996254
228.38388000000577
337.20004000014376
298.8620199999745
232.78716999999176
283.910809999973
473.67695000038213
250.00356999998064
233.5251099999831
385.34510000007754
349.7918400002343
368.843820000223
351.0045700000344
290.0590699999989
352.9231500002325
291.10327999995235
283.9537499999625
371.35167000021005
237.0020699999815
326.63115000004814
225.83444999999796
228.59040999999235
251.87498999997024
305.55930000008937
258.75762999998375
237.50749999999357
296.79830999996153
256.7513899999821
270.14698999997626
380.887600000224
263.79544999999916
239.45309999998048
248.16698999998124
235.69527999999784
380.40816000016196
355.146940000096
363.72962000009414
407.95036000016427
220.78698999999762
375.64382000002064
328.2849500002363
278.256399999987
337.7368500002413
343.45244000001577
395.8000500002304
408.4035800002301
417.54448000025957
278.6797999999658
287.7670800000893
377.0689500002009
278.2330300000408
259.54227999998216
312.622520000052
360.9407600001179
299.5487600000053
218.99992000000213
217.35750999999948
478.33594000042075
375.2083700002166
271.54432999997925
275.7403099999507
437.00551000027497
369.3360700002155
442.04294000030035
380.37977000021544
298.0305500000472
357.59040000023447
275.5667299999782
242.62832000001887
220.19760999999795
314.0782199999876
309.54197999995336
255.76801999999577
279.070319999981
294.33905000004575
264.60047999997715
362.4075100002351
358.7428300001438
308.0827200001164
308.06001000009115
278.56631000006
251.28640000000863
297.0209899999995
360.96091000021966
240.52125999999294
242.735249999995
333.7729600001743
249.8362999999997
275.38656999996505
400.95199000009643
251.604809999977
291.3695800000416
326.99537999997955
281.8497699999649
362.8345400002201
237.67375000000555
432.67857000041346
390.11556000020465
231.82014000000288
297.3329600000149
270.17476999996825
394.60703000019925
326.85106000007926
253.05210999997485
321.7954400000265
431.55408000019315
301.9394599999569
227.39119999999792
334.1698699999347
376.64602000021875
281.23344000000316
240.6010999999856
373.5326100001032
419.0213300001963
254.14767999997395
328.6881700000488
417.22216000021837
440.4203500002656
322.84832999994376
332.60682999994185
288.30605000000577
307.4787500000108
373.2874400002207
387.81314000025407
251.96656999998504
383.676300000376
264.82508000000996
241.3565799999859
289.7403400000971
272.5264900000191
393.34820000008926
231.44219999999098
269.5741499999787
506.8648500003948
330.3969100000646
479.30735000046593
331.89528000010296
425.62244000018023
355.869300000222
273.9899399999742
240.34334999999493
267.35458000000335
297.3979199999569
262.4399699999767
355.3891400000069
269.7586399999763
290.22370999999623
272.92557999996467
261.07154999999574
228.87727000000476
277.42836999996035
275.81480999996444
294.48945000000526
342.0679100000072
442.44146000035374
309.50662000001796
373.38873000021937
329.26851999995966
384.50655000021453
198.18092000000874
394.81566000019865
365.1550200002234
244.4052999999846
250.94353999998933
247.0086000000252
408.7465200002002
232.6052399999954
389.6502100002098
360.6482400002116
355.17144999997385
291.0091700000684
463.504630000469
270.6369799999767
339.6004400002197
282.85634999996387
316.95895999995207
322.86458000000374
321.2169500002407
285.51788999995694
411.7410300002803
254.78874999998283
387.39577000022626
226.8547099999912
409.481320000192
302.3560799999712
382.61747000019955
439.7127800002295
307.052909999978
263.98657999997306
248.2777399999841
233.22877999999918
325.3089500002389
248.48003999999227
273.3448899999565
389.3815100002328
417.2879800002107
411.49966000020237
371.7441400002172
420.3772700002129
439.8155600003581
204.14651000000026
314.1258500000312
296.714059999979
280.6676200000612
327.16786000020335
307.8938199999916
289.9239599999583
383.37992000022126
442.6727200002683
497.4183100004252
274.81630999997736
424.8902500002033
302.08211000002063
282.24184999997686
288.1196700000423
339.99508000004084
458.6051600002657
349.74305000016574
354.95333000014466
398.9062000002123
380.09435000020517
344.1306700001732
277.6489399999825
470.45786000025856
351.69124000023953
310.97018999996976
435.12134000035024
344.3685300002415
287.0403499999695
412.22868000016416
355.23386000022407
369.7200000001712
416.82914000012585
293.6789900000984
266.8431899999742
252.76023999998614
321.6201700001258
254.48005999998725
390.36294000020894
320.8266400001364
277.2191899999962
300.12040999997254
236.2971499999941
262.80443999998255
408.959130000198
362.8073500001794
276.0893199999794
440.02091000025854
405.5622100002069
249.4146599999831
410.26949000020204
362.4100800002167
325.3358600002393
235.3914800000006
278.2444299999647
288.5469499999907
367.3922500001169
384.8337700001378
292.5325900001014
385.79298000006185
336.0447600002294
268.66993999998357
325.38499999996515
198.83259000001055
299.89734999994437
242.39987999998596
349.29989000002706
323.93968999998333
288.9755799999586
361.91716000023
417.533020000265
257.3283399999871
251.17591000009025
382.279640000254
371.0152700002092
296.4960300000119
324.4413700001762
284.94299999997406
280.31610999996616
335.0639500001925
246.18133999999296
300.4828499999717
296.82215000013514
381.3854400001512
347.55995000022745
474.5189000004679
218.98449999999477
276.08966000000123
394.10765000021536
452.0184600003653
250.93146999999226
303.7212099999731
325.9774200000304
483.050440000347
303.92164000012
457.6187600004607
312.0247099999817
289.21368999997446
354.56596000021426
332.4154500000506
300.5171700000291
326.3098600002049
306.6868600000526
254.70133999997407
288.40068999997277
305.2040699999686
351.93135000009283
340.0710100000156
298.6346499999604
414.4998100001449
302.6258999999698
250.226569999984
496.2053900003463
212.77798000000297
384.167890000369
385.7460500002205
274.60363999997736
362.0063100002254
324.19007000013556
310.96897999996395
326.07945999996593
241.72017000000767
256.36576000001753
351.7192899999481
254.49047999998106
243.71506999998186
343.54698000022296
291.03749999996904
413.0942600003037
415.48971000019344
221.93118000000683
267.39848999997076
388.478940000218
388.77393000021397
286.9542499999805
305.21282000001645
396.3573500001965
214.12728000000433
357.4477500002273
225.13219000000754
235.04488999999145
418.32473000022435
247.4300799999909
366.3664200002326
302.9786800000403
343.50554000010675
262.3939399999826
411.98834000031707
268.49508999996743
277.89904999996423
285.5730799999652
374.82263000023033
362.77323000009414
378.2878700002285
276.6436599999741
368.3829900002281
400.5219600001941
305.523979999974
414.91929000020326
285.6326699999523
266.1969900000219
349.16012000017395
252.67184999998344
287.3681099999616
273.4876299999703
294.67425000001015
261.5540199999783
241.69759999999735
365.1452700000983
309.1693700000605
273.4070899999867
344.69880000009124
329.0779499999475
386.12341000023633
229.71368000000052
342.33643999997395
256.7335299999918
485.9678200002129
381.75067000007164
250.7574399999882
227.0016899999985
405.14814000023483
263.1541199999642
296.78026999994745
392.3703800002006
260.81013999998436
318.9791400000581
333.1316500000652
261.06593999999956
318.6884300000997
233.36938000000114
283.90713999996495
278.9399299999646
294.33275999996874
370.48713000022036
456.91368000030127
383.26837000021834
226.13368999999867
407.0044200001701
309.76745000007867
380.601310000021
428.1646600001825
420.59435000029225
429.6579900002125
416.837450000226
340.9551700000128
258.22699999997695
255.91567999998108
374.5901100002254
348.04443000023025
250.07004999998554
296.04467999995796
309.2300500001574
362.1276800001911
293.8406600000206
382.55471000014904
316.4527699999823
323.57447000021017
341.78205000023115
