489.1323200002199
495.7749200002841
420.85236000022536
302.55661999998375
295.5213199999778
494.42503000033145
300.1434699999842
408.0345300002223
295.2249499999805
315.5830699999795
328.21566999996236
526.2385300003974
375.485990000118
386.1332500001404
460.18428000035755
458.06585000029327
461.54376000022495
303.80987999999155
352.3650999999931
406.13408000005717
399.473860000122
367.36138999998917
316.88480999997466
471.5735600002951
339.14561999996636
396.05163999999945
404.7111900002357
307.3757199999707
406.40928000011917
397.6569100000218
460.3677900002885
377.1527599999358
452.798680000219
416.1955200001197
440.86316000010584
300.6777099999819
515.5024900004507
349.9615400000715
344.3265099999481
422.49723000006304
420.75075000022844
276.2975999999974
474.1338400002063
573.095420000463
353.4693800001216
430.66574000035786
402.68438000020296
401.9392900000941
317.2759999999836
438.15899000022756
391.52325000012775
455.87520000020385
365.92333000005215
360.47301999994454
381.1888400001797
343.52526999998986
469.3890800002297
392.43116999997187
331.00076999995474
424.72072000007284
423.4391800002349
555.6076500004702
309.45111999998807
295.38666999999094
457.82994000028987
330.1570600000325
401.30230000011716
381.8992600001064
304.06479999997265
409.06948000023266
385.8875100002421
356.69516000003796
417.0706700002159
519.3499100004678
488.39988000042865
448.97722000008866
426.753440000228
471.0542500001865
432.6284900003018
538.311280000402
326.79536999998265
370.26637999996353
316.7407900000237
429.4866700002235
412.42106000004446
387.95179000006124
392.6354700000995
441.41338000026553
374.48367000015605
355.4796099999509
454.3764900001606
438.48477000027066
382.91769999994403
358.6367199999636
311.95745999998996
519.8976500004014
472.25695000024206
385.6198700000839
449.1252200002138
330.5133400000964
423.2613200002228
458.25308000037
309.03231999997774
311.0801599999913
471.94151000022435
474.16725000023587
443.8421800002176
510.416810000254
554.4772700004735
316.38003999997323
320.9111499999752
449.53324000022315
440.19945000021437
298.0014799999845
401.1996100002304
475.50005000019365
372.0271000002192
435.2548400002365
396.3167800002368
481.9012800002527
415.42372000021066
440.7932000002663
428.51793000022974
441.26654000021534
390.94728000003175
478.50898000032777
474.00317000021016
431.671810000221
334.88840000005484
333.8644599999876
316.5507900000607
448.7769800002046
408.60621999994095
378.0072799999951
402.87412000023784
312.86352999997547
323.89911999996673
453.15363000023865
408.8479900002013
377.68372000021446
550.3470200003604
302.8097999999688
401.51368000023086
377.42252000025036
410.2180100002268
540.4132800004813
462.3271600002238
415.9350299999898
330.59395999996144
453.50646000027393
357.0994300000904
430.8208600001574
443.7699400002255
421.9867500001629
390.81942000003545
388.64510999996287
433.84217000020357
501.71296000045817
442.462130000121
487.52371000041006
470.14051000005185
339.4394999999528
476.65364000024704
464.18754000021306
386.02375000024114
411.90330000022374
527.6937500003378
349.03013999997404
385.3205299999858
366.7959699999747
280.6128099999892
434.33204000021215
420.09895000003803
417.6012100000924
286.2618999999855
354.2162900000544
341.4645399999668
416.42262000023095
432.19689000020173
317.4840199999724
363.11916000005374
420.1140300002304
400.92401000004463
338.1113299999554
388.37318000024237
295.50698999999145
523.2081900003988
403.02050000002487
284.0747099999915
388.03820000023336
325.5792699999655
406.96143999997884
384.0532299999764
311.24189999997276
317.0786099999783
331.53760999995785
410.4518700000653
501.2639200003177
380.00464000018104
537.0650800004752
555.3635600004671
279.39958999999254
384.0057500001661
372.0171299999118
366.494529999963
397.9229400001266
470.6110100002541
352.4529699999574
360.1821199999818
450.5055300000008
416.5748300000588
490.7908700001964
402.40041000009194
438.510850000261
346.60409999999507
431.85295000027656
308.1361099999729
300.20291999999284
423.90744000022414
301.34150999997587
391.2732100000461
434.26328000019816
402.9513900000321
377.47620000014257
476.02772000020786
414.3881400000444
309.1953399999721
302.50064999997676
393.6522599999287
382.45337000005003
360.5141300002516
360.65231000002444
332.12511999996605
351.6422399999781
317.8901900000268
513.6951900002279
325.55555999997136
350.1460799999945
436.4930400002499
377.6801600000492
399.52294000004264
326.74544999997346
478.54519000019604
310.0551699999733
500.0484100002623
417.9500900001746
452.71478000029254
325.8979999999858
345.82535999994633
314.49491999997014
693.269940000506
380.54842000023996
450.07233000021995
371.07957999994187
470.2203200002123
452.7607600003121
389.41158000009955
391.7448000002333
392.5415800001698
337.1135600000006
525.0339100004803
467.46733000025563
414.87437000000557
425.7482000002158
353.8839300000512
381.3809200001282
292.94789999998187
364.5420300000026
328.27578999997223
379.8066099999714
299.28761999998045
301.9485099999797
342.57632999998384
534.0638500003253
549.7132300004381
384.8025700000516
398.10089000012954
528.4484600004581
310.31096999997754
434.0093499999993
394.36955999999884
360.3126099999453
304.31438999996874
315.1578899999751
356.40575999994036
433.9988900000468
349.18015999996845
308.51884999997435
279.20222999998185
402.9194600002343
286.0317099999831
434.42258000028306
363.3579200000188
465.705910000163
449.1539400002145
392.6208200000208
319.9009699999954
336.7907799999536
462.0059300002065
345.8348200000767
379.69559000025384
454.2167500002005
507.31882000042657
352.96766999995106
388.21437000025094
388.54667000023636
350.728299999959
389.58556000007144
368.7179500000158
362.7868999999495
403.8976300000631
356.05136999997484
377.427710000116
422.1446000002314
376.2626099999346
397.93145000023907
388.96547000003216
365.1792199999766
380.49539000017353
435.17473000022744
358.7281100001396
304.91688999998263
352.1159600000157
479.0257200004912
393.893920000234
338.2977700000022
482.7331700002206
266.39961000000255
322.4111500000555
394.23080000023236
428.68979000021835
312.17364999998654
394.6874000000831
301.6004799999839
323.5828499999583
328.72710999996
461.5858400001995
396.3874700001411
462.44860000024534
381.90373000003933
440.94275000026676
488.565210000267
347.3790899999673
538.2523300003373
387.52296000009744
454.7716300002482
384.0684200000471
409.84309000023035
306.2213499999771
325.35248999995935
280.3171199999812
355.7972600001347
322.49824999996724
378.7928099999454
347.04031000014277
427.78449000022107
481.50745000007913
396.55850000000396
425.4163900000044
460.92214000019703
337.5661199999618
282.76268999998643
394.6401800002306
468.76760000030526
433.1239000000515
408.34962000013434
368.5468299999513
335.98879999995074
431.41872000023415
404.61620000024345
407.77921000003045
417.0194900002685
484.31144000026586
419.5833000001582
452.7950900002281
487.14964000038685
520.1888500003209
298.4536100000109
359.24258999998926
379.05717000024447
310.64230999996965
291.87317999998754
453.0929100002115
471.48742000007843
343.901309999946
447.4698100001715
451.2743200003534
504.936290000155
390.0015399999198
481.4203900001845
324.68171999997134
436.5904100001273
281.83661999998554
350.73308000002675
446.76168000022534
495.4584200002661
332.9192200000294
351.342740000008
403.9400200002471
465.4845300001972
455.5833600003449
501.9578900002357
379.6042500000333
425.25413000016147
491.06126000029707
403.9238400001535
367.4219399999427
419.6083799999344
390.1300500000686
536.8003300001311
286.4881799999976
483.7887400001986
502.6741600002265
420.07585000011863
446.2095400002383
466.60169000021165
300.7825299999656
300.814389999986
394.27477000024294
405.60052000015116
530.8087600004628
434.8020500002296
302.7019699999859
337.39445999995615
292.92517999999114
337.0503899999538
325.39819999998593
498.9899400003131
397.5242200001536
460.04766000026825
480.5015800002343
434.350709999999
418.6845400002254
440.94701000020933
389.7698100001142
409.4334800000746
477.5960300002529
351.99173999998254
363.3266800000341
419.7524700002665
357.57607000014315
354.2392099999625
263.98670000000544
391.4757500001305
357.61666000001355
377.32679999999147
328.49351999998873
475.40274000019446
354.5114799999623
334.8049200000635
420.1984700002295
331.9174399999603
459.6411800001565
272.6383000000003
356.55103000001174
325.72777999995674
282.50913999998266
451.1495400000847
335.82829999998967
448.4703800002151
438.55809000027045
456.916080000303
416.37643000022416
365.9470099999428
328.22086999996753
306.52944999997675
435.031650000226
435.47287000029644
437.37666000021017
345.27687999994754
382.30855000009296
313.22729000003415
538.144520000372
359.0908600000654
378.53345000018356
328.71707999995687
447.32978000020114
334.7416099999547
483.72613000033715
354.90957000003357
390.7096599999783
500.44305000025014
384.92631999993915
380.74717000024447
449.6759900002143
299.261579999977
317.40503999997185
400.0191099999871
327.056179999967
335.2987299999548
431.1741400001797
318.13820999997716
388.65101000004324
350.7955200000035
477.80782000020093
281.07319999999197
412.7871100002288
367.336420000107
514.3493300002667
400.6973099999278
525.8277800003534
392.4503700000186
388.919930000232
317.0640699999744
386.3387499999447
428.510800000232
423.5427600002264
329.1615000000006
328.77677000002814
366.40894999993304
373.9281699999509
443.93844000024205
364.88053999998533
391.53840000023877
431.00598000009484
387.7668700000198
310.9349099999734
490.612540000204
582.6663300004403
353.0902900000957
373.7230799999764
457.6518700002882
419.4575100002176
431.17212000017577
477.13289000033416
463.68246000021173
348.2537899999909
471.96975000022377
403.8283100002344
415.650950000242
473.2129200002481
384.7014699999486
382.0403099999577
410.10573000015626
334.3790600000102
330.06061000000557
464.38654000019676
290.12524999998993
312.5013399999775
399.8431700000193
416.8335200000379
278.26821999998816
492.4167900003194
403.7036900002285
403.5555700000888
340.1959000000157
379.841170000041
377.8180800000622
351.334800000109
341.22175000003745
352.69118999995305
297.55680999997793
399.7519700002345
355.7205600000282
395.12193000010103
293.05361000000516
451.70256000022397
342.13269999995254
349.47871999996346
343.7954699999794
482.5243400004456
331.90953999996424
297.3811199999907
322.66297999996544
316.7233599999725
492.84833000027675
482.8959500002313
331.8374899999566
324.8067799999615
350.58305999998316
508.06248000032133
384.1119600001521
390.41187000011587
489.24404000039226
321.20804999997
343.3747300000212
411.02831000027123
466.82910000020775
400.8090200000531
381.1362000001372
379.7715800000501
355.2867999999886
429.8615500002576
390.2431500001627
357.21521999997515
287.3864099999826
342.73532999995746
518.9642400003144
302.3266999999762
318.3931999999592
446.8455100000901
406.5770500002393
425.3675200002255
413.2035700000449
343.0754000000034
408.0495700002332
346.16858999994935
342.0550599999611
427.736380000212
286.8370099999848
382.94315000005207
316.31921999996854
311.14588999997045
304.45402999996384
357.4500400001179
316.93624999997087
413.3592900002241
356.2127099999436
441.1643500002112
384.721339999974
458.35402000026426
319.3594700000042
345.77371000000596
373.21187000006836
290.6970199999934
437.20507000018074
417.6544400000967
419.76444000009593
470.22846000019183
386.888470000235
436.1665200000167
468.03327000049984
341.49901999996985
393.7817800002476
396.3753500000305
443.172960000252
532.2355900004923
447.4972900001383
375.5043499999428
478.7165900003302
434.55895000020274
335.97803000004455
312.1179199999936
383.67722000004034
418.1395800001225
356.3590600000061
320.6725099999916
383.0126100002046
506.12134000026504
430.21850000023267
327.6999099999706
460.09951000025836
548.2496100004844
424.4244900002188
492.38675000028127
556.4651500004751
353.9755700000537
415.64670000023455
374.620809999936
367.5158200001024
295.3949099999831
456.54153000012
369.55451999994943
315.6160199999814
457.9262000002184
351.61426000005116
328.924919999974
508.5520200004999
418.2638300001436
437.4982900002225
363.1916100000945
446.6075000002241
404.58980000022575
351.76943000000426
465.02559000021097
410.28672000023033
331.0454099999654
388.28128000018006
359.3284700000303
332.56849999996206
464.989400000096
370.98801000000066
423.3129600001451
379.6562799999872
337.44320999996677
442.19686000028713
295.25405999999924
488.23468000043215
446.27898000020747
287.63325999999887
365.4288800000522
324.6507899999658
453.8687600002011
387.61457000008426
453.0984100002915
389.5486400000206
500.342090000187
360.66496999995064
306.7786999999799
394.97236999993316
433.048520000223
338.28984000000577
333.56557999995476
439.32591000011047
467.4591200002198
371.2766900000278
383.40519000005025
477.65906000023307
500.66275000027315
382.62142999993404
477.5262100000827
347.85347000000894
358.3631600000179
442.96344000025726
451.7662400002644
304.39181999997777
376.9112300002361
344.42153000000405
361.4874500000237
344.29995000010547
441.7639000002684
451.36380000010956
336.8256899999732
326.9699699999662
544.867740000416
397.29741000005714
540.8662300004785
403.8897800001027
513.1077700002617
446.1401700002083
331.78174999997646
293.8882699999902
439.5278600002116
357.1083399999471
313.01269999996714
417.6489400000093
326.9937399999656
348.75650999999715
427.3604600001661
358.8434099999551
401.69815000024136
329.91089999995563
444.4078900002005
351.20366000001036
403.14151000000595
469.62748000029393
367.2167200000201
428.22452000022435
393.83181999995855
469.68995000026035
366.959940000246
453.32997000021646
497.6668400004966
422.39116000021187
302.0739699999824
342.3220000000342
462.24550000020986
350.21311000002663
455.00544000020636
416.67965000022815
487.74310000005215
346.465800000074
473.64482000030233
319.68751999998284
389.39127000022813
337.4404699999733
376.3427699999513
424.7429399999961
375.3627700002479
482.820790000287
443.8144900002133
308.382269999973
446.205370000237
314.11959999996475
466.96721000019306
367.049959999951
435.9776900002051
505.80128000024183
364.6304099999799
317.8557199999667
303.5447499999754
408.2330300002343
376.66297000024883
345.19480999995756
452.92628000026394
444.14152000024876
482.58778000020556
469.1589500002169
430.9666600002203
485.50267000022586
445.6672500002093
283.419609999981
372.697760000033
356.0795599999811
335.4991200000657
383.6039900002128
490.11910000026523
349.828959999942
443.82392000021844
491.8974200002904
574.9247300005379
333.18092999996253
489.48206000019746
361.064810000023
466.5100300002055
351.38232000004115
404.0996600000415
506.0361500002369
404.62375000016726
412.5062300001466
539.849710000485
425.52566000021875
435.06682000031736
338.1876399999664
523.9807600002907
408.9560500002428
370.9206099999676
492.57444000036355
399.78567000024805
347.2049799999545
469.65940000021607
404.23969000023266
428.863820000168
478.32584000014305
332.6123300001159
435.77985000020976
307.54995999997504
386.4033000001221
350.23522999995083
447.1136400002231
380.95906000013804
393.0234500000271
488.7932800002009
289.3190699999886
351.73710999995376
471.23653000019794
568.3488300005638
336.2503999999629
487.4476400002869
461.0461100002205
303.2608799999742
535.1328200004041
557.4860800004896
378.24389000024627
404.4464700002398
331.3348399999561
358.36844999998675
396.9685600000683
450.3712800001332
417.35655000023326
446.67838000007504
387.2900800002351
328.2831399999708
390.76531999996354
267.7705000000052
354.67324999994634
295.37351999998185
413.69088000002586
367.2911099999945
433.25026000008444
420.4099700002329
478.1672300002799
315.6655499999765
363.15461000024516
440.1192500002711
422.32829000021576
346.6312300000211
390.02542000021657
343.4553099999593
334.22211999995767
388.04668000019586
300.4443499999836
355.6203499999699
352.19267000014025
433.6250500001694
467.42200000044085
484.4575000003253
327.3241000000151
320.9404000000148
444.3855600002392
489.55866000035974
423.45535000023074
428.7861899999987
375.972140000042
577.0400400005385
359.63426000012174
509.76438000047915
370.8896099999836
418.5940700000793
396.10740000023196
397.6463500000474
353.5742900000361
382.64658000020825
361.69169000005945
320.7664499999578
348.5822999999584
357.8823999999875
400.0480500000897
514.8994200002803
355.8543599999633
487.22643000020844
363.0112999999689
303.2480099999779
527.5295100002818
319.2533900000308
389.1460300002332
429.5439600002166
333.53504999997426
417.7533300002288
381.65038000014
443.14996000000446
386.2015599999648
362.2445500000276
306.76028000002424
415.2102099999584
372.1006600000281
394.88575000016573
463.6600200002598
353.1020199999513
436.724150000198
504.24741000029593
351.0212900000983
389.35216000003163
515.5051500004852
451.30503000021884
430.1999100001239
367.6541400000143
453.8507600001953
294.7533499999834
423.55576000022063
414.2937800002253
399.906100000232
477.66733000023805
362.40045000001874
427.9645200002309
497.4281800003309
394.3131400001127
319.37024999996834
442.30005000022356
449.00968000022215
386.54241999996884
457.7166600002058
426.3249400002528
415.93484000009926
434.84479000024396
333.0070799999599
426.99849000022897
538.4366600004657
361.81220999997777
481.0680900001985
334.8032199999626
411.29586000023124
414.7173300001698
308.1265599999725
457.67550000021106
322.47545999996487
350.15756000001136
392.08530000006203
325.1476100000336
428.42337000009604
413.52434000006195
440.53657000017296
433.940710000165
385.3254399999472
445.1285100002478
397.90439000023633
401.7400399999736
430.99391000022655
551.0753900002273
457.9205900001474
361.08271000000036
341.1347800000204
457.2231500002514
394.1438100000654
351.7923899999451
454.83860000021895
318.17923999997384
457.7679200001831
360.3488600000426
318.5430500000023
374.4603300001012
408.7827500002355
388.7145199999897
407.1170100000423
342.4513899999785
416.3028100002308
478.53718000021996
491.6211000003862
338.63628000003183
466.23442000018423
359.37246000008986
442.6579100000214
485.53076000019956
467.81263000024904
492.8039900002327
460.7824600002553
404.4566700000147
352.17094999993895
424.86206000022025
432.1914100002293
416.9281300002445
304.303469999978
475.06007000024664
363.997370000163
418.52882000020463
350.6278800000236
424.8682900000916
482.9653500002499
377.33471000021643
429.49398000029856
