12718.500000028738
12604.500000028323
12339.60000002736
4894.700000000275
3501.6999999979107
12460.5000000278
3578.6999999978407
12015.50000002618
3294.699999998099
3154.5999999982264
4728.6999999996715
12587.500000028262
9215.600000015995
9770.600000018014
12270.600000027109
12397.60000002757
12624.500000028396
4805.699999999952
5508.600000002509
7058.600000008148
8253.600000012495
6099.700000004659
4252.599999997939
12338.600000027356
5225.70000000148
6988.500000007893
12142.600000026643
3226.699999998161
9610.500000017431
7082.500000008235
12131.600000026603
5103.700000001036
12486.500000027894
8988.500000015169
9449.500000016846
3871.699999997574
12433.500000027701
7850.600000011029
4819.600000000002
8484.500000013335
12220.600000026927
2888.6999999984682
12564.600000028178
12523.500000028029
8796.60000001447
12027.600000026225
11378.500000023863
8645.50000001392
4921.700000000374
12437.500000027716
9712.600000017803
12530.500000028054
7308.500000009057
4025.599999997434
10734.50000002152
5773.700000003473
12245.600000027018
5512.700000002524
4243.699999997907
7220.500000008737
12410.500000027618
12365.500000027454
2744.4999999985994
2853.6999999985
12372.50000002748
6430.600000005863
9385.500000016613
8785.60000001443
3486.6999999979244
12285.600000027163
12277.600000027134
6911.600000007613
12232.60000002697
12122.60000002657
12326.600000027312
10045.500000019014
12516.500000028003
12613.500000028356
12281.600000027149
12559.60000002816
5366.7000000019925
5319.600000001821
5884.700000003877
12423.600000027665
8155.500000012138
8115.600000011993
8958.60000001506
12420.500000027654
9993.600000018825
5067.700000000905
10748.500000021571
12268.600000027101
5513.600000002527
5471.600000002374
4795.699999999915
12412.600000027625
12447.500000027752
8627.600000013856
12561.500000028167
7836.600000010978
12162.600000026716
12166.60000002673
3939.6999999975124
5015.700000000716
12540.50000002809
12327.500000027316
12487.500000027898
12743.50000002883
12375.60000002749
3138.599999998241
4979.700000000585
12258.600000027065
12343.600000027374
3362.699999998037
12293.600000027192
12726.500000028767
11411.600000023984
12442.500000027734
12207.60000002688
12309.60000002725
12302.600000027225
12244.600000027014
12292.600000027189
12308.600000027247
7672.600000010381
12475.600000027855
12665.500000028545
12430.50000002769
6983.600000007875
5522.70000000256
6845.600000007373
12466.600000027822
5577.60000000276
6300.60000000539
12327.500000027316
4339.599999998256
3851.5999999975925
12377.500000027498
10176.50000001949
11425.600000024035
12236.500000026985
4710.699999999606
11208.600000023245
12174.60000002676
12237.600000026989
12470.500000027836
12531.600000028058
7140.500000008446
3854.6999999975897
12473.600000027847
8129.5000000120435
10091.600000019182
12528.500000028047
10582.600000020968
7292.5000000089985
5430.600000002225
11925.500000025853
12262.60000002708
10262.500000019803
12303.600000027229
7695.500000010465
4654.599999999402
12360.500000027436
12564.500000028178
12258.600000027065
12198.600000026847
12554.500000028142
5535.600000002607
6162.600000004888
5816.70000000363
3926.699999997524
12360.600000027436
7393.500000009366
7706.500000010505
3020.699999998348
7281.600000008959
5162.60000000125
12342.60000002737
12244.600000027014
3923.599999997527
7521.600000009832
12408.60000002761
7753.500000010676
4277.59999999803
12189.600000026814
4873.700000000199
11869.50000002565
7388.500000009348
3447.69999999796
12262.60000002708
4070.699999997393
6547.600000006289
6422.600000005834
4524.699999998929
3211.5999999981746
4298.699999998107
7853.500000011039
12471.50000002784
10893.6000000221
12365.600000027454
12367.600000027462
3331.6999999980653
10414.600000020357
4707.699999999595
5524.600000002567
7965.600000011447
12481.500000027876
4249.5999999979285
5569.600000002731
7746.50000001065
7646.500000010286
12488.600000027902
9038.60000001535
12247.600000027025
5783.70000000351
12278.600000027138
4621.699999999282
3009.699999998358
12352.500000027407
4515.699999998897
7775.500000010756
12322.600000027298
8010.500000011611
9699.600000017756
12534.500000028069
8032.500000011691
3299.5999999980945
3623.6999999977998
5051.600000000846
7026.600000008031
12089.60000002645
6346.600000005557
4596.599999999191
5559.600000002694
6116.700000004721
12614.50000002836
4906.700000000319
5838.70000000371
12340.500000027363
7757.600000010691
7373.500000009293
3952.6999999975005
12543.500000028102
3575.6999999978434
12541.500000028094
11136.600000022983
12162.600000026716
5238.700000001527
4420.699999998551
5011.700000000701
13511.600000031623
12119.60000002656
12563.500000028174
5162.70000000125
12558.500000028156
12298.60000002721
8844.600000014645
12143.600000026647
10090.600000019178
5744.700000003368
12218.60000002692
12410.500000027618
6917.500000007634
12279.500000027141
7441.600000009541
9757.600000017967
3864.6999999975806
6552.600000006307
3572.599999997846
5914.700000003986
3410.6999999979935
3757.699999997678
5610.70000000288
12553.500000028138
12453.500000027774
7945.6000000113745
8945.600000015012
12519.600000028015
3511.6999999979016
7173.500000008566
6892.500000007543
3822.599999997619
3898.6999999975496
4878.700000000217
4798.699999999926
8630.500000013866
3868.599999997577
4056.699999997406
4077.699999997387
12284.60000002716
4649.699999999384
12263.600000027083
6584.500000006423
9543.500000017188
12357.500000027425
7058.500000008147
5484.700000002422
4825.700000000024
12483.500000027883
7540.600000009901
12188.60000002681
12503.600000027956
12472.500000027843
4731.699999999682
12192.600000026825
12203.600000026865
4429.599999998583
8279.60000001259
6653.600000006674
5039.6000000008025
8245.500000012466
5866.7000000038115
8634.600000013881
12434.500000027705
4115.599999997441
12277.600000027134
7516.600000009814
5854.6000000037675
10391.600000020273
12425.600000027673
9436.600000016799
4198.699999997743
6406.600000005776
12201.600000026858
12239.600000026996
5875.700000003844
12674.500000028578
2318.5999999989867
6849.600000007387
12181.600000026785
12157.600000026698
5024.700000000748
8463.500000013259
3219.699999998167
3367.5999999980327
4789.699999999893
12833.500000029157
9950.600000018669
12381.600000027513
7579.500000010043
12346.500000027385
12529.50000002805
5237.700000001523
12837.500000029171
8765.600000014358
12431.500000027694
7807.500000010872
12189.600000026814
4003.699999997454
4257.699999997958
4563.699999999071
9191.600000015907
3810.6999999976297
5489.60000000244
9260.600000016158
12200.600000026854
8769.500000014372
6821.500000007285
7198.500000008657
12456.500000027785
4801.599999999937
3621.6999999978016
12215.600000026909
12529.50000002805
8497.500000013382
9697.500000017748
5266.600000001628
4787.699999999886
12470.500000027836
12345.500000027381
7824.500000010934
12217.600000026916
12400.500000027581
10679.50000002132
12530.500000028054
11815.500000025453
12687.600000028626
5430.700000002225
5998.700000004292
12139.600000026632
4389.699999998438
3685.6999999977434
12319.600000027287
9830.500000018232
4643.699999999362
11173.500000023118
11207.600000023242
9127.500000015674
4524.599999998929
12454.600000027778
4287.599999998067
10185.500000019523
3445.6999999979616
6588.600000006438
12516.500000028003
12632.500000028425
6491.600000006085
6326.600000005485
12332.600000027334
12518.50000002801
12302.600000027225
12777.500000028953
7322.500000009108
8972.50000001511
12449.60000002776
8879.600000014772
4512.599999998885
5644.6000000030035
8259.600000012517
10676.50000002131
3066.6999999983063
12398.500000027574
12612.500000028353
9068.50000001546
12367.500000027461
12583.500000028247
4083.6999999973814
4309.699999998147
12243.60000002701
10417.600000020368
12387.600000027534
12495.600000027927
4916.700000000355
4868.700000000181
3512.6999999979007
4034.699999997426
5406.700000002138
12532.600000028062
10291.500000019909
9954.600000018683
12555.500000028145
6941.500000007722
12273.50000002712
12386.50000002753
9150.500000015758
8947.60000001502
12396.500000027567
5462.700000002342
6948.600000007747
12184.600000026796
9319.600000016373
5395.700000002098
2370.5999999989394
9675.600000017668
6491.600000006085
6194.600000005004
5499.700000002476
12755.500000028873
5280.70000000168
7455.600000009592
12324.600000027305
4392.599999998449
10466.600000020546
2791.6999999985565
6138.600000004801
4809.699999999966
3535.69999999788
8278.500000012586
5524.700000002567
12341.600000027367
12167.600000026734
12162.600000026716
12214.600000026905
4184.599999997692
4571.6999999991
4333.6999999982345
12377.500000027498
12246.600000027021
12328.60000002732
4205.699999997769
8851.60000001467
6165.600000004899
12668.500000028556
7840.6000000109925
10772.600000021659
4399.699999998475
12401.600000027585
4776.599999999846
12460.5000000278
6901.600000007576
6194.700000005005
12708.500000028702
4862.600000000159
12128.600000026592
12491.500000027912
3955.699999997498
4855.7000000001335
6295.600000005372
4886.700000000246
4528.699999998944
11618.600000024737
3363.5999999980363
7493.50000000973
5961.600000004157
12363.500000027447
3458.69999999795
12281.500000027148
8766.600000014361
12768.50000002892
5295.600000001734
12634.500000028433
6270.700000005281
12082.600000026425
4390.699999998442
5283.60000000169
12398.500000027574
12414.600000027633
5859.700000003786
6269.600000005277
4807.5999999999585
5417.600000002178
12235.600000026981
5845.600000003735
12163.60000002672
9182.500000015874
7033.600000008057
4765.699999999806
12606.50000002833
12669.50000002856
8254.600000012499
5571.600000002738
12341.600000027367
12099.600000026487
11434.500000024067
12213.600000026901
12584.50000002825
5728.7000000033095
12476.500000027858
12246.600000027021
12421.600000027658
12522.500000028025
5477.600000002396
5489.60000000244
10579.600000020957
5852.700000003761
5709.70000000324
12555.500000028145
3797.6999999976415
3910.6999999975387
6915.500000007627
6542.50000000627
2845.6999999985073
12406.600000027604
12286.600000027167
8021.600000011651
6273.600000005292
7511.600000009796
7667.600000010363
8422.60000001311
6649.60000000666
5013.700000000708
4178.699999997671
12195.600000026836
6597.6000000064705
7937.500000011345
5283.700000001691
12510.500000027982
4616.599999999264
5055.600000000861
5543.700000002636
12266.500000027094
4448.5999999986525
2823.5999999985274
3897.6999999975505
4346.699999998282
12548.50000002812
12615.500000028364
4351.6999999983
4893.700000000272
5502.700000002487
12607.500000028334
9983.600000018789
9424.600000016755
12310.500000027254
4740.699999999715
6162.700000004888
12077.600000026407
12378.500000027501
7857.500000011054
9730.600000017868
6383.600000005692
6186.700000004976
12364.60000002745
8486.600000013343
5529.600000002585
3424.6999999979807
4769.59999999982
12468.500000027829
4654.699999999402
4543.6999999989985
7483.500000009693
12361.60000002744
12403.500000027592
7675.500000010392
6126.700000004757
12480.600000027873
5050.700000000843
4908.700000000326
12343.600000027374
4724.699999999657
7767.600000010727
4396.599999998463
3977.699999997478
4383.699999998416
7960.600000011429
3715.699999997716
12227.600000026952
4440.599999998623
12443.600000027738
6025.60000000439
12509.500000027978
5454.700000002313
6161.600000004884
8057.600000011782
3627.699999997796
10617.600000021095
9165.600000015813
9543.500000017188
11725.600000025126
12149.600000026669
7932.500000011327
12139.600000026632
3511.5999999979017
12194.600000026832
7282.500000008962
12361.60000002744
12569.500000028196
10497.600000020659
5206.60000000141
11006.60000002251
12005.500000026144
6535.500000006245
5251.700000001574
7602.500000010126
10129.60000001932
6295.700000005372
5310.700000001789
11321.600000023656
12495.500000027927
12221.60000002693
4056.599999997406
12224.600000026941
12556.500000028149
12290.600000027182
11598.600000024664
12658.50000002852
7209.600000008697
12440.500000027727
4893.600000000271
7622.600000010199
3062.69999999831
8101.500000011942
5666.700000003084
2895.699999998462
12523.500000028029
7040.600000008082
5051.700000000847
12320.50000002729
10366.500000020182
12471.50000002784
8342.500000012818
12051.600000026312
12217.600000026916
6233.700000005147
12558.600000028157
12287.60000002717
3439.599999997967
10687.60000002135
6140.700000004808
4917.700000000359
10147.500000019385
5509.700000002513
8223.600000012386
6103.600000004673
5124.700000001112
12286.600000027167
2897.69999999846
12304.600000027232
12443.600000027738
2945.6999999984164
6591.600000006449
4844.7000000000935
12619.500000028378
8215.600000012357
12200.600000026854
7088.600000008257
12758.500000028884
4776.699999999846
3043.6999999983273
5497.700000002469
12472.500000027843
5831.600000003684
4771.699999999828
8785.50000001443
12410.500000027618
7209.600000008697
7936.600000011342
12620.500000028382
12431.500000027694
4929.600000000402
9411.500000016707
5973.700000004201
6658.600000006692
12362.600000027443
12294.500000027196
3204.699999998181
12006.700000026149
5857.600000003778
6710.600000006882
8240.600000012448
12309.60000002725
8542.500000013546
5263.700000001618
4613.699999999253
12499.500000027941
8059.500000011789
12530.500000028054
8940.500000014994
12685.500000028618
12504.60000002796
5030.70000000077
3290.6999999981026
12342.60000002737
4942.60000000045
4226.699999997845
7249.500000008842
4503.599999998853
5825.600000003662
11365.600000023816
4404.599999998492
12305.600000027236
4406.6999999985
12588.600000028266
6210.700000005063
7016.5000000079945
12306.60000002724
6680.500000006772
12359.500000027432
5627.600000002942
12459.600000027796
12075.6000000264
12441.60000002773
12391.500000027549
12297.600000027207
3801.699999997638
6939.600000007715
12496.50000002793
6570.500000006372
12374.500000027487
11778.600000025319
9212.500000015983
7552.600000009945
12493.50000002792
5337.700000001887
11864.600000025632
5050.700000000843
5532.700000002596
7400.500000009391
12056.60000002633
10795.600000021743
12494.500000027923
3810.6999999976297
12434.500000027705
4145.699999997551
12465.500000027818
3956.599999997497
12264.600000027087
12800.500000029037
5753.6000000034
4207.699999997776
3579.6999999978398
12260.600000027072
12152.60000002668
4590.599999999169
12338.600000027356
12315.500000027272
12755.500000028873
12377.500000027498
12303.600000027229
12644.500000028469
12413.600000027629
3766.6999999976697
7035.600000008064
5533.6000000026
7234.5000000087875
11286.600000023529
12505.500000027963
3845.599999997598
12569.500000028196
12443.500000027738
12382.500000027516
4139.599999997528
12792.500000029007
6560.5000000063355
12549.500000028123
6953.600000007766
7534.500000009879
12499.500000027941
10928.600000022227
10381.500000020236
12685.500000028618
12359.600000027433
11053.600000022681
3492.599999997919
12624.500000028396
12367.600000027462
5629.600000002949
12302.600000027225
12289.600000027178
4122.699999997467
12051.600000026312
12256.600000027058
11464.500000024176
9072.500000015474
8647.600000013928
12373.600000027483
3619.6999999978034
9478.600000016952
4420.599999998551
12436.600000027713
9474.600000016937
6400.600000005754
12730.500000028782
3544.6999999978716
3917.5999999975324
12684.500000028615
12391.500000027549
3425.59999999798
12561.500000028167
12497.500000027934
3797.6999999976415
12670.500000028564
12420.600000027654
12143.600000026647
12308.600000027247
4800.599999999933
5634.7000000029675
8170.600000012193
10681.500000021328
12329.600000027323
8947.50000001502
12138.600000026629
3579.59999999784
5634.600000002967
2362.5999999989467
5088.600000000981
3426.699999997979
7445.500000009555
6477.600000006034
9017.500000015274
12375.60000002749
12592.50000002828
3736.699999997697
12013.600000026174
12318.600000027283
12319.600000027287
6358.600000005601
10815.600000021816
3657.599999997769
4714.59999999962
11129.600000022958
2805.6999999985437
5776.600000003484
9266.60000001618
9408.500000016697
12130.6000000266
12450.500000027763
6176.600000004939
6004.700000004314
12361.60000002744
11863.600000025628
12315.600000027272
6898.500000007565
7238.500000008802
12398.600000027574
9045.600000015376
12286.600000027167
5874.60000000384
8442.600000013183
12128.600000026592
7727.500000010581
6890.600000007536
11325.60000002367
7509.600000009788
4714.699999999621
3726.599999997706
5666.700000003084
8998.500000015205
12559.50000002816
5305.700000001771
9801.500000018126
5488.600000002436
3488.6999999979225
12859.500000029251
6195.600000005008
12103.600000026501
12360.600000027436
4925.700000000388
12365.500000027454
9738.600000017897
7382.500000009326
5965.600000004171
6471.500000006012
5891.7000000039025
5698.6000000032
6881.600000007504
9748.600000017934
12535.600000028073
4464.599999998711
12346.600000027385
12549.500000028123
8142.600000012091
7474.600000009661
12521.500000028022
12453.500000027774
10332.500000020058
6441.600000005903
12543.600000028102
3541.6999999978743
12365.600000027454
12347.600000027389
12224.600000026941
12481.500000027876
6575.6000000063905
12452.50000002777
11671.60000002493
9452.500000016857
3717.6999999977143
12415.600000027636
12223.600000026938
6064.6000000045315
12705.500000028691
12364.50000002745
9446.500000016835
12302.600000027225
4782.699999999868
12420.500000027654
12332.500000027334
5654.70000000304
12717.500000028735
4874.700000000203
12284.60000002716
10803.500000021771
3366.6999999980335
12336.600000027349
4139.699999997529
6473.600000006019
8104.500000011953
6488.600000006074
9357.500000016511
8039.500000011716
11176.500000023128
8939.50000001499
5540.7000000026255
12454.500000027778
12314.600000027269
6462.600000005979
12497.500000027934
12837.500000029171
8124.600000012026
6086.6000000046115
6283.600000005328
12416.60000002764
8452.600000013219
5057.700000000868
12389.600000027542
3779.699999997658
9032.500000015329
7022.600000008017
5421.700000002193
8714.500000014172
12321.600000027294
6337.600000005525
7836.500000010978
5505.700000002498
12533.500000028065
12410.600000027618
12473.500000027847
6445.6000000059175
11724.500000025122
8120.600000012011
8214.500000012353
12378.500000027501
12583.600000028247
12788.500000028993
12390.600000027545
6967.500000007816
4727.699999999668
12261.600000027076
12431.500000027694
12241.500000027003
3811.6999999976288
12439.600000027724
9905.600000018505
10516.600000020728
6493.600000006092
8221.500000012378
11935.50000002589
11474.600000024213
12191.600000026821
