12357.400000027425
12158.500000026701
12127.500000026588
4703.59999999958
3324.599999998072
12176.500000026766
3340.5999999980572
11726.50000002513
3076.5999999982973
2903.4999999984548
4488.599999998798
12276.50000002713
8973.500000015114
9529.500000017137
12055.500000026326
12197.500000026843
12378.400000027501
4597.599999999195
5270.500000001643
6718.50000000691
7920.500000011283
5879.600000003858
3998.599999997459
12082.500000026424
4846.6000000001
6618.5000000065465
11954.500000025959
3016.599999998352
9311.400000016343
6837.400000007343
11917.500000025824
4819.600000000002
12195.400000026835
8702.500000014128
9143.500000015732
3647.599999997778
12157.500000026697
7666.500000010359
4580.599999999133
8170.500000012193
12026.50000002622
2698.599999998641
12300.500000027218
12256.500000027057
8560.500000013611
11818.500000025464
11151.400000023037
8404.400000013044
4726.599999999664
12196.50000002684
9425.500000016758
12169.40000002674
7073.500000008202
3757.599999997678
10424.500000020393
5524.600000002567
11979.50000002605
5281.600000001683
3945.599999997507
7019.500000008005
12154.400000026686
12100.50000002649
2513.4999999988095
2611.5999999987203
12134.500000026614
6213.500000005073
9107.500000015601
8532.50000001351
3211.5999999981746
12046.500000026293
12050.500000026308
6684.500000006787
11996.500000026112
11925.500000025853
12094.500000026468
9637.40000001753
12236.500000026985
12241.500000027003
11935.50000002589
12240.500000027
5043.600000000817
5089.500000000984
5661.600000003065
12186.500000026803
7865.500000011083
7937.500000011345
8704.500000014135
12171.500000026748
9744.500000017919
4865.6000000001695
10457.400000020512
12029.500000026232
5141.500000001173
5109.600000001057
4589.599999999165
12175.500000026763
12186.500000026803
8389.50000001299
12235.500000026981
7644.6000000102795
11972.500000026024
11933.500000025882
3750.5999999976843
4787.599999999886
12225.500000026945
12092.50000002646
12226.400000026948
12409.500000027614
12146.500000026657
2911.5999999984474
4755.599999999769
12058.500000026337
12076.500000026403
3172.59999999821
11944.500000025922
12299.500000027214
11226.50000002331
12113.500000026537
11958.500000025973
12059.50000002634
12040.500000026272
12007.500000026152
12048.5000000263
12089.50000002645
7401.500000009395
12275.500000027127
12366.400000027457
12188.50000002681
6760.500000007063
5293.600000001727
6587.500000006434
12146.500000026657
5336.500000001883
6097.500000004651
12046.500000026293
4023.599999997436
3624.599999997799
12117.500000026552
9901.50000001849
11227.500000023314
11861.40000002562
4473.599999998743
10967.500000022368
11916.50000002582
11946.50000002593
12240.400000026999
12218.50000002692
6736.500000006976
3617.5999999978053
12055.500000026326
7944.5000000113705
9824.50000001821
12229.50000002696
10216.500000019636
7016.5000000079945
5129.60000000113
11602.400000024678
12043.500000026283
9996.400000018835
11948.500000025937
7366.400000009267
4454.499999998674
12136.500000026621
12276.50000002713
11999.500000026123
11988.500000026082
12229.50000002696
5261.60000000161
5909.600000003968
5568.600000002727
3702.599999997728
12106.500000026512
7072.500000008198
7445.500000009555
2775.599999998571
7053.500000008129
4873.600000000199
12125.50000002658
12041.500000026275
3694.5999999977353
7261.500000008886
12137.500000026625
7487.500000009708
4018.5999999974406
11997.500000026115
4646.599999999373
11562.500000024533
7064.400000008169
3249.59999999814
11918.500000025828
3844.599999997599
6225.600000005117
6017.6000000043605
4307.5999999981395
2963.5999999984
4074.5999999973897
7610.400000010155
12168.500000026737
10685.500000021342
12078.50000002641
12054.500000026323
3146.5999999982337
10222.500000019658
4337.599999998249
5162.60000000125
7737.500000010617
12237.500000026988
3994.4999999974625
5351.600000001938
7486.400000009704
7380.500000009319
12195.500000026836
8696.500000014106
12045.50000002629
5544.60000000264
12027.500000026224
4405.599999998496
2785.599999998562
12112.500000026534
4320.599999998187
7525.500000009846
12025.500000026217
7536.400000009886
9500.500000017031
12263.400000027083
7776.500000010759
3108.5999999982682
3386.5999999980154
4681.4999999995
6736.500000006976
11872.50000002566
6095.600000004644
4361.599999998336
5268.600000001636
5897.600000003924
12324.400000027304
4669.5999999994565
5575.6000000027525
12119.500000026559
7521.500000009832
7179.500000008587
3722.59999999771
12275.400000027126
3338.599999998059
12265.40000002709
10896.50000002211
11941.500000025912
5046.600000000828
4069.599999997394
4722.599999999649
13098.50000003012
11902.50000002577
12260.500000027072
4891.600000000264
12303.400000027228
12039.500000026268
8586.500000013706
11938.5000000259
9873.500000018388
5433.600000002236
11955.500000025962
12080.500000026417
6671.400000006739
12004.50000002614
7247.500000008835
9509.500000017064
3652.5999999977735
6329.500000005495
3293.5999999981
5639.600000002985
3228.599999998159
3446.599999997961
5364.600000001985
12285.500000027163
12122.50000002657
7686.500000010432
8732.500000014237
12218.50000002692
3256.5999999981336
6767.500000007089
6612.500000006525
3562.5999999978553
3640.5999999977844
4702.5999999995765
4582.59999999914
8322.400000012745
3623.4999999978
3842.5999999976007
3895.5999999975525
12072.500000026388
4452.599999998667
12059.50000002634
6339.500000005532
9323.400000016387
12120.500000026563
6778.500000007129
5223.600000001472
4596.599999999191
12188.50000002681
7313.500000009075
11964.500000025995
12225.500000026945
12223.500000026937
4378.599999998398
11975.500000026035
12012.50000002617
4208.599999997779
8010.500000011611
6433.5000000058735
4780.49999999986
7983.500000011512
5611.6000000028835
8455.50000001323
12108.500000026519
3781.599999997656
12074.500000026395
7298.50000000902
5537.600000002614
10182.500000019512
12190.500000026817
9133.500000015696
3984.5999999974715
6191.500000004993
11974.500000026032
12068.500000026374
5629.600000002949
12395.400000027563
2126.4999999991614
6596.5000000064665
11981.500000026057
11920.500000025835
4787.599999999886
8203.500000012313
3028.599999998341
3074.599999998299
4548.599999999016
12263.500000027083
9699.500000017755
12149.500000026668
7297.500000009017
12118.500000026555
12230.500000026963
4983.600000000599
12410.500000027618
8559.500000013608
12106.500000026512
7522.500000009835
11980.500000026053
3794.5999999976443
4061.5999999974015
4378.599999998398
8940.500000014994
3600.5999999978208
4955.600000000497
9074.500000015481
11966.500000026002
8334.50000001279
6591.500000006448
6833.400000007328
12183.500000026792
4563.599999999071
3436.59999999797
11950.500000025944
12262.400000027079
8200.400000012301
9433.500000016787
5003.600000000672
4499.599999998838
12202.500000026861
12092.50000002646
7600.400000010119
12000.500000026126
12133.50000002661
10430.500000020415
12211.500000026894
11479.50000002423
12172.500000026752
5255.600000001588
5789.600000003531
11971.50000002602
4203.599999997761
3452.5999999979554
12096.500000026475
9542.400000017184
4333.599999998234
10945.500000022288
11012.500000022532
8853.400000014677
4291.599999998081
12227.500000026952
4058.599999997404
9870.500000018377
3218.599999998168
6352.500000005579
12247.400000027024
12284.50000002716
6292.500000005361
6114.500000004713
12052.500000026315
12268.500000027101
12070.50000002638
12490.400000027908
7099.500000008296
8739.500000014263
12036.500000026257
8610.500000013793
4177.599999997667
5338.50000000189
7990.500000011538
10343.400000020098
2834.5999999985174
12125.50000002658
12356.40000002742
8745.500000014285
12136.500000026621
12351.400000027403
3904.5999999975443
4121.599999997463
12035.500000026253
10130.500000019323
12050.500000026308
12150.500000026672
4644.5999999993655
4669.5999999994565
3285.5999999981073
3811.599999997629
5188.600000001345
12210.50000002689
9969.500000018737
9695.50000001774
12350.400000027399
6705.400000006863
12028.500000026228
12105.500000026508
8832.500000014601
8663.500000013986
12100.50000002649
5237.600000001523
6657.500000006688
11971.50000002602
9116.500000015634
5068.600000000908
2148.4999999991414
9397.500000016656
6267.50000000527
5945.600000004099
5273.600000001654
12330.500000027327
5061.600000000883
7171.500000008558
12091.500000026457
4101.59999999739
10237.500000019712
2580.5999999987484
5888.600000003891
4513.599999998889
3335.6999999980617
7950.500000011392
5331.600000001865
12083.500000026428
11945.500000025926
11968.50000002601
11978.500000026046
3916.4999999975335
4353.599999998307
4099.599999997383
12181.500000026785
12018.500000026192
12050.500000026308
3953.5999999974997
8544.500000013553
5971.500000004193
12230.500000026963
7613.500000010166
10548.500000020844
4140.599999997532
12049.500000026304
4495.5999999988235
12227.500000026952
6639.500000006623
5948.6000000041095
12419.40000002765
4574.599999999111
11931.500000025875
12221.40000002693
3771.5999999976652
4633.5999999993255
6039.50000000444
4631.599999999318
4257.599999997958
11304.500000023594
3084.59999999829
7211.500000008704
5745.600000003371
12048.5000000263
3278.5999999981136
12065.500000026363
8546.50000001356
12446.400000027748
5045.500000000824
12339.400000027359
6005.600000004317
11888.500000025719
4173.599999997652
5028.500000000762
12126.500000026585
12161.500000026712
5592.600000002814
6059.500000004513
4500.599999998842
5090.500000000988
12005.500000026144
5648.600000003018
11939.500000025904
8901.400000014852
6803.50000000722
4526.599999998936
12282.500000027152
12345.40000002738
8049.5000000117525
5364.5000000019845
12156.500000026694
11904.500000025777
11073.500000022754
11982.50000002606
12247.400000027024
5524.600000002567
12217.500000026916
12004.50000002614
12171.500000026748
12238.500000026992
5232.600000001505
5179.5000000013115
10326.500000020036
5645.600000003007
5512.600000002523
12216.500000026912
3575.5999999978435
3688.5999999977407
6616.400000006539
6303.4000000054
2648.5999999986866
12116.500000026548
11985.500000026072
7805.500000010865
6004.500000004313
7226.500000008758
7417.500000009453
8229.500000012407
6449.500000005932
4833.600000000053
3999.599999997458
11973.500000026028
6290.500000005353
7684.500000010425
5103.600000001035
12252.400000027043
4380.499999998405
4740.599999999715
5319.600000001821
12023.50000002621
4217.599999997812
2583.5999999987457
3675.5999999977525
4146.599999997554
12268.500000027101
12380.500000027509
4114.599999997437
4637.59999999934
5260.6000000016065
12337.400000027352
9742.500000017912
9145.50000001574
12059.50000002634
4459.5999999986925
5916.600000003993
11883.5000000257
12125.40000002658
7602.500000010126
9474.500000016937
6122.500000004742
5892.600000003906
12125.50000002658
8252.500000012491
5274.6000000016575
3155.5999999982255
4528.5999999989435
12156.500000026694
4468.599999998725
4335.599999998241
7079.400000008223
12097.500000026479
12140.500000026635
7465.400000009628
5910.600000003971
12263.500000027083
4714.59999999962
4686.599999999518
12054.500000026323
4534.599999998965
7503.500000009766
4161.599999997608
3780.599999997657
4101.59999999739
7743.60000001064
3471.599999997938
12022.500000026206
4202.499999997757
12109.500000026523
5733.600000003327
12153.500000026683
5244.600000001548
5993.500000004273
7824.500000010934
3371.599999998029
10365.500000020178
8865.500000014721
9290.500000016267
11437.500000024078
11948.500000025937
7580.400000010046
11933.500000025882
3190.5999999981937
11989.500000026086
7037.500000008071
12084.500000026432
12318.400000027283
10080.500000019141
4842.600000000086
10782.500000021695
11751.50000002522
6291.500000005357
5048.600000000835
7315.500000009082
9722.500000017839
6082.600000004597
5068.600000000908
11132.500000022968
12212.500000026897
12017.500000026188
3790.599999997648
11983.500000026064
12176.500000026766
12006.500000026148
11355.50000002378
12366.500000027458
6983.500000007874
12114.40000002654
4621.4999999992815
7396.500000009377
2854.5999999984992
7808.500000010876
5330.600000001861
2671.5999999986657
12261.400000027075
6832.500000007325
4865.6000000001695
12119.500000026559
10102.500000019221
12160.500000026708
8060.5000000117925
11831.500000025511
11984.500000026068
6024.600000004386
12257.500000027061
12040.500000026272
3237.599999998151
10418.50000002037
5941.600000004084
4581.599999999136
9870.400000018377
5311.600000001792
8017.500000011636
5824.500000003658
4906.600000000319
12058.500000026337
2694.5999999986448
12094.500000026468
12121.500000026566
2750.599999998594
6350.500000005572
4570.599999999096
12173.500000026756
7990.500000011538
11963.500000025992
6862.500000007434
12411.400000027621
4553.5999999990345
2760.5999999985847
5200.600000001388
12135.500000026617
5572.600000002742
4528.5999999989435
8529.400000013498
12043.500000026283
6996.500000007922
7666.500000010359
12353.40000002741
12146.500000026657
4706.599999999591
9139.400000015718
5672.600000003105
6333.50000000551
12074.500000026395
12034.50000002625
2900.5999999984574
11815.600000025453
5621.60000000292
6489.500000006077
8042.500000011727
12061.500000026348
8314.400000012716
5059.600000000875
4405.599999998496
12129.500000026595
7769.4000000107335
12227.500000026952
8663.400000013986
12283.500000027156
12243.50000002701
4781.599999999864
3002.5999999983646
12088.500000026446
4694.599999999547
3987.599999997469
6909.500000007605
4314.599999998165
5540.600000002625
11087.500000022805
4119.499999997455
12064.500000026359
4167.59999999763
12140.500000026635
5976.600000004211
6730.400000006954
12057.500000026334
6431.500000005866
12128.500000026592
5274.6000000016575
12237.500000026988
11884.500000025704
12132.500000026606
12145.500000026654
11995.500000026108
3595.5999999978253
6730.500000006954
12151.500000026675
6345.500000005553
12126.500000026585
11560.500000024525
8866.400000014724
7305.500000009046
12137.500000026625
5115.600000001079
11632.500000024787
4852.600000000122
5162.60000000125
7027.5000000080345
11866.500000025639
10576.500000020946
12210.50000002689
3565.5999999978526
12207.400000026879
3911.599999997538
12142.400000026642
3444.4999999979627
12056.50000002633
12375.40000002749
5531.600000002592
3954.599999997499
3330.5999999980663
12020.500000026199
11940.500000025908
4295.599999998096
12082.500000026424
12076.500000026403
12457.400000027788
12113.500000026537
12068.500000026374
12383.40000002752
12199.50000002685
3550.5999999978662
6790.500000007172
5263.500000001617
7026.500000008031
11085.500000022797
12183.500000026792
3524.59999999789
12220.500000026927
12131.500000026603
12134.500000026614
3799.5999999976398
12512.400000027988
6322.50000000547
12302.500000027225
6744.500000007005
7251.400000008849
12187.500000026806
10701.5000000214
10151.5000000194
12266.500000027094
12009.500000026159
10856.500000021964
3235.5999999981527
12276.50000002713
12173.500000026756
5375.5000000020245
12035.500000026253
12070.50000002638
3828.5999999976134
11848.500000025573
12028.500000026228
11067.500000022732
8746.500000014288
8450.600000013212
12162.500000026715
3389.5999999980127
9246.500000016107
4072.5999999973915
12117.500000026552
9213.500000015987
6099.500000004658
12405.4000000276
3325.599999998071
3672.5999999977553
12324.500000027305
12164.500000026723
3132.5999999982464
12112.500000026534
12230.400000026963
3557.59999999786
12302.400000027224
12156.500000026694
11918.500000025828
12080.500000026417
4508.599999998871
5413.600000002163
7944.5000000113705
10354.400000020138
12036.500000026257
8531.400000013506
11942.500000025915
3324.599999998072
5316.60000000181
2172.4999999991196
4763.5999999997985
3215.599999998171
7175.4000000085725
6221.500000005102
8755.50000001432
12122.50000002657
12289.500000027178
3498.5999999979135
11841.500000025548
12106.500000026512
12026.50000002622
6140.500000004808
10643.50000002119
3369.499999998031
4489.599999998802
10924.500000022212
2599.599999998731
5474.600000002385
9065.500000015449
9171.400000015834
11942.500000025915
12207.400000026879
5965.500000004171
5743.600000003364
12103.5000000265
11565.500000024544
12123.500000026574
6504.400000006131
6974.500000007842
12202.500000026861
8791.500000014452
12029.500000026232
5627.600000002942
8228.500000012404
11924.50000002585
7369.400000009278
6660.500000006699
11127.50000002295
7298.50000000902
4493.599999998816
3477.4999999979327
5420.600000002189
8763.50000001435
12212.400000026897
5047.600000000832
9535.500000017159
5196.600000001374
3288.5999999981045
12522.400000028025
5968.500000004182
11881.500000025693
12087.500000026443
4729.599999999675
12056.50000002633
9514.500000017082
7027.400000008034
5654.60000000304
6206.400000005047
5666.600000003084
5369.500000002003
6662.500000006707
9451.500000016853
12325.500000027308
4183.599999997688
11997.500000026115
12235.40000002698
7949.500000011389
7253.500000008857
12142.500000026643
12157.500000026697
10057.500000019058
6136.600000004793
12275.500000027127
3307.5999999980872
12134.500000026614
12084.500000026432
11973.500000026028
12137.500000026625
6346.500000005557
12170.500000026745
11365.500000023816
9196.500000015925
3448.599999997959
12117.500000026552
12021.500000026203
5657.600000003051
12318.500000027283
12091.500000026457
9162.500000015802
12054.500000026323
4528.5999999989435
12208.400000026882
12081.50000002642
5425.600000002207
12402.400000027588
4675.599999999478
12056.50000002633
10552.500000020858
3089.5999999982855
12071.500000026384
3745.599999997689
6213.500000005073
7884.500000011152
6290.500000005353
9079.4000000155
7785.500000010792
10957.400000022331
8623.40000001384
5228.60000000149
12123.500000026574
12057.500000026334
6089.600000004622
12231.400000026966
12470.400000027836
7893.500000011185
5802.600000003578
6082.500000004597
12120.500000026563
8215.500000012356
4806.599999999955
12154.500000026686
3539.5999999978762
8754.500000014317
6766.500000007085
5178.600000001308
8436.50000001316
12037.50000002626
5996.600000004284
7606.500000010141
5208.600000001417
12256.500000027057
12073.500000026392
12190.400000026817
6215.50000000508
11440.400000024089
7897.5000000111995
8004.400000011588
12145.500000026654
12322.500000027298
12425.400000027672
12123.500000026574
6688.400000006801
4485.599999998787
12027.500000026224
12205.500000026872
12004.50000002614
3607.5999999978144
12058.500000026337
9696.500000017744
10204.500000019592
6232.500000005142
7853.500000011039
11659.500000024886
11187.500000023168
11970.500000026017
