6249.725000006772
7585.150000012573
5109.725000005333
2824.7749999990183
2015.2249999992355
8969.175000015097
2313.4749999989913
4848.675000005136
2348.6999999989594
2365.1999999989443
2635.4499999989207
9387.675000016803
3690.200000003041
4414.725000003026
7832.67500001348
7599.650000012469
7176.450000010889
2208.9749999994315
3223.999999999246
4805.200000001672
3684.7250000017393
3262.7499999999404
2523.6999999988
7205.92500001159
2875.999999999104
3995.4750000000113
6110.200000007373
2431.9999999988836
3971.2000000030785
5079.725000001315
7055.225000008136
3619.999999998379
6532.425000009118
4837.9500000028365
6705.9500000068665
2588.2249999987416
10362.400000020167
3900.075000001411
3029.2499999985857
4859.7250000016975
4458.425000005796
1922.724999999347
7580.425000012903
8478.675000013314
3550.4250000027005
5844.500000009012
4379.175000004882
3991.7250000021077
2705.2499999991005
5130.9500000054495
3998.7000000032003
4960.725000005489
3922.425000001454
3197.7499999981874
4326.450000004144
4101.499999999708
6567.725000006465
3143.7249999993364
2645.7499999986894
4966.950000002694
5921.675000007864
9495.675000018986
2069.149999999214
2032.7249999992466
6030.150000010271
3564.7000000000444
4062.7000000028806
4144.925000002368
2270.224999999031
4990.700000005363
4497.200000005721
3153.42500000092
5761.7250000048225
9505.92500001705
9035.92500001727
4272.97500000312
5275.200000005394
5127.200000005388
6687.1750000103075
9620.650000017467
3119.224999999122
3556.9749999990313
3589.4750000008125
5227.950000005564
4444.475000001152
4140.4750000013855
4116.200000002328
6223.925000007889
3969.1750000036204
3652.749999998398
5637.950000005349
6837.675000012498
3329.7499999988895
3339.24999999893
2312.6749999993494
6645.925000010569
4897.200000005507
4984.975000003187
5391.70000000523
3196.275000002027
5208.975000005803
4997.200000005269
2664.9999999986717
2476.699999999427
6576.45000000752
5936.2250000060685
5475.175000005651
7363.650000012642
10201.925000019583
2207.6999999990876
2869.974999999025
5488.150000007412
5637.725000006787
2279.1749999990225
4831.200000005439
5541.225000005576
4505.725000004913
5237.175000006038
5092.20000000542
7818.675000010912
5607.725000007698
4958.2500000053005
5263.950000005643
5213.950000005323
4230.7000000023645
6172.700000008503
5776.700000005952
5289.70000000552
3261.975000000978
2862.9499999996538
3120.9250000009088
5421.7000000067255
3745.2249999993114
4042.474999999439
4237.400000006029
2540.199999998785
2772.474999998574
5566.975000005894
4031.425000003812
4408.250000004955
7386.700000009412
2832.9999999987867
6456.4500000087655
4234.500000005914
5947.475000008605
7090.900000012646
6612.200000008856
4191.474999999992
2827.2249999985243
5744.975000006725
4265.425000002771
4532.225000003329
6980.950000011815
5209.225000003917
4121.450000000414
3692.2499999990805
4402.9000000053475
7153.950000012175
6029.625000007187
7068.950000009919
5415.450000003939
2982.749999998533
6474.700000007197
6486.7000000072585
4579.20000000572
7441.975000011793
7344.175000012183
3228.499999999167
3737.9999999995357
3280.724999999677
2620.499999998712
7417.925000012252
5223.22500000147
4303.200000002615
2151.9999999991383
3489.450000001036
2739.1999999991813
6226.925000009339
5720.72500000476
2454.449999998863
3466.95000000135
5360.200000005595
3746.700000001285
2506.6999999988157
4613.950000005689
2424.749999999327
8644.675000015672
3709.4250000008005
1950.7249999993214
5315.000000006581
2741.699999998602
3717.474999999835
3326.950000000006
2816.7249999985333
2296.199999999007
2965.4999999983984
4816.400000004268
7782.175000011856
5547.575000004962
6412.450000010811
5613.950000006147
2032.6999999992468
5056.925000005438
3599.0249999978223
3007.6999999993486
3475.250000001823
7767.45000001221
2788.974999998559
2848.9499999996247
4268.925000001777
5153.975000002598
5390.2000000059215
4181.950000002323
7773.675000013149
2988.2499999998436
7830.42500001328
2589.974999998913
2016.4249999992612
5764.700000006759
2424.2499999989536
3601.9250000016837
4887.200000005425
3803.175000001159
4674.7250000034
5719.475000005793
3993.4750000012427
2309.7249999989945
2115.1999999991717
3812.6999999980912
3999.7250000012773
4313.025000005778
2978.4250000004004
2617.949999998775
3332.9749999991363
3664.4750000011254
6107.950000006301
2531.69999999923
3308.249999999556
4491.675000005941
3934.4500000011712
5375.450000002147
2347.9499999989603
5602.950000006516
2176.174999999116
6242.700000007002
5061.225000003905
6369.450000007171
3004.974999999162
2964.2499999983997
3656.7999999982917
9688.825000017716
4722.250000005507
5366.225000005237
3439.9999999986326
6050.150000007618
8282.17500001415
3940.4500000023677
5532.475000006257
5271.200000004202
2878.4499999998
7853.950000012284
8091.175000013382
4061.7000000004787
5007.650000007303
3572.775000001194
4425.500000003015
2252.9749999990463
4117.999999999624
2421.949999998893
3607.974999999583
2342.7749999989646
2330.749999998976
3163.049999999398
7472.450000009652
6419.450000007062
4325.700000001092
5201.975000003642
8369.425000015093
2217.974999999078
4775.225000000877
3959.475000000126
3059.749999998313
2500.22499999881
3095.999999998775
3334.474999998401
4845.725000003053
2665.9749999986707
2370.19999999894
2464.0749999988548
4416.675000005902
2331.9749999991795
5767.925000006887
3979.2249999997894
6417.700000005816
6580.950000007448
3875.2000000004687
2759.2249999996548
2943.999999998756
6105.475000005239
4407.750000002283
4454.200000005777
6261.950000008029
5341.950000006182
3096.999999998355
4158.6500000060705
4971.4500000056705
3114.749999998263
4137.225000001582
3265.9250000005563
3288.474999998595
4589.225000001066
3420.7499999994434
5588.00000000451
4849.950000005589
3063.7499999983092
5165.450000005315
4036.225000000664
4008.999999999257
4084.95000000408
5010.450000005494
3521.9500000033927
2599.699999998731
3339.700000000192
5004.975000005443
4640.275000005685
3097.2249999998085
8045.70000001274
1867.4749999993971
3933.6750000020024
4967.225000006341
5877.725000005007
2637.1999999992818
4661.225000002854
2315.7499999989896
2545.99999999878
3311.774999998426
5742.7250000055665
4549.975000003142
6159.200000008037
3798.9250000011407
4989.975000005414
6162.725000006218
3233.7249999994347
9130.675000015937
4308.450000003592
6345.725000006156
3926.97500000111
5170.450000005261
2393.974999998918
3210.2499999981756
2236.224999999217
3442.6500000033066
2618.699999998714
3151.199999998844
3812.0000000031096
5778.725000006164
5687.700000003984
4750.47499999992
3983.4250000004477
5429.975000005225
2903.9749999987434
2109.6999999991767
4773.475000005437
5323.700000006167
4610.725000001613
4098.925000003167
3248.724999998945
2898.4999999987276
4557.1500000058495
4533.675000005855
4598.475000001359
4364.950000005881
5935.175000007037
5668.700000005094
5288.475000005275
7152.650000012024
5933.175000008014
2355.000000000078
4487.9999999998345
4588.95000000564
3137.7749999982416
2092.449999999192
6208.1750000077745
6093.9500000062735
3511.524999997958
5267.950000004521
6684.475000008379
6353.425000006542
3690.249999997739
5414.200000005673
2344.1999999989634
4670.225000003139
2089.749999999161
3771.700000001138
5178.725000005391
7123.4500000125245
2750.4500000008447
4291.224999999547
4573.925000005778
7095.950000008762
7681.175000012419
8024.20000001361
3922.2250000006816
4739.400000004579
8765.925000014358
3410.1750000028837
3171.249999998211
3942.9749999986607
4170.475000001509
6186.425000006982
1858.949999999405
6214.225000005454
6220.150000006412
5315.475000002822
5398.700000006456
5243.450000005797
2040.7749999992163
2588.9749999987407
4668.425000005618
5487.750000003955
7782.700000011642
6420.65000001108
2657.9499999990944
2904.9749999988508
2000.2249999992764
2923.249999998437
3629.749999998835
5361.67500000718
5476.150000006903
5710.95000000694
5997.175000007579
3495.9250000005345
4399.425000005909
5326.225000005089
4120.450000002489
4884.200000003596
6467.975000006658
2898.6999999995523
3295.450000000795
5003.72500000664
4044.700000002902
3584.024999999339
1680.1999999995674
4227.925000003164
2966.175000000548
3585.4749999996116
2930.999999999552
7189.700000010065
2970.749999999257
3297.2750000013466
4798.47500000555
2681.224999998657
6295.700000006957
1737.974999999515
3312.2249999999094
3170.24999999849
2516.0749999988075
5512.200000003228
3902.999999999925
5477.700000005496
6098.95000001057
5703.225000007819
5944.275000005373
2753.974999998591
2337.9499999990276
2442.9749999988735
5052.725000005468
5513.675000007128
5211.475000005159
3180.249999998203
4904.4750000020385
2917.7000000003745
7620.425000011156
4358.4750000024615
4046.900000004511
2701.1999999986388
7466.950000011985
3017.4749999984942
7288.200000012257
3076.45000000091
4048.4999999993415
6055.350000009255
3121.2249999985524
4431.925000005776
5227.475000005359
2403.9499999989093
2874.324999998866
3277.475000000042
3375.224999998445
2995.4749999983715
4669.175000004757
2250.9499999990485
3730.7000000009916
3753.225000000269
5319.425000005671
2023.4999999992551
4975.225000005402
3719.500000002571
5060.9750000056865
3923.9999999985475
8009.875000014318
4809.750000001523
4411.500000005692
2670.224999998667
3465.69999999891
4410.375000005992
5271.225000005459
3948.725000000237
2802.9250000005704
3123.999999998461
3216.449999998956
5771.500000005935
3577.249999999355
5561.225000006087
4152.700000002525
4032.2250000002905
2530.4999999990832
6363.97500000621
7309.900000012099
3519.975000002213
2712.4249999998306
7213.425000009825
4938.975000005756
4537.900000004702
6643.700000008448
4983.925000005513
2925.224999999827
7338.950000012408
4374.700000005912
4682.9500000057305
7172.17500001084
3927.749999998522
3547.9999999993133
6586.200000007735
3408.4749999995297
3032.499999999742
5104.975000005467
2429.9499999988857
2543.724999998782
3773.225000000255
4538.4500000018315
2160.049999999131
7885.950000012057
4640.200000005629
4352.70000000233
2905.200000000417
3604.200000001133
4681.700000002648
3630.475000002285
3639.1750000011516
3857.4999999984507
2451.749999998866
5073.450000006345
3891.475000000334
6156.950000004867
2551.2749999997054
4940.675000005573
3166.474999998247
2719.4499999991112
3847.749999998788
6723.175000011018
2582.949999998746
2146.1999999991435
2217.6999999990785
3152.4999999982283
5281.450000005337
7795.200000011273
3052.749999998319
2557.9499999991076
3055.449999999393
8027.125000014431
4637.975000003086
3916.70000000306
6677.700000009678
2921.4749999986607
3384.1999999998666
4810.225000005374
7443.950000009843
4033.675000001798
4813.975000002634
3660.9500000016446
3467.7500000001437
4478.9500000059115
4988.925000005105
3270.9749999991886
2197.249999999097
2760.949999998821
8095.675000014063
2572.2499999989386
3396.999999998066
5564.425000004696
4628.175000005792
5078.225000005371
4481.700000001462
3746.7499999995316
4571.200000005771
3455.2499999983993
2856.9749999989285
5040.700000005332
2928.749999998728
4242.475000000886
2907.9749999984506
2516.974999998806
2772.8249999985737
3864.2500000030277
2296.449999999007
4915.200000005387
2938.724999998423
5438.475000005332
3185.974999999714
5813.200000006335
2775.9499999996183
3013.7000000002963
4739.225000001813
2133.5499999991553
5218.950000004654
4179.700000002405
4528.725000002571
6276.225000005693
4631.450000005603
4424.675000001394
7039.675000012068
2408.474999998905
6976.175000012184
4912.475000001317
6968.700000008542
5302.6750000065895
6004.950000007356
3484.2499999985225
6747.900000009721
4925.9750000051
3176.1750000004936
2805.2499999994407
3771.6750000009956
5114.725000003122
3221.975000000113
3415.999999999736
4922.750000004601
8415.175000013081
7115.425000012155
2752.4749999985925
5529.750000005122
8814.675000014537
5018.9750000053255
5395.425000007045
10144.675000019373
3363.2000000010676
5070.6750000055745
3221.4999999984425
4326.275000002404
2200.5249999990942
4363.675000003542
3824.5249999989505
2145.4249999991443
5427.950000005194
2895.675000001319
2849.7249999991245
7211.425000012219
4198.9500000039025
6184.9250000092325
3548.92500000216
6385.4750000079275
5212.475000006418
3082.550000000158
8035.20000001241
4723.175000005618
2390.9499999989207
4647.725000003856
3739.2500000006517
2724.4749999989936
4953.225000002922
4067.2500000001023
4648.700000003873
3699.999999999438
3212.474999998787
4941.45000000539
1949.9499999993218
6889.925000012504
4442.200000005879
1888.9249999993776
3954.9750000011636
2727.4749999989426
5465.9750000050435
4196.225000001504
5967.7250000073145
4160.975000000226
5243.400000005382
3333.9999999983397
2174.249999999118
3617.749999998601
4885.200000005521
3152.474999999682
3283.97499999862
5651.22500000384
7566.950000010149
3998.725000000705
4223.700000001258
7687.375000013277
6167.200000006361
3563.9749999983324
5757.950000004543
3005.4749999998976
3457.9500000002154
5753.450000006157
7653.925000013085
2485.9999999988345
6332.025000009327
3126.2249999997193
3072.175000000777
3839.200000001904
6579.700000010484
4867.175000004719
3519.74999999878
2454.924999999002
10004.900000018866
3868.950000001487
7109.700000012439
4174.900000002773
6203.9500000074595
7560.200000012168
2738.6999999991885
2298.9749999990045
5182.675000006534
3233.724999998519
2916.4749999984433
4506.725000000879
2881.449999998502
3272.449999999535
4945.725000004283
2809.3999999985404
4662.675000005711
3154.749999998226
5322.225000005515
3553.2249999999553
4225.200000000987
6328.950000007918
3415.925000000373
5711.225000004817
3557.4749999998994
4758.200000005723
4121.775000005883
7846.700000012336
7079.925000012386
5146.725000005196
2330.9749999989754
4514.225000001874
6560.450000007691
3311.450000000417
5413.225000005103
6736.425000011299
5270.425000003819
3214.4750000016147
8233.175000014484
3149.774999999145
4056.4250000056636
3481.9749999991336
3379.724999998962
5103.200000002091
4942.450000005983
6047.950000007791
4800.700000005612
2350.4499999989575
6211.675000007388
2422.9999999988913
5843.97500000541
2798.9999999985503
5426.725000005001
6114.200000006818
3567.22499999922
2958.5249999984044
2226.9249999990698
5175.950000005172
4465.925000005707
3030.4749999983396
5802.950000006949
5408.150000007847
5035.675000005651
6089.975000006402
6517.700000007947
5294.875000006399
6506.950000009719
2721.7499999986203
3466.7000000008134
2977.1749999994713
3227.9500000012567
4638.70000000462
6258.425000007781
2595.4749999987353
6867.9500000105845
6052.175000007535
8016.125000014454
2637.1999999986965
7561.175000010466
3874.950000000703
6130.925000007886
3744.2250000005524
4625.200000002813
7602.150000010125
4880.7250000038575
4802.975000003358
4968.450000005566
5360.475000005037
5774.22500000787
2323.699999998982
8238.675000012441
4569.200000005859
3284.6999999992686
7672.175000011258
4402.925000005864
2849.249999998504
5733.450000006695
5170.725000005168
4859.97500000434
6450.675000006672
3527.7750000026676
5596.47500000509
2343.699999998964
4297.725000002951
3152.9749999982278
6227.675000009437
3526.42500000349
4159.225000000895
5825.225000005132
2355.47499999895
2570.949999998757
6116.72500000593
8721.175000014195
2303.4499999990003
7773.9250000107495
6506.725000006991
2415.224999998899
7135.950000010575
9949.175000018664
4254.675000005929
4566.425000005745
3470.7499999981824
3679.7249999992846
4841.425000003381
5287.7000000038115
5775.925000008876
4133.650000002886
4754.2250000054655
2258.449999999041
3837.2499999987667
1671.9499999995749
3716.2499999983547
2145.5249999991443
3658.6750000010334
4656.975000000155
4870.475000002364
4743.9500000057205
6701.12500000969
2354.449999998954
5537.975000008395
6030.450000006919
4516.950000005785
3066.6750000003894
5350.000000004787
2535.7249999987894
3194.974999998365
4712.225000004537
2029.7249999992496
3142.9749999994156
3666.4500000031826
5721.1500000060405
6878.950000010489
8443.175000015008
3309.249999999995
3902.999999999602
4998.20000000537
8165.175000013547
4763.675000005649
4739.975000000644
4348.225000001417
7547.42500001008
3852.9250000026814
9635.175000018651
3508.724999999731
5320.975000002874
4680.9750000055465
3468.425000001394
4102.700000001807
4311.6750000049515
3578.200000001405
2958.4749999986225
2568.1999999987597
3886.9750000001372
4844.450000002642
7729.200000011975
2999.9749999992173
6569.425000006726
3649.7249999989967
2347.2499999989604
6221.700000007986
2892.950000000402
6705.050000008672
5152.450000006325
2992.7249999987844
5621.17500000739
4208.475000003216
4311.400000000228
3786.999999999148
3014.425000000526
2650.4750000002905
3775.949999999489
3828.2250000003196
5079.70000000406
7720.175000013208
3077.974999998296
6010.7000000083135
6879.450000007692
3567.4250000019715
4157.975000000677
7668.925000012902
5673.97500000606
4933.7000000043045
3475.99999999998
5919.175000007379
2415.974999998898
5089.475000005337
4865.950000005565
4588.450000005681
7479.700000010664
3118.2000000005482
4544.675000005922
6131.200000007664
4451.950000002586
2346.949999998961
5712.40000000864
5601.725000005644
3711.4999999994966
5207.925000005776
5509.925000006139
4857.725000002172
6020.500000006514
2915.4749999987043
6356.6500000096
7219.675000012217
3683.7500000000496
5462.725000005275
3115.499999998994
5620.725000006536
4214.675000004389
2321.9749999989835
5426.975000005698
2511.4499999988116
3484.9500000000794
4488.95000000271
3771.2500000006985
4263.125000003487
5912.950000004466
4731.425000004329
5299.70000000393
3637.4749999995615
6667.675000011244
4504.9500000058
4520.500000000924
5580.7250000062195
8303.45000001284
5881.200000005598
3629.9999999995453
3049.450000000378
5806.475000006345
3994.2000000019525
3564.4999999984007
5398.45000000539
2455.474999998862
5962.875000007114
3212.9250000009442
3151.6999999991995
5224.700000004009
4797.450000005558
3983.999999999825
4375.725000001259
3747.2249999991527
5115.950000005456
7522.700000009836
6248.400000009971
3399.4750000002027
6141.225000005577
3352.20000000214
5311.725000002183
6945.2000000103635
5998.475000006203
6645.200000008465
6997.700000007926
3589.650000000564
2851.974999998617
5078.950000005272
5651.425000007534
5441.200000005689
2399.2249999989135
5411.450000005928
4514.700000004124
3975.0000000041823
3898.450000001137
5943.4500000050575
6089.475000004981
5206.975000006369
5317.925000007533
