6731.300000007799
8063.725000013987
5456.1000000055055
3136.374999999151
2267.0999999990336
9374.275000016572
2654.6249999986812
5216.550000005607
2709.599999998631
2827.2499999985243
3003.324999999083
9912.25000001853
4048.300000003234
4744.600000003232
8228.550000014595
8021.550000013625
7648.250000011663
2513.574999999616
3617.799999999411
5194.850000002797
4096.325000002096
3588.07500000011
2926.0499999986123
7603.825000012601
3266.5999999994087
4518.325000001032
6421.325000008192
2724.899999998617
4442.750000003324
5479.5250000024025
7387.350000009344
3965.3749999989145
6982.725000009937
5241.550000003578
7079.5750000082235
2906.599999998452
10743.950000021554
4185.425000001557
3466.0499999987655
5382.0500000031625
4759.300000006004
2210.5499999990852
8017.325000014074
8904.500000014863
3925.850000002869
6135.60000000957
4779.750000005028
4351.50000000231
3053.8749999992565
5545.000000006034
4424.100000003456
5353.275000005816
4322.325000002113
3621.8499999978017
4699.075000004369
4485.650000000391
6888.100000007527
3482.5999999995383
2980.624999998552
5345.300000003758
6321.250000008613
9869.550000020045
2450.9999999988663
2366.3499999989435
6416.275000010881
3893.1000000005924
4462.300000003051
4479.825000002989
2617.3999999987154
5347.600000005542
4883.325000005955
3539.575000001077
6117.125000005708
9808.825000018152
9428.57500001838
4715.80000000357
5695.575000006114
5541.475000005988
7042.0750000110365
10135.050000019339
3520.899999999338
3959.2999999997537
3913.6000000013837
5645.875000006311
4906.600000001954
4499.600000001573
4489.850000002887
6630.750000009013
4317.300000003874
4054.3999999989564
6172.5250000068345
7183.050000013107
3933.54999999913
3867.324999999142
2657.3499999994738
7058.075000011341
5252.300000005813
5370.375000003869
5806.02500000561
3458.6250000022023
5539.100000006343
5273.075000005538
2986.874999998379
2805.824999999589
7039.025000008851
6273.575000006992
5899.0250000067335
7870.025000013493
10636.075000021163
2623.0499999987096
3207.6249999991824
5837.550000008012
6002.625000007458
2633.5749999987
5194.87500000569
6028.325000006595
4812.600000005035
5642.300000006844
5418.850000006019
8174.825000012209
5997.875000008573
5276.850000005872
5614.350000006289
5535.825000005834
4621.625000003102
6644.35000000926
6204.525000006654
5674.025000006189
3536.8250000011612
3152.57499999985
3467.8500000010677
5869.100000007562
4188.050000000113
4414.624999999587
4569.500000006297
2945.7999999986932
3143.8249999982363
5954.3250000066255
4362.22500000404
4730.075000005126
7819.000000010914
3131.1499999989464
6781.82500000967
4531.050000006158
6301.350000009321
7490.225000013292
7077.600000009688
4603.550000000812
3200.3749999981846
6142.375000007531
4651.300000003417
4854.350000003928
7433.575000012654
5580.375000004668
4528.800000000845
4098.074999999837
4801.22500000563
7517.350000012797
6468.500000007922
7467.1000000107315
5941.525000005358
3378.5499999986578
6860.325000008275
6940.55000000855
4942.35000000588
7802.100000012642
7796.525000013169
3627.6249999994325
4087.8499999997784
3671.1250000003806
2927.599999998433
7821.82500001344
5611.825000002885
4642.775000003153
2462.8499999988553
3862.625000001204
3173.8249999994214
6637.325000010045
6060.350000005446
2831.3249999985205
3770.5500000015604
5775.600000006373
4117.5250000015085
2943.049999998625
4940.100000005803
2735.349999999492
9049.000000016818
4162.775000001053
2279.849999999022
5699.100000007431
3079.3499999982946
4207.8250000003745
3730.550000000579
3187.374999998684
2633.024999998701
3396.3999999982366
5172.200000004896
8203.750000012998
5876.900000005605
6778.550000011572
5968.600000007057
2311.2999999989934
5359.825000005987
4067.399999998613
3448.799999999721
3814.850000002025
8176.30000001328
3230.5249999983316
3227.299999999835
4718.300000002592
5582.5750000038515
5755.100000006477
4544.600000002581
8124.8250000140715
3298.3500000000145
8205.575000014305
2912.649999999044
2357.574999998951
6145.550000007407
2733.3749999990864
3985.2750000025003
5245.325000005678
4415.525000001529
5029.100000004026
6109.050000006557
4457.300000001517
2685.599999998653
2418.5749999988957
4307.549999998984
4399.350000002039
4638.600000005964
3319.525000000635
2951.04999999898
3758.099999999633
3993.650000001695
6529.525000007061
2854.574999999421
3673.624999999735
4818.025000006086
4294.825000001354
5822.800000003652
2757.849999998587
6018.525000007256
2534.3249999987906
6635.000000008065
5466.625000004549
6696.600000008074
3369.8999999993293
3432.8999999983425
3997.649999998766
10506.52500002069
5042.125000005632
5802.0750000058515
3809.624999998843
6465.750000008342
8645.575000015146
4335.600000002645
5860.850000006846
5595.600000005088
3239.100000000024
8212.60000001327
8552.000000014767
4501.2500000012
5337.750000007989
3865.850000001383
4731.350000003229
2577.824999998751
4501.8750000001455
2795.7749999985526
4009.4000000002934
2663.1499999986736
2677.3499999986607
3504.8749999996294
7899.800000011208
6809.8000000081
4629.5750000016305
5602.875000004651
8827.07500001638
2589.87499999874
5246.800000002246
4423.325000000252
3492.824999997919
2814.8749999985353
3396.874999998896
3661.849999998564
5386.050000004137
3089.0249999982857
2704.5749999986356
2751.149999998593
4788.57500000605
2617.0499999993444
6153.575000007502
4341.800000000082
6813.275000007256
6943.325000008403
4311.550000001302
3117.599999999839
3270.349999998951
6515.050000006359
4737.875000002889
4782.575000005946
6698.1000000086715
5719.300000006771
3504.8999999986304
4463.05000000624
5346.625000006326
3521.549999998272
4491.600000001767
3585.5500000007423
3717.0499999988497
5027.325000001823
3793.624999999658
5934.35000000543
5196.050000005849
3533.599999997904
5540.100000005976
4494.125000000897
4442.349999999979
4454.375000004201
5385.325000005667
3861.8000000036545
2927.12499999855
3701.100000000356
5306.100000005988
5031.625000005777
3459.624999999972
8621.00000001441
2140.299999999149
4272.075000002656
5308.825000006956
6222.375000005797
2930.324999999486
5046.575000003545
2643.874999998691
2921.874999998438
3631.8999999985813
6329.050000007059
4897.125000003298
6579.375000009192
4210.55000000205
5345.575000005613
6560.025000007288
3639.650000000207
9664.75000001763
4678.825000004187
6777.325000007363
4323.825000001382
5506.100000005841
2739.374999998604
3561.39999999804
2508.8249999993454
3751.0250000034766
2969.599999998395
3728.049999999289
4121.350000003218
6132.850000007162
6272.050000005551
5128.025000001124
4526.275000001387
5824.575000005963
3287.324999998908
2374.549999998936
5080.575000005706
5731.25000000688
5049.525000002313
4448.2750000034175
3639.07499999924
3243.099999998932
4962.000000006103
4890.750000006026
5053.550000002304
4700.550000006054
6316.550000007752
6071.50000000579
5684.025000005515
7509.775000013111
6370.80000000886
2616.575000000233
4871.150000000853
4919.600000005766
3453.3749999982883
2410.799999998903
6619.100000008883
6600.275000007563
3896.1499999982852
5619.500000005135
7022.100000009266
6829.500000007745
4085.0999999982623
5765.850000006725
2672.7749999988823
5076.02500000356
2390.3499999989212
4162.875000001804
5607.2750000055685
7582.800000013553
3024.3250000010685
4679.125000000606
4904.300000005998
7580.750000010048
8043.3250000133685
8591.275000015286
4295.3250000008575
5132.250000005333
9159.825000015791
3743.550000003129
3600.3499999983997
4428.524999998937
4577.3750000020955
6793.275000008692
2187.7999999991057
6605.05000000657
6663.025000007625
5696.350000003659
5762.800000007095
5667.000000006492
2321.149999998984
2894.3499999987057
5041.325000005772
5849.125000004959
8179.100000012746
6857.82500001186
3015.0999999992864
3244.8499999990227
2337.8249999989694
3302.1499999980924
3955.6499999992693
5768.800000007907
5850.750000007601
6138.850000007663
6456.750000008262
3910.0500000011316
4722.025000006098
5701.300000005389
4544.7750000027445
5343.600000004547
6807.550000007552
3256.5999999996875
3652.0750000010166
5316.825000007242
4373.350000003056
3967.4000000000046
2007.0499999992699
4549.050000003709
3356.800000000766
4031.5499999998146
3255.8749999997976
7749.550000011735
3291.8499999994483
3612.8250000016287
5136.350000005779
3046.8499999986616
6688.350000007965
2034.8749999992447
3679.600000000071
3549.874999999145
2801.199999998548
5923.825000004443
4223.875000000489
5860.100000006161
6422.05000001118
5998.800000008307
6303.125000006386
3179.2999999983044
2686.7999999991926
2776.0999999988408
5427.350000005574
5843.050000007695
5591.12500000537
3567.3999999979756
5284.8750000027885
3240.825000000501
8118.500000012607
4744.625000003267
4378.7750000047035
3038.8249999986765
7872.825000013159
3444.0749999989657
7699.575000013064
3444.3000000011525
4397.125000000143
6496.000000009981
3535.0499999987514
4710.800000005943
5619.750000005529
2766.5999999985793
3161.649999999084
3668.575000000475
3730.3999999990606
3346.8749999985434
5046.050000005465
2631.5499999987023
4132.775000001199
4118.325000000898
5811.050000006646
2307.5749999989966
5350.325000005535
4021.0750000027483
5511.050000005943
4467.299999999352
8531.725000015753
5183.900000002523
4718.600000005883
2987.599999998713
3922.549999999646
4802.500000006166
5683.375000006137
4281.125000000832
3079.275000000766
3536.8499999986875
3664.2499999992656
6141.125000006561
3962.62499999948
5902.125000006683
4552.475000002738
4414.625000000951
2853.099999999262
6879.550000007759
7815.02500001318
3804.0500000023635
3096.524999999957
7636.325000011037
5245.575000006337
4935.525000005224
7006.600000009067
5409.250000006154
3268.874999999978
7755.32500001307
4711.125000006077
5080.600000005939
7587.750000011936
4390.124999999007
3997.3500000001895
6935.850000008495
3745.8749999996858
3324.3249999999066
5521.550000005691
2794.0999999985543
2846.099999998507
4198.275000000483
4901.27500000283
2461.8999999988564
8300.35000001315
4971.825000005885
4744.1000000030945
3235.575000000628
4018.8250000013236
5058.62500000361
3911.600000002457
3971.3250000017993
4210.399999999023
2758.5999999986807
5408.8250000070075
4287.87500000107
6532.575000006234
2848.6249999998554
5396.525000006291
3610.049999998404
3069.7749999993944
4202.399999999439
7075.300000011666
2946.3249999988166
2504.5749999988175
2540.5999999987844
3507.39999999819
5655.050000005785
8311.325000012705
3397.6249999983193
2931.349999999336
3465.1249999996803
8450.225000015573
4971.125000003268
4280.60000000326
7050.825000010336
3276.874999998848
3739.350000000346
5085.325000005545
7881.500000011141
4373.775000002377
5157.625000003085
4045.0750000023418
3818.850000000877
4873.075000006063
5314.575000005683
3660.324999999756
2482.8249999988375
3156.54999999899
8550.525000015412
2892.3999999991
3726.8749999986667
6023.250000005999
4972.800000005969
5478.550000005557
4869.775000002537
4131.375000000207
5015.575000006066
3879.399999999258
3218.8499999992073
5405.600000005556
3244.349999998978
4627.375000001077
3253.3249999984782
2836.5999999985156
3068.874999998631
4168.125000003565
2633.0749999987006
5265.600000005552
3371.0749999984214
5843.12500000607
3597.3250000000176
6253.525000007301
3137.3499999997866
3336.1000000004096
5104.875000002434
2454.6499999988628
5585.075000005428
4564.825000002707
4909.025000002824
6714.625000006896
4937.325000005761
4894.775000002649
7376.075000012645
2821.524999998529
7325.8250000128155
5280.8500000022905
7400.600000009751
5719.225000007291
6408.600000008147
3921.349999999391
7102.800000010651
5260.325000005303
3529.3000000006587
3117.624999999574
4218.025000001548
5544.625000003963
3613.10000000031
3743.150000000338
5244.600000005124
8847.800000014657
7466.350000012723
3144.5749999982354
5854.350000005656
9339.250000016444
5357.350000005539
5744.300000007582
10612.050000021076
3715.325000001256
5477.000000006299
3709.549999998628
4637.35000000298
2534.1249999987904
4778.025000004272
4283.649999999816
2505.074999998817
5851.025000005906
3228.5250000015067
3199.1249999993297
7584.775000012865
4549.5500000040865
6620.250000010055
3881.500000002393
6677.600000008732
5560.100000007095
3399.625000000434
8580.350000013965
5050.550000005815
2739.549999998604
4994.100000004047
4095.875000001278
3122.8749999991896
5402.000000003747
4421.125000001111
5047.075000004535
4151.049999999902
3611.149999999155
5274.57500000561
2285.3249999990167
7249.100000013108
4810.075000006211
2218.3249999990776
4296.875000001788
3100.8999999991265
5901.325000005418
4547.625000001643
6319.350000007937
4543.375000000729
5729.000000005733
3697.1499999985067
2512.3749999988104
4103.87499999906
5256.025000005839
3512.349999999874
3661.874999999242
6081.025000005029
8055.5500000117745
4390.100000001376
4654.87500000202
8137.500000014428
6536.800000007054
3995.0499999991016
6309.27500000621
3411.6000000001277
3861.100000000497
6125.35000000716
8023.300000014113
2859.1499999984953
6612.675000009853
3524.099999999893
3380.5500000009934
4150.350000002032
6959.325000011228
5250.775000005292
3857.8749999993693
2791.2999999991453
10437.775000020441
4291.775000001699
7509.300000013169
4600.0000000034825
6703.800000008472
7975.850000012888
3085.349999999352
2649.374999998686
5561.075000007209
3637.8249999987493
3306.124999998237
4908.825000001635
3227.074999998902
3672.299999999722
5339.600000004517
3196.7499999985384
4982.550000005897
3496.3999999983703
5770.875000006465
3887.625000000515
4638.775000001755
6690.050000008941
3759.775000000614
6089.050000005462
4010.5750000007233
5150.82500000592
4420.125000006134
8254.100000013474
7476.300000013094
5485.125000005533
2698.8499999986407
4854.850000002849
6986.275000008867
3654.275000000585
5804.325000005766
7100.575000011937
5768.775000005218
3516.3000000018274
8673.050000015699
3494.8999999993284
4367.775000005955
3814.149999999689
3785.8499999992855
5555.8000000033335
5275.07500000661
6510.6000000087815
5177.275000005935
2723.0749999986188
6653.250000008635
2736.374999998663
6266.800000006582
3393.799999998009
5759.850000005256
6614.77500000782
3939.324999999857
3335.399999998189
2526.7999999987974
5527.100000005683
4758.300000005927
3430.2999999985377
6197.600000007743
5747.975000008532
5488.000000005949
6489.600000007146
6875.100000008829
5764.750000007214
6932.60000001046
3016.1249999983525
3801.0500000009806
3340.974999999691
3554.050000001431
4979.850000004741
6667.275000008956
3011.349999998357
7306.050000011419
6433.750000008273
8382.5000000154
3035.049999998385
8132.000000012053
4256.275000001384
6567.550000008619
4067.1000000011177
5062.750000003603
8021.27500001165
5240.350000004097
5247.550000003468
5404.025000005946
5733.375000005781
6083.100000008403
2768.5749999985774
8770.300000014375
4966.375000005983
3723.799999999789
8038.5750000122935
4807.825000006038
3256.8749999981637
6048.875000007502
5533.375000005568
5376.0250000045835
6917.750000007874
3786.6250000028263
6010.875000005992
2732.3499999986107
4635.35000000354
3579.574999998433
6654.325000010214
3879.025000003682
4534.125000001698
6318.525000006217
2683.624999998655
2961.049999998402
6636.825000006842
9137.800000015712
2721.82499999862
8265.025000012536
6994.275000008329
2726.3499999986157
7604.250000011441
10377.575000020222
4541.825000006114
4941.575000005938
3873.1249999984893
4021.124999999872
5209.8250000040425
5815.275000004724
6173.85000000964
4565.500000003698
5083.350000005616
2618.7999999987137
4271.549999999015
1989.0499999992865
4088.6249999990437
2434.849999998881
4042.7250000012264
5065.875000001071
5234.825000003323
5111.600000005859
7141.725000010889
2709.0999999986316
5830.32500000895
6375.075000007835
4860.100000006025
3380.800000000593
5650.875000005306
2961.8249999984014
3575.8249999988916
5109.350000005255
2396.8999999989155
3578.599999999751
3995.0750000033404
6115.225000007154
7188.600000011037
8878.250000016207
3654.8750000001364
4232.1500000002425
5321.825000005652
8594.575000014722
5092.800000005949
5273.525000002201
4712.575000002097
7975.550000011483
4238.8250000028675
10005.575000019606
3860.3250000003754
5707.375000003932
4964.550000005826
3906.450000001671
4422.600000002395
4604.550000005127
3934.1000000019885
3307.8749999987904
2973.5499999983913
4205.125000001086
5246.075000003655
8162.250000013124
3337.074999999436
7079.000000008222
4100.049999999841
2694.8749999986444
6734.500000008974
3223.575000000551
7051.600000009304
5557.350000007
3404.6249999989423
6007.775000008215
4513.825000003405
4797.025000000807
4232.374999999508
3353.7000000007456
2964.1000000004415
4291.050000000491
4171.875000000468
5460.3500000050735
8127.075000014343
3509.549999998433
6392.100000009193
7320.000000009099
3928.825000002122
4486.600000000856
8085.0500000140655
6075.825000006769
5346.800000005045
3909.100000000207
6395.075000008239
2753.124999998591
5509.62500000585
5263.325000006355
4920.100000005861
7932.525000011972
3479.5500000007496
4888.52500000615
6514.350000008419
4869.325000003235
2719.574999998622
6085.050000009318
5944.350000006615
4153.350000000373
5726.300000006649
5875.575000006765
5250.075000002766
6404.125000007596
3385.124999998797
6801.750000010298
7584.050000012974
4062.6250000007
5929.5250000061205
3466.149999999579
6022.625000007226
4564.02500000457
2693.124999998646
5777.350000006348
2855.824999998548
3868.1000000002805
4840.775000003484
4194.100000001419
4657.975000004303
6315.575000005494
5155.225000004713
5716.250000004665
4035.125000000368
7085.525000012021
4850.050000006027
4985.600000001799
6036.775000006928
8819.525000014553
6311.600000006784
4012.3499999997093
3381.8500000005065
6207.85000000705
4329.85000000211
3962.374999998585
5749.075000006421
2791.6249999985566
6408.475000008341
3549.3000000011943
3521.5999999998926
5632.075000004721
5167.6000000057475
4414.325000000662
4744.0250000018395
4174.624999999953
5553.300000005791
7911.100000011249
6643.975000010685
3731.625000000373
6593.275000006794
3665.0500000023376
5804.025000003583
7318.325000011123
6470.600000007506
7127.250000009677
7375.850000009302
3995.025000000834
3252.849999998855
5400.075000005468
6054.525000008264
5778.575000006331
2747.849999998596
5794.325000006621
4872.3750000047185
4302.325000004482
4276.100000001826
6418.00000000635
6410.075000005863
5533.575000007011
5622.800000008067
