14738.900000036088
14132.900000033884
14010.90000003344
6101.100000004664
4823.100000000015
14367.900000034739
4903.000000000306
13597.900000031937
4631.99999999932
4602.899999999214
6233.000000005144
14671.000000035841
10537.000000020802
11190.90000002318
13718.000000032374
13923.900000033123
14343.800000034651
6033.100000004417
6932.90000000769
8593.900000013733
9735.900000017888
7628.000000010219
5578.000000002761
13875.900000032949
6687.100000006796
8776.900000014399
13532.000000031698
4794.099999999909
11274.800000023486
8692.800000014093
13502.000000031589
6950.0000000077525
13979.800000033327
10384.900000020249
11499.000000024302
5199.100000001383
14026.900000033498
9024.000000015298
6364.000000005621
10299.90000001994
13569.900000031836
4133.099999997505
14429.900000034964
14631.000000035696
10012.000000018892
13370.000000031108
12832.800000029154
10263.800000019808
6177.100000004941
13892.90000003301
11397.900000023934
14563.900000035452
8777.900000014402
5760.000000003423
12095.900000026473
7317.000000009088
14022.900000033484
7145.000000008462
5974.000000004202
8980.90000001514
13917.800000033101
14543.000000035376
4204.899999997766
4170.999999997643
13891.900000033007
7750.900000010666
11022.90000002257
10367.900000020187
4922.100000000375
13829.900000032781
13529.000000031687
8426.900000013125
13721.900000032389
13984.000000033342
13944.9000000332
11934.900000025887
14070.900000033658
14590.000000035547
13526.000000031676
14576.000000035496
6670.000000006734
7066.900000008178
7149.100000008477
14085.900000033713
10038.90000001899
9798.900000018117
10518.900000020736
13867.90000003292
11296.900000023566
6815.100000007262
12588.800000028266
13749.90000003249
7514.000000009804
7087.000000008251
6027.100000004395
13900.90000003304
14354.900000034691
10216.900000019637
14325.900000034586
8941.100000014996
13490.000000031545
13767.900000032556
5166.100000001263
6264.000000005257
14509.000000035252
13866.900000032916
14038.800000033541
15003.00000003705
14340.000000034637
4656.999999999411
6262.00000000525
13822.900000032756
14042.900000033556
4792.099999999902
13556.000000031785
14954.000000036871
12682.000000028605
13969.90000003329
13574.00000003185
14125.000000033855
14040.000000033546
13594.000000031923
13951.900000033225
14001.900000033407
9228.900000016043
14316.900000034553
14582.80000003552
14017.900000033465
8357.000000012871
6752.000000007032
7988.000000011529
14310.000000034528
7889.000000011169
8328.000000012766
13776.900000032589
5703.000000003216
5410.00000000215
13752.900000032501
11581.900000024603
12699.000000028667
14381.90000003479
5835.100000003697
12433.0000000277
13420.00000003129
13491.000000031549
14461.80000003508
14339.900000034637
8992.900000015185
5341.000000001899
13876.900000032952
9634.90000001752
11972.000000026022
14242.900000034284
12121.900000026568
8856.90000001469
7115.000000008353
13418.800000031286
13801.90000003268
12295.8000000272
13598.000000031938
9890.900000018451
6243.900000005184
13786.900000032625
14301.900000034499
13626.900000032043
13555.000000031781
14251.900000034317
7146.000000008466
7852.000000011034
7616.000000010175
4983.100000000597
13898.900000033032
9009.900000015246
9266.900000016181
4238.099999997887
8625.000000013846
6720.000000006916
13814.900000032727
13908.000000033066
5282.000000001684
8903.90000001486
13873.900000032942
9534.900000017156
5822.000000003649
13565.000000031818
6003.100000004308
13529.90000003169
9284.800000016246
4724.099999999655
13493.000000031556
5406.0000000021355
8479.000000013315
7926.000000011303
5762.100000003431
4644.999999999367
5833.100000003689
9774.80000001803
14003.900000033414
12104.000000026503
14240.900000034277
14317.000000034554
4588.09999999916
11635.9000000248
6751.200000007029
7105.000000008316
9612.000000017437
14306.900000034517
5891.900000003903
7236.000000008793
10427.900000020405
9395.90000001665
14659.000000035798
10435.00000002043
13909.900000033073
7060.100000008153
13709.900000032345
5837.100000003704
4307.999999998141
13891.900000033007
5747.100000003376
9279.900000016229
14119.900000033836
9725.80000001785
11260.000000023432
14550.900000035404
10141.000000019361
4830.00000000004
4848.0000000001055
6841.900000007359
8443.900000013187
13124.000000030213
7753.000000010674
6020.000000004369
7068.000000008182
7291.100000008993
14753.900000036143
6345.000000005552
7263.000000008891
13820.900000032749
9325.900000016396
9090.900000015541
5349.000000001928
14546.80000003539
4981.10000000059
14605.900000035605
12550.900000028128
13362.900000031083
6641.100000006629
6223.100000005108
6120.100000004733
16916.90000003432
13448.000000031392
14210.900000034168
6941.00000000772
14491.80000003519
13639.90000003209
10324.90000002003
13518.000000031647
11323.000000023661
7291.100000008993
14020.100000033473
14359.000000034706
8789.800000014446
13476.900000031497
8829.000000014588
11433.000000024062
5128.1000000011245
7942.000000011361
5050.00000000084
7905.100000011227
4517.099999998902
5034.1000000007825
7216.100000008721
14326.90000003459
14131.90000003388
9471.900000016927
10617.000000021093
14450.000000035037
4839.000000000073
9422.000000016746
8913.000000014894
5670.000000003096
5231.100000001499
6086.10000000461
6287.000000005341
10639.800000021176
5386.900000002066
5482.000000002412
5195.100000001368
13701.900000032316
5770.10000000346
13626.00000003204
7974.900000011481
11716.900000025094
14244.900000034291
8782.90000001442
6797.100000007196
6183.000000004962
14198.900000034124
8943.000000015003
13381.000000031148
14568.000000035467
14089.900000033727
6342.000000005541
13444.90000003138
13615.900000032003
6027.000000004395
9863.900000018353
8324.900000012754
6584.900000006424
10039.900000018994
7388.000000009346
9898.000000018477
13914.90000003309
5991.000000004264
13775.900000032585
9046.900000015381
7404.000000009404
11688.00000002499
14035.90000003353
10647.000000021202
5493.100000002452
7755.900000010684
13545.000000031745
13697.000000032298
7249.00000000884
14817.900000036376
3476.999999997933
8111.9000000119795
13511.000000031621
13804.90000003269
6209.000000005057
9996.900000018837
4510.099999998876
5159.000000001237
6341.100000005537
14533.00000003534
11573.900000024574
14286.00000003444
9115.900000015632
13842.900000032829
14389.900000034819
6605.000000006497
14759.900000036165
10176.900000019492
13819.900000032745
9519.900000017102
13554.000000031778
5280.000000001677
5617.1000000029035
5661.1000000030635
10597.900000021024
5339.000000001892
7120.000000008371
10397.000000020293
13611.000000031985
11185.00000002316
8487.900000013347
9149.800000015755
14276.900000034408
6353.000000005581
4865.100000000168
13521.900000031661
14094.800000033745
10390.80000002027
11256.900000023421
7190.000000008626
6396.1000000057375
14023.900000033487
13685.900000032258
9713.800000017807
13615.000000032
14218.900000034197
12331.900000027332
14010.90000003344
13508.900000031614
14479.000000035143
6595.100000006461
7572.000000010015
13540.90000003173
5618.100000002907
5013.100000000706
14169.000000034015
12203.900000026866
6060.100000004515
12994.900000029744
12620.00000002838
11351.900000023767
6470.000000006006
14700.000000035947
5636.000000002972
11936.900000025895
4523.0999999989235
8176.900000012216
14223.800000034214
14613.00000003563
7735.000000010608
7783.900000010786
13596.900000031934
14526.000000035314
13689.900000032272
14808.900000036343
8907.900000014875
10554.900000020867
14175.90000003404
10242.900000019732
6418.000000005817
7692.000000010452
9763.90000001799
13896.900000033025
4313.09999999816
14396.000000034841
14701.800000035953
10747.90000002157
13823.90000003276
14556.800000035426
5232.100000001503
5495.10000000246
13582.00000003188
11727.000000025131
14054.9000000336
13812.90000003272
6117.1000000047225
6345.000000005552
4801.099999999935
5774.000000003474
6640.100000006625
14342.900000034648
11734.90000002516
11654.900000024869
14368.800000034742
8774.800000014391
13751.900000032498
14120.90000003384
10723.900000021482
10926.000000022217
14644.000000035743
6985.00000000788
8708.900000014151
13468.900000031468
10645.000000021195
6823.100000007291
3547.9999999978686
11073.900000022755
8187.900000012256
7770.000000010736
6814.100000007258
14559.900000035437
6833.000000007327
8640.0000000139
13963.900000033269
5886.000000003882
12701.000000028675
3944.0999999975083
7490.000000009717
6168.100000004908
4713.199999999615
9988.900000018808
6884.100000007513
14013.90000003345
13441.000000031367
13883.000000032975
13574.00000003185
5977.900000004216
5892.000000003904
5578.000000002761
14077.900000033684
13507.90000003161
14346.000000034659
5666.000000003081
10215.900000019634
7404.000000009404
14897.000000036664
9401.900000016672
12172.900000026753
5853.000000003762
13897.900000033029
6350.00000000557
14084.90000003371
8351.900000012853
8154.100000012133
14810.90000003635
6790.0000000071705
13490.900000031548
14417.80000003492
5203.100000001397
6164.100000004893
8069.900000011827
6163.10000000489
5871.000000003827
13167.900000030373
4773.999999999836
9253.900000016134
7366.000000009266
14279.900000034419
4628.0999999993055
13692.900000032283
10159.000000019427
14935.900000036805
7359.900000009244
14434.800000034982
8007.000000011598
13260.000000030708
5858.00000000378
6910.90000000761
13895.900000033022
14001.900000033407
7264.100000008895
7715.000000010536
6499.000000006112
7011.900000007978
13818.000000032738
7547.000000009924
13354.00000003105
11148.800000023028
8768.90000001437
5946.1000000041
14561.000000035441
15032.900000037158
9508.000000017058
7302.900000009036
13935.000000033164
13479.000000031505
12931.900000029515
13902.900000033047
14507.800000035248
7279.000000008949
14624.00000003567
13973.000000033302
13984.900000033345
14090.900000033731
7457.100000009597
7119.900000008371
12074.900000026397
7103.000000008309
6935.100000007698
14662.000000035809
5006.00000000068
5206.000000001408
8691.80000001409
7954.800000011408
4041.09999999742
14393.00000003483
13648.00000003212
9705.900000017778
7691.000000010448
9075.900000015487
8990.000000015174
9634.000000017517
8076.900000011852
6569.0000000063665
5361.100000001972
13597.000000031934
7961.900000011434
9445.900000016833
6395.100000005734
14231.800000034244
6169.900000004915
6585.000000006425
6857.000000007414
13771.90000003257
5866.000000003809
4109.999999997421
5339.000000001892
5678.000000003125
14170.900000034022
14493.900000035197
5863.000000003798
6217.100000005086
7141.000000008447
14450.80000003504
11162.900000023079
10833.900000021882
13893.900000033014
6025.000000004387
7600.000000010117
13227.000000030588
14174.800000034036
9614.900000017447
11058.000000022697
7814.900000010899
7698.100000010474
13761.900000032534
9697.90000001775
7222.000000008742
4558.099999999051
6201.000000005028
14461.000000035077
5879.100000003857
5913.10000000398
9259.800000016156
13784.900000032618
14000.900000033404
9295.800000016287
7595.100000010099
13983.900000033342
6602.100000006487
6433.000000005872
14077.900000033684
5851.100000003755
9469.90000001692
5686.000000003154
5392.100000002085
5825.10000000366
9140.10000001572
5050.00000000084
13613.000000031992
6085.900000004609
14023.900000033487
7728.000000010583
13952.900000033229
6796.000000007192
7430.000000009499
9644.900000017557
4851.100000000117
12447.900000027754
10702.900000021406
11698.000000025026
13707.000000032334
13464.900000031454
10198.900000019572
13330.000000030963
5019.000000000728
13471.000000031476
8990.900000015177
13908.900000033069
14289.800000034455
12234.000000026976
7105.100000008317
12423.000000027663
13851.900000032861
7818.900000010914
6359.100000005603
9134.900000015701
11953.000000025953
7949.000000011387
6592.1000000064505
12623.00000002839
14305.900000034513
13623.000000032029
5417.0000000021755
13876.00000003295
14115.900000033822
14223.000000034212
13670.0000000322
14431.900000034972
8702.90000001413
13871.800000032934
6800.90000000721
8982.000000015145
4402.099999998483
9880.900000018415
7335.1000000091535
4485.999999998789
14167.80000003401
8355.900000012867
6298.100000005381
13957.900000033247
11929.90000002587
13906.900000033062
9824.900000018211
13365.00000003109
13590.900000031912
7891.100000011176
14339.900000034637
13850.900000032858
5061.00000000088
11915.000000025815
7471.000000009648
6223.100000005108
12183.800000026793
6823.100000007291
9983.90000001879
7795.90000001083
6759.100000007058
13761.900000032534
4111.099999997425
13963.000000033266
14056.900000033607
4178.999999997672
7986.0000000115215
5988.100000004253
14327.900000034593
9614.900000017447
13987.000000033353
8877.900000014766
15002.900000037049
6334.0000000055115
4478.09999999876
7587.10000001007
14074.900000033673
7103.000000008309
6232.0000000051405
10660.800000021252
14258.900000034342
8690.000000014083
9541.000000017179
14425.80000003495
14624.00000003567
6854.000000007403
11823.900000025484
7396.000000009375
8140.900000012085
13943.900000033196
13606.90000003197
4570.0999999990945
13357.100000031061
7337.00000000916
7964.900000011445
9539.900000017175
13746.000000032476
10273.800000019844
6641.100000006629
6159.000000004875
14383.000000034794
9852.800000018313
14473.000000035121
10421.800000020383
14842.000000036463
14474.000000035125
6469.000000006003
4442.099999998629
13792.900000032647
6530.000000006225
5561.1000000027
9136.900000015708
6030.000000004406
7333.000000009146
12890.900000029365
6085.900000004609
13675.900000032221
5741.100000003355
14628.000000035685
7685.000000010426
8805.800000014504
14013.000000033448
8125.90000001203
13945.900000033203
7378.00000000931
14354.900000034691
13141.000000030275
14353.000000034684
13848.90000003285
14156.000000033968
5113.10000000107
8129.000000012042
14162.900000033993
7974.900000011481
14266.900000034371
13185.900000030439
11615.900000024727
8974.000000015116
14273.900000034397
6646.100000006647
13229.900000030599
6514.000000006166
7079.000000008222
9591.00000001736
13258.0000000307
12532.900000028063
14063.900000033633
5313.1000000017975
14002.80000003341
5366.10000000199
14245.800000034294
5522.900000002561
14072.000000033662
14681.80000003588
7382.000000009324
5526.100000002572
5055.000000000859
13670.900000032203
13318.900000030922
6061.000000004518
14129.900000033873
14097.900000033756
14794.800000036292
14249.90000003431
13714.900000032363
14686.800000035899
14409.000000034888
5027.100000000757
8737.900000014257
7023.900000008021
8617.90000001382
12447.00000002775
14100.900000033767
5826.100000003664
14253.900000034324
14224.900000034218
14049.900000033582
5527.000000002576
14753.800000036143
8259.900000012518
14256.900000034335
8201.000000012304
9232.800000016057
14656.000000035787
12473.900000027848
12055.900000026328
14236.900000034262
13899.900000033036
12274.000000027121
5142.000000001175
14949.000000036853
13860.900000032894
7340.900000009175
14130.900000033876
13728.900000032414
5705.000000003223
14146.000000033931
13682.000000032243
13201.900000030497
11474.00000002421
9684.1000000177
13962.900000033265
5075.000000000931
10947.000000022294
5927.000000004031
14114.900000033818
10836.900000021893
7751.90000001067
14583.800000035524
4745.099999999731
5472.000000002376
14411.900000034899
14126.900000033862
5200.000000001386
14180.900000034058
14054.8000000336
5074.000000000928
14695.900000035932
13987.900000033356
13419.000000031287
13695.900000032294
6141.000000004809
7038.000000008073
9776.900000018037
12653.800000028503
13724.9000000324
10612.800000021078
13685.000000032254
5023.000000000742
7376.000000009302
3487.999999997923
6584.000000006421
4609.099999999236
9214.800000015992
8273.000000012566
10890.90000002209
14058.900000033615
14402.900000034866
5102.00000000103
13077.000000030042
13819.900000032745
13805.900000032694
7948.9000000113865
12100.000000026488
5407.900000002142
6286.000000005337
12471.900000027841
4353.999999998308
7433.00000000951
10524.900000020758
10934.80000002225
13465.000000031454
14043.80000003356
7511.000000009793
7190.100000008626
14051.90000003359
13337.900000030992
13799.900000032672
8654.800000013955
8709.900000014155
14753.00000003614
10307.900000019969
13853.900000032869
7715.000000010536
9978.900000018772
13387.00000003117
9508.800000017061
8492.900000013366
12682.000000028605
9032.000000015327
5921.000000004009
5278.900000001673
7037.100000008069
10618.9000000211
14760.900000036168
6913.000000007618
11658.900000024883
6980.000000007862
4954.1000000004915
14978.900000036962
7324.000000009113
13266.00000003073
14001.900000033407
6461.000000005974
14017.900000033465
11085.000000022796
9594.900000017375
7874.100000011114
7911.8000000112515
7083.100000008237
7450.900000009575
8419.9000000131
11119.900000022923
14183.90000003407
6271.000000005282
14122.000000033844
14389.800000034818
9424.000000016753
9194.90000001592
14096.900000033753
14267.900000034375
12073.900000026393
7925.0000000113
14412.900000034902
4799.999999999931
14006.900000033425
13673.00000003221
13550.000000031763
14376.000000034768
8122.9000000120195
14084.90000003371
13412.900000031264
10902.900000022133
5321.000000001826
13795.900000032658
13789.900000032636
7699.000000010477
14560.90000003544
13800.900000032676
10938.900000022264
13651.00000003213
6304.000000005402
14159.800000033982
14437.00000003499
7186.1000000086115
14755.90000003615
6133.100000004781
13692.900000032283
12374.900000027488
4860.000000000149
14425.000000034946
5550.000000002659
7883.90000001115
9875.900000018397
7820.000000010918
11056.800000022693
9725.900000017851
12963.80000002963
10540.800000020816
7338.000000009164
13900.90000003304
13655.000000032145
8362.10000001289
14071.800000033661
15576.900000039137
10221.000000019652
7494.000000009732
7595.900000010102
14036.900000033535
10137.000000019347
6751.100000007029
14422.000000034936
5197.000000001375
10718.900000021464
8543.900000013551
6737.000000006978
10137.90000001935
13746.90000003248
8070.000000011827
9582.900000017331
6824.1000000072945
14127.900000033866
14018.000000033466
14106.800000033789
7770.900000010739
13864.900000032909
9652.900000017586
10332.90000002006
15047.00000003721
14321.900000034571
14761.900000036172
14167.900000034011
8864.800000014719
6273.00000000529
13721.900000032389
14062.90000003363
13643.900000032105
5188.100000001343
14065.90000003364
11176.000000023127
11805.000000025415
7967.900000011456
9918.900000018553
13825.000000032764
12597.000000028296
13494.900000031563
