20054.799999988656
18902.80000000542
18177.90000001597
9209.100000015971
8313.100000012711
19203.80000000104
8153.900000012132
17344.700000028093
8082.900000011874
8254.700000012499
9849.900000018302
19590.899999995407
13738.90000003245
15239.900000037911
17590.000000024524
18067.90000001757
18729.70000000794
8943.000000015003
10656.700000021237
13244.900000030653
13688.900000032269
11933.00000002588
8966.80000001509
19148.90000000184
10284.000000019882
13640.800000032094
16790.900000036152
8426.100000013123
15355.600000038332
12811.700000029077
19177.00000000143
11918.000000025826
17601.600000024355
14472.80000003512
16960.90000003368
8332.00000001278
18608.800000009698
12778.100000028955
10506.900000020692
15463.800000038726
17651.900000023623
7052.000000008124
19503.899999996673
20829.899999977377
13192.900000030464
17025.100000032744
16341.600000041919
14436.700000034989
9434.00000001679
17626.70000002399
15221.800000037845
19320.799999999337
12508.700000027975
9959.900000018702
15504.700000038874
11050.000000022668
19660.899999994388
11903.000000025771
9627.000000017491
15099.800000037401
17488.600000026
18887.900000005637
7654.700000010316
7487.900000009709
18009.800000018415
10986.800000022438
15040.800000037187
13900.80000003304
8484.100000013334
17745.900000022255
16847.900000035323
11912.800000025807
17653.900000023594
19804.99999999229
17837.900000020916
17111.800000031482
18268.800000014646
19843.899999991725
17037.900000032558
20583.999999980955
9977.900000018768
11008.700000022518
10077.000000019128
18318.900000013917
14537.800000035357
14216.90000003419
14513.90000003527
17459.70000002642
14532.800000035339
10880.10000002205
17082.700000031906
17472.900000026228
12197.900000026844
11008.800000022518
9066.00000001545
18339.90000001361
19409.799999998042
14272.900000034393
18639.800000009247
11863.100000025626
17990.000000018703
17627.900000023972
8171.0000000121945
9355.900000016505
19410.899999998026
19877.79999999123
18585.700000010034
21154.899999972647
20595.99999998078
8341.800000012816
9686.90000001771
17350.800000028004
18268.900000014644
8066.0000000118125
17342.000000028132
20013.89999998925
16091.000000041007
17829.800000021034
17115.900000031423
20022.99999998912
17863.10000002055
18445.00000001208
17579.800000024672
18400.900000012723
13920.900000033113
18373.900000013116
19410.59999999803
18161.800000016203
11735.900000025164
10211.000000019616
10910.900000022162
18428.00000001233
12919.90000002947
12815.00000002909
17356.70000002792
8992.800000015184
8945.800000015013
18012.80000001837
15046.700000037208
16321.000000041844
21539.799999967046
9231.100000016051
15535.900000038988
16428.000000041433
17127.10000003126
19655.699999994464
19475.89999999708
14257.800000034338
8896.900000014835
17839.900000020887
12902.700000029408
16010.000000040713
18391.800000012856
16507.90000004027
12743.70000002883
11192.900000023188
17943.700000019377
18028.900000018137
17276.600000029084
17878.000000020333
16852.80000003525
10201.800000019583
19586.799999995466
19620.79999999497
17041.8000000325
17464.000000026357
19885.799999991115
11110.90000002289
12047.900000026299
11762.000000025258
7943.100000011365
18791.900000007034
15023.800000037125
13549.800000031762
7289.100000008986
12062.900000026353
10399.800000020303
17275.800000029096
18459.000000011878
8587.80000001371
13008.900000029795
17547.800000025138
14379.800000034782
9524.80000001712
16982.900000033358
8890.00000001481
20466.79999998266
13849.700000032853
7691.100000010449
17065.000000032163
8879.900000014773
13647.90000003212
11635.8000000248
9251.000000016124
8062.800000011801
9697.100000017746
13798.700000032668
19293.79999999973
15952.100000040502
18116.900000016856
20517.999999981916
7450.0000000095715
15475.90000003877
11726.200000025128
11329.900000023687
13512.000000031625
19087.800000002728
9890.70000001845
11118.900000022919
16162.800000041269
14358.800000034706
19919.999999990618
14833.00000003643
17569.800000024818
10949.100000022301
17203.800000030144
9111.000000015614
7503.900000009768
17792.800000021572
9129.00000001568
12991.700000029732
18726.90000000798
14614.700000035637
14630.900000035695
19916.799999990664
14800.900000036314
8414.900000013082
8271.900000012562
11904.700000025778
12340.900000027365
15883.00000004025
11361.800000023803
9573.800000017298
11000.90000002249
10441.000000020453
20376.69999998397
9909.000000018517
10910.900000022162
17526.700000025445
13809.900000032709
13255.800000030693
8982.900000015148
19960.699999990025
8646.000000013923
19258.80000000024
16529.90000003995
17442.900000026664
9853.000000018314
10400.100000020304
9872.200000018383
25389.79999991102
16579.900000039223
18538.800000010717
11613.000000024716
19601.59999999525
17105.80000003157
14036.800000033534
16904.900000034493
14589.900000035546
10721.000000021471
18446.100000012066
19020.9000000037
13194.70000003047
16880.700000034845
12155.100000026689
15292.0000000381
8187.000000012253
12272.000000027114
8642.80000001391
12349.100000027394
7912.200000011253
8235.000000012427
11017.100000022549
21123.7999999731
20645.799999980056
13832.900000032792
14462.000000035081
20004.99999998938
8339.900000012809
14450.90000003504
13581.90000003188
9972.90000001875
8615.00000001381
9431.000000016778
10863.000000021988
15271.700000038027
9284.700000016246
8907.900000014875
7945.100000011373
17311.90000002857
8619.000000013824
17829.000000021046
11700.800000025036
18310.800000014035
18912.800000005274
13122.800000030209
10226.00000001967
9884.000000018426
19499.799999996732
12064.90000002636
16445.900000041172
19127.000000002157
18439.800000012157
10452.000000020493
16646.80000003825
16911.800000034393
9896.800000018473
14039.900000033545
12152.80000002668
10764.80000002163
14414.80000003491
11617.000000024731
13600.100000031945
17601.700000024353
10908.900000022155
17303.80000002869
13280.900000030784
11789.90000002536
14969.900000036929
18050.900000017817
13711.000000032349
8605.000000013773
11534.900000024432
16782.90000003627
17077.00000003199
11079.000000022774
19259.800000000225
6423.000000005835
11116.800000022911
16964.90000003362
18287.900000014368
9236.900000016072
14326.80000003459
7859.0000000110595
9145.900000015741
10137.100000019347
19105.900000002464
15525.900000038951
18832.00000000645
13725.800000032403
17728.800000022504
19130.800000002102
10500.000000020667
20816.799999977567
14088.900000033724
17828.80000002105
13670.800000032203
16691.900000037593
8440.900000013176
9817.100000018183
8292.100000012635
13877.800000032956
8907.900000014875
11925.900000025855
13575.000000031854
16937.900000034013
16617.90000003867
13281.800000030787
14149.700000033945
19004.800000003936
10102.800000019222
7770.000000010736
17539.900000025253
18254.70000001485
15142.700000037557
15178.700000037688
11424.900000024032
10435.100000020431
17947.70000001932
17262.700000029286
14468.700000035105
16911.90000003439
19582.799999995525
16776.800000036357
18550.800000010542
17707.80000002281
21244.999999971336
9430.100000016775
11610.000000024706
16777.800000036343
8616.100000013814
8041.000000011722
18569.000000010277
17676.80000002326
10243.100000019733
17724.800000022562
16747.00000003679
17708.800000022795
11796.900000025385
20419.99999998334
8973.800000015115
16266.800000041647
7328.100000009128
11903.800000025774
18297.700000014225
19857.89999999152
10703.90000002141
11076.800000022766
17195.80000003026
19478.899999997037
17527.900000025427
20505.799999982093
13178.800000030413
14889.800000036637
20965.899999975398
13964.900000033273
10526.900000020765
13291.800000030824
13912.900000033083
20411.79999998346
7324.000000009113
19797.899999992394
20291.59999998521
14993.800000037016
17608.80000002425
18816.700000006673
8220.100000012373
8442.00000001318
16881.900000034828
15813.000000039996
19055.900000003192
17676.80000002326
9139.000000015716
9834.900000018248
7797.000000010834
9779.000000018044
10154.100000019409
19958.89999999005
15497.700000038849
15956.90000004052
19397.699999998218
13648.700000032122
17818.800000021194
18809.800000006773
14548.700000035396
15096.000000037388
19757.899999992977
10436.900000020438
12419.800000027652
16484.800000040606
13748.900000032487
10878.100000022043
6316.000000005446
14350.800000034676
11942.800000025916
12175.900000026764
9875.000000018394
19735.799999993298
10796.000000021744
12113.100000026536
17889.90000002016
9641.800000017545
18596.000000009884
6699.10000000684
11239.800000023359
9776.000000018033
7671.200000010376
16143.8000000412
10331.100000020053
18949.900000004734
17365.000000027798
18483.00000001153
17442.100000026676
10552.80000002086
9234.900000016065
8607.900000013784
18095.800000017163
17085.90000003186
18417.00000001249
10157.00000001942
13680.800000032239
10396.900000020292
20084.899999988218
13088.900000030086
15545.800000039024
9327.900000016403
19187.90000000127
10171.800000019473
18609.800000009684
11946.80000002593
12697.10000002866
20461.699999982735
11268.900000023465
16616.800000038686
18626.700000009438
8337.000000012798
9319.100000016371
12447.800000027753
9420.000000016738
9240.900000016087
18128.90000001668
8214.800000012354
13596.800000031933
11124.90000002294
19324.79999999928
7538.100000009892
17293.800000028834
14053.100000033593
19885.799999991115
12444.800000027742
20994.69999997498
12300.000000027216
16130.00000004115
9122.900000015657
10833.700000021881
17552.700000025066
18018.900000018282
10658.000000021242
10915.90000002218
11003.9000000225
11484.70000002425
18175.00000001601
11738.900000025174
16521.900000040067
15724.700000039675
13022.900000029846
9136.100000015706
20049.899999988727
21217.799999971732
12806.90000002906
11391.800000023912
18568.000000010292
16728.900000037054
17057.800000032268
18748.90000000766
18997.70000000404
11215.000000023269
19537.899999996178
17611.000000024218
17424.800000026928
18747.800000007675
12183.00000002679
11545.800000024472
16333.900000041891
10113.900000019263
9877.0000000184
19359.899999998768
8025.900000011667
8530.900000013504
12995.700000029747
13839.700000032817
7174.100000008568
19549.999999996002
16948.900000033853
14103.900000033778
11449.00000002412
12993.90000002974
13299.00000003085
12888.900000029358
11244.800000023377
10837.000000021893
8629.100000013861
16840.900000035424
11847.900000025571
13184.700000030434
9062.100000015436
18124.600000016744
10235.800000019706
10384.800000020248
10708.000000021424
17637.800000023828
9592.900000017367
7325.80000000912
8906.000000014868
8767.900000014366
19289.79999999979
20145.799999987332
9758.000000017968
9757.000000017964
10922.900000022206
19270.700000000066
14847.900000036485
15082.90000003734
18424.800000012376
9313.900000016352
11042.900000022642
16464.900000040896
19166.70000000158
13962.800000033265
15330.000000038239
11675.900000024945
11796.100000025383
17163.800000030726
13521.900000031661
11075.900000022762
7720.000000010554
9844.800000018284
20620.89999998042
8861.000000014705
9111.000000015614
14841.700000036462
17291.800000028863
18165.800000016145
14278.700000034414
11510.100000024342
17671.800000023333
10783.100000021697
10065.900000019088
18414.90000001252
8761.100000014341
13657.900000032156
9002.80000001522
8750.0000000143
9033.10000001533
12535.200000028071
8595.90000001374
16865.90000003506
10562.800000020896
18325.900000013815
12004.900000026142
18185.800000015854
9952.900000018677
10675.000000021304
13799.900000032672
7795.100000010827
16745.900000036807
14989.900000037002
16566.90000003941
19299.99999999964
16778.800000036328
15697.800000039577
16474.90000004075
9054.80000001541
16668.900000037927
13617.80000003201
18188.90000001581
18542.70000001066
17237.00000002966
11471.0000000242
16163.00000004127
18267.80000001466
11057.700000022696
9307.100000016328
13111.700000030169
16224.000000041491
11676.900000024949
9654.00000001759
15701.000000039588
20368.799999984087
17951.00000001927
8900.80000001485
18789.000000007076
20702.799999979226
18323.000000013857
19331.999999999174
20574.79999998109
12158.800000026702
17660.600000023496
11308.80000002361
12187.000000026805
7659.000000010332
15732.800000039704
11912.100000025805
8090.900000011903
18419.70000001245
11736.800000025167
9483.000000016968
17541.700000025226
16294.800000041749
17969.800000018997
13302.700000030864
17521.000000025528
17214.900000029982
11737.200000025168
19368.899999998637
17477.800000026156
8766.800000014362
15540.000000039003
10961.900000022348
9873.100000018387
17641.70000002377
10277.000000019856
14152.900000033957
12275.800000027128
10197.000000019565
17473.900000026213
7201.000000008666
17831.000000021017
18220.900000015343
7124.900000008389
11571.000000024564
9748.100000017932
19064.800000003062
13696.900000032298
18374.000000013115
13007.900000029791
20602.699999980683
10343.000000020096
7806.000000010867
12794.100000029013
18019.80000001827
10735.800000021525
10145.000000019376
15328.700000038234
18755.80000000756
12111.900000026531
13794.00000003265
19265.60000000014
19994.899999989528
11558.90000002452
18137.800000016552
11018.900000022555
12074.900000026397
17571.80000002479
18270.800000014617
8103.000000011947
16302.100000041775
10824.800000021849
11337.800000023715
12676.800000028587
17772.000000021875
15582.700000039158
9995.00000001883
9710.900000017797
22633.799999951127
13983.700000033341
19236.900000000558
14313.600000034541
20074.899999988364
19351.999999998883
10144.900000019376
7433.00000000951
17685.900000023128
10736.90000002153
8934.00000001497
14409.800000034891
9556.800000017236
11220.80000002329
17424.900000026926
10208.600000019607
17068.800000032108
9312.100000016346
19053.000000003234
11401.000000023945
13643.700000032104
18871.000000005883
12184.800000026797
17964.80000001907
11897.900000025753
19042.90000000338
15976.000000040589
19052.00000000325
17667.700000023393
18088.000000017277
8284.000000012606
11250.000000023396
18755.80000000756
11387.700000023897
18822.800000006584
16787.800000036197
17735.800000022402
12133.900000026611
18569.800000010266
10372.200000020202
16415.80000004161
9996.900000018837
11911.0000000258
14987.900000036994
16139.900000041185
17246.900000029516
18587.800000010004
8708.000000014148
18050.70000001782
8806.100000014505
19826.699999991975
10036.800000018982
18710.000000008225
20391.599999983755
11799.900000025396
9069.100000015462
8369.900000012918
16956.800000033738
16532.800000039908
9600.800000017396
18806.900000006815
18086.800000017294
19546.59999999605
19361.79999999874
17821.90000002115
19263.60000000017
19015.000000003787
7976.000000011485
12400.800000027582
11067.700000022733
11799.700000025396
15414.900000038548
20092.799999988103
10182.00000001951
18814.8000000067
19505.799999996645
22238.699999956876
9271.8000000162
20289.59999998524
12186.800000026804
18561.800000010382
11523.900000024392
13544.700000031744
20972.899999975296
16553.9000000396
16541.800000039777
18688.800000008534
18119.900000016813
15870.100000040204
9174.900000015847
21474.89999996799
17563.800000024905
11785.800000025345
18997.900000004036
17042.800000032486
9980.000000018776
20081.99999998826
17575.000000024742
17785.800000021674
17122.90000003132
12382.100000027514
18309.900000014048
8542.900000013547
14535.000000035347
10052.90000001904
18568.90000001028
14311.800000034535
12408.900000027612
19505.699999996647
7665.000000010354
9271.8000000162
19843.799999991727
22495.699999953136
9080.900000015505
20390.799999983767
18765.700000007415
8667.000000013999
19795.799999992425
20240.899999985948
16577.90000003925
17103.8000000316
9573.800000017298
10458.900000020518
13881.90000003297
17619.600000024093
17519.900000025544
16450.700000041103
17197.000000030243
8832.900000014602
12183.900000026793
6291.900000005358
11117.900000022915
7786.100000010794
14034.700000033527
12449.000000027758
16138.800000041181
18035.900000018035
18909.800000005318
8496.90000001338
16046.000000040844
17661.900000023477
18073.900000017482
11430.800000024054
15299.90000003813
9490.800000016996
9880.800000018415
15927.800000040414
7768.900000010732
11718.900000025102
13622.800000032028
14975.60000003695
16915.900000034333
18333.7000000137
10930.000000022232
10233.000000019696
18613.900000009624
17875.900000020363
17205.800000030114
13547.700000031755
12419.800000027652
23129.899999943907
13618.800000032013
18535.90000001076
11734.90000002516
14586.900000035535
16516.90000004014
13751.600000032497
12269.900000027106
15746.900000039755
12456.900000027787
9251.900000016127
9148.700000015751
11465.100000024178
14714.800000036
20563.79999998125
11540.00000002445
18209.800000015504
10916.800000022184
8419.000000013097
20549.799999981453
10293.900000019918
16272.000000041666
17856.90000002064
9979.900000018775
17780.800000021747
15020.000000037111
14550.700000035404
12718.000000028736
11395.600000023926
10045.000000019012
12453.800000027775
12312.900000027263
14396.800000034844
18100.80000001709
10457.900000020514
18380.000000013028
19965.699999989953
12701.900000028678
13686.900000032261
18301.800000014166
18271.800000014602
16658.800000038074
11921.90000002584
19612.899999995087
8033.900000011696
17810.90000002131
16979.9000000334
17440.000000026706
19426.899999997793
11867.800000025643
17851.700000020715
18181.90000001591
15275.800000038042
8974.900000015119
18010.9000000184
18832.900000006437
12079.900000026415
19318.799999999366
17451.700000026536
15328.800000038234
17472.00000002624
10054.900000019048
17952.600000019247
19681.899999994082
11191.100000023182
19717.79999999356
9361.000000016524
17348.900000028032
16339.800000041912
8492.900000013366
18713.00000000818
9157.900000015785
11664.900000024905
13681.800000032243
10935.00000002225
15683.600000039525
15043.800000037198
16990.600000033246
14850.700000036495
12376.000000027492
17812.80000002128
16979.9000000334
13252.000000030679
18095.700000017165
22305.7999999559
15617.000000039283
11188.800000023173
11099.90000002285
18510.900000011123
14381.000000034786
11291.100000023545
19189.000000001255
8968.000000015094
15293.800000038107
12197.800000026844
9797.900000018113
13697.7000000323
17158.8000000308
12891.900000029369
14095.800000033749
10243.000000019732
18029.700000018125
19435.99999999766
18314.700000013978
11396.90000002393
19068.800000003004
13017.800000029827
16162.800000041269
20436.899999983096
18707.900000008256
20091.799999988118
18730.90000000792
13299.600000030852
10587.000000020984
18374.9000000131
17956.800000019186
16930.700000034118
8588.000000013712
19288.8999999998
14252.90000003432
15472.000000038755
11630.800000024781
14361.800000034717
19414.899999997968
15980.900000040607
17179.90000003049
