5620.050000005715
7136.7250000114
4603.875000005166
2449.099999998909
1653.8249999994732
8431.025000013165
1886.6249999993797
4342.300000005014
1921.5999999993478
1895.999999999371
2193.3499999991004
8906.250000015585
3271.825000002879
3944.3750000028845
7400.300000012334
7107.800000011153
6603.500000010063
1819.0749999994382
2723.299999999127
4363.850000000785
3254.100000001575
2845.3499999997593
2053.299999999228
6774.32500001077
2444.874999998938
3435.5749999997965
5664.32500000629
2022.374999999256
3459.5000000028713
4603.525000000643
6666.350000006875
3145.3999999982348
6049.475000008413
4350.550000002111
6194.825000005592
2181.099999999112
9817.950000018187
3516.3750000013083
2537.5749999987875
4406.825000001035
4037.325000005675
1521.5749999997115
7005.075000011219
7997.025000011854
3153.575000002537
5491.800000008472
3938.500000004731
3493.7750000019687
2293.1249999990096
4650.025000005201
3547.1000000030813
4518.800000005308
3455.8250000006847
2678.3499999986593
3906.325000004022
3631.6499999990588
6141.625000005379
2643.874999999139
2212.3999999990833
4531.80000000157
5433.750000007159
9032.05000001778
1539.2499999996958
1618.8499999996234
5591.025000009428
3162.099999999942
3541.0500000026714
3676.0750000020453
1863.6249999994006
4516.350000005233
4065.575000005604
2747.325000000738
5302.375000004496
9064.325000015444
8543.325000016013
3764.0750000029016
4720.575000005109
4653.000000005136
6258.575000009712
9080.800000015504
2718.1249999989627
3047.2999999985404
3166.850000000166
4758.100000005049
3888.8500000008557
3704.125000001267
3668.6000000021795
5746.500000006644
3549.8250000035036
3213.399999998219
5058.025000003752
6381.550000011802
2761.049999998654
2871.074999998702
1903.5749999993363
6189.57500000982
4439.825000005343
4507.125000002456
4833.025000005035
2827.0750000018775
4842.100000005126
4575.850000005139
2238.3749999990596
2058.3249999992804
6079.025000006246
5495.850000004963
5011.275000004891
6804.525000011581
9741.825000017909
1736.2999999995163
2469.624999998904
5038.800000006726
5179.625000006113
1805.0749999994537
4439.350000005282
4967.325000004917
4098.350000004779
4761.80000000532
4656.350000005084
7291.575000008996
5223.075000007058
4565.100000005148
4762.600000005023
4738.850000005064
3810.350000001622
5627.10000000762
5146.275000005024
4780.025000005087
2865.350000000857
2458.5999999995497
2744.8250000007347
4983.850000005908
3203.049999998567
3595.3749999993197
3832.750000005814
2143.049999999134
2361.0749999989484
5096.825000005204
3598.250000003662
4002.8500000048184
6881.2750000081105
2394.149999998918
6050.325000007726
3855.3000000058264
5559.325000008064
6581.725000011799
6098.350000008027
3547.3249999999703
2351.374999998957
5271.875000006081
3810.0500000021057
4094.8750000031046
6481.825000011018
4715.625000003234
3633.3000000002867
3166.3249999985464
3966.000000005128
6719.600000011489
5485.750000006307
6660.10000000936
4760.025000002173
2499.0499999988224
6018.575000006312
5938.050000006368
4116.350000005562
7027.100000011153
6877.275000011516
2730.6249999990796
3252.8749999993834
2856.3749999993306
2207.099999999088
6957.825000011242
4722.099999999882
3831.30000000188
1766.0999999994892
3116.1000000008526
2313.074999999002
5746.825000008618
5299.625000004486
2005.074999999272
3041.0750000012026
4873.6000000049535
3254.8000000011025
2058.574999999223
4158.600000005532
2040.3499999992355
8170.750000014462
3257.525000000626
1597.57499999963
4914.100000005994
2289.0999999990136
3171.574999999615
2936.3249999998498
2379.124999998932
1790.549999999467
2509.8999999988127
4342.200000003539
7276.000000010532
5157.375000004414
5978.300000010128
5206.850000004945
1636.0749999996074
4646.325000004843
3171.8999999982107
2552.5499999991252
3127.3500000016347
7185.050000010713
2269.024999999032
2412.5249999993857
3728.0500000007814
4683.825000001404
4895.600000004988
3696.07500000208
7318.57500001195
2559.599999999689
7383.3250000121425
2190.3749999990623
1573.5749999996644
5282.550000006001
2037.5999999992423
3146.250000001086
4495.1000000052345
3337.0250000009473
4229.350000002701
5143.550000004944
3407.325000001093
1880.349999999385
1719.5749999994434
3252.0499999981375
3509.1000000005033
3961.325000005666
2513.5500000002703
2183.0749999991103
2906.849999998953
3306.625000000481
5549.025000005455
2143.599999999134
2828.624999999387
4005.550000005722
3480.8500000009644
4917.800000000958
1871.0999999993937
5089.275000005691
1763.5749999994916
5709.275000006118
4608.625000003782
5969.600000006154
2648.374999999041
2470.149999998849
3268.39999999818
8946.475000015016
4308.875000005385
4787.8250000050475
2900.6499999984576
5518.000000006778
7806.825000012945
3537.6000000022004
5130.600000005672
4835.6000000031
2410.8499999996716
7416.100000011171
7676.00000001235
3445.499999999814
4608.7250000065305
3198.575000001079
4051.37500000291
1868.5749999993961
3708.124999999482
1969.2749999993043
3127.624999999098
1948.6249999993233
1920.5999999993487
2751.149999999245
6924.32500000766
5965.5750000058915
3883.850000000914
4658.1250000021355
7843.575000013634
1820.1249999994202
4275.049999999728
3460.5999999998444
2473.0749999988466
2091.3499999990913
2693.874999998655
2892.624999998465
4284.050000002215
2159.774999999131
1922.8499999993464
2105.124999999181
4004.3250000056973
1956.8249999993157
5322.075000006188
3530.0499999996837
5894.775000004028
6066.07500000634
3347.550000000153
2345.349999999497
2497.8749999988236
5588.550000004439
3989.375000001699
4033.5750000056582
5711.350000007102
4823.0750000053595
2646.1499999986886
3779.0500000058623
4586.100000005116
2571.299999998757
3653.625000001404
2788.8250000003827
2817.049999998533
4041.3250000009252
2923.1499999992548
5203.850000003518
4338.075000005445
2469.09999999885
4676.600000005063
3571.625000000503
3525.849999998719
3677.3500000038844
4480.600000005298
3164.80000000325
2218.599999999062
2922.3500000000513
4590.600000005153
4217.850000005471
2673.624999999633
7532.5000000114005
1458.2999999997692
3524.575000001426
4572.325000005684
5486.375000004475
2198.3499999991946
4187.575000002151
1861.874999999402
2035.6249999992442
2894.1499999984635
5209.8000000047505
4029.3750000029877
5703.350000006656
3427.5250000007077
4515.600000005279
5611.050000005
2838.624999998735
8518.750000014417
3839.325000002826
5866.325000004997
3456.3500000009635
4749.350000005032
1987.124999999288
2788.899999998559
1901.8249999993322
3063.050000003149
2134.3499999991545
2705.5499999986814
3422.850000002988
5365.35000000509
5173.550000002665
4126.024999999221
3452.2750000000124
4948.100000004898
2455.574999998862
1719.5749999995314
4377.100000005337
4828.025000005451
4007.5250000011547
3597.8000000030643
2770.824999998733
2436.3749999988795
4128.7750000056885
4086.0250000056776
4126.550000000599
3955.3250000056973
5458.050000006259
5165.250000004393
4772.550000005128
6736.500000010758
5493.575000007205
1991.8249999999243
4006.3999999991756
4153.600000005524
2753.1249999985916
1680.3249999995674
5792.825000006549
5385.525000004594
3073.1499999983002
4814.77500000384
6258.850000007577
5676.750000004722
3163.599999998218
4877.825000004845
1915.799999999353
4097.050000002992
1727.5749999994077
3345.350000000418
4668.275000005243
6613.550000011756
2384.3000000005977
3923.6249999990873
4096.825000005653
6591.500000008051
7220.3250000112075
7478.775000012147
3438.1000000005324
4245.5000000038435
8299.825000012663
2964.3250000027233
2662.5999999986734
3294.5499999983813
3664.875000001321
5528.025000005022
1437.574999999788
5752.800000004447
5643.775000004999
4851.100000002162
4907.550000005746
4710.525000005187
1731.5999999994392
2170.5999999991213
4246.3250000054795
5061.3750000032205
7288.85000001093
5965.050000010253
2256.3499999990436
2446.3749999988704
1583.5749999996551
2424.89999999889
3224.399999998729
4933.825000006363
5017.000000006237
5174.60000000607
5444.500000006644
2988.7750000002075
3991.5000000056716
4897.325000004955
3623.2750000023307
4411.600000002795
5980.57500000546
2440.349999999356
2878.5750000006637
4605.825000006052
3612.6000000027816
3153.8999999986345
1307.2999999999065
3757.825000002942
2550.3250000003395
3059.799999999441
2546.849999999409
6664.300000009224
2563.1249999991114
2920.850000001251
4347.12500000542
2206.599999999089
5736.350000005359
1360.574999999839
2815.0999999997484
2753.624999998591
2157.3749999991333
5068.575000002237
3484.8749999993192
5012.3500000048
5703.050000009935
5295.825000007196
5514.375000004402
2259.0249999989906
1920.324999999349
1992.099999999276
4532.85000000528
5098.575000006529
4770.625000005038
2691.649999998647
4462.3750000014215
2512.5750000002304
7071.000000009818
3954.6250000018977
3610.3000000043544
2321.3499999989845
7030.075000011231
2561.074999998766
6782.825000011494
2643.825000000732
3521.149999999127
5526.750000008129
2624.7999999987082
4017.8250000056564
4713.275000005166
2026.0999999992528
2492.874999998828
2759.049999999761
3002.8749999983643
2564.374999998763
4226.825000004579
1788.5499999994688
3217.775000000851
3309.074999999588
4840.550000004841
1645.0749999995992
4566.350000005228
3330.3250000024154
4459.82500000542
3352.2999999980466
7525.72500001291
4319.400000000263
4086.8250000055214
2253.8499999990454
2964.2999999984963
4023.2750000057567
4780.875000005021
3505.124999999568
2408.8000000004704
2597.8749999987326
2732.2749999987473
5334.8750000052505
3074.8749999991837
5148.125000005505
3569.250000002334
3504.8750000001032
2173.3499999990936
5876.0500000049615
6834.275000011287
3121.57500000208
2262.7999999995754
6736.825000008606
4557.075000005195
4103.77500000452
6210.6000000078
4531.2750000053575
2499.87499999959
6802.075000011463
3979.575000005716
4172.850000005594
6611.5000000093405
3354.874999998333
3066.0999999986416
6088.600000007024
2970.1249999994143
2637.59999999962
4612.575000005246
2008.0999999992691
2094.1249999991905
3203.2750000001342
4072.0250000005813
1783.874999999473
7374.600000010873
4227.825000005468
3898.1000000016274
2536.825000000231
3194.8500000008785
4249.850000001327
3236.1000000021613
3190.8250000005282
3347.8999999980506
2069.8499999992127
4664.825000005746
3438.3749999996976
5683.825000003146
2182.099999999598
4478.02500000538
2677.0499999986605
2236.0499999990616
3406.649999998628
6286.550000010376
2134.574999999154
1649.0749999995955
1838.3499999993912
2668.149999998669
4735.825000005157
7169.575000009586
2564.874999998763
2186.5999999991063
2584.8499999991463
7502.225000012933
4231.375000002988
3514.850000002834
6237.575000009036
2487.874999998833
2919.3499999997493
4430.850000005255
7017.500000008765
3591.5500000011107
4388.87500000252
3254.825000000862
3095.0999999996666
4039.3500000056847
4579.825000004492
2818.824999999055
1803.0999999994556
2263.324999999037
7641.525000012859
2177.1249999991087
2995.374999998371
5063.500000003379
4102.075000005599
4589.550000005211
3986.025000000538
3313.874999999338
4102.825000005612
2996.89999999837
2409.8499999989035
4583.850000005184
2537.599999998787
3768.3750000007276
2491.3249999988293
2104.099999999182
2399.374999998913
3547.3250000024227
1859.3499999994044
4507.575000005167
2419.0749999988952
4950.375000004865
2712.099999999551
5360.275000005741
2338.099999999507
2644.5750000001044
4263.875000001103
1751.0999999994983
4747.100000003806
3704.1000000022573
4020.800000002418
5667.375000004093
4217.1000000054755
3886.0250000005867
6626.075000011486
1909.5499999993588
6551.075000011582
4439.850000000174
6496.100000007347
4791.750000005748
5502.600000006509
3002.0999999983947
6293.550000008518
4464.850000004973
2741.3000000003794
2418.099999999269
3251.2750000008073
4575.125000002455
2736.87499999994
3004.374999999084
4520.10000000429
7871.800000011386
6718.0750000114585
2301.0749999990026
5114.625000004645
8354.500000012862
4588.375000005176
4963.575000006331
9482.05000001731
2909.575000000929
4622.750000005215
2629.7999999987037
3955.1000000018794
1805.3749999994534
3894.5250000026786
3352.899999998537
1660.5749999995853
4865.025000005017
2455.800000001137
2493.099999998965
6748.275000011575
3720.825000003686
5709.000000008561
3121.7750000020637
5960.100000006817
4808.100000005809
2702.125000000041
7553.100000011181
4268.075000005489
1907.2999999993608
4231.600000003764
3330.1250000000355
2341.3499999989663
4332.775000002565
3678.3749999990937
4107.075000002969
3182.7999999992403
2812.874999998598
4481.100000005269
1507.0749999997247
6439.82500001171
4049.0750000056905
1467.8249999997604
3535.1250000005525
2328.1249999989636
4954.600000004875
3739.8750000013765
5553.600000006706
3544.625000000056
4750.525000005182
2859.8999999984944
1776.34999999948
3096.1499999984035
4408.300000005396
2700.3499999995743
2872.8749999984825
5120.025000002504
7066.050000008878
3517.3500000003114
3819.850000000855
7163.750000011769
5728.325000005724
3078.299999998296
5220.275000003485
2554.349999999756
3037.600000000101
5282.1000000052645
7213.300000011925
2084.6499999991997
5981.075000008854
2609.5999999995906
2682.8250000006838
3394.6000000017816
6137.325000009811
4354.775000003837
3101.124999998655
1998.0749999992784
9512.275000017074
3395.2750000013475
6624.575000011681
3700.5000000020596
5696.8000000065695
6962.850000011238
2245.349999999053
1879.8749999993856
4741.3250000058
2759.849999998585
2437.874999998878
3956.825000000089
2416.074999998898
2781.5499999994036
4475.125000004081
2241.7749999990565
4151.325000005567
2727.399999998615
4866.6250000049295
3117.124999999657
3721.775000000252
5897.825000006766
2985.3000000002544
5209.300000004681
3058.0749999990276
4297.1000000054855
3777.0750000056987
7299.350000010956
6564.050000011631
4666.125000005097
1857.349999999406
4121.575000001076
6086.775000006774
2908.2500000001974
4940.575000004919
6279.82500001062
4719.275000002775
2813.0750000014655
7724.800000013149
2778.8749999990446
3648.05000000552
3054.1249999983625
2912.1249999987767
4567.550000001327
4526.32500000532
5603.100000007082
4343.050000005458
1927.5999999993426
5756.250000006216
2033.3499999992382
5363.800000004731
2255.799999999044
4973.375000004805
5515.275000005899
3072.824999999072
2546.3999999987795
1815.3249999994446
4727.100000005066
4057.8250000056337
2575.0499999987533
5376.600000006281
4984.975000007131
4514.775000005433
5626.600000005672
6034.100000007264
4801.750000005518
5998.350000008933
2334.3749999989723
2999.3250000006246
2478.9999999992915
2809.825000001133
4195.350000004488
5748.525000006859
2157.849999999133
6341.800000009838
5620.275000006926
7546.025000013093
2144.574999999145
6969.250000009453
3375.0249999999587
5573.30000000697
3337.6000000003614
4029.7500000019227
7051.2750000081205
4470.625000003758
4273.550000003146
4479.300000005365
4891.875000004902
5369.575000007248
1868.349999999396
7709.800000010549
4103.850000005641
2830.79999999907
7206.575000010085
4007.0750000057224
2313.3999999989915
5298.3500000053255
4737.625000005048
4343.80000000406
5857.250000005043
3196.82500000249
5102.625000004726
1883.5999999993824
3864.6000000026834
2667.074999998669
5792.575000008707
3124.550000003296
3722.3750000002788
5215.275000004789
1950.5999999992296
2118.549999999169
5563.325000005079
8241.550000012854
1851.0749999994118
7338.275000009205
6026.525000005773
1988.374999999287
6561.5000000097225
9435.325000016794
3861.0500000057077
4130.825000005596
2982.8749999983825
3210.8749999989122
4346.82500000266
4687.775000002969
5386.325000008211
3666.2750000020346
4358.100000005343
1833.0749999994282
3250.549999998603
1276.5499999999342
3250.6249999981655
1763.0999999994872
3136.0000000007635
4243.624999999543
4386.100000001631
4237.350000005525
6167.725000008084
1933.3499999993373
5190.050000007817
5556.600000005693
4118.8500000055765
2642.325000000275
4955.125000004218
2034.3249999992452
2756.5749999985887
4306.100000004128
1622.124999999583
2689.84999999927
3252.3250000030353
5152.725000004447
6451.600000009893
7959.00000001372
2905.3749999998618
3472.649999999128
4528.600000005217
7664.325000012239
4290.825000005461
4221.524999999421
3879.3250000007747
7070.575000008845
3455.075000002569
9159.575000017388
3059.574999999291
4843.125000001648
4277.325000005409
2919.7250000011563
3643.1000000011227
3896.075000004837
3173.575000001031
2560.8749999987663
2088.549999999196
3491.599999998949
4352.575000001859
7222.7500000111995
2524.8499999990404
6067.000000005434
3159.0499999985545
1942.1249999993292
5650.275000007046
2477.325000000269
6345.85000000816
4705.350000005522
2542.8749999987826
5176.525000006757
3797.1000000031004
3677.775000000063
3304.874999998996
2506.4750000003987
2259.575000000146
3284.799999998718
3399.875000000209
4718.350000003047
7137.0750000115495
2552.549999998774
5573.600000007681
6330.250000006503
3123.07500000184
3528.625000000498
7147.050000011435
5152.0750000052785
4438.050000003506
2935.8499999998785
5448.82500000649
2005.6249999992715
4605.125000005179
4415.575000005314
4212.600000005499
7017.52500000947
2682.075000000358
4025.300000005786
5684.350000006993
3995.8250000023863
1892.3499999993746
5225.550000007869
5182.600000004968
3255.5999999990972
4662.80000000516
5029.075000005363
4373.825000002074
5597.375000005397
2429.1249999988863
5912.500000008833
6781.300000011454
3214.1249999992588
4906.550000005016
2738.874999998585
5202.8750000059235
3764.8000000042143
1894.124999999373
4998.125000005058
2071.349999999212
3029.8499999999444
4051.500000001889
3394.600000000171
3741.2250000025915
5446.075000003209
4167.975000004115
4811.000000003201
3125.374999998732
6199.025000010501
4084.3250000056314
4007.850000000141
5080.525000005454
7644.525000011045
5338.850000004128
3133.849999999412
2662.1000000001422
5352.37500000568
3602.1000000017407
3089.6499999982857
4925.575000004845
1979.3749999992951
5488.475000005718
2766.325000000804
2682.3499999990863
4799.825000003393
4347.100000005405
3514.574999999266
3872.0500000006664
3293.6249999985166
4520.80000000526
7010.600000007973
5740.975000009147
2984.1250000001096
5590.025000004256
2900.3250000019684
4665.775000001189
6468.325000009658
5460.375000005335
5984.750000006606
6443.35000000641
3053.025000000306
2420.624999998894
4648.100000005125
5168.025000006781
5008.325000005116
2002.5999999992741
5000.100000005192
4119.100000003396
3595.575000004061
3442.8500000004487
5408.750000003686
5672.850000004371
4794.325000005768
4916.800000006908
