11654.300000024867
11587.300000024623
11564.30000002454
4294.499999998092
2920.4999999984393
11637.300000024805
2876.3999999984794
11259.30000002343
2559.3999999987677
2314.3999999989906
3950.3999999975026
11609.300000024703
8450.400000013211
9024.300000015299
11501.40000002431
11580.300000024597
11720.300000025107
4118.499999997452
4725.3999999996595
6203.300000005036
7301.300000009031
5371.40000000201
3462.3999999979465
11547.300000024477
4345.499999998277
5873.3000000038355
11471.400000024201
2598.499999998732
8604.30000001377
6308.300000005418
11456.400000024147
4306.399999998135
11591.300000024637
8171.300000012196
8661.300000013978
3220.4999999981665
11615.300000024725
7258.4000000088745
3968.3999999974862
7474.30000000966
11554.300000024503
2252.499999999047
11617.300000024732
11621.300000024747
8062.400000011799
11418.400000024008
10605.30000002105
7857.300000011053
4255.49999999795
11594.300000024648
8895.30000001483
11588.300000024627
6530.300000006226
3177.3999999982057
9971.300000018744
5001.400000000664
11516.300000024365
4715.399999999623
3404.399999997999
6458.300000005964
11575.30000002458
11595.300000024652
1965.299999999308
2153.399999999137
11588.300000024627
5777.300000003486
8554.300000013589
8054.30000001177
2725.4999999986167
11543.300000024463
11492.400000024278
6169.300000004912
11526.300000024401
11490.40000002427
11558.300000024517
8901.300000014851
11592.300000024641
11616.300000024728
11482.400000024241
11612.300000024714
4596.39999999919
4481.399999998772
5183.500000001326
11544.300000024466
7179.300000008587
7392.300000009362
8156.300000012141
11604.300000024685
9237.300000016074
4296.499999998099
9676.30000001767
11565.300000024543
4371.399999998372
4472.399999998739
4096.499999997372
11534.30000002443
11588.300000024627
7813.300000010893
11618.300000024736
7253.400000008856
11434.400000024067
11493.300000024281
3273.4999999981183
4352.3999999983025
11612.300000024714
11567.30000002455
11634.300000024794
11687.300000024987
11548.300000024481
2241.399999999057
4302.399999998121
11546.300000024474
11573.300000024572
2620.499999998712
11488.400000024263
11696.30000002502
10795.400000021742
11582.300000024605
11506.400000024329
11502.400000024314
11460.400000024161
11494.400000024285
11588.300000024627
11566.300000024547
6850.30000000739
11535.300000024434
11700.300000025034
11633.30000002479
6340.400000005535
4858.400000000143
6148.400000004836
11552.300000024496
4643.399999999361
5603.300000002853
11521.300000024383
3561.3999999978564
3131.3999999982475
11590.300000024634
9417.300000016729
10735.400000021524
11257.300000023422
4025.4999999974343
10536.4000000208
11492.400000024278
11520.40000002438
11670.300000024925
11559.300000024521
6162.300000004887
3084.3999999982902
11572.300000024568
7406.3000000094125
9316.300000016361
11611.30000002471
9722.300000017838
6485.300000006062
4602.399999999212
10993.300000022462
11536.300000024437
9324.30000001639
11505.400000024325
6550.300000006298
3897.399999997551
11579.300000024594
11598.300000024663
11484.300000024248
11498.4000000243
11600.30000002467
4685.399999999514
5359.400000001966
5027.400000000758
3270.499999998121
11550.300000024488
6533.300000006237
6923.300000007655
2379.4999999989313
6567.400000006361
4305.3999999981315
11544.300000024466
11496.400000024292
3157.399999998224
6813.300000007255
11573.300000024572
6905.30000000759
3335.399999998062
11488.400000024263
4229.499999997855
11034.300000022611
6489.3000000060765
2808.499999998541
11457.40000002415
3352.3999999980465
5566.400000002719
5506.400000002501
3782.4999999976553
2440.399999998876
3485.4999999979254
7119.300000008368
11607.300000024696
10245.400000019741
11554.300000024503
11565.300000024543
2707.499999998633
9816.30000001818
3694.4999999977354
4614.399999999256
7232.40000000878
11642.300000024823
3359.39999999804
4789.399999999892
6760.300000007062
6799.300000007204
11601.300000024674
8128.4000000120395
11545.30000002447
5065.500000000897
11542.30000002446
3928.4999999975225
2311.3999999989933
11562.300000024532
3856.499999997588
6873.3000000074735
11515.300000024361
6788.300000007164
8980.400000015139
11658.300000024881
7067.300000008179
2557.3999999987695
2923.3999999984367
4038.3999999974226
6173.300000004927
11416.400000024001
5578.400000002763
3876.39999999757
4705.399999999587
5466.500000002356
11711.300000025074
4216.399999997808
5065.400000000896
11555.300000024507
6953.3000000077645
6546.300000006284
3118.3999999982593
11649.300000024848
2787.4999999985603
11639.300000024812
10314.300000019992
11503.300000024317
4566.499999999081
3447.39999999796
4299.49999999811
11894.30000002574
11461.400000024165
11655.30000002487
4304.399999998128
11704.300000025049
11540.300000024452
8080.3000000118645
11491.400000024274
9424.400000016754
4933.500000000417
11478.400000024227
11560.300000024525
5950.300000004116
11529.300000024412
6784.40000000715
9080.400000015503
3201.4999999981837
5796.400000003556
2836.399999998516
5015.4000000007145
2740.499999998603
3023.4999999983456
4817.4999999999945
11660.300000024889
11565.300000024543
7224.30000000875
8084.4000000118795
11533.300000024426
2803.399999998546
6228.300000005127
5950.300000004116
2938.399999998423
3148.499999998232
4264.499999997983
4074.39999999739
7576.300000010031
3043.3999999983275
3292.399999998101
3494.4999999979173
11535.300000024434
4039.4999999974216
11502.400000024314
5869.300000003821
8755.30000001432
11567.30000002455
6170.300000004916
4740.499999999714
4092.3999999973735
11642.300000024823
6863.4000000074375
11498.4000000243
11597.30000002466
11618.300000024736
3868.399999997577
11534.30000002443
11514.300000024357
3589.399999997831
7487.300000009707
5903.300000003945
4179.399999997673
7402.300000009398
5029.400000000765
7982.400000011508
11580.300000024597
3047.399999998324
11547.300000024477
6617.300000006542
4998.400000000653
9678.400000017678
11612.300000024714
8696.400000014106
3565.4999999978527
5670.300000003097
11498.4000000243
11466.400000024183
5120.4000000010965
11636.300000024801
1726.3999999995253
6177.3000000049415
11465.40000002418
11499.300000024303
4364.399999998346
7644.300000010278
2508.499999998814
2626.399999998707
4114.499999997437
11636.300000024801
9178.300000015859
11532.300000024423
6790.300000007172
11601.300000024674
11675.300000024943
4429.399999998583
11742.300000025187
8045.300000011737
11609.300000024703
6942.3000000077245
11522.400000024387
3342.3999999980556
3566.499999997852
3978.499999997477
8538.30000001353
3088.3999999982866
4326.399999998208
8655.400000013957
11503.400000024318
7595.3000000101
5979.300000004221
6140.300000004807
11592.300000024641
4063.3999999974
3024.4999999983447
11502.300000024314
11628.300000024772
7572.300000010016
8909.30000001488
4414.399999998528
3959.4999999974943
11616.300000024728
11549.300000024485
6970.300000007826
11466.400000024183
11569.300000024557
9898.300000018478
11653.300000024863
11011.300000022527
11576.300000024583
4840.500000000078
5280.400000001679
11507.300000024332
3784.4999999976535
2976.4999999983884
11526.400000024401
8738.300000014258
3814.499999997626
10401.300000020308
10517.40000002073
8139.300000012079
3736.3999999976973
11632.300000024787
3578.399999997841
9270.300000016194
2803.4999999985457
5805.300000003588
11659.300000024885
11649.300000024848
5837.400000003705
5617.300000002904
11584.300000024612
11600.30000002467
11550.300000024488
11668.300000024918
6542.300000006269
8205.30000001232
11594.300000024648
8083.300000011875
3635.399999997789
4568.399999999088
7420.3000000094635
9442.30000001682
2340.499999998967
11569.300000024557
11703.300000025045
8267.300000012545
11626.300000024765
11662.300000024896
3484.4999999979264
3678.49999999775
11529.400000024412
9674.400000017664
11531.30000002442
11565.300000024543
4186.499999997699
4098.3999999973785
2814.4999999985357
3282.39999999811
4747.49999999974
11543.300000024463
9462.300000016892
9066.300000015452
11655.30000002487
6082.300000004596
11555.300000024507
11587.300000024623
8285.30000001261
7953.3000000114025
11557.300000024514
4681.399999999499
6177.3000000049415
11519.300000024376
8635.400000013884
4558.499999999052
1729.3999999995226
8937.300000014982
5656.300000003046
5295.400000001733
4785.499999999878
11626.300000024765
4577.399999999121
6723.400000006928
11577.300000024587
3550.3999999978664
9628.300000017496
2174.499999999118
5342.400000001904
3996.4999999974607
2958.4999999984047
7385.300000009336
4871.500000000191
11546.300000024474
11471.400000024201
11499.400000024303
11496.400000024292
3273.3999999981183
3811.399999997629
3605.3999999978164
11588.300000024627
11533.300000024426
11551.300000024492
3409.3999999979947
8085.300000011883
5487.400000002432
11696.30000002502
7088.300000008256
10044.30000001901
3680.399999997748
11535.300000024434
3950.3999999975026
11597.30000002466
6041.300000004447
5395.400000002097
11671.300000024929
3971.3999999974835
11496.300000024292
11614.300000024721
3260.49999999813
4192.499999997721
5440.400000002261
4190.4999999977135
3822.399999997619
10720.300000021469
2568.3999999987595
6695.300000006826
5223.400000001471
11327.300000023677
2831.4999999985203
11529.300000024412
8067.400000011818
11734.300000025158
4307.399999998139
11645.300000024834
5498.400000002472
11457.40000002415
3743.399999997691
4366.399999998353
11603.300000024681
11554.300000024503
5127.500000001122
5644.400000003003
3855.399999997589
4396.399999998463
11500.400000024307
5108.400000001053
11490.40000002427
8329.30000001277
6268.3000000052725
4080.4999999973843
11621.300000024747
11648.300000024845
7621.400000010195
4749.399999999747
11516.400000024365
11470.400000024198
10574.300000020938
11502.300000024314
11681.300000024965
4939.400000000438
11588.300000024627
11508.400000024336
11601.300000024674
11631.300000024783
4550.399999999023
4552.39999999903
9804.300000018136
5180.400000001315
5069.500000000911
11616.300000024728
3081.399999998293
3217.3999999981693
6066.300000004538
5781.300000003501
2227.4999999990696
11506.300000024328
11479.40000002423
7258.300000008874
5521.400000002555
6618.300000006546
6908.400000007601
7795.400000010828
6007.300000004323
4295.399999998095
3565.4999999978527
11500.400000024307
5754.300000003403
7176.300000008576
4676.499999999482
11637.300000024805
3750.3999999976845
4227.399999997848
4838.400000000071
11547.300000024477
3691.399999997738
2064.399999999218
3200.3999999981847
3627.3999999977964
11684.300000024976
11607.300000024696
3548.3999999978682
4081.4999999973834
4674.399999999474
11714.300000025085
9289.300000016263
8610.300000013793
11570.300000024561
4022.399999997437
5453.400000002308
11463.400000024172
11594.300000024648
7071.300000008194
9051.400000015397
5586.300000002791
5463.500000002345
11536.300000024437
7815.3000000109005
4742.399999999721
2727.499999998615
3890.399999997557
11570.300000024561
4010.499999997448
3894.4999999975535
6451.300000005938
11553.3000000245
11564.30000002454
6886.300000007521
5339.500000001894
11518.300000024372
4154.499999997583
4158.399999997597
11532.300000024423
4095.4999999973707
6998.300000007928
3705.3999999977254
3303.499999998091
3699.499999997731
7365.400000009264
2942.3999999984194
11511.400000024347
3521.399999997893
11598.300000024663
5107.400000001049
11643.300000024827
4751.399999999754
5528.400000002581
7334.300000009151
2950.499999998412
9793.300000018096
8307.30000001269
8671.300000014015
10773.300000021662
11484.300000024248
6949.30000000775
11485.400000024252
2591.3999999987386
11527.400000024405
6526.300000006211
11537.300000024441
11646.300000024838
9496.300000017016
4319.3999999981825
10268.400000019825
11286.300000023528
5812.300000003614
4581.499999999136
6619.300000006549
9232.300000016055
5466.400000002355
4589.499999999165
10676.40000002131
11564.30000002454
11511.400000024347
3293.3999999981
11468.40000002419
11615.300000024725
11532.300000024423
10872.300000022022
11675.300000024943
6480.300000006044
11569.300000024557
3938.3999999975135
6987.400000007889
2391.4999999989204
7233.300000008783
4678.499999999489
2157.3999999991333
11669.300000024921
6286.300000005338
4411.4999999985175
11614.300000024721
9503.300000017041
11613.300000024718
7602.300000010126
11417.400000024005
11514.300000024357
5498.500000002472
11525.300000024397
11565.300000024543
2660.399999998676
9971.400000018744
5455.400000002315
4147.499999997557
9072.300000015473
4816.499999999991
7456.300000009594
5209.40000000142
4343.49999999827
11555.300000024507
2192.4999999991014
11522.400000024387
11552.300000024496
2286.399999999016
5903.400000003945
4065.499999997398
11561.300000024528
7503.300000009765
11479.40000002423
6272.300000005287
11709.300000025067
4058.3999999974044
2324.4999999989814
4415.399999998532
11609.300000024703
5087.400000000976
4050.3999999974117
7951.300000011395
11402.30000002395
6373.400000005655
7102.400000008307
11708.300000025063
11541.300000024456
4060.3999999974026
8300.300000012665
5148.400000001198
5818.300000003635
11610.300000024707
11525.300000024397
2452.499999998865
11447.400000024114
5051.4000000008455
6038.300000004436
7590.300000010082
11508.400000024336
7757.3000000106895
4583.499999999143
3832.39999999761
11580.300000024597
7189.300000008623
11606.300000024692
8122.300000012017
11579.300000024594
11539.300000024448
4276.399999998026
2566.4999999987613
11580.300000024597
4100.399999997386
3427.499999997978
6363.300000005618
3793.3999999976454
5023.400000000744
10480.300000020596
3511.399999997902
11552.300000024496
3691.499999997738
11547.300000024477
5497.400000002468
6193.300000005
11483.400000024245
5922.300000004014
11589.30000002463
4694.399999999547
11611.30000002471
11453.400000024136
11617.300000024732
11567.30000002455
11562.300000024532
3027.499999998342
6278.400000005309
11620.300000024743
5863.300000003799
11603.300000024681
11065.300000022724
8082.300000011872
6850.40000000739
11594.300000024648
4678.499999999489
11091.300000022818
4346.399999998281
4581.399999999136
6443.300000005909
11368.400000023827
9824.30000001821
11610.300000024707
3005.499999998362
11612.300000024714
3476.4999999979336
11600.30000002467
2724.3999999986177
11506.400000024329
11737.300000025169
4990.400000000624
3449.499999997958
2905.399999998453
11569.300000024557
11493.300000024281
3805.3999999976345
11491.300000024274
11579.300000024594
11726.300000025129
11540.300000024452
11568.300000024554
11690.300000024998
11571.300000024565
3156.4999999982247
6292.30000000536
4690.399999999532
6538.300000006255
10592.400000021004
11618.300000024736
3019.3999999983494
11643.300000024827
11580.300000024597
11572.300000024568
3237.399999998151
11733.300000025154
5783.300000003508
11666.30000002491
6279.400000005313
6564.300000006349
11608.3000000247
10191.300000019544
9508.30000001706
11617.300000024732
11577.300000024587
10409.400000020338
2579.3999999987495
11607.300000024696
11548.300000024481
4781.399999999863
11556.30000002451
11564.30000002454
3198.3999999981866
11380.30000002387
11502.400000024314
10385.30000002025
8092.300000011908
8056.400000011778
11540.300000024452
2841.3999999985112
8752.40000001431
3540.3999999978755
11549.300000024485
8733.30000001424
5636.300000002973
11765.30000002527
2849.499999998504
3099.3999999982766
11684.300000024976
11564.30000002454
2573.399999998755
11554.300000024503
11608.3000000247
3099.3999999982766
11669.300000024921
11541.300000024456
11494.400000024285
11551.300000024492
4008.39999999745
4949.400000000474
7428.300000009493
9635.300000017522
11580.300000024597
7904.300000011224
11496.400000024292
2788.3999999985595
4676.399999999481
1728.3999999995235
4275.399999998022
2757.4999999985876
6525.3000000062075
5696.400000003192
8181.300000012232
11563.300000024536
11583.300000024608
3025.399999998344
11416.400000024001
11563.300000024536
11516.300000024365
5673.300000003108
10227.400000019676
2687.3999999986513
3969.3999999974853
10361.300000020163
2136.3999999991524
4813.39999999998
8618.300000013822
8486.300000013342
11487.40000002426
11589.30000002463
5485.400000002424
5307.500000001777
11537.300000024441
11006.30000002251
11599.300000024667
5869.300000003821
6472.300000006015
11583.300000024608
8319.300000012734
11523.30000002439
5123.400000001107
7705.3000000105
11487.40000002426
6763.300000007073
6199.3000000050215
10665.400000021269
6768.400000007092
4067.399999997396
2895.399999998462
4958.5000000005075
8147.300000012108
11643.300000024827
4531.399999998954
8857.300000014691
4591.399999999172
2808.499999998541
11719.300000025103
5527.400000002577
11457.40000002415
11579.300000024594
4164.399999997619
11562.300000024532
9051.400000015397
6367.300000005633
5038.400000000798
5690.30000000317
5207.500000001413
4719.399999999638
6208.300000005054
9033.300000015332
11613.300000024718
3622.399999997801
11526.300000024401
11636.300000024801
7421.4000000094675
6601.300000006484
11566.300000024547
11647.300000024841
9468.300000016914
5579.400000002766
11583.300000024608
2879.3999999984767
11531.30000002442
11502.400000024314
11499.400000024303
11591.300000024637
5789.30000000353
11668.300000024918
10828.300000021862
8639.300000013898
2868.3999999984867
11598.300000024663
11536.300000024437
5128.400000001126
11630.30000002478
11564.30000002454
8655.300000013956
11530.400000024416
3872.3999999975736
11609.300000024703
11592.300000024641
4833.500000000053
11709.300000025067
4215.4999999978045
11548.300000024481
10051.300000019035
2625.3999999987077
11540.300000024452
3281.399999998111
5684.300000003148
7327.300000009125
5752.400000003396
8466.300000013269
7214.300000008714
10310.300000019977
8074.300000011843
4646.399999999372
11573.300000024572
11513.400000024354
5484.400000002421
11637.300000024805
11693.300000025009
7236.300000008794
5299.400000001748
5587.300000002795
11544.300000024466
7730.400000010592
4191.499999997717
11537.300000024441
3085.3999999982893
8140.300000012083
6242.300000005178
4698.399999999561
7945.300000011373
11571.300000024565
5501.400000002483
7023.300000008019
4645.499999999369
11546.300000024474
11507.400000024332
11614.300000024721
5781.300000003501
10789.30000002172
7405.300000009409
7145.300000008463
11596.300000024656
11606.300000024692
11660.300000024889
11542.30000002446
6129.300000004767
3862.3999999975827
11546.300000024474
11586.30000002462
11540.300000024452
3123.4999999982547
11515.300000024361
9195.400000015921
9733.400000017878
5712.30000000325
7240.300000008809
11179.300000023139
10776.400000021673
11500.300000024306
