11503.200000024317
11456.200000024146
11396.200000023928
4158.399999997597
2779.3999999985676
11453.200000024135
2734.3999999986086
11079.200000022774
2421.2999999988933
2173.299999999119
3807.3999999976327
11483.200000024244
8312.300000012709
8875.200000014756
11349.300000023757
11414.200000023993
11536.200000024437
3995.3999999974617
4575.299999999113
6062.300000004523
7173.2000000085645
5227.400000001486
3327.2999999980693
11414.200000023993
4186.399999997699
5734.2000000033295
11335.300000023706
2481.3999999988387
8475.200000013301
6157.200000004868
11340.300000023724
4135.299999997513
11455.200000024142
8014.200000011624
8504.200000013407
3090.399999998285
11461.200000024164
7131.300000008412
3796.2999999976428
7327.200000009125
11381.200000023873
2119.399999999168
11427.20000002404
11474.200000024211
7939.300000011352
11288.300000023535
10479.200000020592
7721.200000010558
4102.399999997393
11477.200000024222
8739.200000014262
11457.20000002415
6376.200000005665
3023.299999998346
9817.200000018183
4877.300000000212
11365.300000023815
4537.299999998975
3264.3999999981265
6322.200000005469
11446.20000002411
11463.200000024171
1800.1999999994582
2019.3999999992589
11433.200000024062
5642.300000002995
8381.20000001296
7901.200000011213
2585.399999998744
11379.300000023866
11345.300000023743
6042.20000000445
11373.300000023844
11339.30000002372
11374.300000023848
8746.200000014287
11459.200000024157
11472.200000024204
11354.300000023775
11407.200000023968
4430.399999998586
4336.299999998244
5057.400000000867
11402.30000002395
7026.20000000803
7253.300000008856
8019.200000011642
11472.200000024204
9085.30000001552
4174.399999997655
9505.200000017048
11393.300000023917
4215.299999997804
4328.299999998215
3962.3999999974917
11413.20000002399
11414.200000023993
7673.300000010384
11477.200000024222
7117.300000008361
11303.30000002359
11329.300000023684
3143.3999999982366
4205.399999997768
11485.200000024251
11448.200000024117
11502.200000024313
11514.200000024357
11407.200000023968
2127.2999999991607
4164.399999997619
11421.200000024019
11428.200000024044
2476.399999998843
11351.300000023764
11518.200000024372
10631.300000021145
11419.200000024011
11365.300000023815
11373.300000023844
11334.300000023703
11344.300000023739
11441.200000024091
11411.200000023982
6688.3000000068005
11360.300000023797
11547.200000024477
11493.20000002428
6196.300000005011
4739.29999999971
6022.300000004378
11408.200000023971
4489.299999998801
5449.300000002293
11397.200000023931
3420.2999999979847
3016.299999998352
11428.200000024044
9254.200000016135
10610.300000021069
11116.200000022909
3907.3999999975417
10395.300000020286
11369.30000002383
11386.300000023892
11514.200000024357
11429.200000024048
5997.200000004286
2959.299999998404
11435.20000002407
7255.200000008863
9175.200000015848
11444.200000024102
9553.200000017223
6335.200000005516
4448.299999998651
10857.200000021967
11401.300000023946
9181.20000001587
11380.30000002387
6403.200000005763
3722.29999999771
11443.200000024099
11426.200000024037
11358.30000002379
11354.300000023775
11464.200000024175
4536.2999999989715
5215.300000001442
4876.3000000002085
3150.39999999823
11402.20000002395
6406.200000005774
6784.200000007149
2242.399999999056
6431.3000000058655
4135.299999997513
11407.200000023968
11366.300000023819
3024.299999998345
6684.200000006786
11433.200000024062
6742.200000006997
3186.2999999981976
11346.300000023746
4097.399999997375
10895.200000022105
6348.200000005563
2680.3999999986577
11329.300000023684
3207.3999999981784
5381.300000002046
5380.300000002042
3651.3999999977746
2277.2999999990243
3361.3999999980383
6966.2000000078115
11460.20000002416
10106.300000019235
11411.300000023983
11428.200000024044
2581.3999999987477
9685.200000017703
3563.3999999978546
4469.299999998728
7093.300000008274
11477.200000024222
3192.299999998192
4637.299999999339
6614.200000006531
6631.200000006593
11443.200000024099
7994.300000011552
11400.300000023943
4931.400000000409
11392.300000023914
3815.3999999976254
2174.299999999118
11420.200000024015
3737.3999999976963
6727.200000006942
11365.300000023815
6657.200000006687
8830.300000014593
11527.200000024404
6841.200000007357
2419.299999998895
2784.299999998563
3877.299999997569
6018.300000004363
11297.300000023568
5447.300000002286
3737.2999999976964
4566.299999999081
5333.400000001871
11532.200000024422
4077.299999997387
4888.4000000002525
11411.200000023982
6782.300000007142
6407.200000005778
2954.2999999984086
11506.200000024328
2648.399999998687
11492.200000024277
10179.3000000195
11362.300000023804
4431.39999999859
3302.299999998092
4164.399999997619
11708.200000025063
11344.300000023739
11497.200000024295
4093.3999999973726
11543.200000024462
11394.30000002392
7938.300000011348
11357.300000023786
9295.300000016285
4791.3999999999
11361.3000000238
11420.200000024015
5788.200000003526
11379.200000023866
6658.300000006691
8943.300000015004
3076.3999999982975
5659.300000003057
2676.2999999986614
4883.400000000234
2617.399999998715
2893.399999998464
4694.399999999547
11491.200000024273
11426.200000024037
7085.300000008245
7941.300000011359
11376.300000023855
2668.3999999986686
6062.200000004523
5810.200000003606
2774.2999999985723
3028.399999998341
4130.399999997495
3948.2999999975045
7388.200000009347
2910.2999999984486
3164.3999999982175
3366.3999999980338
11392.200000023913
3914.3999999975354
11378.300000023863
5713.200000003253
8601.20000001376
11423.200000024026
6012.200000004341
4602.399999999212
3942.39999999751
11492.200000024277
6712.300000006888
11353.300000023772
11440.200000024088
11454.200000024139
3719.3999999977127
11382.300000023877
11346.300000023746
3447.29999999796
7328.300000009129
5759.20000000342
4043.299999997418
7250.200000008845
4880.300000000223
7867.30000001109
11429.200000024048
2889.2999999984677
11369.30000002383
6474.200000006022
4848.300000000107
9534.300000017154
11455.200000024142
8565.300000013629
3426.399999997979
5539.20000000262
11355.300000023779
11343.300000023735
4990.300000000623
11471.2000000242
1604.2999999996364
6046.2000000044645
11344.300000023739
11367.300000023823
4220.299999997822
7514.200000009805
2377.3999999989333
2464.299999998854
3985.399999997471
11451.200000024128
9033.300000015332
11387.300000023895
6661.200000006702
11437.200000024077
11503.200000024317
4281.399999998044
11598.200000024663
7861.300000011068
11467.200000024186
6786.200000007157
11387.300000023895
3189.299999998195
3430.3999999979756
3858.3999999975863
8399.300000013025
2954.2999999984086
4179.299999997673
8537.300000013527
11354.300000023775
7465.200000009627
5814.2000000036205
5979.200000004221
11459.200000024157
3900.299999997548
2880.399999998476
11367.300000023823
11494.200000024284
7407.200000009416
8750.200000014302
4273.299999998015
3816.3999999976245
11478.200000024226
11427.20000002404
6835.200000007335
11343.300000023735
11434.200000024066
9725.200000017849
11501.20000002431
10873.200000022025
11427.20000002404
4691.399999999536
5084.4000000009655
11354.300000023775
3640.3999999977846
2850.399999998503
11382.300000023877
8591.200000013723
3687.399999997742
10254.200000019773
10378.300000020225
7899.200000011206
3564.299999997854
11469.200000024193
3413.299999997991
9079.200000015499
2668.3999999986686
5668.30000000309
11520.200000024379
11501.20000002431
5699.3000000032025
5493.200000002453
11452.200000024131
11465.200000024179
11410.300000023979
11518.200000024372
6378.200000005672
8010.2000000116095
11404.200000023957
7935.200000011337
3487.299999997924
4409.2999999985095
7261.200000008885
9247.20000001611
2193.3999999991006
11451.200000024128
11524.200000024393
8128.200000012039
11481.200000024237
11499.200000024302
3367.399999998033
3536.399999997879
11395.300000023924
9541.30000001718
11386.200000023891
11414.300000023994
4058.3999999974044
3986.29999999747
2694.399999998645
3081.399999998293
4610.399999999241
11411.200000023982
9336.200000016433
8893.300000014822
11505.200000024324
5873.200000003835
11415.200000023997
11430.200000024051
8127.200000012035
7792.300000010817
11438.20000002408
4537.299999998975
6053.30000000449
11395.300000023924
8489.300000013352
4432.399999998594
1601.299999999639
8758.20000001433
5510.300000002515
5125.300000001114
4667.3999999994485
11470.200000024197
4431.39999999859
6592.300000006451
11430.200000024051
3412.299999997992
9441.200000016815
2032.399999999247
5195.300000001369
3882.3999999975645
2824.3999999985267
7240.200000008808
4751.399999999754
11401.300000023946
11346.300000023746
11359.300000023793
11347.30000002375
3124.299999998254
3682.3999999977464
3453.3999999979546
11434.200000024066
11397.300000023932
11415.200000023997
3278.299999998114
7939.300000011352
5374.30000000202
11531.200000024419
6950.300000007754
9893.20000001846
3523.399999997891
11388.300000023899
3806.2999999976337
11440.200000024088
5910.30000000397
5255.300000001587
11514.200000024357
3830.299999997612
11350.30000002376
11469.200000024193
3122.3999999982557
4062.3999999974008
5252.300000001576
4054.399999997408
3665.299999997762
10583.20000002097
2431.2999999988842
6490.20000000608
5097.300000001012
11175.200000023124
2697.399999998642
11404.200000023957
7948.300000011384
11518.200000024372
4145.299999997549
11493.20000002428
5345.300000001915
11325.30000002367
3595.3999999978255
4226.299999997844
11474.200000024211
11394.20000002392
4985.400000000605
5490.300000002442
3719.299999997713
4262.299999997975
11363.300000023808
4939.300000000438
11364.300000023812
8158.200000012148
6077.300000004578
3952.399999997501
11444.200000024102
11496.200000024292
7477.300000009671
4615.299999999259
11388.300000023899
11322.300000023659
10433.200000020424
11358.30000002379
11513.200000024353
4796.399999999918
11428.200000024044
11378.300000023863
11411.300000023983
11464.200000024175
4378.299999998397
4422.299999998557
9676.20000001767
5023.300000000743
4944.400000000456
11477.200000024222
2963.3999999984003
3073.2999999983003
5869.200000003821
5628.200000002944
2097.399999999188
11370.300000023833
11347.30000002375
7067.200000008179
5398.3000000021075
6492.200000006087
6758.300000007055
7656.300000010322
5838.200000003708
4098.3999999973785
3434.399999997972
11368.300000023826
5631.300000002955
7033.200000008055
4546.399999999008
11501.20000002431
3612.29999999781
4071.2999999973927
4705.299999999586
11395.200000023924
3553.299999997864
1915.2999999993535
3057.399999998315
3489.299999997922
11505.200000024324
11410.200000023979
3418.3999999979865
3960.3999999974935
4513.299999998888
11566.200000024546
9164.200000015808
8486.200000013341
11424.20000002403
3890.2999999975573
5313.300000001798
11327.300000023677
11465.200000024179
6946.200000007739
8900.300000014848
5435.300000002242
5339.400000001893
11396.200000023928
7677.300000010398
4591.299999999172
2585.399999998744
3745.299999997689
11426.200000024037
3882.3999999975645
3772.3999999976645
6327.200000005487
11394.30000002392
11413.20000002399
6734.2000000069675
5217.400000001449
11384.300000023884
4027.3999999974326
4006.299999997452
11389.200000023902
3963.399999997491
6869.200000007459
3564.299999997854
3171.399999998211
3566.399999997852
7236.300000008794
2804.299999998545
11381.300000023874
3370.29999999803
11403.200000023953
4960.300000000514
11501.20000002431
4590.399999999168
5400.300000002115
7183.200000008601
2825.399999998526
9634.200000017518
8124.200000012024
8542.200000013545
10606.200000021054
11363.300000023808
6802.200000007215
11348.300000023753
2449.299999998868
11370.300000023833
6399.200000005749
11379.300000023866
11500.200000024306
9338.300000016441
4170.29999999764
10144.300000019373
11121.200000022927
5680.200000003133
4456.399999998681
6473.200000006018
9037.200000015346
5301.400000001755
4462.399999998703
10537.300000020803
11412.200000023986
11379.300000023866
3134.299999998245
11336.30000002371
11497.200000024295
11392.300000023914
10704.20000002141
11454.200000024139
6312.300000005433
11441.200000024091
3783.2999999976546
6866.300000007448
2251.399999999048
7059.20000000815
4556.399999999045
1987.299999999288
11521.200000024382
6135.300000004789
4290.399999998077
11460.20000002416
9369.200000016554
11469.200000024193
7468.200000009638
11271.300000023473
11371.300000023837
5365.400000001988
11402.30000002395
11421.200000024019
2525.2999999987987
9851.300000018307
5296.400000001737
4006.3999999974517
8924.200000014935
4684.39999999951
7180.20000000859
5048.300000000834
4196.399999997735
11418.200000024008
2060.3999999992216
11376.300000023855
11407.300000023968
2153.399999999137
5769.300000003457
3941.399999997511
11422.200000024022
7362.3000000092525
11350.30000002376
6083.200000004599
11540.200000024452
3900.399999997548
2186.399999999107
4250.299999997931
11454.200000024139
4952.300000000485
3897.399999997551
7781.200000010776
11253.200000023407
6256.300000005229
6976.300000007848
11562.200000024532
11400.200000023942
3942.29999999751
8112.200000011981
5004.4000000006745
5698.2000000031985
11468.20000002419
11397.200000023931
2301.3999999990024
11329.300000023684
4914.300000000347
5911.200000003973
7455.20000000959
11370.300000023833
7583.200000010056
4440.399999998623
3687.399999997742
11429.200000024048
7064.200000008168
11450.200000024124
7958.20000001142
11449.20000002412
11392.200000023913
4112.299999997429
2430.399999998885
11417.200000024004
3966.299999997488
3272.3999999981193
6209.2000000050575
3646.299999997779
4869.300000000183
10344.2000000201
3343.299999998055
11374.300000023848
3539.3999999978764
11400.200000023942
5367.300000001995
6030.200000004406
11361.3000000238
5768.200000003453
11467.200000024186
4527.299999998939
11454.200000024139
11311.300000023619
11430.200000024051
11398.200000023935
11437.200000024077
2870.399999998485
6133.300000004781
11482.20000002424
5728.200000003308
11457.20000002415
10920.300000022196
7949.200000011388
6715.300000006899
11420.200000024015
4529.399999998946
10947.300000022295
4214.3999999978005
4414.299999998528
6293.200000005363
11230.300000023324
9695.30000001774
11434.200000024066
2846.3999999985067
11478.200000024226
3335.399999998062
11452.200000024131
2595.299999998735
11366.300000023819
11539.200000024448
4818.299999999997
3313.399999998082
2764.2999999985814
11423.200000024026
11356.300000023783
3659.2999999977674
11364.300000023812
11449.20000002412
11561.200000024528
11408.200000023971
11418.200000024008
11531.200000024419
11402.20000002395
3032.3999999983375
6104.2000000046755
4532.299999998957
6409.200000005785
10458.300000020516
11477.200000024222
2876.2999999984795
11496.200000024292
11436.200000024073
11414.200000023993
3102.299999998274
11588.200000024626
5619.200000002911
11482.20000002424
6153.300000004854
6394.2000000057305
11441.200000024091
10059.200000019064
9359.200000016517
11464.200000024175
11400.200000023942
10268.300000019824
2424.2999999988906
11452.200000024131
11405.30000002396
4621.299999999281
11421.200000024019
11417.300000024004
3041.3999999983293
11209.300000023248
11380.30000002387
10256.20000001978
7952.2000000113985
7935.300000011337
11404.200000023957
2677.3999999986604
8617.300000013818
3392.29999999801
11411.200000023982
8585.300000013702
5489.200000002438
11599.200000024666
2718.399999998623
2946.299999998416
11482.20000002424
11431.200000024055
2417.299999998897
11418.200000024008
11473.200000024208
2952.3999999984103
11537.20000002444
11381.300000023874
11366.300000023819
11401.300000023946
3859.2999999975855
4782.399999999867
7261.200000008885
9462.200000016892
11429.200000024048
7762.200000010707
11365.300000023815
2649.299999998686
4530.29999999895
1594.2999999996455
4144.2999999975455
2637.399999998697
6346.200000005556
5564.300000002711
8043.20000001173
11417.200000024004
11458.200000024153
2846.299999998507
11287.300000023532
11420.200000024015
11373.300000023844
5510.200000002515
10088.30000001917
2540.299999998785
3814.2999999976264
10226.300000019672
1982.2999999992926
4678.299999999488
8444.300000013189
8347.200000012836
11358.30000002379
11456.200000024146
5348.300000001926
5179.400000001311
11379.300000023866
10838.300000021898
11408.300000023972
5734.2000000033295
6322.200000005469
11434.200000024066
8190.300000012265
11359.300000023793
4989.30000000062
7568.2000000100015
11356.300000023783
6522.200000006196
6040.300000004443
10529.300000020774
6627.300000006579
3915.2999999975345
2729.299999998613
4835.40000000006
8009.200000011606
11482.20000002424
4369.299999998364
8711.20000001416
4444.299999998637
2661.399999998675
11536.200000024437
5378.300000002035
11336.30000002371
11436.200000024073
4015.2999999974436
11422.200000024022
8919.300000014917
6172.200000004923
4910.300000000332
5510.200000002515
5084.4000000009655
4572.2999999991025
6080.200000004588
8902.200000014855
11458.200000024153
3438.2999999979684
11392.200000023913
11487.200000024259
7280.300000008954
6439.300000005895
11407.200000023968
11500.200000024306
9329.200000016408
5405.300000002133
11414.200000023993
2727.399999998615
11401.200000023946
11375.300000023852
11377.300000023859
11439.200000024084
5609.300000002875
11492.200000024277
10688.300000021352
8446.200000013196
2722.2999999986196
11433.200000024062
11386.300000023892
4980.300000000587
11435.20000002407
11411.200000023982
8494.20000001337
11400.300000023943
3750.3999999976845
11450.200000024124
11442.200000024095
4702.399999999576
11554.200000024503
4074.39999999739
11412.200000023986
9878.200000018405
2494.299999998827
11376.300000023855
3135.299999998244
5549.200000002656
7177.200000008579
5629.300000002948
8321.200000012741
7091.200000008266
10132.20000001933
7930.2000000113185
4484.299999998782
11434.200000024066
11375.300000023852
5341.3000000019
11480.200000024233
11534.20000002443
7076.200000008212
5147.300000001194
5463.300000002344
11406.200000023964
7591.300000010086
4068.3999999973953
11398.300000023935
2902.299999998456
7982.200000011508
6080.200000004588
4511.399999998881
7814.2000000108965
11424.20000002403
5346.300000001918
6859.200000007422
4495.399999998823
11404.200000023957
11383.30000002388
11449.20000002412
5627.300000002941
10643.200000021188
7258.200000008874
6984.200000007877
11443.200000024099
11452.200000024131
11472.200000024204
11383.30000002388
5883.2000000038715
3699.299999997731
11403.200000023953
11462.200000024168
11405.20000002396
2988.3999999983776
11387.200000023895
9069.300000015463
9599.30000001739
5549.300000002657
7081.20000000823
11030.200000022596
10630.300000021141
11371.300000023837
