551.7400200002328
533.162600000297
475.1688600002251
313.34257999998397
344.9753199999665
588.0773300004823
352.1432699999693
460.76683000021944
319.32201999997653
376.7175799999548
380.6946799999634
463.92888000015
410.3382900001366
438.11965000014027
529.1269000004327
515.8051500003116
523.5181400002175
356.1888799999937
410.19729999998884
460.19219000008286
451.8089600001487
361.5229499999511
371.18589999995544
524.801760000313
337.68735999997244
453.07703999999666
474.8591000003236
355.1175199999597
373.95860999995597
454.95211000002615
510.1846100003197
435.89845999995646
372.62579999998917
367.4315699999586
533.9300700002653
350.9139099999695
572.0641900004616
316.0796999999795
356.2947899999555
478.3707300000896
470.89255000024525
298.5044599999987
472.51360000022635
495.61167000017014
399.98089000012783
361.34541000012274
450.8766900002085
377.82518999996057
372.06659999998504
495.9964900002404
443.8043600001308
512.252190000205
351.18717999997006
412.0448499999277
434.0482400001788
410.7276700000219
520.1053800002471
447.58176999998153
382.67666999993884
481.41703000011444
476.6616800002347
596.6435500004974
345.6848699999748
321.0646299999889
513.3583400003046
319.26220999998463
371.4827699999561
444.7619600001095
322.0535799999758
461.5872800002323
434.4872900002489
402.95504000004536
466.2497700002275
568.076510000496
421.6485300001823
529.9173300001994
363.00268999996007
406.9515999999221
482.7196900003185
445.8447200000686
377.5932699999817
429.4514699999602
343.49904000002874
364.6642199999579
464.6823600000467
367.4012199999481
446.6137700000999
376.8270500000168
427.01017000016014
405.7782099999567
416.53664999998983
372.80312000002544
443.2167899999445
365.1509799999578
320.46131999999733
440.7863000001719
529.1257400002623
439.15047000008644
508.1939200002074
302.6888200000006
472.3554200002436
506.66848000038544
356.17331999996793
361.59545999999324
541.4463200002892
411.03150000000176
500.47917000022113
570.807310000285
487.8813200002414
371.7399199999532
368.6151599999794
496.65036000031284
495.017850000214
350.91465999996626
332.8187599999744
534.0926500001939
428.05280000021594
369.28908999998833
346.9720299999806
417.2049500000227
466.165520000224
371.8198500000271
460.5706500002327
572.2364700005037
383.5821300000009
530.9183800003557
536.7483500002004
367.24537999995414
317.53504999998637
325.2069199999783
345.98064000006923
516.0071800002711
469.8025199999558
431.2574799999959
546.9293300005113
365.6023299999582
375.9098399999512
511.06273000025476
430.4814900001609
426.7518200002178
603.5878200003809
309.4239599999785
452.34708000024796
427.5647300002544
460.8119100002305
476.96500000023116
518.1356400002485
480.7215299999952
385.5767399999424
387.26649000002317
407.0694300000963
476.75816000018057
381.4563899999588
463.1869700001457
446.0313200000354
442.0556099999796
491.6943600001996
555.4482800004811
553.5853000002857
417.81394000017076
458.85123999999456
348.7375499999625
531.5565400002778
541.7542300003072
436.4307500002396
468.73519000022776
612.8534500004816
396.8125399999806
379.68650999994816
366.4628299999474
328.53330999997786
438.892900000233
405.86139999998676
401.37128000001286
302.22735999999173
410.1046000000533
347.0449999999669
342.306079999975
365.90585999996836
370.4728199999547
430.2902600000943
473.77146000023305
457.07241000004296
352.5761999999616
441.61710000024044
344.48628999999477
578.8461900004278
460.58979000002284
333.7561199999798
437.11540000023604
378.3335699999497
464.55823999997403
356.76549999996286
362.46279999996653
369.96350999995906
345.13116999996623
391.50546999997823
558.3769200003331
427.59755000018646
544.3928700004095
420.1634999999802
305.50053999999017
431.1441500001713
420.7687499999088
421.76852999996163
424.38863000006694
458.5018700001894
372.7891099999572
363.2048799999617
439.4994699999051
472.23943000007915
544.0401600002381
455.7203100000901
491.8228700002796
339.76843999997226
365.1012000000359
356.5345899999743
327.3468999999902
478.52164000022583
350.5436099999741
434.3772400000603
477.97698000020534
460.9543800000353
429.5418000001457
412.2523599999529
398.43918999993497
330.713599999971
352.1261499999618
454.22852999992176
435.41237000006765
386.7215100002658
417.9623300000231
346.16297999997494
406.07573999997896
396.50781000007083
576.3354700002444
376.183359999972
348.3858399999662
492.28794000026346
430.82346000005253
383.6246899999796
387.5166199999492
538.6586800002021
328.2223299999757
425.3947200000228
364.4860199999589
480.0498600002991
326.61915999998183
400.3854799999267
315.6390799999757
756.644290000524
427.77702000024425
390.8266799999463
426.21229999995563
531.3819800002055
497.475070000334
443.39938000010045
440.0468000002372
443.86148000018596
335.40221999997755
386.6357400000491
577.7587300004877
464.82365000000647
338.3554599999897
393.0434400000644
344.854969999974
338.36249999997193
408.3492300000128
381.5750899999546
435.21270999996983
349.8009199999677
319.99075999998416
394.6349299999881
470.27190000009034
603.2009100004674
435.8782700000621
450.64579000014834
582.6584800004804
355.28895999996786
492.1066500000136
450.78956000000403
417.67160999992075
347.66107999995853
364.4183899999792
404.94624999994477
509.76881000012855
409.8614399999413
361.07364999995684
286.71560999999826
455.9844600002353
310.0232599999849
462.00149000022867
411.5510200000232
521.2028100001955
385.0424899999681
384.63646999994853
370.2395699999979
343.9747399999623
525.7128100002333
397.58582000007954
312.0940399999981
423.9768300000573
564.8368200004472
365.08522999996245
322.1693199999948
314.0533099999837
414.24009999993694
398.7925400000596
417.9015400000177
421.3946999999472
461.0404300000609
402.7175699999809
420.5228200001428
470.05131000023357
437.7941099999085
449.64525000023934
373.29061999994985
414.7403199999787
427.19808000017986
491.37923000022636
401.7682300001492
332.30405999998084
342.62080999996675
457.72179000024727
442.34723000024337
390.93167000000074
534.8708500002518
315.74661999999296
371.2051500000578
443.91450000023485
478.0999900002337
360.1223499999889
451.48310000008
351.3790799999694
345.80870999995517
378.2638099999621
520.1179400002019
449.7578700001392
520.2816000002756
433.9625300000412
474.6091500002286
399.0386699999866
417.2879899999882
598.2545100003503
441.08778000009966
496.6019500002748
436.14543000005165
449.1292900002447
353.31774999996605
339.8073499999664
280.7979900000035
403.71714000013674
340.64410999997017
435.3253099999472
393.7919100001491
459.6056800002534
447.46079999998597
453.630700000012
489.41817999999944
516.8874400002165
393.038519999961
328.7626899999774
443.88578000023364
403.6289400000535
403.52529999993004
372.60146999996374
369.9080899999483
387.95429999994957
486.6169000002358
458.7591000002425
456.08671000004165
345.1599300000328
539.875540000282
475.18210000015546
510.41959000022325
424.72439000016305
618.782570000505
346.2495100000167
410.59288999999865
428.2562700002479
318.5452699999843
342.5132799999728
528.8499200003098
533.9604200000973
395.88250999994096
502.43861000019075
482.785700000305
569.5271700001697
447.7841399999056
540.3083700002047
338.8946799999787
497.2055100001215
292.8407899999966
430.4078800000602
381.81070999995427
551.5727200002857
307.9429699999908
401.220640000026
457.61462000024636
448.7210900001049
509.4077600003633
563.699980000259
441.1557500000459
479.6602100001778
424.45161000006146
426.25465000010894
425.56823999992497
482.601729999938
441.5808700000718
603.8410000001554
337.73187999998294
538.2057400002184
428.7351699999461
464.48795000014337
509.0504400002737
527.9550600002334
343.94295999995927
352.54688999997364
446.0554700002446
467.0286200001949
544.8764600003367
547.5837600004542
315.9574399999853
333.64611999997237
342.4160799999772
387.0027899999381
372.39129999998977
533.0717500002822
397.2295800001032
515.9327600002892
412.7508099999874
498.3137099999913
471.55174000022663
494.010710000212
457.4392100001015
455.19118000010974
531.5440300002679
402.33124999998597
416.7954800000358
442.46807000024666
420.2701700001352
403.7554299999649
312.1585999999945
396.89602000016055
420.3000600000081
436.015799999989
378.61981999999176
412.6512899999421
396.7033799999738
312.60686999998376
501.76167000027766
385.37063999994183
456.4842400001509
320.8358999999897
410.11144000001167
376.5035999999586
295.36422999999434
513.6646500001417
384.827399999993
382.2191299999711
507.2248000004371
507.58118000032016
349.1745799999862
424.2880099999176
348.6479299999708
357.69914999996087
495.43825000022196
487.92307000031457
370.63660999995045
398.86847999993
423.14276000010324
372.6009000000288
579.456420000376
409.17946000007066
429.5830500001854
338.12853999996855
381.8704299999551
387.1472399999553
582.4606300005072
402.9879600000407
446.21197999998896
562.3847200002724
445.36121999993395
325.818719999977
509.0219800002106
305.75923999999026
367.3276599999767
461.1225099999797
377.0688799999695
376.6348399999548
374.62590999995615
369.88940999996134
445.49111000004035
404.85972000000606
522.6735200001929
295.8079600000001
370.81907000005674
334.41356999997566
548.5026200001964
406.7783299999209
458.4666100001036
446.48017000003625
325.4619100000031
368.59826999996403
426.9963399999615
380.7071699999861
478.4003600002276
396.9080000000398
379.0449700000309
417.8615499999326
387.8568999999389
494.90802000025957
371.181299999949
442.19282000024214
402.47197999993915
440.9041900000297
360.1868099999771
551.3202400002323
460.3190599999817
421.6056000001327
376.26398999995837
391.3985200000451
446.91580000022964
476.9877400001817
481.23618000020224
522.467640000215
402.486589999993
526.1289500002484
456.4618100002371
471.14305000024257
444.36328000014146
442.11866999994993
428.64410999995437
413.4657900001467
328.08311999998347
367.45361000000975
512.360120000206
341.3733499999736
365.31453999996126
460.90365000001
460.6846200000346
299.0520899999906
544.1544900003385
337.94383999997007
381.5662200000008
391.1452000000182
423.13517000004475
356.34692999998543
402.33470000011215
325.7113999999818
411.731089999966
344.40190999996827
332.55121999997885
410.31416000002866
449.3274300001174
336.61703000001427
512.3050400002227
397.57489999994476
410.33779999995727
396.63196999999013
475.2393300002431
386.94543999995125
346.1602299999761
370.35975999995395
329.09461999998115
562.1758500003186
541.7099500002561
384.6144899999394
375.3307999999669
406.9113599999829
570.8795700003349
431.6398600001572
443.3055700001168
514.2724400003075
372.47334999997037
397.15315000002045
453.50000000029473
521.6695000002254
379.3067699999704
430.6900000001398
422.6435800000329
340.8698599999561
359.0939100000191
440.3200500001798
410.22681999997616
299.5273699999916
401.3028099999555
492.32061000023447
308.1457799999924
373.0095999999599
504.18731000010155
341.3299199999757
481.4959200002247
473.7557500000679
393.92140000000677
468.984770000235
351.50366999995606
395.1028599999593
479.46778000021186
334.5266099999906
436.4680500000527
366.7885199999564
358.8035999999587
348.34423999995573
403.18376000013814
331.1728099999774
338.3339499999742
413.4687099999249
493.19697000023035
432.2552399999835
513.3740000002795
372.4635700000066
323.0420699999797
424.63227000006987
341.26362999998105
492.6863700001977
424.63380000007
384.9039899999321
527.6711600002093
431.3989800002414
496.34822000002873
427.1142600002479
369.76047999996445
445.8239800002504
456.9469500000694
495.16076000027215
591.9045800005093
501.54559000016053
426.98424999994387
387.15591000008703
389.0809999999838
401.1287200000329
314.7471799999853
441.5386200000417
470.8270600001223
410.5239600000083
367.01541999999796
439.40232000021706
607.2036400004608
482.69650000025314
344.75418999997595
369.2895499999556
549.4530100003278
476.3990900002201
546.291650000302
612.382150000501
337.8776199999765
470.48070000023347
434.33560999993364
335.6624900000336
342.0623199999723
429.7545900000171
420.79011999997454
370.4954199999629
511.1697000002173
405.6452600000503
379.63399999997733
565.1104200005184
375.77877999995144
373.60665999995695
414.73401000009363
470.40630000024584
452.57868000023075
402.98264000001006
587.3762000004942
461.2191400002316
348.7435799999689
340.1416299999751
383.0911800000212
381.29219999996536
432.83109999993
391.55212000001535
479.0855600001603
438.6678699999834
395.477709999967
494.08436000030406
349.555059999983
542.5026000004505
438.666240000164
311.1211999999986
337.6619299999673
375.9699899999669
401.8274899999739
443.8228700000827
384.1437600000531
439.554140000022
571.6164700002024
371.91022999995994
355.13169999996853
453.8388699999386
495.5882200002214
391.3751400000071
339.58963999996763
496.96161000012484
525.353120000241
409.8851000000397
444.15859000006793
417.0965799999756
549.5948500002997
441.7847299999344
535.8984100001103
403.53577000001025
418.00566000001345
487.96424000023507
494.17814000028824
354.2651999999645
422.1188500002445
341.0197899999755
406.8388600000472
395.34525000010484
533.0641900004402
515.2069100001755
384.8347699999841
382.2022699999609
508.75789000029386
375.99754999995014
478.9167000002333
448.78737000009767
450.0446200000178
498.8854700002073
384.529049999976
345.5086899999769
477.261060000226
410.8521199999504
367.08569999994876
475.08684000002205
337.60929999997506
403.54820999999487
479.8356600001706
418.1706799999299
460.01015000023494
381.48739999994416
498.50179000020415
404.3370600000102
461.01251000002003
522.0843000003155
420.9901200000212
483.1118200002213
453.2597199999696
501.64185000021484
293.1063999999995
507.0023700002315
471.1469300002272
461.93016000022004
320.2943499999865
319.7334599999891
547.2400100003237
396.79162000003197
510.96022000021435
468.01055000024627
459.74022999993724
398.208800000077
528.7978200003201
368.66211999998717
327.55651999998753
400.00706999999204
428.8776699999564
502.0027700000852
426.4128700002508
530.5421900003313
499.51059000021553
361.2912699999548
393.784140000034
322.46865999997794
528.1912100002257
429.07933999992326
519.4130000003187
566.822760000257
372.64558999995285
368.77201999995305
321.0112099999783
454.9312400002385
311.26361999999153
396.14940999995224
499.8305800002892
497.82662000026687
546.9894600002019
523.7547500002353
484.99644000022397
427.2711899999738
500.2704500002096
329.00500999997183
360.6307099999615
423.26483999996725
385.9413200000674
325.3207399999872
551.4192100003148
364.54111999994643
500.3600200002155
427.5803700000477
602.6339100004899
388.1543099999432
553.1187400002137
416.07211000002076
516.960130000231
334.9287499999833
501.07745000011806
563.5704500002686
455.71775000017203
469.5511300001458
399.20186999994985
491.4727600002134
485.3810200003381
396.8262399999448
580.7898600003257
464.88857000024285
379.35485999994484
425.5430900001201
454.1121500002505
405.0157599999335
518.5522000002445
349.08175999996405
485.9021000001709
538.0417400001597
378.6687500001239
369.6518999999646
324.0276299999806
345.72024999997683
403.05524999993287
501.0556400002431
433.15735000014206
434.97867000004015
547.1944700001956
306.20332999999306
364.1647799999635
538.613530000251
590.0276300004754
393.63699999994213
539.5175200003192
528.1308100002807
318.11483999998
594.8797200004177
599.504260000495
427.22359000024835
460.7804600002396
340.8138999999634
346.78142999997306
484.0484500001509
512.1479600001267
468.4515500002364
506.5986700000937
439.3871800002351
383.08303999995223
454.3803999999552
293.05285000000237
359.6871099999547
344.839029999969
403.8704099999329
417.91891000000055
480.3810600001075
476.0594700002304
417.764080000044
367.3642499999605
291.50877000000105
493.6003500002877
478.118490000225
338.2895799999743
420.6875200001925
402.57750999993647
342.7265999999704
441.1063800002012
325.90370999997924
409.06534999997695
398.7620700001449
494.9085300001934
518.3610000004574
541.4342000003443
370.706400000023
369.239800000017
387.4930200000264
544.5658600003799
496.21397000030055
487.0149800000118
431.3428400000404
466.90909000014886
410.4870400001242
563.026780000501
425.971009999983
379.8090199999851
454.73320000026865
422.4966800000194
404.79919000003633
431.41238000021133
414.4698900000596
352.6231499999753
372.5075499999553
407.94870000000753
369.4801999999539
567.6037900002914
358.9059199999543
450.2369800000707
378.65227999996824
353.85690999996325
465.8419200000263
364.67539000003626
486.2500600004042
482.34134000021703
341.9463099999803
470.11951000022964
336.0337299999742
434.85896999991616
383.41251999993733
416.18383000002626
300.78923999999506
467.01037999994327
358.1401899999627
349.2178000000157
522.1052500002867
410.4328999999322
520.8203800003348
414.3206399999469
402.6068700001028
399.501040000041
500.11144000025246
508.33133000023224
397.5751799999808
364.53349999996396
510.3557600002163
344.06474999997016
465.6355600002295
444.64517000024864
330.879149999977
533.4371300002563
416.04878000002265
483.80112000022496
527.5851700003207
448.0142400001137
337.35570999997117
498.1365300002386
489.7058800002194
425.86951999998024
511.81594000020124
478.65324000026567
459.36092000010626
488.3270900002633
395.43957999995416
362.1518299999644
513.2820500002
363.28846999995716
542.1685800002091
386.4332199999743
463.1459600002348
357.50397999996756
327.10901999997463
384.1386499999751
374.8042399999488
330.88990999997
461.10070000012655
375.38531000004076
412.9578899999695
387.18068999997826
497.9148600001701
489.55861000017995
440.43763999994786
500.77171000026806
449.89837000024136
457.5805399999837
510.4613100002655
613.0395800002632
497.6356800001089
409.42542000000356
387.2363800000273
511.30437000027365
359.84746999994786
403.8790899999495
506.3068000002229
371.1172399999565
504.73370000021043
447.12466000009823
320.45372999999023
463.25304000019764
455.7954600002403
396.86377999996245
404.25439000003973
395.2897899999826
474.3040100002306
437.0207600000604
494.7958600002189
326.3747299999839
526.5133200002015
412.1263600000908
518.8035300000963
471.8122200001408
526.3507300002732
566.8537900002916
517.2887700002831
464.57995000000386
404.9757499999387
557.1727700005036
489.06121000022836
349.977980000002
355.49196999996326
393.3335099999676
415.58787000016565
369.3473700000289
431.9740800000657
424.2849700000726
466.76481000020516
315.97415999999004
416.05943000025553
