13132.600000030245
12897.60000002939
12635.600000028437
5144.800000001185
3853.7999999975905
12852.600000029226
3839.6999999976033
12441.60000002773
3623.6999999977998
3417.699999997987
5000.700000000661
12856.60000002924
9478.700000016952
10182.600000019513
12608.700000028339
12674.600000028579
12973.600000029666
5066.8000000009015
5801.700000003575
7313.600000009075
8537.600000013528
6360.700000005609
4481.699999998773
12639.600000028451
5542.800000002633
7245.600000008828
12426.700000027677
3495.799999997916
9929.600000018592
7360.600000009246
12396.700000027568
5486.700000002429
12738.600000028811
9294.600000016282
9912.60000001853
4099.799999997384
12739.600000028815
8070.70000001183
5119.700000001094
8733.600000014241
12530.600000028055
3129.799999998249
12999.60000002976
12977.60000002968
9037.700000015348
12367.700000027462
11667.600000024915
9032.600000015329
5177.800000001305
12687.600000028626
10134.600000019338
12986.600000029714
7622.600000010199
4323.699999998198
11051.600000022674
6001.700000004303
12700.600000028673
5828.700000003673
4512.699999998886
7595.600000010101
12698.600000028666
12764.600000028906
3079.5999999982946
3168.6999999982136
12696.600000028659
6713.6000000068925
9791.60000001809
9083.600000015515
3748.799999997686
12544.600000028106
12533.700000028066
7262.60000000889
12538.600000028084
12501.70000002795
12612.600000028353
10479.600000020593
12877.600000029317
12960.600000029619
12484.700000027888
12998.600000029757
5629.700000002949
5673.700000003109
6113.8000000047105
12684.600000028615
8560.600000013612
8427.600000013128
9337.600000016439
12692.600000028644
10253.600000019771
5477.800000002397
11031.600000022601
12596.600000028295
5834.700000003695
5773.700000003473
5039.800000000803
12662.600000028535
12756.600000028877
8899.600000014845
12940.600000029546
8112.700000011982
12463.700000027811
12653.600000028502
4204.799999997766
5244.700000001549
12903.600000029412
12615.600000028364
12801.60000002904
13082.600000030063
12662.600000028535
3387.6999999980144
5255.700000001589
12655.60000002851
12823.60000002912
3609.7999999978124
12587.700000028262
13282.60000003079
11687.700000024988
12752.600000028862
12533.700000028066
12551.700000028131
12558.700000028157
12481.700000027877
12651.600000028495
12594.600000028287
7977.600000011491
12800.600000029037
13089.500000030088
12768.60000002892
7265.700000008901
5766.700000003448
7113.700000008348
12779.60000002896
5928.700000004037
6902.60000000758
12657.600000028517
4583.699999999144
4081.699999997383
12660.600000028528
10459.60000002052
11651.700000024857
12729.600000028779
4921.800000000374
11453.700000024137
12462.700000027808
12456.700000027786
12824.600000029124
12892.600000029372
7403.600000009403
4123.6999999974705
12724.60000002876
8424.600000013117
10359.600000020157
12873.600000029302
10978.600000022408
7618.600000010185
5713.700000003255
12209.600000026887
12589.60000002827
10662.500000021259
12512.70000002799
8169.600000012189
5035.700000000788
12669.60000002856
12924.600000029488
12525.600000028036
12418.700000027648
12860.600000029255
5811.700000003611
6484.70000000606
6061.700000004521
4145.799999997551
12657.600000028517
7670.600000010374
8089.600000011898
3326.79999999807
7532.700000009872
5486.700000002429
12642.600000028462
12603.70000002832
4167.699999997631
7787.6000000108
12736.600000028804
8305.600000012684
4552.699999999031
12447.700000027753
5120.800000001098
12221.60000002693
7708.600000010512
3692.799999997737
12500.700000027946
4341.699999998264
7044.700000008097
6676.700000006758
4777.79999999985
3537.699999997878
4556.799999999046
8251.600000012488
12824.600000029124
11142.700000023005
12647.60000002848
12807.600000029062
3615.799999997807
10720.60000002147
5048.800000000836
5924.7000000040225
8264.700000012535
13106.60000003015
4655.699999999406
5914.700000003986
8256.600000012506
7932.600000011327
12889.60000002936
9308.700000016333
12618.600000028375
6028.800000004401
12546.600000028113
4859.800000000148
3280.6999999981117
12695.600000028655
4836.800000000065
8028.6000000116765
13051.60000002995
8309.600000012699
9964.70000001872
12868.600000029284
8483.600000013332
3558.699999997859
3885.6999999975615
5439.600000002258
7319.600000009097
12285.700000027164
6642.700000006635
4879.700000000221
5930.700000004044
6339.800000005533
13105.500000030146
5177.700000001305
6158.700000004874
12628.600000028411
8109.600000011971
7679.600000010407
4224.699999997838
13008.600000029794
3934.799999997517
12912.600000029444
11429.60000002405
12420.600000027654
5535.800000002608
4723.699999999653
5251.8000000015745
14237.600000034265
12451.700000027768
12968.600000029648
5537.700000002615
12935.500000029528
12604.600000028324
9230.60000001605
12455.700000027782
10407.700000020332
5977.800000004216
12512.70000002799
12845.6000000292
7392.600000009363
12544.600000028106
7639.700000010262
9962.700000018713
4094.7999999973713
6898.700000007566
3936.699999997515
6241.700000005176
3606.799999997815
3999.7999999974577
5931.800000004048
12909.600000029433
12756.600000028877
8296.600000012651
9182.700000015875
12799.600000029033
3723.699999997709
7560.600000009974
7170.600000008555
4209.699999997783
4183.799999997689
5169.800000001276
5136.700000001156
9079.6000000155
4180.699999997678
4338.699999998253
4282.799999998049
12563.600000028175
4900.800000000298
12481.700000027877
6869.60000000746
9945.60000001865
12601.600000028313
7412.6000000094355
5829.800000003677
5179.700000001312
12831.60000002915
7821.700000010924
12447.700000027753
12846.600000029204
12808.600000029066
5024.700000000748
12476.600000027858
12463.60000002781
4767.699999999813
8577.600000013674
7135.600000008428
5366.7000000019925
8594.600000013736
6215.700000005081
8857.700000014693
12724.60000002876
4483.69999999878
12556.60000002815
7809.60000001088
6125.700000004754
10644.700000021194
12746.60000002884
9645.70000001756
4494.799999998821
6677.600000006762
12525.700000028037
12472.700000027844
6123.7000000047465
13032.60000002988
2536.6999999987884
7123.600000008384
12449.70000002776
12496.600000027931
5286.7000000017015
8739.600000014263
3465.7999999979434
3879.699999997567
4996.800000000647
13170.600000030383
10278.600000019862
12643.600000028466
7913.600000011258
12638.600000028448
12940.600000029546
5504.700000002495
13249.60000003067
9095.600000015558
12753.600000028866
8111.600000011978
12425.700000027673
4300.699999998114
4511.799999998882
4778.799999999854
9547.600000017203
4088.699999997377
5893.70000000391
9482.700000016966
12520.700000028019
9164.60000001581
7146.600000008468
7647.60000001029
12881.600000029332
5174.700000001294
3895.7999999975523
12447.600000027753
12833.600000029157
8902.600000014856
10040.600000018996
5651.700000003029
5170.80000000128
12808.600000029066
12661.600000028531
8183.60000001224
12465.700000027819
12632.600000028426
11010.600000022525
12817.600000029099
12128.600000026592
13130.600000030237
5682.8000000031425
6368.700000005638
12451.600000027767
4689.79999999953
3893.799999997554
12668.700000028557
10266.600000019818
4934.800000000421
11519.600000024377
11536.700000024439
9942.60000001864
5096.70000000101
13036.600000029895
4559.699999999057
10564.600000020902
3664.7999999977624
6907.600000007598
12796.600000029022
13039.600000029906
6773.700000007111
6612.600000006525
12607.600000028335
13087.600000030081
12588.600000028266
13158.60000003034
7687.600000010436
9299.6000000163
12800.600000029037
9151.600000015762
4812.699999999977
6201.60000000503
8558.600000013605
11119.600000022921
3342.7999999980552
12641.600000028458
13100.500000030128
9352.600000016493
12657.600000028517
12948.600000029575
4403.7999999984895
4608.799999999235
12504.70000002796
10691.700000021365
12727.600000028771
12739.600000028815
5147.800000001196
5122.700000001105
3766.7999999976696
4367.699999998358
5610.800000002881
13010.6000000298
10647.600000021204
10286.600000019891
12855.600000029237
7372.60000000929
12530.600000028055
12715.600000028728
9465.600000016904
9286.600000016253
12646.600000028477
5786.7000000035205
7306.60000000905
12442.600000027734
9639.700000017538
5654.800000003041
2605.6999999987256
9963.600000018716
6888.600000007529
6516.700000006176
5746.800000003375
13137.600000030263
5586.700000002793
7738.700000010622
12604.600000028324
4648.69999999938
10843.600000021917
3071.7999999983017
6400.700000005754
5104.80000000104
3774.7999999976623
8644.600000013917
5751.8000000033935
12751.600000028859
12389.700000027542
12478.700000027866
12522.700000028026
4602.699999999213
4844.7000000000935
4610.699999999242
12759.600000028888
12517.600000028007
12569.600000028197
4516.6999999989
9129.600000015682
6419.700000005823
13081.60000003006
8146.600000012106
11043.600000022645
4714.699999999621
12730.600000028782
5166.700000001265
12850.600000029219
7180.600000008591
6775.700000007118
13226.500000030586
5217.7000000014505
12398.600000027574
12874.600000029306
4232.799999997867
5148.8000000012
6640.700000006627
5159.80000000124
4869.700000000184
11911.600000025803
3657.699999997769
7846.600000011014
6218.700000005092
12782.600000028971
3699.7999999977305
12512.60000002799
9028.700000015315
13166.600000030368
5666.700000003084
13088.600000030085
6698.700000006838
12288.700000027175
4758.699999999781
5613.700000002891
12654.600000028506
12667.600000028553
6143.80000000482
6587.7000000064345
5176.700000001301
5784.600000003513
12540.700000028091
6223.70000000511
12408.700000027611
9677.600000017675
7419.600000009461
5060.80000000088
12954.600000029597
12997.600000029754
8606.70000001378
5914.700000003986
12589.70000002827
12442.700000027735
11703.600000025046
12652.600000028498
12939.600000029543
6059.700000004514
12778.600000028957
12633.70000002843
12725.600000028764
12826.600000029131
6039.700000004441
5761.7000000034295
10877.600000022041
6102.70000000467
5971.800000004194
13016.600000029823
4058.699999997404
4239.6999999978925
7246.600000008832
6830.600000007318
3119.799999998258
12793.600000029011
12568.700000028193
8334.60000001279
6503.700000006129
7766.600000010723
8023.700000011659
8688.700000014078
6996.600000007922
5296.700000001738
4450.7999999986605
12424.70000002767
6839.600000007351
8275.600000012575
5524.800000002568
12778.600000028957
4895.700000000279
5350.700000001934
5806.700000003593
12529.600000028051
4743.699999999726
3100.6999999982754
4161.699999997609
4635.699999999333
12929.600000029506
13016.600000029823
4746.699999999737
5131.800000001138
5818.700000003637
13118.600000030194
10252.600000019767
9688.600000017716
12648.600000028484
5041.70000000081
6442.700000005907
12331.700000027331
12643.600000028466
8199.600000012299
10037.700000018986
6762.600000007071
6519.8000000061875
12630.600000028418
8745.600000014285
5858.700000003782
3716.799999997715
5041.70000000081
12811.600000029077
4963.800000000527
4823.8000000000175
7946.600000011378
12644.60000002847
12781.600000028968
8036.600000011706
6448.800000005929
12757.60000002888
5454.800000002313
5166.700000001265
12713.60000002872
4934.800000000421
8112.600000011982
4712.699999999613
4268.799999997998
4600.799999999206
8168.700000012186
4030.6999999974296
12567.70000002819
4763.699999999799
12938.600000029539
6351.700000005576
12788.600000028993
5741.700000003357
6477.700000006034
8355.600000012866
3903.799999997545
10932.600000022241
9527.60000001713
9917.600000018549
12155.60000002669
12382.600000027516
8281.600000012597
12376.700000027495
3823.699999997618
12510.700000027982
7554.600000009952
12694.600000028651
12974.60000002967
10834.600000021885
5556.700000002684
11337.700000023715
12509.600000027978
6801.600000007213
5450.8000000022985
7899.600000011207
10545.600000020833
6731.700000006958
5549.800000002659
11551.700000024493
12776.60000002895
12551.700000028131
4385.699999998424
12628.700000028412
12863.600000029266
12593.600000028284
11893.600000025737
13066.600000030005
7463.600000009621
12714.600000028724
5375.700000002025
7833.700000010967
3332.7999999980643
8504.600000013408
5939.800000004077
3251.699999998138
12954.600000029597
7322.600000009108
5317.800000001815
12587.600000028262
10611.600000021073
12736.600000028804
8611.600000013797
12295.7000000272
12494.600000027924
6466.800000005995
12943.600000029557
12673.600000028575
3860.699999997584
10991.700000022456
6438.700000005892
5189.800000001349
10525.60000002076
5816.80000000363
8668.600000014005
6408.700000005783
5448.800000002291
12581.60000002824
3171.7999999982108
12618.700000028375
12685.600000028619
3193.699999998191
6954.70000000777
5046.800000000829
12908.60000002943
8496.600000013379
12507.700000027971
7584.600000010061
13281.500000030786
5102.700000001032
3288.7999999981043
5899.700000003932
12794.600000029015
6087.7000000046155
5132.700000001141
9190.600000015904
12776.60000002895
7429.700000009498
8193.700000012277
13004.500000029779
12919.60000002947
5282.700000001687
9743.600000017916
6299.700000005387
6960.600000007791
12732.60000002879
12551.600000028131
3504.799999997908
12230.700000026964
6125.700000004754
6989.600000007897
8495.600000013375
12531.700000028059
8876.600000014761
5638.800000002982
4950.700000000479
13039.600000029906
8334.60000001279
12909.600000029433
9280.600000016231
12965.600000029637
12885.600000029346
5440.700000002262
3510.7999999979024
12678.600000028593
5273.700000001654
4470.799999998733
7654.600000010316
4801.699999999937
6187.700000004979
11675.600000024944
4734.599999999693
12566.600000028186
4658.799999999417
12919.60000002947
6506.70000000614
7491.600000009723
12626.700000028404
7002.600000007944
12602.600000028317
5948.70000000411
12932.600000029517
12301.700000027222
12893.600000029375
12724.60000002876
12625.6000000284
4036.799999997424
7258.700000008876
12801.60000002904
6847.60000000738
12724.60000002876
12126.600000026585
9535.600000017159
7845.700000011011
12975.600000029674
5637.800000002979
12138.600000026629
5295.700000001734
5822.700000003651
7806.600000010869
12330.700000027327
11058.6000000227
12801.60000002904
4053.7999999974086
12751.600000028859
4409.799999998511
12958.600000029612
4219.69999999782
12542.700000028099
13344.500000031016
6057.700000004506
4440.799999998624
3876.6999999975696
12595.600000028291
12395.600000027564
4857.700000000141
12656.600000028513
12666.60000002855
13128.50000003023
12736.600000028804
12587.600000028262
13121.500000030204
12942.600000029553
4054.7999999974077
7358.600000009239
5888.600000003891
7490.600000009719
11509.70000002434
12846.600000029204
4265.699999997987
12919.60000002947
12771.600000028931
12831.60000002915
4412.699999998522
13283.500000030794
6883.600000007511
12960.600000029619
7235.700000008792
7877.600000011127
13054.600000029961
11166.600000023092
10658.600000021244
12970.600000029655
12670.600000028564
11259.700000023431
3803.699999997636
13121.600000030205
12676.600000028586
5965.700000004172
12655.60000002851
12571.600000028204
4572.699999999104
12508.600000027975
12547.700000028117
11824.600000025486
9374.600000016573
8889.70000001481
12628.600000028411
3959.699999997494
9771.700000018018
4785.699999999879
12705.600000028691
9804.600000018138
6667.600000006725
13072.600000030026
3774.7999999976623
4238.699999997889
13006.600000029786
12784.600000028979
3683.699999997745
12788.600000028993
12837.600000029171
4059.699999997403
13051.60000002995
12788.600000028993
12393.700000027557
12569.600000028197
5051.700000000847
5970.70000000419
8530.600000013503
11078.500000022772
12644.60000002847
9282.600000016238
12471.70000002784
3886.6999999975606
5949.7000000041135
2594.6999999987356
5335.70000000188
3659.799999997767
7746.600000010651
6796.700000007195
9471.600000016926
12713.60000002872
12924.600000029488
4074.6999999973896
12236.700000026985
12659.600000028524
12632.600000028426
6639.600000006623
11057.700000022696
3976.6999999974787
5041.70000000081
11411.600000023984
3135.6999999982436
6144.700000004823
9543.600000017188
9686.600000017708
12553.700000028139
12806.600000029059
6424.7000000058415
6225.800000005118
12647.60000002848
12154.600000026687
12632.600000028426
7179.600000008588
7479.600000009679
12847.600000029208
9342.600000016457
12695.600000028655
6195.700000005008
8708.60000001415
12416.70000002764
8141.600000012088
7290.600000008992
11635.700000024799
7775.700000010756
4964.70000000053
4003.699999997454
5903.8000000039465
9266.60000001618
12852.600000029226
5685.700000003153
10112.600000019258
5817.700000003633
3796.7999999976423
13363.600000031085
6425.700000005845
12445.700000027746
12708.600000028702
5201.700000001392
12658.60000002852
9968.700000018734
7747.500000010654
6451.70000000594
6778.600000007129
6137.800000004798
6062.700000004525
7192.600000008635
9987.600000018803
12903.600000029412
4865.70000000017
12701.600000028677
12874.600000029306
8408.70000001306
7815.600000010902
12829.600000029142
12759.600000028888
10727.600000021495
6732.700000006962
12938.600000029539
3858.699999997586
12649.600000028488
12590.700000028273
12507.700000027971
12917.600000029463
7017.6000000079985
12850.600000029219
12050.600000026308
9758.60000001797
4022.699999997437
12716.600000028731
12666.60000002855
6363.70000000562
13046.600000029932
12642.600000028462
9748.600000017934
12566.700000028186
5058.700000000872
12767.600000028917
12745.600000028837
5924.800000004023
13106.60000003015
5116.800000001083
12535.600000028073
11116.60000002291
3741.6999999976924
12714.600000028724
4463.699999998707
6755.600000007045
8445.600000013193
6729.700000006951
9705.500000017777
8570.600000013648
11557.600000024515
9286.600000016253
6065.7000000045355
12721.60000002875
12569.700000028197
6893.700000007548
12823.60000002912
13186.600000030441
8807.60000001451
6384.700000005696
6528.6000000062195
12730.600000028782
8853.700000014678
5374.800000002022
12651.600000028495
4132.699999997503
9380.600000016595
7380.600000009319
5712.700000003251
9104.600000015591
12635.600000028437
6728.700000006947
8107.600000011964
5771.800000003466
12823.60000002912
12755.700000028874
12832.600000029153
6736.600000006976
12079.600000026414
8461.600000013252
8609.60000001379
12741.600000028822
12895.600000029382
13212.600000030536
12727.600000028771
7381.500000009322
5048.700000000836
12567.60000002819
12707.600000028699
12537.60000002808
4107.799999997413
12713.60000002872
10164.700000019448
10813.700000021809
6849.600000007387
8572.600000013656
12250.600000027036
11719.700000025105
12433.600000027702
