7119.150000008881
8450.100000015154
5767.700000005559
3380.9749999992127
2512.94999999881
9768.375000018004
2926.4749999984338
5534.100000006192
2970.399999998394
3135.6499999982434
3285.6749999991353
10267.12500001982
4347.700000003261
5079.950000003395
8508.175000015386
8320.350000014356
7985.375000012478
2763.6749999996855
3942.199999999449
5499.450000003607
4428.400000002117
3837.6750000003285
3226.3999999985995
7898.150000013459
3615.499999999452
4859.150000001306
6691.4500000089465
2993.749999998373
4787.125000003373
5817.925000003634
7652.725000010309
4274.199999999579
7294.600000010674
5552.650000004265
7475.400000009664
3165.224999998221
11062.350000022714
4399.000000001613
3785.1749999988165
5739.650000004038
5033.900000006106
2493.4499999988275
8386.625000015136
9311.350000016344
4194.700000002898
6375.450000010023
5062.100000005099
4714.15000000242
3311.4999999993133
5855.375000006447
4768.150000003624
5666.350000006049
4643.9000000025535
3943.9249999979593
5018.400000004439
4788.700000000645
7233.725000008785
3751.4249999996537
3300.474999998567
5672.150000004658
6634.850000008973
10205.62500002102
2796.5749999985524
2657.199999998679
6683.850000011376
4168.925000000985
4769.375000003232
4743.37500000344
2893.0249999984644
5615.450000005665
5179.950000005977
3795.8750000012433
6436.225000006481
10145.725000019378
9715.92500001912
5054.600000003756
6068.150000006639
5933.125000006864
7312.200000011374
10579.875000020958
3807.974999999376
4291.150000000234
4174.475000001696
5912.425000006627
5253.175000002917
4813.225000001642
4776.650000003396
6915.35000000978
4654.675000003862
4398.2749999996695
6490.375000007702
7454.3750000135815
4321.924999999299
4257.949999999259
2890.924999999539
7344.875000011683
5544.150000006168
5680.950000004457
6194.150000006708
3732.725000002267
5804.225000006785
5588.675000006173
3256.499999998257
3058.17499999962
7420.875000009805
6572.150000007779
6219.150000007667
8205.850000014103
11004.150000022502
2896.6249999984607
3480.199999999249
6138.850000008533
6366.425000008214
2881.199999998475
5499.750000006216
6430.150000007445
5073.475000005112
5932.3750000073505
5702.225000006454
8468.725000013277
6235.200000008956
5541.450000006353
5976.6500000067335
5846.400000006286
4891.1500000035885
6958.450000009653
6597.125000007283
6002.650000006643
3825.9750000012195
3412.899999999891
3732.7250000011313
6147.150000008
4535.925000000635
4813.225000000244
4854.075000006414
3231.8999999987104
3399.6749999980034
6231.375000007032
4679.6250000040745
5013.975000005125
8207.600000012328
3373.0249999989665
7048.450000010401
4835.200000006209
6573.200000009634
7782.300000013799
7454.900000010657
5002.650000001955
3498.424999997945
6460.175000008016
4950.850000003799
5144.4250000044085
7739.375000013122
5951.425000005313
4854.375000001617
4417.4250000001975
5065.075000005713
7794.900000013251
6854.800000008765
7801.500000011265
6381.375000006675
3685.6749999988115
7136.875000009022
7301.125000009389
5237.4250000059155
8042.975000013286
8090.100000013755
3971.6749999994336
4429.675000000267
3913.9250000007683
3213.499999998229
8136.375000014339
5985.150000004243
4964.875000003776
2748.2249999985956
4104.750000001439
3457.3999999995317
6930.375000010401
6430.500000006381
3107.87499999835
4046.625000001716
6098.6500000068145
4497.375000001791
3223.399999998683
5191.475000005868
2963.4499999995655
9383.350000017741
4483.900000001394
2488.949999998832
5934.700000007781
3351.9499999983263
4613.42500000124
4010.875000001062
3459.749999998724
2960.6249999984025
3704.0499999982503
5459.300000005427
8530.350000013877
6152.500000006027
7039.625000011978
6358.400000008227
2595.449999998735
5613.375000006474
4407.274999999284
3740.650000000231
4087.475000002117
8604.125000014543
3596.1499999984608
3511.599999999969
5114.375000003342
5903.150000004637
6081.150000007143
4854.475000003045
8428.90000001495
3554.200000000169
8502.150000015117
3162.0249999990883
2611.124999998721
6453.900000007792
2973.1999999992336
4248.350000002869
5631.175000006155
4759.900000001934
5294.475000004371
6473.400000007465
4877.650000001648
2949.8999999984126
2674.8999999986627
4712.124999999916
4721.425000002444
4874.475000005973
3624.5750000006938
3233.5999999990454
4095.9250000001375
4231.525000002002
6905.3500000077665
3109.1749999994972
3968.225000000092
5105.850000006152
4601.425000001904
6152.900000004853
3056.8999999984617
6349.100000007838
2807.6749999985423
6992.875000009053
5797.450000004892
6963.425000008796
3650.4999999996253
3810.1999999983436
4311.549999999053
11200.075000023215
5351.775000005727
6204.650000006431
4122.9749999989845
6797.300000008873
8968.950000015937
4674.450000003213
6152.225000007266
5874.725000005847
3526.2250000000276
8502.975000014096
8929.350000015771
4906.625000001795
5571.850000008422
4092.700000001402
5007.000000003211
2810.1749999985395
4812.750000000944
3132.3749999982465
4326.000000000847
2878.224999998478
2972.9749999983915
3814.2499999997135
8294.125000012642
7111.125000008934
4967.950000002411
5870.500000005309
9144.650000017227
2844.1999999985087
5639.90000000331
4762.650000000368
3855.9249999977833
3100.2499999983756
3659.9999999989873
3987.6749999990825
5806.400000004802
3418.3999999980824
3018.449999998626
2978.7749999985986
5034.875000006143
2885.6999999993855
6411.200000007955
4669.175000000448
7152.375000008488
7252.9000000091155
4629.3500000017875
3437.4749999999403
3602.474999999051
6864.900000007443
5036.775000003232
5040.700000006005
7037.4000000091455
6028.875000007312
3853.724999998646
4722.650000006328
5592.675000006653
3855.1999999983527
4814.475000001911
3929.3750000009773
4037.3999999993143
5416.175000002253
4120.199999999758
6199.750000006027
5542.150000005864
3886.649999998319
5828.925000006329
4835.925000001236
4770.700000000325
4707.725000004259
5731.900000005782
4166.200000003615
3198.999999998663
3951.650000000636
5612.7250000064505
5301.975000005797
3734.700000000004
9058.900000015425
2410.699999998903
4560.125000003026
5536.675000007318
6546.000000006608
3226.4249999995145
5327.1250000038945
2894.2499999984634
3274.924999998117
3877.5249999987673
6757.400000008154
5234.975000003363
6851.175000009954
4478.625000002485
5630.900000005686
6951.650000008371
3896.975000000588
10131.350000019327
4928.875000004602
7164.425000008532
4684.900000001399
5755.475000006129
3008.9249999985914
3822.274999998092
2752.974999999368
4029.125000003629
3256.9249999981334
4169.674999999494
4360.225000003254
6422.725000007994
6678.875000006767
5458.925000002328
4910.400000002104
6180.8750000065775
3602.649999999045
2642.1999999986924
5381.200000005696
6061.8500000073955
5415.4000000028755
4766.350000003518
3949.6749999998033
3540.4749999990972
5288.85000000619
5186.825000006116
5390.150000003168
4958.9250000061
6571.600000008378
6407.90000000617
6045.900000005579
7836.100000014125
6735.6250000095915
2826.9250000003285
5182.275000001605
5223.225000005844
3718.9999999986085
2668.674999998668
6906.225000009703
7027.625000008768
4211.274999998805
5934.650000005984
7307.7250000100785
7341.875000009326
4492.4249999991425
6196.150000008085
2928.8999999989587
5485.900000004111
2615.224999998717
4465.700000002243
5919.400000005604
7887.875000014106
3260.700000001174
4992.175000001365
5245.875000006001
8022.900000011656
8342.900000014199
8971.625000016333
4632.1500000009655
5408.0750000057615
9565.87500001727
3998.625000003206
3919.424999998836
4874.900000000214
4888.675000002481
7208.650000009824
2490.44999999883
6916.900000007632
7060.575000008751
6091.425000004663
6030.8500000075055
5985.600000007035
2563.249999999114
3165.7249999987994
5275.425000005857
6185.775000005738
8502.925000013667
7105.350000012246
3289.4749999992996
3557.699999999027
2575.1749999987533
3605.9999999981246
4211.299999999493
6121.875000008637
6181.575000008101
6475.425000008069
6729.825000008688
4202.100000001801
4952.85000000618
5992.875000005917
4873.900000003183
5717.175000005018
7159.1500000085125
3540.6499999997973
3946.400000001156
5549.900000007605
4679.725000003142
4259.275000000432
2260.9249999990393
4831.625000004214
3681.4000000009223
4350.9000000002015
3489.4500000001403
8165.125000012882
3563.1999999995496
3916.200000001675
5416.200000005842
3354.1749999986732
7016.900000008911
2259.1999999990408
3967.1750000002185
3839.999999999492
3051.77499999832
6262.625000005365
4480.50000000077
6193.950000006709
6643.900000011501
6269.175000008801
6633.775000007163
3499.3749999988486
2968.149999999247
3063.4249999988942
5755.400000005739
6110.650000008156
5878.675000005599
3866.449999998103
5644.225000003488
3499.200000000555
8534.60000001376
5079.700000003644
4663.375000004752
3311.1749999988174
8221.425000014155
3789.4249999994786
8039.625000013605
3736.400000001204
4804.700000001321
6872.275000010726
3871.4249999988497
4961.400000006022
5962.650000005726
3044.9499999984814
3473.4999999991333
3958.9000000009146
4003.2499999996044
3645.4249999986596
5342.62500000603
2921.149999998439
4470.125000001293
4386.925000001236
6192.375000007304
2548.424999998778
5631.650000005697
4299.925000002792
5868.62500000607
4811.925000000163
8921.60000001694
5550.725000003454
4951.450000005906
3288.9499999988575
4237.400000000049
5070.375000006214
5957.925000006524
4569.0000000012205
3338.9000000008914
3874.4249999988
4079.124999999417
6420.000000006923
4287.199999999963
6194.025000006988
4930.100000002957
4741.950000001434
3144.7499999993324
7253.900000008858
8114.350000013993
4067.6750000025236
3374.8250000000935
7920.95000001169
5502.925000006826
5218.375000005711
7321.950000009725
5744.100000006787
3571.9500000000794
8035.650000013461
4992.47500000626
5383.17500000601
7895.350000012781
4841.450000000247
4288.650000000507
7296.650000009384
4007.9249999997664
3594.7249999999585
5895.375000005875
3093.199999998282
3171.924999998374
4540.400000000547
5181.375000003589
2728.499999998614
8632.450000014021
5254.925000005985
5020.9000000034885
3496.7000000006524
4329.175000001541
5386.475000004555
4188.725000002507
4231.6250000022665
4465.499999999538
3009.724999998761
5629.175000007317
4630.725000001366
6905.150000007589
3091.4749999999085
5683.150000006631
3906.8999999987363
3387.8749999994407
4493.20000000007
7345.875000011999
3197.3999999989237
2837.8999999985144
2809.1749999986155
3825.2249999982455
5993.125000006407
8647.87500001393
3740.724999998918
3198.449999999364
3745.150000000142
8898.850000016899
5266.175000003487
4556.675000003309
7363.400000010778
3588.6749999989065
4000.400000000727
5363.22500000558
8180.400000012229
4667.125000002924
5498.775000003463
4324.625000002898
4083.2000000013977
5170.4250000060965
5581.65000000609
3946.650000000209
2796.474999998552
3458.874999999025
8886.375000016404
3159.999999999208
4004.2499999991774
6473.100000007294
5291.175000006002
5826.90000000567
5204.875000003455
4433.500000000613
5317.400000006106
4278.024999999847
3455.6499999995785
5757.675000005672
3466.4749999992496
5013.9250000015945
3574.8999999985454
3089.1999999984823
3376.2499999985985
4362.725000003881
2928.8999999984317
5563.225000005976
3687.124999998794
6274.175000006831
3939.400000000077
6587.875000008195
3415.44999999986
3572.7000000005537
5441.450000002858
2706.2249999986343
5899.425000006338
4897.650000003302
5289.1750000031025
7142.175000008452
5210.700000005778
5242.650000003659
7652.22500001292
3193.6499999981907
7648.225000013179
5606.425000003021
7776.200000010758
6058.325000007917
6757.925000008785
4256.449999999784
7410.675000011527
5589.400000005577
3814.6250000007017
3328.1999999997324
4555.325000001971
6015.675000004718
3980.7250000004715
4017.7500000006708
5486.225000005427
9156.35000001578
7762.45000001319
3472.899999998266
6206.500000006602
9705.600000017777
5655.700000005612
6017.625000008076
11043.375000022645
3958.9000000013234
5752.575000006778
4177.699999998751
4880.975000003273
2811.2499999985384
5111.100000004926
4637.275000000522
2813.124999998537
6223.625000006552
3482.850000001596
3435.7249999996925
7860.100000013223
4853.125000004089
6922.600000010373
4168.325000002438
6938.225000009426
5802.17500000748
3682.750000000441
8989.475000015173
5398.125000005938
3055.624999998316
5279.725000004233
4358.725000001639
3351.6999999992904
5828.9000000046635
4694.000000001866
5358.125000005098
4451.675000000343
3893.774999999569
5586.925000005782
2561.9499999987656
7552.700000013562
5064.1250000062555
2478.399999998841
4600.750000002252
3352.999999999127
6320.650000006388
4828.450000001848
6607.725000008334
4957.675000001349
6195.100000006842
4004.224999998808
2788.2249999985593
4538.700000000029
5590.350000006017
3801.1749999999024
3965.7249999997716
6482.925000006053
8481.650000013324
4651.7250000016265
4938.72500000271
8499.82500001543
6943.125000007902
4331.175000000023
6691.600000007188
3748.4500000001913
4172.425000000794
6469.900000008174
8292.375000014843
3202.049999998183
6877.77500001013
3834.399999999916
3647.1250000010677
4413.900000002082
7235.700000011528
5542.075000005778
4155.249999999847
3090.649999999256
10919.600000022194
4576.850000001766
7835.900000013811
4894.850000003984
7020.375000008891
8359.925000013376
3430.9249999995036
2900.4999999984575
5852.125000007709
3965.9249999991757
3570.4999999982742
5251.62500000221
3482.3999999993202
4022.1249999998445
5665.425000005055
3562.0749999985815
5275.925000005927
3766.5249999986777
6103.175000007091
4179.450000000941
5035.625000002425
7017.200000009828
4057.3500000010376
6390.425000005784
4344.1750000011925
5487.150000006153
4614.975000006227
8649.900000014606
7815.625000013569
5838.925000006027
2960.7249999984024
5131.70000000363
7327.375000009839
3926.625000000652
6095.625000006287
7419.650000012361
6089.625000006069
3792.4250000019088
9070.375000016895
3751.024999999436
4650.350000006009
4059.5000000000878
4154.199999999633
5944.3750000044365
5551.4500000069565
6822.9250000090615
5492.100000005998
3000.949999998366
6973.600000009476
2973.199999998748
6644.900000007668
3867.199999997719
6077.500000005957
7061.850000008901
4227.375000000289
3619.0249999981957
2791.6499999985567
5839.900000006095
5060.425000005928
3742.149999998558
6515.400000008248
6026.050000009048
5829.825000006125
6819.175000008112
7163.400000009593
6114.300000007861
7277.90000001105
3294.2749999980992
4087.6250000011355
3658.074999999806
3836.900000001465
5243.000000004755
6976.850000009785
3321.1499999982675
7675.875000011927
6746.350000008935
8740.850000016413
3402.374999998361
8584.8750000137
4562.12500000182
6914.625000009404
4343.725000001514
5423.125000004093
8470.350000013284
5546.175000004376
5532.150000003538
5741.600000005963
6105.200000006196
6320.200000008649
3124.6749999982535
9213.350000015987
5245.42500000608
4023.925000000243
8382.875000013257
5093.900000006099
3607.499999998356
6362.725000008426
5811.750000005918
5755.650000004647
7246.8500000088325
4038.2250000028725
6279.675000006695
3089.9749999982855
4878.200000003952
3933.1749999989497
6958.625000010669
4161.125000003801
4783.925000002122
6686.650000007205
2929.7499999984307
3242.374999998309
7005.400000007954
9465.625000016904
2988.3999999983776
8650.35000001394
7338.675000009167
2984.199999998381
7994.625000012007
10725.400000021487
4779.425000006182
5199.125000006
4197.1999999988075
4338.475000000286
5549.875000004564
6228.400000005371
6438.90000001011
4909.600000004406
5382.725000005722
2908.3999999984503
4640.94999999943
2228.6749999990684
4383.924999999399
2674.724999998663
4324.350000001608
5390.525000002079
5605.425000004339
5424.15000000596
7497.100000011856
2988.899999998377
6048.700000009217
6701.425000008728
5110.650000006152
3655.625000000662
5926.02500000562
3259.3999999981315
3880.674999999351
5386.200000005638
2705.424999998635
3886.1749999999884
4259.175000003415
6405.825000007895
7539.500000011572
9199.850000017053
3908.0000000001883
4529.5500000005
5581.650000005741
8906.150000015543
5367.900000006458
5673.67500000311
4998.900000002392
8350.375000012846
4576.425000002898
10371.4250000207
4149.150000000882
5992.425000004674
5223.675000006305
4265.575000001815
4712.175000002907
4873.175000005234
4160.200000002355
3566.424999998839
3270.174999998121
4450.500000001773
5531.650000004429
8471.350000013954
3641.399999999591
7404.600000009406
4436.900000000288
2989.749999998376
7177.100000009845
3474.9500000005837
7373.000000009943
5840.4000000075175
3685.4249999990006
6315.875000008544
4770.950000003432
5190.825000001844
4629.45000000046
3667.5750000008093
3194.675000000511
4674.675000001605
4470.42500000055
5729.900000005857
8456.625000015187
3882.3999999989474
6689.900000009677
7678.650000010403
4195.950000002182
4806.225000001097
8436.875000015069
6402.900000007219
5636.1250000055425
4277.700000000203
6725.37500000886
3050.449999998321
5793.700000006207
5530.925000006675
5194.200000005934
8313.375000013013
3786.4000000009733
5209.10000000631
6830.925000008956
5162.150000003715
3057.924999998314
6373.850000009797
6284.200000007628
4473.650000000921
6024.125000007172
6185.400000007383
5583.6500000035685
6690.000000008385
3669.2249999988526
7109.6250000107675
7956.125000014071
4343.750000001027
6357.150000006906
3712.274999999893
6290.425000007529
4857.375000004659
3022.4499999983464
6102.200000006933
3181.64999999862
4175.90000000052
5136.15000000438
4473.500000001697
4955.050000004825
6704.65000000686
5480.82500000525
6098.150000005249
4437.425000001199
7366.325000012397
5147.9250000060465
5380.9250000028405
6407.425000007374
9194.87500001592
6726.900000007978
4340.44999999975
3658.475000000534
6583.425000007571
4627.7000000024855
4311.024999998934
6030.950000007243
3078.174999998337
6708.60000000921
3845.400000001332
3816.9250000002958
6015.900000005241
5466.425000005833
4802.925000001433
5070.400000002274
4501.000000000724
5895.900000006142
8282.250000012598
6951.550000011191
4038.2500000004247
6909.900000007655
3953.8750000024625
6182.900000004962
7634.375000011947
6835.675000008441
7525.125000010792
7739.200000010624
4327.600000001438
3551.424999999173
5680.1500000058095
6347.1250000086075
6108.6500000066935
3004.949999998376
6114.400000007206
5138.500000005065
4578.425000004569
4584.450000002345
6849.650000007438
6702.150000006851
5806.95000000737
5874.875000008504
