592.4274100002357
574.0251900003058
513.8263700002179
335.227909999986
377.75412999995774
468.17858000007067
390.11457999995457
498.64254000021543
352.23472999996613
384.3263399999531
372.5224499999629
636.2941300004261
447.1085000001346
476.34106000013577
430.8800400001076
553.4644600003127
568.593060000205
393.05280999998985
455.8621799999756
428.96335000000107
378.49411999995027
455.7305999999888
364.87176999996865
564.6125700003139
427.86799999997316
495.2362399999922
371.8814599999883
387.84572999995123
510.04669000010705
495.57420000002486
421.9263700001141
423.6076599999274
549.9715400002384
492.613020000093
443.0474199999528
385.9327199999591
612.2643800004616
425.43476000008224
439.3166999999402
519.9011300000966
504.31946000024897
359.4943099999758
436.86242999995244
687.3324300005603
436.329700000126
352.92751999996216
490.65608000019995
501.81777000007975
357.1107799999802
536.0053800002385
385.31221999995205
553.4201800002012
463.6305400000411
452.5773299999078
365.15068999996447
374.26714999995284
565.2408900002954
490.5868599999795
419.98617999993223
448.30147000004234
392.5739199999556
526.8764100002356
380.04874999995997
383.30267999996335
553.2318500003022
415.2915900000337
405.9190399999404
389.00021999995494
388.95560999994615
498.85199000022834
470.71280000024746
445.0362400000356
501.68608000023
462.0101800001558
578.9697900004478
450.4760599999263
524.1246500002206
570.4803200001935
514.5377000003314
609.801870000352
359.7916499999645
476.7330799999443
347.528769999984
525.093300000217
502.5772700000444
396.82875999994064
487.57398000009243
537.8788700002806
464.7254800001566
451.5323099999455
453.0855199999619
529.0034800002854
486.89137999993693
462.10530999996035
403.08078999998395
468.75372000012874
567.9138500002664
476.2673800000825
546.1576200002041
412.1412600001033
506.50053000024906
396.4912500000278
393.8540299999564
397.4963699999917
444.3037499999685
569.7425600002732
540.636260000219
616.4181300003091
524.7294400002459
411.379909999935
352.3639399999733
418.7812099999842
534.0581600002121
351.6619399999743
491.0036400002315
576.5580500001983
344.7854699999809
528.4518500002545
362.52506999997115
570.8803000003268
501.38263000023466
531.0280100002892
496.60504000022775
416.0524199999524
403.81856999994505
401.6532499999405
583.244140000193
527.4349300002109
420.66801000005535
412.60984999999346
332.99495999998925
417.2645499999468
512.8319099999521
468.6948899999905
368.89687999996784
403.6178099999527
417.2807099999331
419.28797999993964
467.6823800001581
462.411930000216
645.041110000401
330.0438899999803
491.1265900002488
463.49614000025554
498.4437200002309
637.8877600004937
560.7572500002508
441.9330799999105
377.1020299999571
552.911450000285
365.5167899999688
403.125949999952
544.7658500002186
500.98096000014704
487.98962000002706
421.72568999993314
533.2247500001927
592.8280700004811
442.75561999991123
386.3659699999526
581.0942800000969
431.96028999993973
570.0827500002889
452.1014699999633
348.40011999997296
503.8574100002306
483.07438000005095
433.62534999997763
480.55262999997956
464.79275999996383
362.1706199999689
400.938629999962
518.7041500000755
512.881000000106
329.8359899999876
371.14223999996597
434.4670499999643
499.9369400002333
406.47745999995465
365.851899999967
375.55432999995617
512.6902500002285
499.93803000003265
385.01130999995047
474.8091800002387
379.4093999999952
618.5865800004394
501.2708700000167
334.9890999999906
471.91883000024166
415.8212799999356
506.9456299999661
475.0483400000044
395.93870999996585
406.7722099999421
426.99161999993265
509.76982000007297
613.0488200003688
466.86825000018194
583.7542800004128
578.1172600002528
329.3786699999895
468.5809600001664
407.90270999991895
462.0278299999587
459.8789300000727
447.30895999998825
453.642749999918
459.2752199999692
566.6452099999967
511.8310300000827
461.6698499999428
402.2933599999399
545.4577500002756
433.8992899999942
523.3811800002956
392.44231999997277
391.9517299999606
517.7105200002189
385.8031199999725
479.14781000004956
391.16524999993584
504.28827000003395
465.87841000014276
576.7549100002167
523.2010400000262
366.5019099999578
385.52093999995054
497.84581999991497
383.4360399999551
324.17381999999407
458.2590100000149
381.73736999996044
443.4586499999765
339.6670699999837
495.03370999995406
413.7332699999677
441.2660899999906
378.4102899999583
467.8009700000491
511.150420000062
385.22722999995835
581.1176100001993
397.34887999994385
591.6851700002859
510.5574000001764
505.26777000028756
412.5595099999875
440.97626999992394
394.7141299999778
658.2076800001881
462.1437300002445
422.7448799999313
408.8943599999268
574.1462700001942
536.1647800003349
388.84293999995657
475.25391000023575
481.5035900001865
367.6426499999684
540.8767200003109
435.57678000001107
511.07922999999295
513.188400000239
439.13787000005357
367.2407899999554
374.3788099999608
443.77754000001204
422.36820999993523
474.703309999965
378.9034399999629
351.36558999997754
432.6231399999867
636.381220000381
655.3505200005252
474.6511800000628
481.83690000013513
625.5150700004863
392.39566999995367
533.4200500000185
492.53543999999687
459.58593999989915
345.52845999997066
399.02769999997724
440.9848599999397
457.7299499999079
453.7501599999173
396.74925999994383
358.204159999966
363.73892999996866
320.7863899999935
499.346280000225
449.0938200000182
559.7384000002044
544.2281500002301
498.52422000000627
406.4493799999975
367.3692599999611
437.4765499999369
435.21323000007806
467.8028200002528
432.3029399999187
604.6135200004449
449.3676999999441
476.07408000025055
470.40319000023806
410.30226999994176
403.36144999993803
390.7319199999438
405.8557599999359
501.0763300000529
381.86994999994016
369.2168900000085
506.45081000023305
481.6462999998866
489.11366000023224
492.3375600000243
391.574189999942
461.0915900001787
408.7914199999442
439.5661400001503
351.95846999998435
372.31292999995947
493.69090000025267
477.80274000024025
376.44703999995346
577.1548700002571
325.5149899999957
404.0539600000596
478.5450100002335
507.5461000002142
396.47525999998646
485.37080000007785
387.6427899999573
379.79981999994095
413.0180399999634
562.5195400002128
386.2111399999528
434.20604999999523
471.7547300000395
512.478460000222
560.3516900002535
391.24006999995044
641.3902900003634
478.0264700000999
416.4307799999621
473.4636300000477
486.9562000002406
388.93565999995366
381.5096799999495
357.046239999988
347.8187099999793
376.8969299999563
483.5963199999444
427.7823200001484
495.4737900002581
577.8672300001134
491.5606000000114
535.0687699999914
566.8638200002113
382.16867999995725
363.5691999999669
479.27889000023447
423.66802999997907
530.680150000039
505.5202200001227
462.4830399999451
422.2759099999507
532.3601100002242
498.60229000023605
495.2778000000416
353.91494999996814
436.7889999999833
514.4542900001485
553.0768800002162
426.9481000000383
494.86274000009075
382.82924000001333
452.0546899999967
462.50218000024535
396.31301999995935
377.28678999996185
428.06898999996133
576.1054100000952
384.99190999994994
547.365930000185
532.2841300003129
614.1391600001772
479.08063999990424
459.33915999993025
372.96927999996524
543.9879000001167
358.3456399999699
377.0732499999609
544.6238600002118
585.4868100002965
405.21383000004323
436.9097500000306
495.6956300002431
443.9622499999249
547.0543700003631
607.4124700002629
397.7718099999395
518.3535100001767
585.8782500003502
464.5246400001052
466.80433999991976
470.569279999889
481.62756000006544
649.4199200001754
375.71370999996975
441.8983899999452
593.9455200002159
399.7981199999376
423.0687699999764
585.8775600002348
327.07093999998534
387.83119999997115
483.3619000002402
394.3510899999677
592.722670000346
411.6837099999739
338.9434499999856
421.6919599999575
343.92555999998643
424.3028999999231
406.51190999999
572.6374400002867
389.0276499999512
436.18763000002735
587.1668500002427
538.755809999983
509.012340000222
534.3432000002128
395.3643599999509
415.8260399999624
569.9055300002701
383.1481299999594
385.6613499999568
483.3766800002398
353.76305999997976
438.78991999996856
347.0795299999842
380.0602299999717
388.1125199999488
476.69812999998
411.63142999999286
587.2407300002135
431.60486999997113
420.2219300000697
394.48332999995034
424.6621399999375
449.26106999998984
323.5160799999975
450.2069500000034
419.5638999999535
359.0529799999695
451.68641000002407
433.39680999997813
409.11524999993543
382.1828600000315
546.3843100003191
512.9533500002414
470.9379999998957
376.3033499999651
394.55535999995664
413.55420999994016
525.0873800003174
401.53634999994165
441.73107999991413
459.46637000010384
335.8017599999881
473.1490499999909
445.41667000006896
465.5196600001828
371.4259599999598
547.9206900002144
379.59726999995087
458.1268900000812
442.3572600000359
483.73636999998894
604.7575400002684
485.5462099999281
346.63573999997936
554.4622700001984
379.1754099999564
401.92726999997774
502.55339999997113
415.9474099999675
365.34483999996576
528.7092500001921
380.73836999995865
486.16490000003284
442.740619999999
563.8499100001862
363.1277099999718
382.1917599999579
455.06695000010825
593.4466100001889
501.28077999991547
626.8861600004092
486.33788000003597
344.9916299999843
404.6310799999617
477.9122199999437
407.2426599999472
512.7729800002262
352.68677999996805
412.7443000000304
456.0703599999292
421.34939999992486
394.59228999994565
397.40351999994215
477.420300000242
535.739230000075
406.4646299999359
395.47771999997747
465.66658999995343
624.5227100002706
351.8566899999767
471.9452599999655
551.9908000003103
496.3455200002202
402.2044699999419
516.066590000202
570.5358300002114
440.14349999998757
567.192560000246
493.4113200002364
515.4623600002323
443.3779699999858
482.9593799999435
469.61390999994796
398.9216199999485
419.72897000000916
402.3974200000085
553.4904100002007
376.5189599999619
403.1642499999457
507.2081399999981
497.0700100000462
330.3661099999837
589.4347000003661
366.54195999996494
408.22723999995463
427.4703100000191
465.15138000003964
469.0500100000795
439.62031000010865
428.269660000034
393.59886999993927
378.7038199999626
487.1986800002347
450.80807000002477
487.3829400001178
372.2588400000116
555.2251300002146
436.5859899999373
395.4529499999467
371.93814999995635
511.9193400002446
423.90484999994607
383.1977399999614
405.078169999942
408.5060699999506
472.77338000000486
585.8573600002561
420.3544999999381
408.6370899999687
446.9613699999759
614.7736600003303
467.5155700001549
476.49308000011865
553.7271500003066
408.67925999996885
435.4741400000148
345.0909599999772
565.3994900002282
487.7812300000764
466.9423900001397
459.034070000035
432.62850999999944
364.4855299999669
474.67286000018254
395.66647999994325
365.62551999996475
441.1839099999478
478.41708000009845
394.6183199999716
355.6744799999667
544.7265900001071
500.8250800002319
398.9771699999452
435.87548999995386
429.6301100000045
383.2685399999535
435.78352999995377
429.5006699999566
515.3928900002115
368.4934199999903
475.7441600000469
401.9850199999539
394.36810999994725
381.8708499999598
354.6506300000208
408.6999399999367
368.8225699999668
456.5387999999121
398.23343999994177
470.70303999997907
415.52873999994017
410.8502800000016
430.22842000000804
382.0510399999498
377.40293999996976
532.4329800001964
426.4242299999336
511.3834100000893
564.4822700002024
465.60087000023987
540.778110000025
462.98189000024576
443.5172899999244
482.38659000024745
423.36899999995495
539.1703700002715
447.1392099999799
531.9260000001773
466.6880499999414
532.0218700003026
410.93040999993616
364.01398999997537
343.32049999998134
391.0659699999479
514.2491700001192
385.75945999995025
402.74122999999867
345.4834099999817
465.2747000000498
519.0196100002541
421.61800999993443
523.4639200002172
607.7919200004094
513.35420000022
580.1280600003165
653.0764600005128
443.39118000005095
509.64249000023034
478.607989999922
335.47260999998105
379.34161999996
465.2080399999911
397.3250899999313
408.07552999994573
550.9283900002098
443.6474700000447
355.6895999999758
395.65585999995733
516.9933300001335
532.4948800002189
370.92075999996354
505.0731100002496
482.01100000023433
439.2317500000086
430.3283599999746
497.4386300002285
419.0716199999331
370.63894999996825
418.4381900000179
418.8020099999665
471.37671999991375
436.7677200000125
397.49321999994334
479.53205999997584
375.7221899999584
387.27921999995095
387.37536999996837
579.40549000045
422.01834999994514
375.3851699999715
436.5020100000231
412.812999999967
426.6206799999192
483.41448000007506
383.2068799999491
478.0669500000141
481.0709999998899
412.2389699999422
357.97638999997633
495.941579999936
403.09166999994375
428.92715000000373
421.1679899999549
533.2397000001279
579.0382300002445
460.3412000000283
396.23297999994065
586.8113300002373
588.0334600003081
484.85812999992254
580.1651000001318
443.0237800000066
381.35122999995497
528.4539500002348
530.8957500002908
392.5922199999514
453.9149700002461
436.22243999999694
361.39032999997283
429.51526000010176
406.61615000002666
470.8486400000017
360.5154499999639
419.75857999995475
534.9293100002242
408.7287499999366
514.2433800002216
489.6662600000889
464.10408999989227
534.7977800002046
422.1015599999718
383.39507999996385
515.3395700002209
449.7936199999439
401.3019099999428
515.8362400000225
418.44424999994936
442.7759099999887
520.5161500001641
460.40826999992055
366.24401999996985
420.8302999999401
539.7777000002055
439.6197700000074
501.8325000000188
566.3880900003534
459.2801200000161
518.7666300002163
496.89131999997136
541.1884600002063
320.42591999999655
545.3506800002328
508.33684000022805
496.8051700002198
394.51379999994896
355.13468999998383
447.4558699999501
434.2081200000266
423.69694999992817
505.8601600002474
593.2072100001071
434.8735100000764
566.8046400003254
350.608099999969
479.45048000022973
378.1922499999577
471.43467999995283
443.92567999991576
462.03198000024696
428.54534999995616
536.1243200002123
358.3751499999676
419.68639999998095
395.4425099999455
441.53045999994674
476.51155999989663
526.4226100002073
610.0834500002616
403.0069599999357
405.0647299999475
351.3593299999712
491.0437500002347
343.42243999998374
435.3824099999476
402.54572999996213
538.6815100002627
595.0035500001927
560.7420700002378
521.2988500002252
469.254889999956
536.568660000205
362.1156199999631
466.66477000002675
397.7290899999427
421.619420000063
351.47545999998425
452.42484000000593
438.14846999990715
540.8875200002107
600.6941200003017
645.7907100005322
428.8857099999252
601.3459200002103
454.64790000001375
560.9022400002254
359.9910699999709
438.5619099999258
614.9215700003402
492.63966000016956
510.47153000013645
564.6300900002228
391.0388299999481
481.8940200002016
439.47914999992327
625.5688700003398
504.25026000023513
412.3753299999275
437.2970300000388
490.8574600002451
443.58406999991865
550.2709100002276
378.0109499999583
526.8272900001689
579.1864400001763
410.8105600001264
403.109739999945
393.23167999994774
371.44516999996193
399.87898999994286
539.5918500002492
469.7505600001391
470.95986000004586
586.7392700001993
375.4228999999622
446.6539099999169
445.9472799999374
630.3922400004872
430.6834199999254
589.2434100003347
439.338549999962
350.6237599999705
450.0382199999035
616.8627700005161
461.59760000024835
369.0963299999725
374.9269999999503
439.65217999998816
411.60862999993907
556.9816400001172
502.76937000023753
552.3824600001184
350.9787499999722
422.64364999993427
494.62808999994905
346.3746099999851
442.47345999995815
341.68250999998264
510.6330700000134
464.4076399999983
431.63581999995426
514.6169800002253
453.0043700000184
405.80135999994354
440.68053000025446
531.2603600002888
389.03985999994677
437.3559400000154
457.48742000018814
446.39888999991365
429.66410999994923
481.5566800001945
363.3267299999641
447.7470599999744
434.50968000014177
449.35576000000964
487.05279000023256
588.1460900003372
343.0344699999745
412.027000000011
420.88174999998154
603.8970800004399
394.25001999995965
526.385570000022
479.8786200000254
635.1085500004298
436.5097600001326
603.7296900004995
464.11619999997646
509.3480800000987
372.05395999996284
425.79086999992813
443.00110000003167
465.40971000020954
451.75760000005624
390.2252599999714
449.82567999991244
387.6093799999758
492.91886000009833
614.7917700003205
447.3196699999574
483.73704000003215
406.6995499999375
388.95831999995215
666.0213700004053
342.1207599999827
350.3075999999794
521.3247600002119
427.9962599999692
510.9014100002242
465.9050100001417
553.4085199999843
476.85756999996477
456.69332000001816
332.13895999998834
512.3377699999348
393.509329999949
374.2466199999867
564.0373400002836
450.6371899999247
400.2221399999521
577.6087000002219
439.45868000009824
407.165149999924
539.1724500002571
548.7924300002312
417.3799799999305
467.79232000000314
550.1553700002212
379.18575999995926
503.06087000022484
483.45370000024576
484.7356900002341
573.8544300002612
455.35497000001556
522.6066200002185
440.02874000004425
485.777050000109
410.34905999993475
538.1338400002396
526.5131900002211
465.66411999997945
551.5084400002004
503.276640000218
505.985820000095
526.1763000002661
380.42575999995745
523.3325800002204
551.4860700002039
460.41860999997004
584.8315700002112
425.4115199999744
375.4172399999648
504.7501200001636
393.27976999994496
547.7612100002348
419.6208399999281
426.63657000002
402.43743999994246
411.7046200000386
441.7375899999141
499.7839500000888
539.7725500001611
413.1343399999353
473.5634599999532
540.966910000272
366.23905999996947
498.05593999998825
403.6124499999432
660.549610000318
537.3226900001104
454.7427099999931
423.36079000002405
553.9254500002752
393.33368999993843
440.94189999994757
544.148710000223
408.2886499999412
453.3160700000122
384.9448299999582
409.64357999999817
379.48388999995854
493.3307700002377
424.5867499999274
421.44694999995335
432.35439999998266
510.6033100002278
458.44546000001793
534.0538500002122
424.13539000003135
568.0412100001994
447.3558700000876
464.2213399999266
458.58481999994444
441.0525299999957
471.89691999995944
442.12863000001
504.4268399999963
396.1413499999377
391.88432999995007
533.1555100002156
369.208889999964
390.75617999995205
555.9179700002321
452.40268000016243
507.2522300002316
377.8486499999622
441.523339999989
451.129509999996
462.11842000022244
361.6476399999712
