858.651920000322
815.3674000003457
743.3820200002027
542.384339999901
586.7554199998807
877.4613500005286
606.3755499998714
733.4800700001625
558.2698999998705
655.2317799998301
645.977459999899
739.031050000122
670.1046800000689
701.9450100001083
788.8518600004406
793.2888100003049
832.5119000001971
615.8664699999181
695.6654999999053
732.6996700001258
718.9018200001685
610.869969999901
638.0087199998737
797.1150200003799
588.7399999998578
742.2243600000362
726.8678900003302
603.3627199998672
654.3236299998221
746.2055100000189
744.8277900004051
714.7587000000212
637.7928199999127
634.7709299998643
825.4510200003773
553.0930199998743
858.1074900004741
627.2882600000406
611.0673499998446
768.510450000169
724.9500100002442
527.8772099998911
884.9875900005603
791.3470400002255
653.5892800000616
574.924280000102
722.8086900001289
656.4324899998201
634.0196899999105
780.0886900002195
718.1340200000892
808.7612700002386
614.3077599998405
704.026679999891
577.3571699998737
670.5645900000385
778.9155700003581
722.4384900000147
650.3420299999176
675.2053400000457
754.7823800001808
893.7503900005369
610.3037499998238
566.9636499998636
786.0131800003018
555.8443099998775
645.2006299998535
717.8607200001132
554.2028099998653
726.7768600001889
686.6535800001889
673.7131799999792
728.3748200002433
827.5194000006016
670.2791500001301
829.2819400002838
629.707569999845
677.8828799999309
731.4213800003334
723.7314400001384
569.0408499998952
650.0936399998589
587.5181799999721
633.7464099998655
753.701900000075
620.8187599999054
731.9192300000984
642.5971099999383
687.6664500001039
672.8290999999606
707.6609899999332
626.202839999959
748.9451699999502
633.9210399998434
573.4675799998623
692.4070100001303
802.2513900003504
704.2256300000794
795.0176500002241
534.9081999998954
711.3933300002844
762.082360000417
611.4748199998887
615.679239999929
837.4996200003447
680.7549799999881
785.554450000233
878.418910000412
757.7698300003073
643.6304399998436
617.5025199999183
765.4922200003159
774.4664900002238
608.7460399998627
576.8584999998741
843.4060800002894
673.7518900001811
623.6303699999232
590.8123899999297
664.290790000034
721.807320000255
615.8715200000065
723.8675700001814
848.8721900005294
636.1585599999862
670.6509600000282
849.3269100002274
626.533439999855
558.7700199998684
557.776179999868
547.1620699998913
805.2031400002971
777.4126200000297
712.7516400000197
810.6612700005235
627.8690699998865
640.5222799998816
793.9077500002494
690.4947900001101
673.7570200001619
906.5832300005775
531.1660999998837
702.8906700002495
680.633140000194
717.459310000223
746.294030000206
801.563080000319
774.1557600001107
648.7980799998926
648.2618699999545
707.2150600001388
747.4582000002105
662.9418699998297
731.7859900001763
733.9873400000122
725.9769999999147
780.5608400001662
825.4396200004971
857.3780200003322
666.659400000124
761.0945900000816
661.1118999998961
805.6100800003564
827.4942500003743
687.5959500001875
714.0837900002397
903.8698900006161
665.4994799999408
646.0878899998751
615.7036899998778
566.2171099999066
820.1111900005519
672.6319699999856
671.503039999943
536.4680099998874
670.0784600000402
605.4140799998554
595.1016599998779
612.9796999999544
633.9987599998818
689.3042200001041
748.799580000201
751.0754100000481
613.9555799998641
688.6568600001868
592.8291099999319
863.4178900005021
755.8854700000317
584.3789299998853
682.0193900001997
642.4295499999075
763.9459600000405
609.4410799999147
617.6114899998979
638.3715299998386
600.4627299998508
660.80736999991
852.246140000405
665.7482600001858
826.0980500004177
690.6221900000111
537.0106799998917
678.8442100001514
687.7299300000136
706.4007499999587
671.1735300001002
739.233930000153
652.0027299998158
626.5611399998411
726.7234299999726
755.3304500001291
697.4795999999815
727.2036700000925
756.0112100002978
586.1810999998798
615.7204999999727
607.8016099999116
583.215959999853
779.5245800002937
596.5086099999185
715.5107800000312
747.3036800002653
758.9067600000556
691.1915900001156
698.5432099999515
684.427359999861
570.7624799998548
596.4435699998696
763.444569999957
713.7250600000671
516.7170699999045
709.1669699999369
603.7590399998473
680.5871799999426
639.3181800000766
903.0355200003611
644.4202199999502
601.4016599998912
756.4225800002635
696.5759200000766
637.4637299999214
666.5821599998512
837.4813700002711
573.5127899998573
709.9779499999761
620.785519999886
720.1382100002826
570.1164999998732
686.0922999999171
538.641529999916
1163.9269800009458
672.0117200001952
673.4499399998749
703.9772800000022
840.750300000218
764.5762500003293
719.540060000094
709.9100900002976
703.2759600001783
590.6747799998499
624.4032100000389
856.0228500005609
774.6323099999797
578.4062199999319
633.8824500000528
577.5395999999347
581.4331999999001
661.3305300000277
660.2252899998435
726.7215000000049
588.7468299998715
562.7613099998647
658.1451299999651
745.9243700001648
873.9740400005777
689.0211300000947
706.5891700001514
852.5182200005811
613.1235199998634
798.0819800001025
739.9622000000334
710.0354199998842
591.9670599998981
607.5841799999433
666.0126899999623
819.9831100001683
711.9278999998185
618.0677099998841
502.74307999991
712.5768200001964
533.1820099999453
718.3772500002253
679.2775399999877
804.2466100003091
647.5093699999217
662.325529999861
623.6067499999374
588.4092599999021
821.1538100002809
659.5414200000185
558.1048099998729
690.7184000000253
850.5699400004556
635.1639299998352
566.6598399998708
546.538309999874
707.6663999998916
657.8352600000028
689.8075799999963
706.2731999999331
751.6761500000489
661.0782299999835
660.9998200001512
741.31853000019
741.7850099999163
710.0663100001822
633.7729799998647
681.7789499999794
688.3303600001104
774.4264700001987
651.9619400000898
578.1218799998998
587.2810099998962
714.8810800002519
696.8304400001877
647.7945299999595
837.3886100002888
556.5403299998804
616.4276100000051
691.771890000227
724.8768700002569
609.8100099999245
728.0345100000436
607.3060599998553
598.567989999863
629.9437999999428
819.9398600002523
721.7488700001162
795.8984800003271
709.0168400000595
745.4691900002078
667.2126299999532
688.230469999984
913.9307100004762
707.0861200000987
774.6554800002699
711.0977500000407
712.5360800001946
609.4246099998841
581.5255099998909
499.3089499999135
655.9801000000823
589.2175099998665
735.0489099999457
632.7557100000936
711.054060000265
729.9631100000489
736.3709100000426
815.7673600000254
801.3071900002692
670.1595399999067
566.1873799999003
696.0146600001968
672.4123799999838
694.6415899998702
648.220629999832
631.6915499998584
649.3449899999346
642.0798299998245
732.1274000001731
737.4355100000793
577.9893899999888
818.7598900003618
757.184400000146
810.1048900001922
701.3648700001738
914.5439800006517
581.6352099999688
676.5465600000065
675.5339500001987
553.0709199999014
594.0782699998858
810.0937100003491
847.6560300002587
668.4895199999457
782.5281100002409
733.3909900003243
900.4059500003174
746.3774599999924
841.9872000003485
649.7467399998844
805.9623100001226
515.4519499999009
702.9192600000694
658.8265299998307
837.4935300003827
538.5368199998877
657.4443800000425
726.7565600001711
766.4477400002146
777.7914200003527
875.9152600003632
714.708890000061
762.5697300001997
676.6098700000836
690.2264700000608
723.5225599999084
805.1585700000281
722.487780000049
950.5810000004444
594.7236699998585
815.2062600003129
723.3496399999372
729.0253000001825
792.4008800002551
829.704640000238
576.7189799999485
610.1408799999026
705.9312500001801
730.5617200001964
798.4536300004297
827.2724600004419
553.0013799998846
578.0516199998694
598.3113699998761
653.8241699998988
614.1426199999645
816.1653700003799
651.6324200000442
801.9497600003015
694.0827299999489
813.3189200000129
738.9247600001819
776.1627100002463
745.2311300000863
724.0437500001542
813.8682500003574
679.8067099999424
695.1743599999895
566.6556399998809
680.570750000109
595.6375099998936
554.2785999998765
594.5102099999169
696.1708600000179
717.6612099999597
627.9409899999954
702.1291699999423
653.8633299999495
542.8870199998798
778.660030000287
598.7431799998544
692.1616400001118
558.9562999998745
690.9978799999382
646.4807599999663
513.6272099999045
796.9355000002832
635.9165899999824
647.1325499999496
755.3853900004443
766.8887600003623
589.3559299999365
722.4582099999034
605.2110499998963
612.3332099998938
782.716590000197
750.6763500003051
631.4345999998854
665.1371399999084
681.2987200001018
621.1474999999788
894.1097100005047
669.4009200000501
686.800410000139
584.1979599999089
648.7104499999689
658.3901799999059
869.0604700005259
669.2128199999761
731.0774000000338
877.9364100003756
752.3320199999176
561.1013399999259
801.0934600002112
539.7652999998796
617.807379999941
763.0265099999739
635.6225599999584
639.9539799999282
629.4000699999351
642.2546299998387
737.9843100000086
674.2610399999572
830.2538200002411
524.3739099998952
620.2815299999954
576.5965199998706
874.4548300002546
695.1032499998996
734.8463300001447
721.630330000066
556.8898799999538
634.1074499998983
722.6230999999218
648.6361299999099
748.7025300001817
643.5335900000613
629.3053499999806
702.2161899999265
672.1092999998785
759.0441100002843
700.8371899999745
558.5040899998999
698.5782799998332
721.0624700000456
610.5809099999228
851.9312600003592
746.5110200000616
672.2504900001359
655.2362899998212
651.6665800000089
688.0743900002489
751.8212800001681
728.1134600002645
825.8071000002294
672.9935699999482
814.3047900003259
726.0989100001809
754.14491000017
723.7950400000815
737.8229199999898
704.6189199999675
667.3114700000971
574.1613199998861
609.2565099999908
812.5854200002316
593.367109999883
628.5709799998766
685.685989999826
732.1716200001024
520.819949999893
675.241270000097
582.7473799999195
646.4667099999486
649.0584899999662
693.697620000043
604.1257899999393
654.6879900000604
566.086899999877
673.0996699999871
587.0266099999067
575.8830799998982
688.7995199999538
723.8663700001192
568.6070399999655
813.43940000019
672.9963999998972
693.992099999918
650.4110299999951
733.9812700002501
658.7864799998787
609.4556699998346
629.7122199998859
575.107119999872
872.1741900003719
825.2263900003724
657.4268599999015
627.2853599999108
688.5777199999216
888.9627500003487
689.8531200001086
704.1281300000826
790.170870000323
636.7366099999067
667.1298699999467
666.7973200002083
803.0786000002842
638.5574699999313
683.6663600001174
685.1609200000402
572.5035999999141
743.0790200002837
687.2536100001789
684.8201399999547
527.9333199998903
679.712929999908
743.1012900002702
540.8175999998818
619.9432899999726
800.2837100001781
592.906099999855
762.7995400001914
766.3859100000934
650.1062899999849
738.9658500001949
605.2641099998574
658.7106199999474
751.8804400002241
568.7923099999443
714.6742900000344
622.2565399999032
610.3484899998892
587.1123499999312
635.4625800001534
580.4528699998538
587.9379899999027
703.0719999999117
769.7911900002537
719.6229599999606
801.3522000002721
632.9066499999403
557.1148199999055
685.3464300000674
597.5106399998803
768.4718300002211
807.3288900002076
753.1497200001479
814.5457000003054
673.2139200002
808.0342200001468
666.4343400002019
697.7173999998206
704.6565700001807
742.6241800000981
757.9986200003042
887.4413600005121
771.6235700002384
710.7282799999505
641.5159700000266
658.2127799999383
671.2603599999774
561.691829999967
724.7845400000405
752.8170000001343
687.3796599999837
621.4632199999389
686.7738200002283
893.3463800006252
745.1588900002658
606.5898699998412
604.1530899999639
831.2006300004292
745.9127700002209
829.4778000004071
903.6366900006091
589.0055399998586
746.8218000001735
734.7511099999149
558.8402500000007
591.3136199998611
708.4723400000181
691.2685100000366
646.3169599998207
808.3308000001872
671.6342200000014
633.5782899999697
848.4112400005147
640.8529399998764
640.9981199998766
681.044930000041
720.6830900002589
698.3563700002128
664.3806499999985
869.6442800005636
725.3490600001996
612.7709399998417
590.4989899998933
636.2825599999666
637.5306899999237
727.7519899999508
642.3459200000226
760.360820000174
734.5455599999917
662.5686099999789
758.9683200003097
617.8719399998358
809.9703600004639
699.39226000011
555.4438999998746
578.6966899999129
631.8357699999103
671.6041399999549
727.0873300000145
630.0898000000275
723.750980000006
905.9264200003413
643.2209699998645
620.2062999998492
755.0493200000142
779.6415400002235
657.6005799999474
643.0754599999331
788.0307100001587
822.4022500002762
664.478460000054
716.5259700000933
704.6822699999161
830.8126000004404
740.7325499999549
851.3678100002777
683.5323499999284
686.2840200000096
768.5289800002346
755.272280000313
610.075689999857
657.4057800002197
601.8655699998416
664.3819200000421
645.3045100000427
798.6697700004509
811.2533100002481
637.9794499999957
652.2510499998893
779.9559800003722
649.8686799998511
759.0600900001974
728.7075500000672
734.3777200000749
780.6173300002536
655.3238099999054
600.650749999861
752.1953200002105
688.7284399999445
616.9868899999087
772.1161600000903
589.5777799998532
677.3932299999211
743.9999800001958
720.027199999852
726.7889500002154
635.1004899999444
781.0651600002384
667.3075199999731
751.1603100000627
780.2072600003759
693.5612400000074
751.190450000203
760.1784399999758
791.1543900002266
517.3905699999009
791.5681300002926
736.7761700002332
723.2178000002106
564.8253899998624
557.3623200000105
844.3209100003467
657.9377399999889
801.0113200002478
729.0058100002494
739.3009900000407
660.2525900000167
812.7255700003489
611.354619999977
573.5925999998625
663.8477499999985
709.6912299999808
804.0882000002216
702.8129500002606
805.786170000376
780.5609900002127
620.8571499998819
662.2705799999592
607.9846899999106
816.7014200003047
743.9355999998426
754.7386700002621
887.085320000381
634.8291499999011
625.8642199999082
572.5817099998927
716.9672800001988
546.4173399998783
675.2874299998994
769.5580800003559
771.7708400002766
875.8418200002359
804.0337000003449
751.0341800002233
728.135589999906
782.955990000244
562.0522099999077
622.1100099998773
709.5339999999472
640.4750400000013
568.859679999897
834.6098100004035
627.5187099998635
789.4750400002262
713.1290300000649
874.0283300006464
665.5397299998837
872.0426000002777
694.2014099999558
813.4211700002307
580.4935199999225
816.6259000001094
853.737600000428
714.9722900001726
756.085350000125
682.2651299998859
760.8546200002353
687.115410000204
684.1350799998311
875.0464100005186
739.3424100001637
658.5550899998874
676.7088600001059
725.2461100001709
691.0639199998897
778.4443800004041
593.2957999999082
773.9645000001788
839.743570000299
604.3112700001014
624.2608799999131
566.5216499998585
591.6674899999285
690.6792799998775
775.9805800002749
706.2755100000614
689.7694900000745
858.9232600002185
543.5409899998773
633.2538399998463
837.4174500003269
892.8378700006083
670.1530099998386
812.2741400004222
805.916510000311
600.8893599998785
901.0166200005126
847.3683200005878
673.9978800001924
728.9908600001893
585.1988799998999
602.5710099998697
762.0698900001528
825.4681200001511
737.1209200001721
816.2726400001848
689.4674600002105
663.9666799998503
754.3192999999593
519.2736999998958
614.0014899999184
589.3703399998741
681.7011399998686
598.3613999999101
763.5976000001755
755.3739300001682
830.5477500003475
630.6225099998594
509.7130299999122
763.1664100002874
742.1666700002451
584.3078599998569
657.4385200001877
691.2730099998421
597.1033799998561
704.0447600001327
575.9858099998528
681.5384899999666
646.4378500000864
784.9912900001773
702.7449800002191
824.9522000003494
615.3913899999873
609.6505899999879
652.0030500000029
814.1051300004062
772.9215500002928
793.4758600000442
706.4492800000185
733.2825800002363
653.7487100000723
825.7552600005433
706.7971099999813
633.8106199999535
704.723890000275
805.7162000001108
667.2944600000003
682.2042600001718
678.8838800000505
591.9500099999224
640.6345899998372
657.9667900000405
625.0566799998933
868.9243800004191
613.2127199998929
745.1214300001296
653.4215399998906
609.7133099998673
764.3179600000724
609.8372499999743
732.0815800004119
755.3629800002235
601.9848099998396
742.3123300001962
579.6714899998823
743.66085999988
650.7912099998972
705.3227899999288
535.0373099998853
772.0142599999937
607.780579999874
589.2978999999683
811.6106700002766
700.7251999998817
780.1150000003956
695.4557799999658
664.6119500000293
655.9503600000075
776.1695800002688
801.0210500002379
657.284039999943
641.8315799998211
793.8295200002924
595.8149099998751
734.9875200002034
708.6798500001813
570.9170899998753
826.7703500003258
690.2090199999808
766.8723400001957
804.2677500003757
709.1115900001097
591.4425099998375
775.9581700002345
755.8704600002686
709.993939999965
802.5493600002451
734.7932800002777
726.8046400001211
756.2693700002565
673.1973599999224
625.8623699998587
786.9519100002863
621.3916099998871
851.8552600002737
635.9460199999759
724.8156300001888
617.2226399998422
569.9150199998628
633.3762799999303
641.5768799998845
567.9360099998707
744.4245000001381
546.7904099998786
697.3191899999093
641.7176699999814
799.9938400001469
782.2726000001863
719.9701900000102
781.6335300002594
716.2901500002009
749.7976600000635
798.6985100002571
990.3521200007395
793.1317500002021
680.0398399999486
645.3837599999755
783.5810900003095
609.7961999999118
669.4985699999804
785.4740800002743
638.4831799998625
786.4056000002499
723.857520000095
569.6185099998595
733.2347800002017
724.414720000179
670.6283499999233
682.7494400000261
659.9069799999746
752.74457000017
690.6768000001223
782.7017400002084
572.8005499998583
817.7947200002811
677.6613200000342
828.1800400002259
738.1554200002025
816.2005800002887
881.6910700003782
651.4926599999923
773.6783100000034
677.4034899999438
820.722430000529
807.675740000304
596.6310599999442
610.7290499998793
648.2350100000184
671.2520500000985
623.640509999968
704.300460000071
799.0240000001976
713.1958000002195
551.89010999988
602.5762500000038
