11740.30000002518
11626.300000024765
11641.30000002482
4332.49999999823
2947.4999999984148
11697.300000025023
2913.3999999984458
11312.300000023622
2610.3999999987213
2363.399999998946
3990.3999999974662
11667.300000024914
8502.3000000134
9081.300000015506
11581.300000024601
11657.300000024878
11786.300000025347
4164.499999997619
4779.399999999856
6247.300000005196
7343.300000009183
5441.400000002264
3565.399999997853
11592.300000024641
4379.499999998401
6016.300000004356
11546.300000024474
2665.4999999986712
8642.300000013909
6354.300000005585
11518.400000024372
4370.399999998368
11652.30000002486
8224.300000012388
8726.300000014215
3268.499999998123
11737.300000025169
7297.400000009016
4018.399999997441
7528.300000009856
11596.300000024656
2298.499999999005
11739.300000025176
11677.30000002495
8135.300000012065
11439.400000024085
10648.300000021207
7930.300000011319
4288.49999999807
11657.300000024878
8931.30000001496
11658.300000024881
6613.300000006528
3247.399999998142
10021.300000018926
5049.400000000838
11565.300000024543
4783.3999999998705
3449.3999999979583
6498.300000006109
11668.300000024918
11655.30000002487
2013.2999999992644
2201.3999999990933
11671.300000024929
5813.300000003617
8615.30000001381
8128.300000012039
2782.499999998565
11617.300000024732
11530.400000024416
6215.30000000508
11573.300000024572
11527.300000024405
11638.300000024808
9022.300000015292
11695.300000025016
11678.300000024954
11541.300000024456
11664.300000024903
4655.399999999405
4560.399999999059
5246.400000001555
11634.300000024794
7311.300000009067
7446.300000009558
8246.300000012468
11687.300000024987
9275.300000016212
4343.39999999827
9818.300000018187
11628.300000024772
4435.3999999986045
4518.399999998906
4163.399999997615
11597.30000002466
11629.300000024776
7888.300000011166
11710.30000002507
7290.400000008991
11488.400000024263
11555.300000024507
3304.49999999809
4383.399999998415
11667.300000024914
11629.300000024776
11722.300000025114
11782.300000025332
11590.300000024634
2307.399999998997
4352.3999999983025
11614.300000024721
11622.30000002475
2702.3999999986377
11529.400000024412
11763.300000025263
10826.400000021855
11650.300000024852
11553.3000000245
11613.300000024718
11521.400000024383
11536.400000024438
11655.30000002487
11639.300000024812
6911.300000007612
11630.30000002478
11803.300000025409
11683.300000024972
6382.400000005688
4903.400000000307
6201.300000005029
11632.300000024787
4749.399999999747
5645.300000003006
11588.300000024627
3623.3999999978
3156.3999999982248
11655.30000002487
9447.300000016838
10771.400000021655
11331.300000023692
4106.399999997408
10588.300000020989
11527.400000024405
11553.4000000245
11718.3000000251
11608.3000000247
6284.300000005331
3126.399999998252
11641.30000002482
7448.300000009565
9361.300000016525
11679.300000024958
9806.300000018144
6551.300000006302
4669.399999999456
11098.300000022844
11571.300000024565
9385.300000016612
11559.300000024521
6656.300000006684
3955.399999997498
11630.30000002478
11704.300000025049
11548.300000024481
11559.300000024521
11672.300000024932
4775.399999999841
5416.400000002173
5124.400000001111
3306.4999999980882
11629.300000024776
6588.300000006437
6967.3000000078155
2410.499999998903
6618.300000006546
4370.399999998368
11609.300000024703
11553.3000000245
3201.399999998184
6847.300000007379
11616.300000024728
6972.300000007834
3434.399999997972
11574.300000024576
4280.499999998041
11069.300000022738
6572.3000000063785
2847.4999999985057
11511.400000024347
3426.399999997979
5694.400000003185
5538.400000002617
3854.39999999759
2504.3999999988177
3528.3999999978864
7163.3000000085285
11685.30000002498
10266.400000019818
11629.300000024776
11619.30000002474
2741.499999998602
9845.300000018286
3757.499999997678
4692.399999999539
7260.400000008882
11740.30000002518
3441.3999999979656
4849.400000000111
6890.300000007535
6847.300000007379
11704.300000025049
8245.300000012465
11597.30000002466
5118.400000001089
11590.300000024634
3994.4999999974625
2353.399999998955
11624.300000024758
3907.4999999975416
6951.300000007757
11570.300000024561
6867.300000007452
9037.300000015346
11730.300000025143
7158.30000000851
2597.399999998733
2967.3999999983967
4113.399999997433
6234.300000005149
11458.400000024154
5648.400000003017
3928.3999999975226
4786.399999999881
5509.500000002512
11805.300000025416
4267.399999997993
5117.400000001086
11627.300000024768
7003.300000007946
6590.300000006444
3222.3999999981647
11720.300000025107
2836.399999998516
11708.300000025063
10392.300000020276
11541.300000024456
4615.399999999259
3478.399999997932
4334.499999998237
11961.300000025984
11511.400000024347
11738.300000025172
4370.399999998368
11779.300000025321
11648.300000024845
8130.300000012046
11523.40000002439
9488.300000016987
5026.4000000007545
11549.300000024485
11589.30000002463
6027.300000004396
11570.300000024561
6852.4000000073975
9139.300000015717
3250.499999998139
5838.400000003709
2877.3999999984785
5154.40000000122
2787.4999999985603
3061.499999998311
4890.50000000026
11740.30000002518
11640.300000024816
7286.300000008976
8170.300000012192
11604.300000024685
2843.3999999985094
6282.300000005323
5993.300000004272
3079.399999998295
3217.3999999981693
4292.499999998085
4137.39999999752
7630.300000010227
3096.3999999982793
3333.399999998064
3525.499999997889
11587.300000024623
4080.4999999973843
11562.300000024532
5932.30000000405
8795.300000014466
11646.300000024838
6221.3000000051015
4769.39999999982
4124.399999997473
11703.300000025045
6917.400000007634
11539.400000024449
11628.300000024772
11703.300000025045
3925.3999999975254
11571.300000024565
11556.30000002451
3685.3999999977436
7531.300000009867
5961.300000004156
4248.399999997924
7473.300000009656
5100.400000001024
8015.400000011628
11676.300000024947
3212.399999998174
11582.300000024605
6660.300000006699
5077.40000000094
9749.300000017936
11663.3000000249
8738.400000014259
3616.4999999978063
5724.3000000032935
11554.400000024503
11527.400000024405
5212.400000001431
11701.300000025038
1772.3999999994835
6216.300000005083
11508.400000024336
11548.300000024481
4411.399999998517
7691.300000010449
2606.399999998725
2680.3999999986577
4175.499999997659
11711.300000025074
9270.300000016194
11592.300000024641
6828.30000000731
11655.30000002487
11752.300000025223
4462.399999998703
11808.300000025427
8143.300000012094
11673.300000024936
6988.300000007892
11582.300000024605
3387.3999999980147
3612.39999999781
4019.4999999974398
8581.300000013687
3151.3999999982293
4367.399999998357
8688.400000014077
11573.300000024572
7626.300000010213
6144.300000004821
6195.300000005007
11667.300000024914
4095.3999999973707
3074.4999999982992
11533.300000024426
11698.300000025027
7679.300000010406
8984.300000015153
4464.39999999871
4044.399999997417
11669.300000024921
11605.300000024688
7013.300000007983
11522.300000024386
11630.30000002478
9970.30000001874
11725.300000025125
11049.300000022666
11642.300000024823
4879.50000000022
5307.400000001777
11550.300000024488
3813.499999997627
3030.3999999983394
11565.400000024543
8857.300000014691
3879.499999997567
10459.30000002052
10575.400000020942
8278.300000012585
3774.3999999976627
11720.300000025107
3633.399999997791
9359.300000016518
2841.499999998511
5852.300000003759
11725.300000025125
11721.30000002511
5900.400000003934
5656.300000003046
11648.300000024845
11662.300000024896
11604.300000024685
11755.300000025234
6611.30000000652
8237.300000012436
11634.300000024794
8113.300000011985
3682.3999999977464
4672.399999999467
7493.300000009729
9613.300000017442
2374.499999998936
11632.300000024787
11792.300000025369
8313.300000012712
11683.300000024972
11746.300000025201
3516.4999999978972
3723.399999997709
11589.30000002463
9707.400000017784
11628.300000024772
11631.300000024783
4241.399999997899
4172.399999997648
2855.3999999984985
3311.399999998084
4801.499999999936
11607.300000024696
9518.300000017096
9115.30000001563
11741.300000025183
6164.300000004894
11605.300000024688
11627.300000024768
8358.300000012876
7990.300000011537
11623.300000024754
4765.399999999805
6216.300000005083
11550.300000024488
8685.300000014066
4601.499999999209
1752.3999999995017
8994.30000001519
5706.300000003228
5365.400000001988
4841.500000000082
11688.30000002499
4620.3999999992775
6749.400000007023
11645.300000024834
3593.3999999978273
9752.300000017947
2209.499999999086
5400.400000002115
4041.39999999742
2989.4999999983766
7442.3000000095435
4910.4000000003325
11600.30000002467
11525.300000024397
11554.300000024503
11533.400000024427
3330.3999999980665
3840.3999999976027
3669.399999997758
11647.300000024841
11590.300000024634
11595.300000024652
3492.399999997919
8125.300000012028
5539.400000002621
11767.300000025278
7121.300000008376
10084.300000019155
3722.39999999771
11578.30000002459
3999.399999997458
11680.300000024961
6119.3000000047305
5494.400000002457
11729.30000002514
4053.399999997409
11545.30000002447
11697.300000025023
3289.399999998104
4225.499999997841
5499.400000002475
4238.399999997888
3868.399999997577
10775.300000021669
2626.399999998707
6745.300000007008
5264.40000000162
11428.300000024044
2874.499999998481
11578.30000002459
8105.400000011956
11848.300000025572
4365.39999999835
11689.300000024994
5566.400000002719
11496.400000024292
3767.399999997669
4424.399999998564
11654.300000024867
11624.300000024758
5190.400000001351
5686.300000003155
3981.3999999974744
4471.399999998735
11550.400000024489
5148.400000001198
11533.400000024427
8378.300000012949
6312.300000005433
4123.49999999747
11656.300000024874
11710.30000002507
7644.400000010279
4837.400000000067
11606.300000024692
11509.40000002434
10624.30000002112
11546.300000024474
11717.300000025096
5032.400000000776
11644.30000002483
11542.40000002446
11677.30000002495
11743.30000002519
4650.399999999387
4632.399999999321
9890.30000001845
5215.400000001442
5122.500000001104
11660.300000024889
3123.3999999982548
3262.3999999981284
6142.300000004814
5857.300000003777
2273.4999999990278
11568.300000024554
11532.300000024423
7306.300000009049
5565.400000002715
6689.300000006804
6985.300000007881
7833.400000010966
6039.300000004439
4358.399999998324
3606.4999999978154
11558.300000024517
5830.300000003679
7224.30000000875
4710.499999999605
11702.300000025041
3806.3999999976336
4271.399999998008
4875.400000000205
11603.300000024681
3729.3999999977036
2112.3999999991743
3235.399999998153
3664.3999999977627
11763.300000025263
11708.300000025063
3601.39999999782
4132.399999997502
4741.399999999718
11782.300000025332
9338.300000016441
8659.300000013971
11607.300000024696
4061.3999999974017
5504.4000000024935
11494.400000024285
11639.300000024812
7128.300000008401
9093.30000001555
5622.300000002922
5501.400000002483
11630.30000002478
7856.30000001105
4800.399999999932
2781.4999999985657
3971.3999999974835
11602.300000024678
4044.499999997417
3917.3999999975326
6535.300000006244
11648.300000024845
11642.300000024823
6943.300000007728
5417.400000002177
11627.300000024768
4246.399999997917
4249.399999997928
11583.300000024608
4145.49999999755
7055.300000008136
3740.3999999976936
3360.399999998039
3722.49999999771
7406.400000009413
2978.3999999983866
11555.300000024507
3584.3999999978355
11628.300000024772
5159.400000001238
11696.30000002502
4810.399999999969
5581.400000002774
7384.3000000093325
3004.499999998363
9874.300000018391
8372.300000012927
8702.300000014127
10882.300000022058
11545.30000002447
7012.300000007979
11527.300000024405
2634.3999999986995
11570.300000024561
6551.300000006302
11588.300000024627
11738.300000025172
9556.300000017234
4391.399999998444
10307.300000019966
11330.300000023688
5876.300000003846
4621.4999999992815
6720.300000006917
9288.30000001626
5528.400000002581
4618.499999999271
10707.400000021422
11643.300000024827
11556.30000002451
3329.3999999980674
11509.30000002434
11660.300000024889
11567.30000002455
10929.30000002223
11747.300000025205
6562.300000006342
11640.300000024816
4000.399999997457
7026.4000000080305
2422.4999999988922
7338.300000009165
4729.399999999674
2219.399999999077
11712.300000025078
6334.300000005513
4443.499999998634
11659.300000024885
9554.300000017227
11684.300000024976
7662.300000010344
11463.400000024172
11555.300000024507
5547.50000000265
11571.300000024565
11618.300000024736
2727.399999998615
10026.300000018944
5514.40000000253
4180.399999997677
9226.300000016034
4853.5000000001255
7516.300000009813
5260.400000001606
4364.4999999983465
11608.3000000247
2251.399999999048
11613.300000024718
11586.30000002462
2337.3999999989696
5939.300000004076
4123.399999997469
11627.300000024768
7545.300000009918
11544.300000024466
6337.3000000055235
11755.300000025234
4115.39999999744
2351.499999998957
4537.3999999989755
11652.30000002486
5134.400000001147
4087.399999997378
8025.300000011664
11473.300000024208
6451.300000005938
7129.300000008405
11772.300000025296
11581.300000024601
4135.399999997513
8351.30000001285
5202.400000001395
5871.300000003828
11671.300000024929
11617.300000024732
2497.499999998824
11476.40000002422
5107.400000001049
6083.3000000045995
7631.300000010231
11584.300000024612
7832.300000010962
4653.399999999398
3944.399999997508
11639.300000024812
7268.3000000089105
11650.300000024852
8185.3000000122465
11643.300000024827
11662.300000024896
4364.399999998346
2645.3999999986895
11634.300000024794
4130.399999997495
3468.399999997941
6434.300000005876
3890.399999997557
5071.400000000918
10542.300000020821
3575.3999999978437
11646.300000024838
3755.39999999768
11605.300000024688
5538.400000002617
6248.3000000052
11571.300000024565
5963.300000004163
11686.300000024983
4778.399999999852
11670.300000024925
11486.400000024256
11683.300000024972
11641.30000002482
11605.300000024688
3134.3999999982448
6314.40000000544
11693.300000025009
5908.300000003963
11677.30000002495
11097.30000002284
8178.300000012221
6884.3000000075135
11652.30000002486
4711.499999999609
11124.300000022939
4416.399999998535
4627.399999999303
6490.30000000608
11420.300000024015
9891.300000018453
11670.300000024925
3035.399999998335
11671.300000024929
3548.3999999978682
11667.300000024914
2817.399999998533
11567.30000002455
11804.300000025412
5026.4000000007545
3493.499999997918
2933.3999999984276
11627.300000024768
11548.300000024481
3848.3999999975954
11524.300000024394
11625.300000024761
11804.300000025412
11616.300000024728
11634.300000024794
11778.300000025318
11703.300000025045
3218.4999999981683
6329.300000005494
4772.3999999998305
6584.300000006422
10648.300000021207
11700.300000025034
3056.3999999983157
11691.300000025001
11644.30000002483
11665.300000024907
3318.3999999980774
11772.300000025296
5861.300000003792
11718.3000000251
6323.400000005473
6699.3000000068405
11649.300000024848
10216.300000019635
9578.300000017314
11672.300000024932
11616.300000024728
10433.400000020425
2625.3999999987077
11683.300000024972
11621.300000024747
4833.400000000052
11621.300000024747
11623.300000024754
3294.3999999980992
11456.300000024146
11559.300000024521
10429.30000002041
8170.300000012192
8085.400000011883
11608.3000000247
2882.399999998474
8816.300000014542
3633.399999997791
11594.300000024648
8778.300000014404
5669.300000003093
11876.300000025674
2911.3999999984476
3164.3999999982175
11717.300000025096
11626.300000024765
2612.3999999987195
11594.300000024648
11666.30000002491
3148.399999998232
11742.300000025187
11594.300000024648
11535.300000024434
11590.300000024634
4070.3999999973935
4999.400000000656
7471.300000009649
9742.30000001791
11620.300000024743
7979.300000011497
11519.300000024376
2846.3999999985067
4772.3999999998305
1786.3999999994708
4312.399999998157
2819.499999998531
6645.300000006644
5726.400000003301
8288.300000012621
11625.300000024761
11719.300000025103
3096.3999999982793
11448.400000024118
11634.300000024794
11582.300000024605
5700.300000003206
10247.400000019748
2772.399999998574
4008.39999999745
10406.300000020326
2164.399999999127
4854.400000000129
8674.300000014025
8603.300000013767
11557.300000024514
11679.300000024958
5525.40000000257
5376.400000002028
11635.300000024798
11055.300000022688
11641.30000002482
5955.300000004134
6531.300000006229
11615.300000024725
8344.300000012825
11567.30000002455
5168.400000001271
7754.300000010679
11536.300000024437
6805.300000007226
6255.300000005225
10726.30000002149
6819.400000007277
4094.3999999973717
3002.399999998365
5044.40000000082
8228.300000012403
11697.300000025023
4622.399999999285
8924.300000014935
4656.3999999994085
2833.4999999985184
11763.300000025263
5584.300000002784
11499.400000024303
11625.300000024761
4195.399999997731
11628.300000024772
9114.300000015626
6471.300000006011
5104.400000001038
5739.300000003348
5253.500000001581
4786.399999999881
6254.300000005222
9068.300000015459
11675.300000024943
3658.399999997768
11549.300000024485
11729.30000002514
7453.3000000095835
6795.30000000719
11645.300000024834
11694.300000025012
9524.300000017118
5629.400000002948
11621.300000024747
2924.3999999984358
11589.30000002463
11593.300000024645
11551.300000024492
11645.300000024834
5835.300000003697
11718.3000000251
10866.300000022
8706.300000014142
2906.399999998452
11682.300000024969
11572.300000024568
5177.400000001304
11725.300000025125
11633.30000002479
8719.30000001419
11573.300000024572
3925.3999999975254
11645.300000024834
11638.300000024808
4918.400000000362
11778.300000025318
4242.499999997903
11600.30000002467
10119.300000019282
2648.399999998687
11573.300000024572
3344.3999999980538
5758.300000003417
7386.30000000934
5802.400000003578
8512.300000013436
7266.300000008903
10372.300000020203
8158.300000012148
4701.399999999572
11630.30000002478
11552.300000024496
5577.400000002759
11690.300000024998
11799.300000025394
7288.300000008983
5366.400000001991
5630.3000000029515
11589.30000002463
7776.300000010759
4261.3999999979715
11623.300000024754
3133.3999999982457
8199.300000012297
6300.300000005389
4731.399999999681
7997.300000011563
11608.3000000247
5536.40000000261
7064.300000008168
4712.399999999612
11615.300000024725
11641.30000002482
11710.30000002507
5831.300000003683
10899.30000002212
7440.300000009536
7323.300000009111
11662.300000024896
11687.300000024987
11866.300000025638
11618.300000024736
6200.300000005025
3905.3999999975435
11596.300000024656
11660.300000024889
11582.300000024605
3168.399999998214
11589.30000002463
9242.300000016092
9774.400000018028
5774.300000003475
7338.300000009165
11212.300000023259
10803.400000021771
11560.300000024525
