1069.9783600004564
1011.7674300004509
925.9764900002504
695.3298799998367
751.0312199998616
1087.6796900006739
778.4067299998258
918.5255300001963
717.359999999831
842.7036499998434
825.9319399998997
937.9080300002039
841.63697000004
879.9723800001246
967.9220400004601
981.8212800003332
1041.0974100002725
794.9195599998372
888.1524299998932
923.2537500002134
898.1126900002154
776.6162899999143
820.3186699998557
974.263690000452
758.0642199998255
939.9749200001658
896.9029800003158
768.8863199998721
847.236679999859
946.5744400000875
911.0303800004236
905.8712500001384
956.9234600002591
807.1506599998618
1015.0571900004898
773.1998099998334
1054.1578200005356
792.9720700000596
784.096669999869
965.3865000002781
897.3258800002566
684.5215399997905
1083.7396500006878
982.5635200002894
825.3671700000112
726.2437300000654
908.0167200001162
847.1691799998221
812.2267799998777
973.0401200002211
895.5134900001286
1010.722100000364
788.623549999818
894.3321999999591
870.5796400001293
848.320450000062
964.9159600004642
915.3493500000717
829.8156999999483
952.6559000002582
987.0815200003351
1085.3578600006183
778.656739999766
735.1639599997754
974.9714400003604
717.1679099998134
832.7216999998645
900.1346900000997
715.3932199998312
903.3076400002105
856.3227700001635
852.3133399999714
895.513900000263
1008.5914800006886
842.534470000134
1037.608480000456
812.5800599998647
865.8902000000354
901.4398700003233
898.5433500002084
730.7133599998398
837.4567899998676
824.4025600000238
807.4916099998915
950.9235700001856
788.3590799999312
922.6930000001682
824.3541199998946
876.5646300001151
853.9998899999965
912.1704000000526
793.3948499999284
955.9703000001119
816.9719099998639
741.9688999997469
880.3248000001506
994.2264600004706
887.0837000001384
991.384700000311
690.9679199998089
879.5545300003168
940.9958400004568
783.4257199998494
788.4663199998693
1039.6135200004692
859.4868799999942
977.4768700002787
1086.3551500005724
947.230340000423
822.5691899998518
788.8547899999049
944.4397900003131
967.0662500002906
781.8121199998327
737.478009999856
1052.321540000435
711.5849099998372
795.1035599999258
753.983109999881
838.8435400000885
894.8036200002882
772.1446200000232
903.9291300002011
1033.2737500005665
805.4634800000407
997.1881500004487
1061.7291200003572
803.3291599998774
802.8715799999786
713.6828699998193
703.2360899998295
995.4318200003978
981.9134600001652
901.8401200000891
991.3844300005321
801.4250799998503
818.9292899998866
995.3223000003422
862.3887200001022
840.3868200001468
1116.83437000062
679.498319999843
872.015360000216
850.7397500001348
892.5306100002184
932.380470000259
992.1821400004015
956.5019000002268
832.9891399999055
826.1440599999482
846.8729299999993
936.4179700003051
844.5295699998652
913.893750000228
931.3926900000546
917.2062399999631
978.0412600002315
1005.3735900005465
1065.5319800004704
862.6564100002283
960.2409300002531
773.5138499998465
1003.2608400004584
1023.6503000004869
721.2817499998299
884.2990800002453
1087.5349900006852
845.9441399999761
823.4918899998904
790.8959899999176
725.3119099998461
999.815350000616
848.8862600000134
844.9760599999581
687.5467799998182
847.7433400000232
781.182969999835
767.3700499998304
790.7089299999974
815.4760199998617
865.8389900001248
934.1489400002009
948.6589400001166
853.601539999927
858.9445400001725
754.3268699998692
1059.9760200005924
956.1177000001256
747.1936399998224
848.4521800002002
823.1100299998958
970.6319200001985
775.5448699999117
795.0709799998936
820.7342799998197
764.8722399998456
843.3355699999288
1046.5091900004804
827.1550700001945
1017.1548300004711
876.4880900000887
692.9878999998274
847.2838800001549
891.090330000206
899.1202000000319
840.9348400001455
932.5917600002019
836.4748799998238
807.3325499998346
929.7240000001003
949.389200000216
890.220700000085
926.2820500001757
935.677180000307
750.8322199998443
779.9620999999347
771.7284699998776
748.7887499997616
933.409790000239
762.6898099998716
901.1532900000458
928.7660500003461
960.6251800001949
867.5390800001
1033.0342600004037
880.6405399999664
735.6749699998318
783.5144299998797
975.3219700000909
897.7370500001146
665.8386199998276
898.5311799999233
782.2658699998038
866.3478399999726
806.688470000051
1146.6955600004806
824.6508899999588
773.4527699998514
945.8544400003002
875.029890000106
817.0474699999451
857.0555199998515
1043.8370000003915
739.2064099998265
896.8317100000462
795.3273299998832
882.2424900003102
734.3597199998071
878.2578700000214
689.0202599998779
1420.0483100004633
837.4113200001718
867.0435599999172
896.081450000095
1051.1921700003188
943.763830000323
906.0337400000952
852.675380000202
878.3278400001445
760.554399999806
786.896340000073
1044.4914100006881
985.090420000098
739.9078499998734
800.1046600000456
739.0058299999447
745.7621999998465
835.3224300000652
843.9184199998401
911.3478900001039
754.7670299998298
726.4433399998006
835.5051299999753
930.5167900002168
1072.8698000006927
866.0375000001467
883.7919500001894
1037.8932000006919
786.5814899998306
1009.7189400002482
935.1707200001547
908.6009599999888
756.146439999887
773.2350699999189
845.7316499999957
1028.5480800003245
910.9044099998484
801.4286299998798
647.878929999833
887.4626900001894
685.339239999882
890.3269300002377
862.7135900000051
1002.6746500004502
839.2087699999724
852.9410599998852
796.4831299999189
751.7186699998751
1020.4083000003415
832.6921199999856
854.0310700001305
882.1698000001245
1045.4804900005206
816.8641399998523
733.5363499997776
842.9547900001833
906.3242899999194
831.2535800000285
876.3983400000443
898.0837400000148
949.853500000132
840.8667000000731
824.3138200001532
925.4453800002036
948.6472400000446
881.8040800001893
810.4200999998877
863.4962000000186
857.785540000083
967.993130000251
821.8890500000406
748.4668999998255
756.2493099998593
887.2442700002225
868.8155500001769
824.4829999999678
1041.6148300004274
719.2740399997863
781.7892799999553
858.2269800002135
899.244950000311
778.3942799998943
918.7119400000732
780.5151399998268
762.7493899999015
800.7373899999485
1025.1556200003922
910.4219500001568
978.2362700004181
883.6855000001082
928.3880500002243
850.1086300000175
874.722050000029
1120.1635500006398
888.6305900001176
957.5239000003054
897.2070000001075
886.3908700001625
778.4582799998473
754.5846199998945
642.4451899998221
824.1712700000433
763.090109999832
937.4463400000636
796.1158100000414
881.9562400002525
924.3390100001712
930.8086400001231
1034.8519800001752
992.856710000367
859.047989999927
726.1419699998438
857.8975400002132
853.8579399999987
880.3081199999443
837.5855599998187
812.6502099999154
826.115179999973
972.3703300001761
911.9834300001555
929.8067400001735
738.387309999937
1004.5985500004078
949.5885300002102
1014.0506200002397
853.708070000168
1125.1195700007797
741.0670099999098
846.4072500000343
842.6219300001627
708.7241499998354
763.7142599998272
1012.40879000048
1046.6442700004472
842.1916899999746
978.6980400003456
902.5262800003425
1128.3227700005496
934.4141200000645
1051.3743900004622
835.9643899998632
1009.3383400002265
664.0817899998301
888.5737400000831
850.89337999985
1034.8026700005307
695.5067499998247
829.5288400000267
908.605820000157
918.8436400001748
958.0416900003471
1088.4282900005092
902.6693500001269
942.2412800002223
854.646290000117
870.8453300000785
919.9321199999941
1030.7882400002547
901.4518500000875
1183.752530000716
718.7513999997651
1014.8451200004284
923.9287800000274
915.0372500002761
986.6170900002721
1029.9190700003412
721.8931899998893
780.3590699998371
881.6976300001598
913.6201200002158
985.111310000545
1016.7529400004466
715.2351999998161
745.3660199998309
771.6578599998111
834.5337499999363
777.1473799999608
1000.0520300004797
826.1676500000245
990.9278400003775
896.5853700000226
1036.7324600001289
924.4795200002394
957.2369400003116
937.3865800001158
903.0833300002689
1007.3981100004867
867.2872799999255
882.6790400000132
731.9913499998065
852.395630000081
840.8301900000153
713.3873999997838
762.6942099998564
881.5518400000526
913.1339400000256
795.1872799999718
890.1034900000175
830.5702999999631
696.5290499998296
964.2240000003127
836.3310399999069
916.7032700003774
721.5997999997985
874.8219399999363
821.5313399999898
665.9138599998282
975.9868500003458
806.2305799999664
825.3911599999625
917.6455800004524
936.9588400004142
756.1817499999094
922.9292399999931
844.2532299999052
781.2574799998672
985.382150000271
928.7462300002926
811.0118999999378
851.8305199999808
855.9912900000965
784.5462599999518
1050.8896700005332
836.8193900000613
855.6212800001323
750.9301699998621
815.1424699999952
834.3135899999328
1072.9789300006266
850.1330899999838
924.5378700001207
1080.1015600005355
961.428060000013
722.0795499998673
999.5914800003048
701.0475199997978
788.4454899999198
966.3765400000676
803.7071399999322
818.0847399999068
819.1384499999837
826.5458799998196
933.7437400000698
856.4147899999513
1029.3858600003593
679.2376399997937
793.9411599999496
738.5741499998376
1092.791170000428
884.9356300000072
916.1096900002127
911.9862000001539
711.1735299998959
812.3610299998545
921.5619099999657
831.4961999998716
934.7705000002185
810.8989800000504
796.3144299999453
889.4613500000137
858.4229399999494
960.8579900004182
893.8444500000383
857.8735800001753
892.3999799999058
896.9059000000681
779.3505099998947
902.9675400000772
948.285990000162
846.208280000121
844.073889999831
825.1273000000094
853.5715800002312
937.0674900002101
902.7335400003237
1031.5521100003336
856.7051499999778
1007.604360000458
907.3507100001887
943.6462800001551
912.0115000000958
937.4577900001066
896.6901600000588
840.2707600000917
737.0492199998156
697.6406499998498
1014.4120600003685
758.6735799998202
805.3650399998481
976.3591200000512
919.7043600001826
675.0830899998168
1001.7949600005851
746.5530999998638
816.0422099999747
825.8159799999848
866.92670000008
765.316409999923
722.6230099998131
730.8891999998108
855.1970500000556
751.0774099998575
739.7554999998373
871.2370899999567
907.5165300001189
725.8360499999008
1018.1752100002334
860.1902299999477
884.2268899999519
826.5135000000171
909.8224300002586
839.5509399998815
785.5068299997838
805.8617899998791
743.9413199997947
1087.998590000495
873.3724900001187
826.9331499999244
797.8585399999175
878.6925899999482
1102.6462700004395
865.7005900000995
887.3771000001419
971.5251400003655
810.1486799998803
850.2717299999277
821.8694800001889
996.6842300003754
808.3829599999666
854.5485400001288
865.1575900000659
809.9273800000607
921.3712900002773
856.6347800001888
881.0506900000127
680.5619499998127
867.8993799999045
941.7291100004359
697.7279199998032
721.9190199998742
1003.929150000294
765.0476999998133
953.5273900002425
969.4884200001669
823.7562800000087
779.793749999849
766.5213599998847
837.3889899999429
931.3436200003118
726.295409999881
896.7923500001053
795.8843899998869
720.6509199998077
748.2374599999196
791.6567900001328
743.5934599998078
753.7474099998398
886.9303399999831
963.2005500003311
915.4475200000373
998.8148900003249
806.6717299998801
714.7178499998369
861.2998000000983
769.4161499998054
958.4600000003051
1013.2360500002941
943.980860000276
1014.7501700004437
837.2437900001853
1010.0228600003121
829.3128200001805
897.3396299998545
880.7390600001496
923.226350000145
931.1692900003648
1092.4111800006044
961.658260000339
905.5358400000562
813.7211899999772
841.7522799999748
853.3941199999474
721.3232999998975
913.2506900001013
946.1503700002468
875.9808400000189
792.4148199999067
852.0063600001994
1075.181330000705
923.3846800002857
775.6526599997898
768.775040000026
1021.1530800005291
928.379560000286
1014.0368700004899
1106.6994600007308
757.3134499998174
934.4305300001984
938.4866400000325
800.4475600001338
759.6975199998285
904.8963200000908
873.8821900001446
832.8971199998142
863.3859399998645
851.467189999978
805.010579999941
1033.496690000502
824.3322199998978
822.5221299998742
860.5845800000358
894.0124800002918
867.3468500002084
837.9891600000113
1064.0349500006942
904.6425200002145
843.4801899998691
762.7209099998512
808.6821399999602
813.7178799999228
933.9548000000877
811.5138200000057
951.3589900002323
920.0612800000282
839.7843099999665
946.7146900003463
798.559419999763
991.4485400004893
882.1215800001548
717.0412999997637
824.4507400000313
808.7045499999258
853.1757800000312
917.2777000000523
790.0837300000442
914.0094400000883
1129.922860000448
831.2722699998708
796.0559999998289
959.0914900001626
965.0793900002687
836.0889399999307
819.0871399999539
987.6182400002458
1023.2693100003868
833.0808400000548
894.9834500001589
895.1382999999713
1027.5758700005395
938.035500000047
1067.143450000461
873.1056299999193
868.0331900000418
957.15384000024
931.8307400003323
788.3976799998475
815.8258000001919
771.9194599997994
840.693490000016
814.8431800000128
980.8095500004879
1005.4713400003276
799.9854299999555
844.2325199998994
984.7688000005477
936.7973400001225
947.6707900002689
917.8567700000896
930.8283200002032
964.1516100003657
837.3020799999048
773.0210299998148
928.3248900002279
876.1282899999824
789.0074799998998
973.7633200002066
760.9269699998066
864.1420799999515
918.3236500002502
922.9681699999132
907.055930000196
801.6159799999242
973.7018400003741
842.6206899999866
947.953940000149
960.7773400004287
877.0789900000215
936.024500000232
960.3880900000595
986.3104500003085
765.3994300001627
973.2646100003926
915.4678300002528
899.2713700002714
730.3832099997802
691.1627399998962
1050.8210000004353
749.3022999998161
998.2885000003408
904.9138800002423
948.9325300002182
836.8249799999851
1004.6089300004279
775.7289599999766
743.774299999788
838.4706299999775
901.9126000000554
993.8814400003679
803.8471100001339
987.4057500004538
968.0352300002737
797.8223299998771
846.0697799999792
778.2456799999073
1019.0260400004213
964.2420099999788
974.2628500004605
1092.2773400004762
819.2126099999385
799.649819999898
721.9990099998224
894.4882400001766
703.8298499998112
864.0098799998949
939.6903500004435
814.8772899999519
1091.1000400003797
988.8238700004424
935.7749400002639
935.873530000006
974.7085600003417
730.6560099999068
799.7824099998554
905.4525100000227
811.6415899999648
732.1071999998244
1037.516700000533
861.666470000012
983.7377900003022
894.9340100001016
1081.1873800005576
855.1554799999001
1086.9335100004384
883.143939999999
1014.4611300002965
827.0462800000258
1029.2026200002167
1057.8602700005247
893.4570500002261
940.673800000198
871.4395499999295
940.670600000298
905.5900600003538
878.3774399998689
1081.9542800005645
924.572780000158
909.1560800000665
894.1156600002994
907.4056800001262
884.3251899999361
975.9012700005369
767.2788099998934
968.4653300002897
1046.8350300004684
758.8194800000795
800.5042799999409
728.6724599997996
761.4998099998952
876.0131999999453
964.5714400003552
892.4857800000365
871.4081500001594
1074.1363800003387
700.2028099997976
810.9664099998232
1043.5177000004626
1067.7060300006297
861.8937399998954
1001.7251000005299
1010.5404400004342
770.2064399998744
1106.3104000006333
1031.9832900006668
840.6236700001532
909.961240000169
763.8290699998851
769.9689099998129
963.3431500002346
1037.1830400003066
921.7826900001753
1012.6268700002723
857.251840000206
846.5945399998586
959.3114300000441
673.7256299997908
772.0225899999475
757.9621499998509
878.0922799999271
853.6929100001049
955.8084700002626
946.2764000002228
878.0867100000658
809.7241799998365
653.7233699998324
946.0937800003059
925.0722500002958
756.0622499998238
817.8639200001626
824.6087499998569
767.6047699998276
880.4135400001242
739.3990099998067
866.000850000045
809.5250300000512
983.527700000233
948.3078800004514
1022.1604300004298
780.4832799999745
773.2217799999662
820.8687600000344
1003.3325100004695
956.4524300002643
1005.0713800001536
892.4343900000395
909.9064800003176
824.4811800000356
862.8214700002312
896.8206400000344
796.0947299999802
869.4446800002505
1016.415210000231
877.1813500001308
848.1663400001484
856.1533700000354
755.8775799998858
822.2767499998345
830.8071800000662
796.028979999915
1065.0228100005565
785.4163199998953
1050.3013900004917
835.1616099999092
781.5735099998514
1120.7452000005474
780.1707299999345
894.8258600003887
935.9821500002685
779.524209999782
925.2942800002185
856.6573400001201
960.7431800000086
825.8457099999501
899.9938999999139
766.160459999925
977.6801800001183
786.4448599998656
751.3152999999112
1008.5469300003199
896.0577299999522
960.2137700004648
880.3825700000237
842.0441299999852
824.4509800000608
965.445540000358
997.8512000002979
842.0755200000127
818.4174699998158
983.3771900003785
761.0890799998373
914.5764900002249
883.6385300001502
730.4695099998414
1026.9795100004383
875.8615899999885
957.4198900002282
995.9697300004738
888.5164500001375
760.409009999821
966.3506300002622
937.6423400002994
894.4301000000424
847.4916999999824
891.7540400002378
910.1883900001537
941.8837500002898
859.01173999994
808.1065299998561
976.419380000383
798.6409199998864
1063.884790000423
807.665319999944
936.6903000002868
797.9743399998348
736.9906199998311
810.534699999987
817.0934399998939
814.3210899999941
928.1298900001738
789.0181099999556
892.8400299999681
813.3344699999974
1003.5116600002095
973.405040000258
912.3047500000906
972.4443800002878
883.4353300001758
951.0636200002023
1004.4645400003594
1223.5311200005337
993.321530000341
866.6315899999628
817.8178399999559
971.3889600003832
782.243129999976
848.4712500000309
975.1431700003607
817.7763399998573
972.3085900003504
911.6109900001113
734.2579099997689
920.391040000207
905.4163900001685
856.6935099999522
854.6530200000618
838.7742699999612
934.1550800002274
870.9555300002004
970.1863600002678
735.4787599998086
1018.8525600004132
855.5532900000129
1042.5159200004332
930.5645200003217
1013.9884400003748
1098.6391000005588
980.6550500004502
970.9764200000916
868.5960500000263
1007.074700000564
962.8046800002234
836.0838600001413
782.3671299998525
815.9157200000665
726.6797999997958
787.9893399999372
889.3672400000729
996.5549000002991
893.2893000003253
711.3130399998167
827.5727100001579
