16533.200000039902
15982.200000040611
15245.20000003793
6992.400000007907
5868.400000003818
15997.300000040666
5865.300000003806
15015.200000037094
5762.300000003432
5814.2000000036205
7394.300000009369
16130.20000004115
11566.300000024547
12432.200000027697
14976.300000036952
15147.200000037574
15706.100000039607
6946.400000007739
8072.200000011835
10414.300000020356
10969.200000022374
9280.40000001623
6768.3000000070915
15553.300000039051
7893.400000011185
10277.200000019857
14578.300000035504
5838.400000003709
12576.10000002822
10363.20000002017
14476.300000035133
8557.4000000136
15192.100000037737
11987.200000026078
12978.300000029683
6258.4000000052365
15548.100000039032
10595.500000021015
8031.300000011686
11574.200000024575
14617.200000035646
5023.400000000744
15934.300000040437
16506.200000040295
11075.30000002276
14381.400000034788
14088.10000003372
11789.100000025357
7227.400000008762
15131.100000037515
12708.2000000287
16144.2000000412
10201.20000001958
7084.300000008241
13308.200000030884
8500.300000013392
16034.300000040801
8615.400000013811
7075.400000008209
10325.300000020032
15139.100000037544
15696.300000039571
5330.20000000186
5275.30000000166
15471.300000038753
8694.200000014098
12367.10000002746
11379.200000023866
6076.400000004574
14982.200000036974
14591.300000035551
9557.200000017237
14843.200000036468
15486.400000038808
15344.30000003829
13515.200000031637
15374.2000000384
16117.200000041103
14537.300000035355
16497.300000040424
7730.300000010591
8243.200000012457
8084.4000000118795
15265.200000038003
11480.300000024234
11059.300000022702
12023.30000002621
14952.100000036864
12437.200000027715
8011.400000011614
14015.200000033456
15048.200000037214
9040.300000015357
8426.200000013123
7029.400000008041
15144.200000037563
16319.300000041838
11697.300000025023
15696.10000003957
9822.400000018202
14917.300000036737
15157.20000003761
6156.400000004865
7340.300000009172
16079.200000040964
15478.300000038778
15303.100000038141
16355.200000041968
16929.300000034138
5779.300000003494
7485.3000000097
14992.20000003701
15692.300000039557
5771.400000003465
15033.30000003716
16539.300000039813
13645.30000003211
15325.200000038221
14701.300000035952
15674.400000039492
15087.400000037356
15011.40000003708
15172.200000037665
15167.200000037647
11322.300000023659
15548.200000039033
16086.10000004099
15578.200000039142
9418.300000016732
7780.300000010773
9016.30000001527
15680.300000039513
9264.300000016172
9675.300000017667
15047.20000003721
6809.300000007241
6589.30000000644
15750.200000039767
12638.100000028446
13715.300000032365
17227.200000029803
7042.400000008089
13396.300000031204
14426.400000034952
14684.30000003589
15648.100000039396
15622.300000039302
10368.200000020188
6617.300000006542
15320.200000038203
10630.200000021141
13358.300000031066
15758.300000039797
13476.200000031495
10365.200000020177
8275.200000012574
14946.100000036842
15293.300000038105
13606.100000031967
15189.400000037727
11605.200000024688
7716.20000001054
16247.300000041576
15865.300000040186
14914.200000036726
14535.300000035348
15729.300000039691
8283.300000012603
9331.400000016416
8884.40000001479
5880.400000003861
15319.3000000382
10268.200000019824
10877.20000002204
5280.400000001679
9722.300000017838
7864.300000011079
14929.20000003678
15146.40000003757
6385.300000005698
10068.200000019096
15026.200000037134
10955.100000022323
6935.300000007699
14724.300000036035
6941.400000007721
15317.200000038192
10590.200000020996
5663.400000003072
14636.300000035715
6641.3000000066295
10398.400000020298
9146.300000015743
6767.400000007088
5764.200000003439
7226.500000008758
10971.100000022381
16082.200000040975
13170.400000030382
15398.300000038487
16545.300000039726
5541.400000002628
12781.200000028966
8457.500000013237
8628.200000013858
10938.400000022262
15850.200000040131
7254.200000008859
8547.200000013563
12103.2000000265
10958.300000022335
16482.300000040643
12034.40000002625
15076.200000037315
8313.400000012713
14846.200000036479
6820.400000007281
5353.300000001944
15337.200000038265
6804.400000007223
10510.200000020704
15665.300000039459
11306.2000000236
12270.300000027108
15919.200000040382
11643.200000024826
5914.300000003985
6196.300000005011
8681.20000001405
9823.200000018205
14182.400000034064
8933.300000014968
7191.30000000863
8368.300000012912
8283.400000012603
17046.10000003244
7633.300000010238
8423.300000013112
15198.20000003776
10465.20000002054
10413.300000020352
6568.300000006364
16115.200000041095
6288.400000005346
16097.20000004103
14141.300000033914
14675.200000035857
7704.400000010497
7560.400000009973
7081.400000008231
19531.199999996275
14576.300000035497
15656.200000039426
8284.400000012607
15963.100000040542
14942.200000036828
11559.20000002452
14522.3000000353
12454.300000027777
8359.40000001288
15262.400000037993
15959.200000040528
10354.100000020137
14509.200000035253
9987.400000018803
12760.40000002889
6106.4000000046835
9385.300000016612
6269.200000005276
9253.400000016132
5459.40000000233
6156.400000004865
8290.400000012629
16057.300000040885
16329.300000041874
10936.300000022255
11784.30000002534
15736.300000039717
5791.300000003537
11017.200000022549
10527.300000020767
7110.300000008336
6288.400000005346
7154.400000008496
7609.300000010151
12111.200000026529
6749.200000007022
6612.300000006524
6116.50000000472
14715.200000036002
6728.400000006946
14609.300000035617
9400.100000016666
13585.200000031891
15322.30000003821
10051.200000019035
8147.400000012109
7400.300000009391
15439.100000038636
9889.300000018446
14529.300000035326
16129.300000041147
15673.300000039488
7755.400000010683
14440.200000035002
14706.20000003597
7266.200000008903
11308.300000023608
9657.200000017601
8117.200000011999
11448.300000024117
9196.400000015925
11018.300000022553
15120.200000037476
7511.3000000097945
14980.200000036966
10656.300000021236
8617.300000013818
12690.300000028636
15496.200000038843
11694.300000025012
6519.400000006186
8899.200000014844
14574.30000003549
14823.300000036395
8383.300000012967
16078.20000004096
4406.299999998499
9055.200000015411
14516.300000035279
15225.300000037858
7242.300000008816
11246.100000023382
5589.400000002803
6544.400000006277
7267.400000008907
16284.20000004171
12834.20000002916
15567.300000039102
10405.100000020322
15037.200000037174
15761.100000039807
8202.400000012309
16401.200000041823
11511.200000024346
15111.200000037443
10802.200000021767
14554.300000035417
6401.300000005756
6747.4000000070155
6553.40000000631
11746.200000025201
6466.300000005993
8638.200000013894
11460.30000002416
14772.30000003621
12864.300000029269
9972.100000018747
10684.200000021337
15888.30000004027
7719.300000010551
5794.4000000035485
14446.200000035024
15416.100000038552
12159.200000026703
12607.200000028333
8604.400000013771
7643.400000010275
15212.10000003781
14848.100000036486
11155.200000023051
14695.30000003593
15280.200000038058
13802.20000003268
15491.100000038825
14912.30000003672
16612.30000003875
7469.400000009642
8689.30000001408
14626.200000035678
6717.400000006906
6033.400000004418
15822.40000004003
13717.200000032371
7273.400000008929
14955.200000036875
13735.300000032437
13673.200000032211
8061.300000011795
16739.300000036903
6827.200000007306
13470.200000031473
5526.4000000025735
9346.20000001647
15493.100000038832
16156.200000041244
8717.300000014182
8841.200000014633
14790.200000036275
16392.200000041954
14742.2000000361
16485.2000000406
10469.300000020556
11805.200000025416
15530.300000038967
11633.20000002479
7652.3000000103075
9601.200000017398
11014.200000022538
15512.200000038902
5286.4000000017
15872.200000040211
16298.10000004176
12187.300000026806
15097.200000037392
15852.100000040138
6299.500000005386
6521.400000006193
14771.300000036206
13083.300000030065
16081.300000040972
15022.200000037119
7152.400000008489
7483.300000009693
5753.400000003399
6888.300000007528
7806.400000010868
15762.300000039811
13028.200000029865
13043.30000002992
15658.100000039432
10747.200000021567
15388.20000003845
15413.200000038541
11934.100000025885
12181.300000026784
16008.200000040706
8098.30000001193
9861.200000018343
14454.200000035053
11680.300000024961
8324.500000012753
4462.299999998702
12182.200000026787
9395.200000016648
9259.200000016153
7837.400000010981
16117.300000041103
7892.300000011181
9688.300000017714
15125.200000037494
7037.30000000807
14585.30000003553
4891.400000000263
8719.30000001419
7609.400000010151
5581.500000002774
11436.300000024074
7897.400000011199
15215.200000037821
14403.300000034867
15145.400000037567
14722.300000036028
7373.200000009292
6989.3000000078955
6654.300000006677
15604.300000039237
14715.200000036002
15485.300000038804
7452.40000000958
11410.200000023979
8382.300000012963
16462.200000040935
10430.200000020413
13335.200000030982
6951.300000007757
15462.30000003872
7507.30000000978
15675.300000039495
9598.200000017387
9564.400000017264
16370.100000042023
8221.300000012377
14549.200000035398
15737.20000003972
6219.400000005095
7321.500000009104
9577.30000001731
7179.400000008587
7014.3000000079865
14352.200000034682
5903.200000003944
10488.100000020624
8469.30000001328
15811.20000003999
5623.400000002926
14705.200000035966
11379.300000023866
16405.200000041765
8887.3000000148
16340.200000041914
9760.400000017977
14258.40000003434
6929.300000007677
8169.200000012188
15174.100000037672
15227.200000037865
8296.40000001265
8672.300000014018
7978.400000011494
8664.200000013989
15736.400000039717
8934.300000014971
14352.300000034682
12544.100000028104
9987.200000018802
7046.400000008103
17018.200000032844
17193.200000030298
10864.300000021993
8613.200000013803
14995.300000037021
14621.30000003566
14221.200000034205
15352.30000003832
15911.200000040353
8599.300000013753
16242.300000041558
15154.3000000376
15031.200000037152
15525.100000038949
9015.400000015266
8724.300000014207
13392.20000003119
8147.300000012108
7939.400000011352
16202.200000041412
6062.300000004523
6274.300000005294
10051.100000019034
10041.200000018998
5099.40000000102
16321.300000041845
14750.30000003613
10877.20000002204
9037.300000015346
10260.200000019795
10125.300000019304
10576.300000020945
9072.200000015473
8258.400000012512
6379.400000005677
14639.300000035726
9096.20000001556
10537.200000020803
7315.400000009082
15470.100000038748
7530.200000009863
7849.200000011024
8253.300000012494
14843.200000036468
7074.300000008205
5118.300000001089
6422.300000005833
6692.300000006815
16105.30000004106
16679.300000037776
7079.300000008223
7512.4000000097985
8358.300000012876
15856.100000040153
12387.200000027533
12484.300000027886
15263.200000037996
7124.300000008387
8757.300000014327
14257.300000034336
15852.200000040139
10822.20000002184
12075.300000026398
9193.200000015913
8940.400000014994
14969.200000036926
10943.20000002228
8392.200000013
5654.400000003039
7341.300000009176
16144.300000041201
6899.400000007568
7036.400000008067
10920.200000022196
14981.20000003697
15304.100000038145
10745.100000021559
8835.400000014612
15071.200000037297
8104.500000011953
7424.300000009478
15655.300000039422
6707.40000000687
10955.300000022324
6910.300000007608
6582.400000006415
6734.500000006969
9985.400000018795
6218.300000005091
14711.300000035988
7418.200000009456
15538.200000038996
9146.400000015743
15337.100000038265
7857.300000011053
8526.300000013487
10776.200000021672
5818.500000003636
13900.300000033038
12466.30000002782
13011.200000029803
15555.300000039058
14492.20000003519
11930.20000002587
14433.300000034977
6265.200000005261
14646.300000035752
10166.200000019453
15287.300000038083
15689.100000039545
13734.300000032434
8499.40000001339
13556.300000031786
15257.300000037974
9013.200000015258
7235.400000008791
10469.200000020555
13513.30000003163
9177.300000015855
7609.400000010151
13639.300000032088
15984.30000004062
14919.300000036745
6694.300000006822
15789.40000003991
15962.200000040539
15370.300000038385
14856.300000036515
16484.300000040614
9865.200000018358
15213.100000037814
8248.200000012475
9843.300000018278
5411.400000002155
11352.200000023768
8995.500000015194
5636.300000002973
15626.100000039316
9517.200000017092
7455.400000009591
14988.200000036995
13521.200000031658
15190.10000003773
10982.100000022421
14881.400000036607
14563.20000003545
8805.400000014502
15951.300000040499
15142.200000037556
6311.200000005429
13150.30000003031
8677.300000014036
7442.400000009544
14083.200000033703
7871.400000011105
11179.200000023138
9161.200000015797
7761.400000010704
15105.200000037421
5182.400000001322
15126.300000037498
15474.300000038764
5253.30000000158
9286.300000016252
7531.400000009868
15991.300000040645
11206.300000023237
15237.400000037902
10359.200000020155
16911.100000034403
7782.30000001078
5594.400000002821
9073.400000015477
15304.100000038145
8170.300000012192
7543.300000009911
12028.200000026227
15731.300000039699
9804.300000018136
10925.400000022215
15881.000000040243
16695.300000037543
8292.300000012636
13509.200000031615
8640.300000013902
9453.20000001686
15149.200000037581
14814.200000036362
5649.400000003021
14209.400000034162
8403.30000001304
9029.200000015317
10617.200000021094
15071.300000037298
11815.200000025452
7910.400000011246
7379.300000009314
16860.300000035142
11111.10000002289
15783.300000039888
11670.100000024924
16495.300000040454
15777.300000039866
7723.300000010566
5467.400000002359
15017.2000000371
7795.300000010828
6793.400000007183
10723.20000002148
7099.300000008296
8714.20000001417
14225.20000003422
7361.100000009248
14724.200000036035
6879.400000007496
15995.30000004066
8968.300000015095
10289.1000000199
15304.400000038146
9299.200000016299
15127.1000000375
8696.200000014105
15718.300000039651
14110.400000033802
15800.30000003995
15062.200000037265
15309.300000038163
6088.400000004618
9162.3000000158
15709.200000039618
8981.100000015142
15707.200000039611
14330.200000034602
13685.200000032255
10031.300000018962
15662.200000039447
7605.400000010137
14160.200000033983
7473.300000009656
8578.400000013677
11331.300000023692
14181.30000003406
13877.300000032954
15458.100000038705
6401.400000005757
15407.10000003852
6768.400000007092
15960.200000040531
7005.200000007953
15392.400000038466
16788.100000036193
8637.20000001389
6650.400000006663
6135.300000004789
14821.200000036388
14328.200000034594
7260.200000008881
15395.300000038476
15220.100000037839
16362.100000041994
16098.300000041034
15221.200000037843
16178.100000041324
15792.30000003992
6015.4000000043525
9922.200000018565
8564.100000013625
9624.200000017481
13531.300000031695
16034.2000000408
7163.400000008529
15573.200000039124
15634.200000039345
17799.300000021478
6749.300000007022
16272.000000041666
9535.100000017157
15650.200000039404
9221.300000016015
10684.100000021337
16765.300000036525
13887.30000003299
13498.200000031575
15984.200000040619
15278.20000003805
13687.300000032263
6234.300000005149
17246.300000029525
14978.200000036959
8761.200000014342
15606.300000039244
14717.20000003601
7091.300000008267
16613.300000038736
14856.300000036515
14665.10000003582
12951.200000029585
10744.400000021556
15449.300000038673
6169.300000004912
12122.30000002657
7481.300000009685
15625.300000039313
12110.200000026525
9687.30000001771
16001.10000004068
5757.400000003414
6674.200000006749
16165.200000041277
15775.300000039859
6442.200000005905
15881.300000040244
15930.200000040422
6191.300000004992
16657.200000038098
15684.300000039528
14508.30000003525
14756.200000036151
7395.3000000093725
8252.30000001249
11333.300000023699
14161.100000033986
14952.200000036864
12099.100000026485
14666.300000035824
6257.3000000052325
8728.200000014222
4416.299999998535
7998.400000011567
5733.400000003327
10529.100000020773
9606.400000017416
12355.300000027417
15535.300000038986
15811.20000003999
6264.300000005258
14122.300000033845
15102.20000003741
15256.30000003797
9086.200000015524
13021.30000002984
6782.200000007142
7329.300000009132
13752.200000032499
5405.300000002133
8837.400000014619
11509.200000024339
12318.100000027282
14741.300000036097
15810.200000039986
8544.300000013553
8219.40000001237
15266.200000038007
14970.30000003693
14790.200000036275
10195.200000019559
10104.200000019227
16614.300000038722
11458.200000024153
15347.300000038302
8943.300000015004
11387.300000023895
14412.3000000349
10932.10000002224
9806.200000018143
13718.300000032375
10108.300000019242
6980.300000007863
6533.200000006236
8194.40000001228
12104.300000026504
16153.200000041234
8190.300000012265
13344.200000031014
8474.200000013298
6015.4000000043525
16847.200000035333
8353.300000012858
14350.400000034675
15365.200000038367
7433.300000009511
15149.200000037581
12159.300000026704
11047.100000022658
9461.400000016889
9086.100000015524
8118.400000012003
9310.30000001634
9734.200000017881
12159.200000026703
15472.200000038756
7491.200000009721
15362.300000038356
16116.200000041099
10572.30000002093
10726.30000002149
15689.300000039546
15460.200000038712
13723.200000032393
9173.30000001584
15661.200000039444
5858.300000003781
15103.200000037414
14786.30000003626
14664.300000035817
16079.200000040964
9325.200000016393
15358.100000038341
15114.300000037454
12081.20000002642
6490.30000000608
15170.200000037657
15145.200000037566
9031.200000015324
16097.30000004103
15036.20000003717
12141.200000026638
15274.400000038037
7562.30000000998
15341.10000003828
15723.30000003967
8503.400000013404
16406.20000004175
7184.400000008605
14864.200000036544
13519.10000003165
5963.300000004163
15654.300000039419
6736.300000006975
8995.200000015193
11009.10000002252
8710.300000014156
12775.100000028944
11345.300000023743
14218.100000034194
12003.100000026136
8742.300000014273
15282.100000038065
14818.300000036377
10289.3000000199
15662.200000039447
17925.200000019646
11991.300000026093
8901.300000014851
8566.200000013632
15597.300000039211
11927.40000002586
7959.400000011425
15572.30000003912
6284.300000005331
12349.200000027395
9888.200000018442
7732.3000000105985
11489.200000024266
14953.200000036868
9352.200000016492
11166.200000023091
7966.40000001145
15407.20000003852
16910.400000034413
15420.100000038567
8738.200000014258
15391.200000038461
10637.200000021166
12119.200000026558
16609.300000038795
15721.200000039662
16476.20000004073
15664.300000039455
10355.10000002014
7824.400000010934
15025.20000003713
15264.100000037999
14771.200000036206
6214.400000005076
16480.300000040672
12266.300000027093
13252.30000003068
9149.200000015753
11360.100000023796
16120.300000041114
13680.300000032237
14544.20000003538
