453.07764000021257
443.9943200002784
386.40028000022954
235.59645999999677
264.50011999998156
500.4839400004628
267.44498999999064
373.38885000022833
242.7212999999967
284.3745799999888
293.4112999999727
375.2022800001531
325.9610000001359
352.21337000014245
441.5449000004108
422.9731700002907
421.178880000232
270.99158999999054
315.23321999999797
373.0429100000627
368.159480000124
280.3331499999711
282.89143999998413
441.53668000029126
258.14306999999195
360.17436000000106
392.4837100002991
273.19831999997837
284.8319299999878
361.41403000002765
418.71221000029175
344.89907999994045
287.07881999999
282.2303699999831
445.79779000024945
266.75350999998705
481.096230000445
243.16207999998548
271.88056999998463
388.4401500000659
386.200970000227
221.9992500000102
502.1685700004727
401.9253700001606
317.83880000012454
288.3813800001171
361.1173100002129
287.5934199999896
285.8994099999825
401.91963000023236
354.11828000013696
420.7304200002085
268.7811799999937
320.40744999996105
351.12786000018207
328.1697599999998
431.425210000231
351.155669999966
299.6782899999621
392.25565000007344
385.90510000023846
504.88727000047965
255.18555000000694
240.97043000000534
422.56716000028786
240.90560999999892
283.5934499999861
355.2255800001
246.70985999999277
375.7034000002347
352.48340000024604
316.74796000004716
384.9909900002188
374.9137600002156
340.2845300001822
436.0452500001741
276.6922899999902
321.6635999999491
400.9812000002985
360.031520000061
295.0829899999859
331.78999999997046
264.12694000002267
284.5394099999804
370.91958000005195
279.1700399999737
367.9073900000941
290.8965300000209
341.5769900001605
318.0164199999577
324.9992399999969
289.9090200000239
347.00731999995094
279.7215799999829
237.18064000001465
349.4722100001747
437.54127000024477
352.4028900000878
412.480840000218
226.2644700000066
387.798030000222
429.26839000036273
271.7300199999862
277.5429799999914
450.0422400002659
322.1081999999829
408.72350000022226
473.3605500002534
413.9380200002119
281.40863999998567
291.9048999999744
409.3787800002931
404.6260700002181
266.2263799999911
255.15285999999173
440.80429000019944
240.55814999999726
287.1281899999899
266.76634999998254
326.9026600000102
384.8955200002137
294.90226000002366
373.61465000023946
479.47857000048657
304.6945500000005
440.44630000032356
434.62499000021546
281.8156799999836
240.07945999999865
247.21829999999343
234.63503000000276
429.6762000002451
370.3780399999465
343.9986999999968
461.1900500004914
278.02832999998515
289.92813999997344
422.9347500002337
347.05571000016323
345.8586200002139
518.3717400003346
233.0452699999944
369.82049000022596
346.4398200002511
377.0093100002295
387.79423000023877
432.17166000022036
372.2931500000044
294.90285999997263
303.3406900000242
321.4235500000977
393.09098000015905
290.02578999998786
377.41967000015006
352.0805400000424
334.40494999997713
400.9911900002048
468.53448000045915
453.92676000026955
338.4796600001688
368.99165999997354
267.38535999998834
442.2805600002474
449.2378500002813
355.91879000023965
378.8958100002259
509.4870400004703
311.03625999998275
291.68818999997455
279.50640999997523
250.5597099999892
485.2265700004687
317.92659999997613
310.7576600000186
228.5405500000035
326.5484000000513
264.5198999999909
261.5150799999976
293.95145999996123
284.35333999998136
348.16278000007406
383.7431600002359
369.1389200000457
270.1100999999866
356.87140000024084
265.6287099999887
488.35991000039087
364.4285200000323
253.71810999999448
357.32162000023527
292.08918999997246
368.3441799999853
277.82059999997307
276.56100999998137
279.13482999999064
263.40916999998825
303.2390999999832
464.8293400003169
351.0048500001811
455.7054900003886
336.72389999995744
229.98934000000176
351.1618700001678
336.49233999992407
332.6876499999687
344.94563000005473
371.71069000019327
280.6118299999913
274.4998599999893
341.99647999994073
382.42805000005916
447.31758000022245
363.25281000009744
404.0460700002601
260.3522599999885
285.8946000000314
276.30630999997777
243.22218000000925
413.8203600002707
270.0045099999805
343.67384000006206
396.6905200002068
368.5182100000371
344.7551100001442
323.96526999996047
305.52418999997025
249.47439999999517
267.64464999998575
355.39637999993795
348.80461000004607
220.33266000000742
323.93653000002877
263.16789999999435
316.84825999998236
314.82710000004835
474.0162100002315
291.92287999997325
265.8123399999884
400.0492600002458
345.21338000005323
298.02716999998296
293.4998399999839
440.15831000020216
249.87254999999587
336.10034000002685
279.92751999998114
396.9024100002809
248.00355999999607
315.61557999995534
242.57186999998711
632.2499600004517
348.2124200002418
299.71817999997734
338.1717099999444
438.13734000021424
410.919290000314
354.62960000010236
361.0325100002334
358.7058000001649
254.31923999999694
312.27186000004514
489.87115000047083
363.1152900000168
260.32737999998955
314.1500400000568
274.2987599999652
259.7354999999882
333.57332000000315
291.6916299999825
343.6236299999746
260.991229999988
240.797850000001
310.3609299999852
381.4357000000707
513.5110500004271
349.9987900000562
360.0939100001059
499.205780000451
271.34567999998836
393.08367000000266
359.2262600000068
322.52574999995954
269.1316999999787
282.8185099999754
322.5273599999448
411.85341000010555
309.9717799999828
278.015369999982
215.13438000000372
370.3548800002374
237.45635999998987
378.17469000022714
329.7519400000221
430.97893000015307
299.9502899999691
294.7057699999782
288.71448999999774
261.76093999998585
429.71423000022054
315.91342000007404
233.17245000001196
338.2789100000576
471.4928400004262
279.20632999998384
241.21212000000935
240.35060999999988
316.4550199999687
312.75064000006233
328.7501600000243
328.137229999954
365.90835000007144
323.4179899999801
346.98491000011313
379.9940300002413
337.5781299999498
364.62897000024185
289.527199999973
326.60174999998384
339.55330000018074
471.39026000044896
322.10042000014624
251.34893999999514
261.63860999998684
375.5626000002309
359.3248200002397
305.538090000003
439.53131000022825
236.29601000000338
290.457170000058
363.39401000023076
391.5453100002074
277.8231699999887
359.2067200000851
266.7267999999911
267.078409999981
295.8712199999589
427.23626000020596
366.00410000013966
426.3097200002557
348.3438500000448
387.80847000023226
313.8320499999933
329.7975099999671
499.1857400003398
352.7794800001003
407.4494500002615
349.96195000005304
365.84080000024153
271.19786999998576
260.55926999998337
210.5166700000086
322.4480600001379
258.76390999999217
343.1126299999503
316.7686200001412
377.8878000002335
355.24568999998667
300.1382599999694
385.6044100000114
421.93545000020765
305.36385999996503
251.14939999999183
364.30330000023156
317.2021500000586
313.6934199999661
281.30636999999354
287.9909999999719
302.4283099999575
279.652149999995
371.2871200002444
366.3043300000432
332.47776000024845
447.4590600002628
383.8389200001641
412.86861000023373
359.1446900002171
527.7145700004614
267.018520000009
326.52740999999355
348.78269000024505
241.4468599999958
259.87868999999256
440.2539300002854
424.41744000008214
311.3644299999537
413.1219500001703
409.4894000002738
463.78341000015
346.6817599999385
448.02289000018703
291.33883999997835
399.37983000013475
221.54317000000407
342.7921000000371
292.0867299999866
453.45534000027396
233.84967000000182
319.97626000000866
370.5172400002504
393.3239700002251
421.6866800003419
464.48751000023617
288.34009999997016
388.54863000016223
338.02400000004417
339.9823500001122
331.0175599999547
383.4133799999353
351.1034700000772
489.4610300001259
253.55659000000392
439.66716000020597
336.07070999995557
380.86028000012635
412.09444000026156
427.1406000002153
269.97873999996943
268.78949999998827
361.55579000024426
381.2257200001748
455.41059000032294
455.93800000043177
237.99344000000153
253.66761999999366
259.19718999999714
300.988209999965
293.0835199999856
443.2052500002581
313.4826600001044
425.2445000002662
323.33072999999007
384.9964400000141
391.2902500002223
406.43933000021406
364.07773000011053
385.21193000012704
444.374150000248
312.8645699999889
330.3029000000361
245.41182000000418
334.86549000013525
320.06091999996454
234.11120000000884
264.4402099999893
331.3411000000102
338.34552999999863
297.60680999998846
321.5621799999574
309.2046899999764
238.6861599999975
412.6034900002594
299.45715999996895
347.366240000023
237.69940000000653
318.0628600000184
306.04279999995384
223.65278999999984
410.0600800001172
302.06910999998894
298.76462999996926
427.17371000041186
424.4044000002993
270.33636999998214
329.02922999995644
302.6381899999684
272.31446999998525
402.85907000022706
402.1492900002935
288.2681099999708
311.0403999999582
340.92148000010474
289.24740000002674
467.85255000025654
327.42918000006904
346.3964700001865
260.7410399999847
301.6766299999611
300.5263399999656
490.11235000048697
316.026880000041
355.6512799999832
482.34478000031885
308.0251799999726
249.86611999999022
411.6380100002214
231.68806000000427
286.9518399999715
357.81132999999784
296.2511999999663
293.60305999996945
291.40708999997065
280.4055299999902
351.9851300000516
316.65224000000757
426.97775000019675
221.68816000000936
293.19319000005083
255.3761599999903
445.89314000020863
316.8875499999574
370.8355300000881
359.00819000001684
249.39797999999274
283.0903899999803
331.89609999996776
291.1329499999899
385.37849000023283
317.33651000001703
294.64489000003084
325.71736999995136
299.46302999996874
297.19466999999605
334.2051699999886
360.0082100002385
306.18090999997827
351.13321000002543
279.03560999997467
455.94906000021126
369.16375999997217
340.9040100001111
286.518619999989
310.1055400000439
369.1821200002237
386.79934000018824
392.75890000020934
426.5815800002198
314.25580999999397
436.62637000022403
371.87441000023586
379.02547000024737
352.80678000014575
350.0581899999538
337.7620399999601
330.9758900001457
247.19922000000042
288.490110000005
419.758140000212
257.7111699999958
279.7819599999841
299.4596199999841
371.02784000000173
225.27667000000224
344.06874000007673
259.5436399999881
298.26241999999996
310.5432100000144
341.817080000041
275.7308499999838
320.8565100001064
245.53640000000084
324.5211099999498
264.49060999998255
254.1986399999934
320.7006800000301
360.79945000009997
259.7032200000067
414.2712800002301
310.0334199999626
317.4211199999668
315.47377999997707
389.28325000022386
296.3106599999751
260.37185000000255
287.09867999997476
247.29962000000313
461.6964500003048
446.29387000022643
299.96909999996507
289.1103999999698
314.2877799999895
468.408800000323
348.7111800001545
354.0043900001212
426.5836600002882
287.5987699999759
308.1832500000248
349.0513200002369
428.6771200002111
294.06937999997365
347.79040000014066
337.5349800000104
266.8458599999722
393.6455800002588
362.02057000015566
320.8932399999812
226.3216600000043
307.3833299999699
378.0406900001571
230.919270000006
253.21475999998322
411.23102000008106
255.96860000000171
390.26514000022917
378.22589000005144
312.23471000000285
263.198619999994
270.45757999997863
305.1785799999652
397.4207900002119
256.92490999998216
350.5096700000551
246.54537999999772
277.6381099999779
273.6583399999685
328.13684000011165
250.70198999999891
258.4247499999932
319.5853299999578
405.61587000021314
338.8133599999881
421.7231200002654
285.47619000000725
245.55206999999385
341.27629000007124
258.22011999999717
401.255090000178
416.4048700001969
298.63068999996284
431.8418800001787
352.85578000023975
400.40904000002286
350.6466800002423
304.655139999982
361.2569900002491
366.42287000005075
410.8739800002522
496.9783000004889
415.20181000013633
336.1919699999517
307.109630000082
304.01239999998563
313.4740400000353
251.38427000000578
348.83986000004325
380.93698000013103
267.9965399999872
285.06851999999435
358.4303200001983
503.52575000043055
402.0719000002261
259.16596999999933
298.2820599999483
460.3962300002953
391.7877100002213
456.96467000027985
517.2562700004659
255.36721999999682
383.50682000023573
335.7266299999511
261.7480700000265
261.2891199999903
340.6188700000195
339.3516299999504
279.54603999999273
411.8417200002308
317.4899800000525
296.7908099999745
475.46174000049876
288.76467999997936
284.3149399999864
330.6928300000957
390.0697100002232
365.7808100002344
319.02413000000655
498.0071200004626
376.8493400002345
264.50127999999387
259.4294499999915
303.9134000000175
297.871009999966
334.6876299999474
312.3199199999912
387.38308000014104
339.7823099999953
308.85620999996615
407.9259800002856
262.0820800000045
454.57870000042743
371.38977000023857
230.9828000000128
261.14554999998205
292.2692099999675
314.13188999997686
351.84869000008575
309.5439600000451
346.36686000003226
469.97851000018716
286.74494999998007
274.79119999998505
358.64158999993924
401.52194000022445
305.3120600000078
262.4976399999846
403.03453000011126
432.07074000021663
325.5187000000409
356.9285100000487
322.53620999998725
462.34497000027886
345.6056499999411
439.21013000006855
313.05959000001184
329.61318000001665
398.860460000227
408.97036000026776
275.7095099999821
346.07504000023715
258.18729000000155
323.5940800000294
312.1402700001037
338.8651500001719
416.90013000016427
297.70208999997993
292.4073899999769
431.0470000002686
290.36054999997714
388.22048000023585
356.60282000010875
356.3838000000224
407.34479000021184
299.1186699999783
263.61938999999416
388.81208000023054
321.3818399999534
281.3668099999752
380.9533600000107
255.11759999999788
312.5875300000034
385.7901700001792
323.6164399999675
373.22679000023896
294.02900999996456
411.1977100002052
318.23638000001205
368.7619200000115
434.1280000002931
333.48934000002276
389.4802500002315
355.9108399999651
409.55347000021936
221.101370000006
418.4071900002159
384.4866500002315
382.134280000223
238.40095000000906
246.4031499999867
450.95733000031
311.52194000003374
418.6866400002112
384.5956700002256
363.61184999993714
313.7797100000754
438.80465000030097
291.10961999998256
245.84250000000782
315.23168999996824
338.8332899999597
408.93527000006975
343.77809000024865
443.7333100002943
406.3657400002212
277.7544899999795
307.4412300000359
247.96115999999049
436.9521300002078
330.42117999996367
404.9221000002058
466.19340000024545
287.5362699999731
286.259119999972
244.73380999999404
369.41446000024183
234.61532000000443
306.84682999997034
421.5165200002633
409.8019400002485
444.21870000021363
435.9227700002139
394.6270600002244
330.8380199999811
408.25117000021487
254.8035099999827
275.67010999998524
330.2212799999764
303.0038400000669
320.599450000226
461.20355000028655
282.3576199999726
409.3459400002233
339.6287700000487
515.228630000429
299.8442299999735
450.4235800002054
349.50393000002515
419.05255000022197
256.14235999998783
398.7029900001017
478.5463700002271
374.3747700001698
379.37205000014956
309.1529499999719
397.93179000021803
363.79282000018264
301.3052599999797
489.21078000028024
373.54997000024605
292.46634999997184
342.98139000012173
365.74827000025124
310.55577999996717
430.4980200001817
268.1559599999834
393.51782000017477
439.9143600001413
303.9026400001147
290.5099999999697
243.88613000000134
267.91634999998024
316.7797599999605
414.73496000022163
342.95137000014523
296.2590999999948
437.19631000022014
229.25615000000786
277.72077999998857
443.7951500002325
500.9656500004302
297.6550299999781
454.28134000028194
436.7142300002608
272.62429999997937
499.52284000040186
399.9302100001923
347.14330000024546
373.8712000002408
258.5493999999886
262.96670999999344
387.7111700001392
410.2773000001406
381.608370000239
408.048200000078
360.3026000002326
294.93075999997916
350.88171999996916
216.39524000001435
283.4686099999659
263.0559199999858
305.0840399999736
337.3885299999963
394.0316800000842
386.10589000023515
444.4333400002885
277.61116999998785
219.20925000000562
405.870770000268
393.8015100002145
255.68667999999366
342.67762000018644
306.9585299999727
259.43637999999254
355.5819000001988
247.24990999999906
323.39546999997543
317.6943900001437
396.18067000017123
435.3829100004356
447.2998200003247
291.8376100000195
288.83511000001556
314.1128300000205
453.3050100003721
407.6000900002806
383.768310000002
340.68644000004554
392.8850900001213
321.53987000013024
476.30010000047895
336.94474999998636
293.75821999998976
372.8523100002473
395.82088000009867
322.10700000003715
347.7914000002111
329.73120000005815
274.5842699999746
277.71475999999154
326.88010999998477
285.02069999997354
471.76092000027495
277.63561999997717
373.65066000004356
293.14857999997344
272.20670999998345
370.30684000003663
284.0263900000326
405.4087300003825
393.72187000022393
257.7253100000012
383.64283000023323
259.41984999998664
336.215309999958
299.9673199999619
321.8390900000371
226.0363500000073
364.9784299999581
271.83689999998415
271.87380000001366
424.8174500002627
316.48191999996436
433.52358000032166
326.6557499999525
317.0675900001009
316.5486400000429
411.7729600002309
414.6319500002209
310.41307999998486
273.88637999999554
420.68908000020235
263.1335699999891
381.0888800002303
359.96309000024735
252.74644999999396
443.0716500002367
326.1032800000263
391.15074000023844
441.2562900002973
356.44547000012193
256.23610999999465
404.58465000022437
405.9177000002075
336.8449499999859
301.9160899999654
391.3770600002512
368.31344000011677
401.39101000024164
305.86309999996547
277.26273999998995
420.0859800002047
281.93275999997763
441.4205100002073
299.0681199999652
402.45699000027076
273.85674999999185
248.80491999999379
304.40894999997323
290.47705999997424
255.04830999998987
372.4910200001039
295.0800200000349
318.347619999981
308.735089999974
399.5034900001806
398.96943000016233
345.7655699999564
410.26183000024815
364.63889000024096
369.7121599999752
418.0354300002475
500.9002200002205
406.59940000008385
318.16624000001184
304.4865000000255
426.0716700002504
284.20826999996325
319.04950999994895
419.86462000020197
284.008259999982
413.23034000019135
358.1803800000777
237.92241000001187
378.0752600001779
369.6843800002436
306.64346999996843
322.69347000003984
308.50279999998224
381.18753000023474
351.89457000006115
403.52031000022674
246.7434299999994
434.1590400001785
324.7708800000944
417.66853000006427
388.5801200001408
444.82917000030545
467.5897200002683
425.55752000026456
363.4989900000232
318.8426699999496
358.2608200002416
394.9731300002342
269.7258799999996
274.45328999998185
316.32260999996384
331.9033900001637
289.40506000002506
345.14660000004443
335.451680000076
374.8606100001573
239.24525000000284
286.5268300000512
