10059.500000018386
10962.42500002235
8090.300000011901
5127.900000001631
4157.100000000245
12549.525000028123
4841.3250000002645
7767.2000000107255
4959.25000000051
5389.650000002076
5319.775000001821
13100.275000030128
6275.8250000054895
7169.55000000855
10634.550000021156
10553.20000002086
10518.875000020736
4502.325000000255
6117.975000004726
7882.575000011146
6559.775000006457
5926.100000004308
5337.250000001885
10120.525000019805
5792.625000003542
7532.0250000098695
8683.075000014294
5049.875000001253
7055.400000009009
8362.225000012892
9577.350000017312
6679.325000006767
9511.375000017071
7875.5000000111195
10326.350000020037
5138.100000001214
13584.65000003189
6231.725000005257
6107.525000004688
8239.000000012442
6873.250000008116
4250.599999998443
10876.500000022348
12117.975000026
6003.800000005345
8152.9000000129045
7230.9000000087735
7110.150000008335
5184.6250000018845
8014.700000011626
7082.250000008233
8118.425000012003
6852.475000007917
6471.775000006013
7044.75000000858
7081.800000008232
9757.100000017965
5953.300000004127
5527.600000002578
8034.525000011698
8879.625000014772
12808.300000029065
4941.425000000445
4556.324999999721
8802.225000015247
6043.275000004978
7038.175000008074
6847.725000007381
4877.625000001134
7749.800000010662
7092.575000008465
5726.725000004214
8629.075000013861
12715.125000028725
12072.050000026386
7686.725000010433
8420.500000013102
8433.025000014415
9251.800000016126
13572.825000031331
5699.075000004196
6631.425000006594
6025.100000005036
8165.5250000129445
7911.075000011249
7033.850000008058
7057.77500000826
9036.650000015397
6615.025000006533
6755.875000007047
9155.675000015777
9507.500000017277
7203.525000008674
6700.2750000068445
4670.27500000065
9508.975000017062
7885.2750000113665
7959.075000011424
8690.475000014085
5323.675000003293
7666.100000011516
7691.275000010449
5085.125000001521
4903.050000001245
10159.75000001943
8784.775000014428
8419.900000013928
10914.175000022173
14101.825000031291
5034.975000000786
5472.8000000023785
8247.450000012472
8750.300000014302
4945.55000000046
7526.850000010814
9278.050000015515
6884.350000007736
8145.475000012102
7754.575000010679
11157.125000023058
8317.875000012897
7448.625000010365
8328.750000012767
8063.250000011845
7209.550000009636
9394.050000016643
9353.900000016498
8364.225000012964
5676.350000003646
5189.000000001877
5454.825000003544
8534.5500000136
7325.275000009118
7455.150000009591
6758.925000008552
5193.2500000023665
5555.025000003097
8583.475000013696
6646.200000007209
6837.625000007388
11368.725000019995
5272.125000001648
8894.075000015211
6633.150000007293
8506.600000013656
10169.350000019465
9939.525000018628
7606.500000010141
5704.525000003221
8724.025000014206
7058.450000008146
7404.575000009407
10238.500000019716
8307.025000012689
7251.225000008848
6815.225000007262
7182.600000009394
10062.275000019075
9497.850000017022
10006.625000018874
9414.725000016719
5990.475000004262
9592.250000017366
9840.75000001827
7369.275000009278
10020.850000018925
10519.75000002074
6289.0250000053475
6795.800000007192
6066.0500000055
4884.400000000384
10344.500000020442
8338.750000012806
7196.725000008855
4571.874999999623
5967.85000000552
5525.000000003378
9070.725000015467
8692.875000014094
5118.225000001088
5938.000000004878
8251.250000012487
6823.200000007291
5389.750000002076
7218.82500000873
4665.850000000795
11894.17500002574
6951.450000008012
4198.099999999264
7864.850000011135
5338.050000001979
7323.325000009205
6099.725000005374
5358.350000001962
5057.4500000008675
6039.175000004439
7790.825000010811
11098.700000022845
7966.700000011451
9244.050000016407
8895.800000015159
4356.574999999124
7422.225000009926
7225.725000008755
5925.97500000483
6095.650000005596
11196.4750000232
5990.675000004263
5634.9000000043925
8030.950000011838
8348.775000012842
8677.800000014311
7074.350000009684
10671.25000002129
5458.850000003373
10609.250000021066
4918.125000001692
4519.9749999993255
8729.500000014226
4735.600000000828
6203.200000007005
7848.550000011433
7254.425000009295
7373.850000009662
9086.250000015523
7678.775000010404
5005.250000000683
4471.000000000353
7550.925000009938
6931.800000007879
6520.175000007172
5683.675000003146
5248.950000001563
6227.775000005853
5958.875000005629
10042.650000015992
4974.275000001578
6025.100000004596
7186.9500000089465
6727.025000006942
8639.025000013899
5098.75000000165
8957.200000015055
4747.025000000611
9653.95000001759
8015.075000011628
8866.775000014724
5556.1000000035965
6412.625000005797
6081.700000004594
15534.425000014282
7329.400000009133
8662.750000013984
6511.350000006157
9337.325000016437
11127.30000002295
6711.550000007586
8063.350000012061
7797.3250000108355
5732.575000003324
10984.125000022428
11624.50000002476
7581.900000010051
7244.700000011329
5926.6500000044925
7159.650000008515
4616.574999999836
6975.875000007846
5339.925000001895
6833.425000008348
4560.624999999867
4969.875000000549
5917.900000003998
10868.250000022006
9597.000000017382
7126.0750000083935
8211.350000012342
11659.050000024885
4724.800000000656
8703.800000014133
7378.8000000093125
6569.025000006366
4899.375000002165
5483.625000002761
6108.025000004689
8513.950000013443
5713.400000003254
5017.300000001014
4638.975000000212
6912.975000008623
4557.599999999977
8383.300000013154
6920.000000007643
10193.475000019553
9739.025000017898
7022.200000008015
5427.850000002603
5555.350000003036
9319.200000016372
7041.650000008086
6883.575000007857
9795.300000018104
8313.000000012711
6301.100000005392
6427.00000000728
7514.275000011059
6250.750000005208
7134.600000008424
6096.225000004658
6387.925000005708
7965.550000011446
6399.075000005749
8110.150000011972
7740.250000010627
6520.725000006191
8018.525000011639
7247.575000008836
7105.050000008316
6549.075000007276
8049.7500000117525
5931.850000005287
4987.35000000171
5917.750000004518
7490.85000001036
7370.400000009282
5677.300000004022
11934.975000025888
4156.624999997783
6413.725000006227
7360.825000010264
8890.625000014812
5043.525000001103
7530.425000009864
4801.375000000309
5668.050000003089
5868.400000003818
9502.300000017038
7580.075000010045
9294.350000017139
6424.700000008257
7722.500000010563
9565.97500001727
5944.350000005166
13066.950000029927
6942.750000008121
9360.275000016522
7055.750000008138
7746.075000010696
4911.775000001076
5820.125000003642
4312.125000000016
5849.475000005059
5433.775000002237
6601.4500000064845
6127.875000004853
8459.850000013514
9878.050000018404
7972.225000011471
7522.425000009835
8714.00000001417
5892.750000003906
4366.324999999306
7226.575000009359
8341.900000012816
8267.700000012546
7001.9500000079415
6335.325000005516
5759.600000003422
7379.900000009833
7213.650000008713
7954.700000011408
6821.800000007649
8830.700000014594
8904.975000014865
8340.725000012812
10080.72500002095
9245.025000015168
4386.600000000941
7395.875000009374
7222.575000008745
5534.900000003041
4546.549999999496
9475.12500001731
10157.725000019422
6379.400000005677
8443.750000013188
9339.100000016442
10586.225000020982
7144.550000008459
8881.575000015033
4828.975000001057
8077.750000011854
4196.400000000054
6610.800000007251
8406.65000001305
10427.475000020404
4849.600000003009
7110.525000008336
7213.725000008719
10868.27500002197
10385.50000002025
11836.475000025068
6978.025000007854
7594.675000010097
12078.275000026408
5968.475000004882
6393.800000005729
7861.450000011069
7111.27500000834
10996.975000022476
4346.574999998657
9608.300000017423
9948.875000018663
8626.32500001385
8225.950000012394
8463.400000013258
4117.199999999981
4971.850000001085
7252.275000008895
8288.650000012623
11288.325000023535
9121.45000001631
5171.325000001474
5638.800000002982
4395.32499999939
5904.600000003949
6168.65000000491
8352.25000001356
8380.675000012958
8826.050000014577
9200.350000015938
6667.700000008681
7089.475000010132
8266.975000012542
7136.22500000843
8275.350000012575
9924.275000018573
5621.750000002961
6179.525000004949
7340.550000010499
6592.32500000673
6428.425000005855
4023.8249999978525
6816.975000007362
5769.250000003907
6752.450000007034
5286.350000003136
10856.525000021964
5499.825000003082
5726.375000003629
7619.550000010188
5482.525000002768
9968.825000018734
3916.849999998567
6023.025000004651
5945.375000004582
4724.4750000006015
8705.025000014139
6384.125000005862
8545.800000013558
8409.050000014347
8338.350000012857
8630.175000013865
5779.175000004787
4863.525000000539
4920.5500000011525
8205.025000012318
8026.250000011668
8418.100000013093
6294.600000005368
7740.82500001063
5288.575000002456
11599.975000024315
7190.300000008627
6673.475000006746
5217.025000002356
10568.075000020915
5988.525000004254
10470.000000020558
5795.77500000377
7353.350000009221
9406.850000016691
6439.525000005895
6808.500000007829
8572.200000013654
4880.300000000529
5378.9500000022035
6212.200000006574
5825.850000004674
5600.27500000337
7427.225000009708
4975.725000000797
6864.175000007441
6412.0250000063315
8725.950000014258
4244.099999999046
7637.000000010252
6212.100000005172
8555.000000013495
7762.500000010708
11475.375000024276
8125.600000012029
6581.875000008349
5244.825000002222
6525.650000006385
7038.150000009446
8176.525000012214
6586.6000000064305
5191.7750000020815
6320.8000000054635
6520.925000006191
8914.9250000149
6582.050000006413
8011.375000011614
7523.875000009841
7094.3000000082775
4860.650000001389
10200.300000016694
11020.175000018935
5924.825000004298
5469.100000002689
10172.800000019477
7387.575000009929
7326.450000009742
9679.325000017681
8113.150000012262
5614.05000000362
10693.55000002137
7000.35000000905
7573.025000010019
10262.425000019803
7635.150000010245
6737.000000006978
9569.00000001728
5883.775000004429
5353.875000002583
8590.50000001372
4951.050000000489
5084.525000000972
7131.4000000084125
7639.20000001056
4509.9249999992535
11445.600000024107
7198.050000009225
7171.250000008597
5418.075000003295
6445.025000006703
7280.575000009827
5928.100000004943
6155.47500000518
6778.125000007128
4761.6250000003865
7522.300000010468
6761.325000007066
9091.000000015541
4746.650000000859
7967.900000012008
6259.675000005241
5531.950000002594
6533.550000006238
9391.22500001685
5277.000000001666
4797.999999999924
4620.025000000735
5815.825000003626
8413.000000013075
11541.275000023114
5863.850000004149
5106.300000001993
5870.750000004706
11345.850000023844
7165.775000008538
6586.8000000077
9583.750000017335
5563.525000002708
6052.750000004488
7102.600000008326
10886.700000022074
6861.475000007431
7458.875000009603
6286.500000006367
6092.100000004871
7177.525000009198
7455.500000009881
6137.475000004796
4583.374999999491
5573.975000002747
11596.550000024657
4936.1250000013315
5964.3750000044565
9164.67500001581
7427.275000009488
8180.225000012228
7554.900000009953
6572.875000006381
7446.525000009691
6699.425000006841
5424.2750000029055
8243.075000012457
5148.6250000018335
7488.300000009711
5535.500000002607
5069.325000001534
5314.200000001893
5909.925000006527
4875.500000000556
7420.325000011015
6011.675000004339
8683.025000014057
6273.275000005291
8883.175000014786
5373.050000002043
5318.075000003367
7707.800000010509
4455.925000000011
8239.550000013069
7232.025000008779
7878.050000011129
10085.100000019158
7121.300000008376
8205.225000012439
9500.07500001703
5460.975000002336
9594.075000017372
8030.275000011683
10118.57500001928
8402.375000013037
9229.825000016046
6846.375000007376
9494.77500001701
8036.025000011703
5798.9750000037175
4968.850000002261
6869.675000007461
8727.35000001422
6296.575000005376
5911.875000004665
7357.3750000093805
11881.000000025691
9759.8000000188
5609.250000002874
8510.65000001343
12241.700000027002
7958.850000011422
8271.275000013156
13965.275000032818
5990.775000004488
7957.87500001142
6909.975000007607
6704.150000006954
4702.900000000006
7429.200000010191
7144.950000008462
4970.22500000055
8692.900000014093
5368.225000002599
5213.35000000263
10070.950000019107
7068.475000008229
9132.150000015692
6241.150000005174
8959.625000015065
7676.5500000109005
5597.925000003535
11707.875000025062
7603.47500001013
5197.200000001445
7248.35000000907
6317.850000006109
5242.325000002565
8684.450000014062
6583.375000006832
7605.500000010137
6868.450000007456
5923.400000005382
7716.7750000105425
4439.074999999146
9723.800000018615
7128.02500000898
4319.249999998864
6641.600000006631
5325.35000000284
8951.775000015035
7003.075000007946
8985.150000015157
7525.275000009846
9053.92500001301
6296.325000005374
4819.125000000437
7294.625000009007
7833.925000010968
5751.025000003679
6016.07500000514
9160.225000015793
11218.55000002328
6753.600000007151
7170.1000000091035
11008.075000022516
9739.050000016483
6853.025000007399
9775.20000001803
5892.075000003903
6329.025000005505
8652.25000001419
10323.475000020302
5273.900000001655
8751.225000014305
5997.0000000042855
5460.725000003207
6315.500000005832
9393.075000016694
7914.650000011263
6181.875000005041
5147.750000001802
14033.300000031355
7005.150000007952
10281.550000019872
7014.375000008344
9910.775000018019
10997.325000022478
5535.525000002606
4749.600000000146
7861.725000011662
6160.775000004882
5633.850000002964
7973.250000011475
5497.250000002748
6335.450000005517
7874.525000011116
5975.825000004208
7315.275000009082
5779.1250000034925
8709.575000014154
6297.050000005414
7574.6750000100255
9285.35000001625
6079.700000004741
8729.500000014226
6668.000000007283
7751.525000011119
6119.1500000077285
11305.075000023597
9968.725000018734
8322.825000012746
4873.35000000058
6906.10000000824
9902.450000018493
5813.2000000051485
8609.47500001379
9460.250000016884
9200.47500001594
5679.575000003862
11615.225000024724
5540.925000003626
6498.975000006699
5988.100000005612
6494.075000006094
8945.800000015013
7305.3250000099015
9150.550000015759
7739.425000010624
5090.550000000988
9296.625000016289
4785.100000001656
9229.750000016047
6525.200000006207
8409.37500001306
9944.650000016809
6493.675000006093
5621.900000002921
4705.2499999997735
7889.75000001117
6821.275000007285
5918.725000004
8822.550000014566
8099.375000013283
8447.375000013199
9490.575000016996
9404.750000016684
8618.100000013821
9766.550000017998
5162.400000001249
6216.000000005305
5883.350000003872
5754.5000000037635
7091.8500000082695
9485.925000016978
5689.300000004115
10142.725000019367
9100.450000015575
11542.450000018358
5549.97500000266
11409.375000023976
6899.92500000757
9306.725000016326
6177.100000005542
8028.625000011676
11675.55000002321
7657.5500000103275
7991.5000000115415
8169.200000012188
8479.050000013314
8263.850000012699
5330.000000002096
12610.050000024423
7297.525000009824
6327.675000006265
11004.525000022502
7048.000000008811
5973.3500000042
9063.375000015723
7894.600000011189
8340.22500001281
10392.000000020274
5596.675000004785
8667.050000014
5183.825000001327
6910.325000007865
6353.275000005581
9291.000000016777
6048.250000005656
6962.300000007797
9404.400000016682
4658.350000001148
5379.700000002205
9676.500000017671
11939.500000025904
5214.9250000021075
11258.250000023425
9908.225000018514
4872.550000000532
10890.200000020843
13150.52500003031
6547.025000008053
7200.225000008822
6352.55000000558
6484.325000006058
7936.2500000113405
9148.950000015751
8373.250000014139
7177.6250000093205
7416.850000009712
4897.000000000964
7288.250000008982
3925.574999997917
6710.0500000068805
4424.1499999995995
6600.875000007336
7940.925000011357
8100.550000011937
7811.0250000108845
10012.20000001906
4878.75000000126
7650.375000011785
8830.525000014593
7074.275000009104
5725.725000003605
7747.1500000106535
5638.20000000298
6030.775000004409
7422.575000009985
4684.275000000749
6196.05000000501
6041.050000005373
8745.850000014285
9525.850000017124
11643.650000024827
5823.625000003655
6409.900000005788
7666.000000010357
11377.550000023859
7333.000000009491
8388.950000012988
7203.000000008673
11179.775000022093
6548.2750000062915
12708.050000028701
6406.475000005775
8327.300000012763
6979.325000009098
6736.875000006978
6892.275000007542
6756.275000007518
6109.575000005976
5460.025000002332
5490.200000002885
6364.875000007409
7899.275000011206
11296.450000023564
5757.275000003634
10127.700000019313
6785.950000007156
5028.625000000964
10069.225000016995
5237.575000002289
9163.700000015806
8042.000000012407
5813.025000003616
8532.225000013508
6647.075000006967
8284.900000012609
7293.125000009001
5785.325000003515
4943.825000001719
7203.9500000089565
6707.025000006868
7642.000000011225
10803.725000021772
6325.950000005483
8974.800000015119
10502.225000020675
6138.550000004932
7336.350000009158
10853.500000021953
8808.000000014512
8072.700000011837
6569.550000006369
9094.475000015555
4899.050000000919
8130.0500000120455
7529.050000009984
7026.300000009051
11085.025000022795
5832.77500000386
7383.425000009329
9263.300000016168
7218.250000009457
5235.525000001515
8481.95000001371
8424.575000013612
6929.225000007677
8571.000000013708
8264.47500001316
7815.750000010903
8814.400000014535
5943.8250000040925
9375.875000016933
10433.300000021503
6532.125000006383
9130.725000015585
5523.400000003679
8407.025000013053
6926.175000008314
5055.800000001154
8517.100000013454
5289.500000001712
6249.000000005285
7256.700000010922
6392.900000005726
7271.350000009763
9216.275000015998
7873.8500000111135
8569.425000013644
6803.275000007219
9573.900000017298
7097.5500000083775
8210.300000012337
8940.725000014994
12888.975000017126
9549.575000017208
6609.800000006515
5450.825000003558
8988.80000001517
6862.3250000080325
6583.625000006419
8411.350000014394
5092.2750000011165
9089.900000016043
5961.750000004157
5754.2750000037195
8194.50000001228
7568.02500001
7243.975000008822
7507.500000009781
6577.850000006399
8361.500000012888
11230.15000002093
9220.100000016011
5983.350000004236
9691.250000017724
5894.000000004469
9301.025000016305
10544.800000019806
9309.775000016338
10429.200000019991
10374.35000002021
6786.625000007471
5688.800000003594
7714.750000010534
8575.950000013896
8205.750000012322
4926.825000000722
8514.775000013433
6963.350000009136
6529.350000006731
6729.800000006951
9427.200000016765
9215.025000015992
7591.600000010647
7709.750000011487
