11425.200000024033
11410.200000023979
11359.300000023793
4132.399999997502
2751.399999998593
11422.200000024022
2713.3999999986277
11016.200000022545
2390.3999999989214
2129.299999999159
3774.3999999976627
11449.20000002412
8282.3000000126
8825.300000014575
11328.30000002368
11377.300000023859
11495.200000024288
3970.3999999974844
4543.299999998997
6037.300000004432
7121.300000008376
5197.400000001377
3282.2999999981103
11358.30000002379
4154.399999997582
5702.200000003213
11305.300000023597
2439.399999998877
8429.200000013134
6097.20000000465
11321.300000023655
4091.3999999973744
11430.200000024051
7974.200000011479
8454.200000013225
3057.399999998315
11437.200000024077
7096.300000008285
3766.29999999767
7302.200000009034
11354.300000023775
2093.3999999991916
11355.300000023779
11441.200000024091
7902.300000011217
11270.30000002347
10445.200000020468
7659.200000010333
4073.3999999973908
11427.20000002404
8680.300000014047
11416.200000024
6322.200000005469
2981.299999998384
9795.200000018103
4840.400000000078
11353.300000023772
4490.399999998805
3222.3999999981647
6294.200000005367
11410.200000023979
11420.200000024015
1736.1999999995164
2001.3999999992752
11396.200000023928
5611.300000002882
8315.20000001272
7872.300000011108
2564.399999998763
11348.300000023753
11314.30000002363
5979.300000004221
11328.30000002368
11305.300000023597
11335.300000023706
8696.200000014105
11403.200000023953
11419.200000024011
11323.300000023663
11354.300000023775
4394.399999998455
4286.299999998062
5033.40000000078
11380.30000002387
6996.200000007921
7210.3000000086995
7984.300000011515
11439.200000024084
9054.300000015408
4136.399999997517
9480.200000016957
11366.300000023819
4157.299999997593
4287.299999998066
3936.3999999975154
11372.30000002384
11384.200000023884
7644.300000010278
11427.20000002404
7083.3000000082375
11282.300000023513
11314.30000002363
3108.3999999982684
4171.399999997644
11435.20000002407
11415.200000023997
11445.200000024106
11437.200000024077
11361.3000000238
2078.2999999992053
4144.399999997546
11371.300000023837
11399.300000023939
2456.3999999988614
11330.300000023688
11431.200000024055
10614.300000021083
11388.200000023899
11330.300000023688
11340.300000023724
11314.30000002363
11313.300000023626
11360.300000023797
11378.300000023863
6656.300000006684
11339.30000002372
11492.200000024277
11432.200000024059
6178.300000004945
4703.399999999579
5996.300000004283
11363.300000023808
4434.2999999986005
5410.300000002151
11375.200000023851
3396.2999999980066
2969.299999998395
11396.200000023928
9232.200000016055
10573.300000020934
11058.200000022698
3873.3999999975726
10373.300000020206
11341.300000023728
11360.300000023797
11445.200000024106
11380.30000002387
5944.200000004093
2902.3999999984558
11395.300000023924
7212.200000008706
9139.300000015717
11412.200000023986
9530.30000001714
6291.200000005356
4387.2999999984295
10816.200000021818
11355.300000023779
9137.20000001571
11352.300000023768
6327.200000005487
3700.29999999773
11386.200000023891
11401.200000023946
11318.300000023644
11332.300000023695
11438.20000002408
4507.299999998866
5192.300000001358
4837.400000000067
3119.3999999982584
11349.300000023757
6337.200000005523
6741.200000006993
2229.399999999068
6414.300000005804
4105.299999997404
11355.300000023779
11317.30000002364
2982.299999998383
6623.300000006564
11388.300000023899
6706.200000006866
3170.299999998212
11325.30000002367
4071.3999999973926
10867.200000022003
6289.200000005349
2657.3999999986786
11300.300000023579
3189.3999999981947
5331.300000001864
5349.300000001929
3625.399999997798
2236.2999999990616
3319.3999999980765
6915.200000007626
11426.200000024037
10069.3000000191
11380.30000002387
11392.300000023914
2538.399999998787
9609.300000017427
3545.399999997871
4405.299999998495
7072.3000000081975
11416.200000024
3161.2999999982203
4582.299999999139
6537.200000006251
6613.200000006527
11386.300000023892
7973.300000011475
11359.300000023793
4906.400000000318
11349.300000023757
3790.399999997648
2143.399999999146
11385.200000023888
3720.399999997712
6706.200000006866
11333.300000023699
6635.200000006607
8788.30000001444
11416.200000024
6820.20000000728
2376.2999999989343
2749.399999998595
3855.299999997589
5980.300000004225
11285.300000023524
5381.300000002046
3695.2999999977346
4537.299999998975
5312.400000001795
11495.200000024288
4030.39999999743
4856.400000000136
11370.200000023833
6765.300000007081
6369.20000000564
2914.399999998445
11471.2000000242
2609.3999999987223
11458.200000024153
10146.30000001938
11329.300000023684
4407.399999998503
3261.3999999981293
4146.399999997553
11649.200000024848
11316.300000023637
11403.200000023953
4067.399999997396
11481.200000024237
11354.300000023775
7898.300000011202
11321.300000023655
9260.300000016157
4772.3999999998305
11319.300000023648
11393.200000023917
5725.200000003297
11366.200000023819
6640.300000006626
8933.300000014968
3052.3999999983193
5643.300000002999
2650.299999998685
4841.4000000000815
2590.3999999987395
2857.3999999984967
4669.399999999456
11428.200000024044
11405.20000002396
7043.300000008092
7910.300000011246
11334.300000023703
2630.399999998703
6038.200000004435
5764.200000003439
2703.299999998637
3006.399999998361
4104.3999999974
3890.399999997557
7320.200000009099
2857.299999998497
3122.3999999982557
3348.39999999805
11347.30000002375
3881.3999999975654
11344.300000023739
5678.200000003126
8537.200000013527
11399.200000023939
5945.200000004097
4566.399999999081
3900.399999997548
11443.200000024099
6691.300000006811
11336.30000002371
11388.300000023899
11421.200000024019
3694.3999999977354
11360.300000023797
11329.300000023684
3404.2999999979993
7290.3000000089905
5700.300000003206
4021.299999997438
7179.200000008586
4815.399999999987
7839.300000010988
11392.200000023913
2848.299999998505
11326.300000023673
6432.300000005869
4826.300000000027
9501.300000017034
11377.300000023859
8547.300000013563
3401.399999998002
5515.300000002533
11337.300000023713
11319.300000023648
4951.400000000482
11435.20000002407
1577.299999999661
5996.300000004283
11319.300000023648
11344.300000023739
4182.399999997684
7496.20000000974
2350.399999998958
2373.299999998937
3952.399999997501
11424.20000002403
8984.300000015153
11342.300000023732
6606.200000006502
11388.200000023899
11425.200000024033
4244.39999999791
11570.20000002456
7827.300000010944
11408.200000023971
6745.2000000070075
11358.30000002379
3162.3999999982193
3398.3999999980047
3832.39999999761
8356.300000012869
2885.3999999984712
4137.29999999752
8499.300000013389
11326.300000023673
7435.200000009518
5748.20000000338
5905.200000003952
11399.200000023939
3874.299999997572
2860.399999998494
11329.300000023684
11459.200000024157
7354.200000009223
8706.200000014142
4234.299999997873
3792.3999999976463
11439.200000024084
11395.200000023924
6794.200000007186
11308.300000023608
11405.20000002396
9692.200000017729
11461.200000024164
10840.200000021905
11381.300000023874
4676.399999999481
5065.400000000896
11314.30000002363
3612.39999999781
2819.3999999985313
11355.300000023779
8486.200000013341
3664.3999999977627
10224.200000019664
10354.300000020137
7856.200000011049
3513.2999999979
11372.30000002384
3387.2999999980148
9042.200000015364
2652.399999998683
5635.30000000297
11479.20000002423
11440.200000024088
5663.300000003072
5468.300000002362
11382.300000023877
11429.200000024048
11382.300000023877
11488.200000024262
6351.200000005574
7957.200000011417
11380.30000002387
7899.300000011206
3435.299999997971
4344.299999998273
7226.300000008758
9193.200000015913
2173.399999999119
11424.20000002403
11484.200000024248
8088.200000011893
11427.20000002404
11463.200000024171
3346.399999998052
3510.399999997903
11349.300000023757
9513.300000017078
11346.300000023746
11397.300000023932
4043.399999997418
3934.399999997517
2637.399999998697
3041.3999999983293
4594.399999999183
11353.300000023772
9319.200000016372
8860.300000014702
11433.200000024062
5797.200000003559
11392.200000023913
11409.200000023975
8081.200000011868
7757.3000000106895
11416.200000024
4518.399999998906
6019.300000004367
11366.300000023819
8469.30000001328
4401.399999998481
1581.2999999996573
8726.300000014215
5471.300000002373
5088.30000000098
4650.399999999387
11423.200000024026
4401.399999998481
6569.300000006368
11377.300000023859
3383.2999999980184
9381.300000016598
2014.3999999992634
5163.300000001253
3861.3999999975836
2800.3999999985485
7216.200000008721
4713.399999999616
11364.300000023812
11318.300000023644
11329.300000023684
11311.300000023619
3050.2999999983213
3639.3999999977855
3407.3999999979965
11403.200000023953
11364.300000023812
11380.30000002387
3228.3999999981593
7904.300000011224
5345.300000001915
11465.200000024179
6913.300000007619
9851.300000018307
3510.399999997903
11368.300000023826
3745.299999997689
11393.200000023917
5891.300000003901
5181.400000001318
11465.200000024179
3807.2999999976328
11322.300000023659
11447.200000024113
3107.3999999982693
4040.3999999974208
5187.30000000134
4036.3999999974244
3637.3999999977873
10542.300000020821
2399.2999999989133
6455.2000000059525
5057.300000000867
11139.200000022993
2669.3999999986677
11384.200000023884
7921.300000011286
11468.20000002419
4073.299999997391
11454.200000024139
5310.400000001788
11310.300000023615
3558.399999997859
4181.29999999768
11422.200000024022
11374.300000023848
4965.400000000533
5473.30000000238
3690.299999997739
4216.299999997807
11328.30000002368
4874.300000000201
11334.300000023703
8041.200000011722
6027.300000004396
3920.39999999753
11414.200000023993
11458.200000024153
7459.300000009605
4569.299999999092
11344.300000023739
11307.300000023604
10391.200000020272
11327.300000023677
11470.200000024197
4771.399999999827
11384.200000023884
11344.300000023739
11391.30000002391
11440.200000024088
4350.299999998295
4390.29999999844
9626.300000017489
4993.4000000006345
4908.400000000325
11437.200000024077
2937.399999998424
3039.399999998331
5813.200000003617
5610.200000002878
2079.3999999992043
11351.300000023764
11324.300000023666
7035.300000008063
5376.300000002027
6461.300000005975
6700.300000006844
7633.300000010238
5772.300000003468
4080.3999999973844
3416.3999999979883
11342.300000023732
5617.300000002904
6979.200000007859
4524.399999998928
11447.200000024113
3578.299999997841
4038.2999999974227
4651.39999999939
11377.200000023859
3528.2999999978865
1888.299999999378
3021.3999999983475
3434.399999997972
11457.20000002415
11379.200000023866
3390.399999998012
3940.3999999975117
4449.399999998655
11503.200000024317
9145.300000015739
8457.300000013236
11403.200000023953
3839.3999999976036
5247.4000000015585
11300.300000023579
11436.200000024073
6919.2000000076405
8860.300000014702
5410.300000002151
5315.400000001806
11364.300000023812
7641.3000000102675
4556.299999999044
2568.3999999987595
3715.2999999977164
11375.200000023851
3842.399999997601
3711.39999999772
6302.200000005396
11338.300000023717
11387.200000023895
6684.200000006786
5201.400000001391
11351.300000023764
3999.399999997458
3963.399999997491
11359.300000023793
3946.3999999975063
6787.300000007161
3531.299999997884
3136.399999998243
3541.3999999978746
7220.300000008736
2767.3999999985786
11350.30000002376
3309.2999999980857
11372.30000002384
4907.300000000321
11481.200000024237
4569.399999999092
5363.30000000198
7118.300000008365
2801.3999999985476
9597.300000017383
8081.300000011868
8476.200000013305
10541.300000020818
11322.300000023659
6757.200000007051
11319.300000023648
2412.2999999989015
11332.300000023695
6358.2000000056
11324.300000023666
11438.20000002408
9302.30000001631
4122.299999997465
10108.300000019242
11078.20000002277
5659.200000003057
4443.399999998634
6444.200000005912
8951.300000015033
5269.400000001639
4436.399999998608
10522.300000020748
11387.200000023895
11346.300000023746
3093.299999998282
11310.300000023615
11437.200000024077
11356.300000023783
10655.300000021232
11397.200000023931
6277.300000005305
11418.200000024008
3702.2999999977283
6847.300000007379
2226.3999999990706
7008.200000007964
4528.399999998943
1933.399999999337
11438.20000002408
6097.30000000465
4242.399999997902
11414.200000023993
9351.200000016488
11444.200000024102
7445.200000009554
11238.300000023353
11334.300000023703
5330.4000000018605
11380.30000002387
11374.300000023848
2462.299999998856
9828.300000018224
5280.400000001679
3973.3999999974817
8855.200000014684
4668.399999999452
7146.300000008467
5010.300000000696
4175.399999997659
11352.300000023768
2031.399999999248
11340.300000023724
11377.300000023859
2111.399999999175
5717.300000003268
3925.3999999975254
11384.200000023884
7335.300000009154
11321.300000023655
6017.300000004359
11491.200000024273
3844.399999997599
2158.3999999991324
4205.399999997768
11405.20000002396
4918.300000000361
3877.399999997569
7745.200000010645
11238.200000023353
6220.300000005098
6940.300000007717
11512.20000002435
11373.200000023844
3886.299999997561
8073.200000011839
4961.400000000518
5651.300000003028
11386.300000023892
11376.200000023855
2287.399999999015
11308.300000023608
4860.30000000015
5880.300000003861
7415.300000009445
11333.300000023699
7539.200000009896
4430.399999998586
3654.399999997772
11384.200000023884
7034.200000008059
11422.200000024022
7904.200000011224
11400.200000023942
11360.300000023797
4080.3999999973844
2411.3999999989023
11378.300000023863
3927.2999999975236
3251.3999999981384
6174.20000000493
3601.29999999782
4833.300000000052
10302.300000019948
3304.2999999980902
11350.30000002376
3525.399999997889
11362.300000023804
5324.400000001839
5969.200000004184
11331.300000023692
5744.200000003366
11417.200000024004
4467.2999999987205
11395.300000023924
11286.300000023528
11362.300000023804
11374.200000023848
11348.300000023753
2843.3999999985094
6103.300000004672
11447.200000024113
5711.200000003246
11412.200000023986
10868.300000022007
7921.200000011286
6672.300000006742
11386.200000023891
4515.3999999988955
10906.300000022145
4174.399999997655
4386.399999998426
6260.200000005243
11191.300000023182
9680.300000017685
11408.200000023971
2825.399999998526
11434.200000024066
3305.3999999980892
11433.200000024062
2559.299999998768
11337.300000023713
11451.200000024128
4774.299999999837
3296.3999999980974
2699.3999999986404
11370.300000023833
11334.300000023703
3611.299999997811
11340.300000023724
11420.200000024015
11523.20000002439
11377.200000023859
11385.300000023888
11495.200000024288
11355.300000023779
3007.3999999983603
6081.300000004592
4492.2999999988115
6377.200000005669
10436.300000020436
11435.20000002407
2806.299999998543
11461.200000024164
11417.200000024004
11383.20000002388
3050.2999999983213
11530.200000024415
5573.200000002744
11418.200000024008
6120.300000004734
6356.200000005592
11385.200000023888
10014.3000000189
9318.200000016368
11435.20000002407
11358.30000002379
10254.300000019774
2382.299999998929
11379.200000023866
11377.300000023859
4579.299999999128
11366.300000023819
11371.300000023837
3018.3999999983503
11164.300000023084
11362.300000023804
10179.2000000195
7882.200000011144
7921.300000011286
11371.300000023837
2652.399999998683
8584.300000013698
3358.299999998041
11373.300000023844
8531.300000013505
5427.300000002213
11517.200000024368
2674.399999998663
2921.2999999984386
11441.200000024091
11410.200000023979
2389.2999999989224
11395.200000023924
11439.200000024084
2920.3999999984394
11467.200000024186
11347.30000002375
11333.300000023699
11359.300000023793
3807.2999999976328
4744.399999999729
7202.30000000867
9425.200000016757
11385.300000023888
7708.200000010511
11318.300000023644
2621.2999999987114
4504.299999998855
1564.2999999996728
4119.2999999974545
2616.399999998716
6330.200000005498
5536.3000000026095
8018.200000011639
11382.300000023877
11405.20000002396
2825.399999998526
11276.300000023492
11367.300000023823
11332.300000023695
5488.300000002435
10047.30000001902
2498.2999999988233
3794.2999999976446
10208.300000019606
1912.3999999993562
4642.299999999357
8423.300000013112
8304.200000012679
11325.30000002367
11421.200000024019
5335.300000001878
5143.40000000118
11344.300000023739
10807.300000021785
11369.30000002383
5692.200000003177
6306.20000000541
11353.300000023772
8156.300000012141
11320.300000023652
4956.3000000004995
7497.300000009744
11311.300000023619
6485.200000006062
6006.300000004319
10504.300000020683
6609.300000006513
3882.3999999975645
2705.299999998635
4821.400000000009
7987.200000011526
11447.200000024113
4308.399999998142
8660.200000013974
4388.299999998433
2638.399999998696
11467.200000024186
5355.300000001951
11300.300000023579
11363.300000023808
3982.3999999974735
11388.200000023899
8897.300000014837
6130.20000000477
4893.30000000027
5488.2000000024345
5068.400000000907
4514.2999999988915
6036.3000000044285
8872.300000014746
11409.300000023975
3387.2999999980148
11330.300000023688
11445.200000024106
7249.300000008841
6393.300000005727
11379.200000023866
11401.200000023946
9289.200000016262
5374.30000000202
11361.3000000238
2684.399999998654
11371.300000023837
11339.30000002372
11344.300000023739
11402.20000002395
5593.300000002817
11442.200000024095
10664.300000021265
8428.20000001313
2686.399999998652
11395.300000023924
11365.300000023815
4943.300000000452
11401.200000023946
11390.200000023906
8456.200000013232
11374.300000023848
3725.3999999977073
11404.200000023957
11387.200000023895
4674.399999999474
11469.200000024193
4047.3999999974144
11375.300000023852
9851.200000018307
2441.399999998875
11358.30000002379
3104.399999998272
5507.300000002504
7150.200000008481
5612.300000002886
8226.200000012395
7074.200000008204
10086.200000019162
7886.200000011158
4416.399999998535
11406.200000023964
11353.300000023772
5302.300000001758
11440.200000024088
11485.200000024251
7028.300000008037
5122.300000001103
5424.300000002202
11361.3000000238
7545.300000009918
4017.3999999974417
11372.30000002384
2860.399999998494
7961.200000011431
6052.300000004487
4474.399999998746
7769.200000010733
11364.300000023812
5298.300000001744
6816.200000007266
4462.399999998703
11376.200000023855
11339.30000002372
11419.200000024011
5616.300000002901
10610.200000021068
7184.300000008605
6951.200000007757
11388.200000023899
11394.30000002392
11451.200000024128
11340.300000023724
5844.20000000373
3653.3999999977727
11359.300000023793
11412.200000023986
11376.200000023855
2953.3999999984094
11342.300000023732
9027.30000001531
9581.300000017325
5511.300000002519
7048.20000000811
11011.200000022527
10594.30000002101
11340.300000023724
