468.56083000021476
476.3013100002814
287.5074999999824
296.7184099999724
284.8878199999732
476.7733400003306
255.0627200000011
389.7230400002252
285.43724999997715
301.71896999998245
269.7283299999935
399.3856700001433
342.1243000001334
419.56797000027245
342.3814400001688
441.9657600002902
442.55407000022603
287.05028999998905
288.91033999999365
401.7864000000505
355.39036000006723
355.519499999984
262.70766000000106
500.0154700004483
273.2908699999878
380.7093499999979
388.079500000229
261.9771699999858
389.86579000011756
378.9951200000243
319.204060000051
363.99246999994
303.57590999998683
384.3338500000978
425.9096700001022
250.19356000000164
496.1435000004495
329.243840000073
332.39581999994886
415.68984000005435
401.2233600002286
262.49189999999527
444.75275000021065
428.77506000014955
332.80480000012494
267.740469999972
384.2771900002042
384.06480000009594
300.1826099999818
467.3398100003986
282.9432999999848
437.4663100002068
351.6952400000522
338.0015299999553
267.97306999999086
331.7269599999838
341.52643000000876
328.320999999971
314.7231799999583
342.9293600000077
403.3989900002378
420.8242900002213
291.8488299999935
279.3908799999927
483.2616500003779
321.63338000002454
381.4397300001212
292.1064999999786
286.78451999997657
391.82719000023286
368.9978000002424
271.7575999999945
402.90677000021475
479.9519200003751
476.27499000042286
338.9571599999437
293.15607999998394
452.4301400001922
412.36700000030214
500.65848000030036
265.33601999998837
311.90352999997134
302.7064000000187
414.7112700002212
386.58697000005355
298.0755099999661
386.17688000009133
423.3222900002648
357.8088800001574
297.29955999996724
442.2771000001739
440.4465800002515
364.3980099999475
295.7963699999779
293.966369999988
504.7245700004385
454.2455600002438
372.1242000000828
428.11634000021826
313.30943000009484
402.19003000022224
415.810990000271
299.22860999997147
293.1858699999894
453.04514000022385
456.9397600002293
425.90369000022025
374.0366500000033
545.4015800004595
275.11906999999013
301.9066699999779
317.0554799999773
440.4624600002646
281.37046999998756
388.3617200002252
339.85718999994765
362.2779100002101
419.1289500002344
379.27168000023573
345.59882000000584
399.7298200002122
434.90251000027274
389.91086000023716
499.0227600004865
377.7809800000285
293.18181999997984
464.3551800002248
309.50964999996745
320.64901000004954
267.6412099999842
311.3481900000485
314.4834199999632
389.08452999994455
360.20618999999425
269.2971599999967
270.32264999999114
274.9970699999865
426.7257400002171
363.0932000001605
258.1763599999943
531.5868300003456
246.13294999999135
310.214130000129
362.68042000024803
277.8092499999847
520.9529900004835
329.1009799999787
338.63547999993983
279.71558999998535
324.75418000001685
368.1897300001155
407.70557000015947
508.2784600004601
409.99226000015665
379.352520000032
307.80874999997855
455.4437900002906
492.1990700004833
424.97504000012225
409.138690000215
452.8264200000425
321.68300999995876
458.89155000024664
470.90784000027867
369.19206000024025
285.72003999997605
536.68424000046
326.6136499999818
308.54559999997014
310.43471999995694
265.0211099999887
418.25355000021017
411.7937500000652
399.65542000009657
263.4401199999921
267.74191999999266
324.07954999996946
392.23594000023775
302.05292999995925
267.3462699999958
346.94197000005187
403.80424000023146
312.1715499999702
282.4686899999853
257.0602099999976
280.86599999998805
504.9414000003954
382.9321100000295
241.56096000000437
373.3136100002321
309.5098799999668
391.39024999997986
293.46858999996863
293.9028099999756
270.6042599999982
320.64451999995634
320.6517899999806
381.29406000007714
384.12694000021753
471.96528000039046
471.0370600002041
264.45689999999144
365.7505600001667
353.0604399999189
348.2267399999674
395.2135400001126
452.800040000253
298.3133199999853
294.7741499999813
362.1580699999319
398.8957400000599
349.57479999997645
297.61752999997475
368.25930000024624
329.00520999999344
419.80867000027007
251.35145999999932
283.24224999999416
314.67286000002645
288.2646999999738
291.71565999998336
418.095110000199
384.64340000003443
360.4210100001425
462.46033000020043
324.12407999996304
268.15788999998733
253.27637999999712
373.4905699999322
345.95247000003366
231.35236000000899
342.63452000002604
277.719679999992
333.2873499999813
246.2389600000002
493.62919000022674
320.6909699999595
332.18518999999475
275.4840799999945
361.74927000005016
342.17849000000336
289.38806999998724
352.34303999998673
293.02587999997724
471.92470000026896
407.6514000001698
410.53626000025804
318.52410999997636
332.3394699999482
298.4934199999678
678.9207600005317
364.3411200002392
426.4029600002271
352.559689999943
450.0257300002168
427.50708000031614
284.4882099999866
396.34191000026294
388.8007800001531
317.9382800000016
456.13880000029616
334.45047000001364
335.63612999995877
275.36906999998615
341.15974000004644
369.96782000012354
276.1745999999826
341.9332300000085
280.0623399999926
362.82461999997287
248.42159000000083
286.7408099999799
330.73541999998105
530.9220500003767
418.9187700002395
293.2972099999656
375.16750000010717
547.1988000005725
288.9719799999827
412.3929600000022
376.9333500000009
309.14776999997093
284.2464899999746
257.49565999999004
293.8083999999692
351.68383000000455
333.43395999997165
291.53057999997804
265.77432999997944
382.26307000023843
272.32470999997986
278.8706099999833
341.8375300000243
447.53002000016016
431.31025000021214
312.0312799999731
304.14867999999376
279.0014299999789
443.4721400002093
328.9848200000753
365.6651000002483
471.17337000029727
488.80893000042704
336.47487999995303
255.75271000000706
372.3542800002362
294.79716999998897
332.4514100000561
285.513279999981
343.2463099999536
389.2310400000635
335.14367999998154
357.4131300001159
396.7991200002411
357.60961999994265
381.6361800002375
311.5581899999624
340.8677399999846
355.4386900001797
416.49946000022936
249.17766000000492
287.9292999999828
277.91839999998217
390.8988000002301
378.0467200002352
271.16351999998807
463.68678000022265
251.1698100000014
245.50829000000297
377.9560100002295
405.64050000020643
293.65435999998687
371.35122000008727
282.2438899999871
282.8752999999753
313.20831999995625
334.2744799999645
374.8694800001457
453.3535100002453
369.4595300000368
403.37086000023044
448.41721000024
301.8949399999785
533.6115200003752
383.80577000013693
305.4781599999798
365.4679400000506
381.47290000024003
290.9185599999775
321.0480099999493
263.8187199999814
337.7891500001367
274.1152999999875
316.9867599999629
242.30125000000325
397.4937100002495
458.00508000011376
375.92412000001093
404.69560000000723
371.36028000009645
319.83432999996194
238.38575000000162
381.2670900002273
449.2456100003037
417.34210000005345
387.91505000013814
301.96119999997035
318.2777099999532
295.89012999998994
387.5100100002427
383.57372000004
399.7023100002664
448.20005000023195
401.10371000016187
431.04440000023146
473.5414500003816
526.2301600003963
265.65007000001236
369.93791
363.28758000024345
256.45566999999284
275.2352899999884
440.4012200002037
390.9216700000512
332.27020999994386
327.36524999996726
311.33476000007454
483.6091000001543
362.95144999993397
347.27089999993643
306.8695299999754
416.7336200001321
263.6372199999875
333.2245900000266
423.1038900002316
470.88613000027317
313.90451000003105
334.85795000000644
386.166730000249
455.459940000192
437.86337000034285
482.489900000236
362.3401600000371
408.4548200001755
414.09038000026266
360.11314000010515
349.10924999994864
397.96356999993594
372.376170000071
515.5956300001526
271.97788999999705
451.63585000019407
471.65306000020325
298.45069999996434
443.90812000024977
346.4060099999495
282.02603999996813
283.77649999998624
377.33128000024277
396.1898200001742
397.2381100002174
303.9086999999814
243.00032000000613
268.6437099999889
274.7666899999934
316.44839999996134
259.11466999998606
539.4536700005133
427.5250400002679
422.349490000187
456.43179000023537
344.0302599999621
401.73495000022587
426.7510200002066
370.98872000011784
307.8292199999668
459.4096400002491
278.97139999999325
346.78289000003383
283.37361000002255
350.8605000001327
285.94327999997347
231.79074000000892
373.2346600001314
282.25099999998326
305.7436599999738
316.3325999999838
400.4485900001413
334.4324799999657
252.5552699999936
429.25468000025955
277.83378999998826
449.26958000014815
230.8485600000128
339.01964000001186
285.65803999996956
264.8253399999839
357.5126899999881
269.09154999998475
419.93859000021143
423.6556000002633
493.5866100004629
287.59796999998747
312.70045999997006
272.2297199999962
252.71760000000265
420.24676000022396
418.2359800002941
415.30119000021455
329.9955899999502
356.0074700001023
241.90415000000644
507.02813000036343
345.16067000006433
362.53966000018335
310.83638999996003
515.8284000004595
278.5905699999849
465.66384000033577
271.5087999999934
384.4103699999725
483.18926000024504
362.37822999994484
365.7576800002402
320.16182999996494
281.3087899999812
301.16773999996997
384.0840199999872
316.62920999996004
306.42984999996827
415.345550000179
273.12135999999583
369.7872200000478
332.9594300000052
446.9839300001935
264.5429099999921
393.73434000023104
368.82532000009564
464.06233000020717
335.27293999995
394.74672000010514
319.67571999999046
378.4812400002317
310.3725699999657
305.86130999997886
309.0056599999859
401.586980000232
312.05091000000056
322.5341000000173
345.7259599999424
359.00317999995167
410.5705300002112
344.76005999999063
257.7410599999979
327.50521999997017
365.77708000002394
294.0623099999724
473.30295000020857
512.4821300002567
337.1714000000926
352.50856999998257
442.3272800002831
283.584949999968
403.87393000018534
451.9888000003398
444.51677000021533
330.6316999999934
451.6524600002247
386.9833100002336
280.548689999999
447.52183000024905
369.4067799999494
315.1609699999644
395.29706000015545
315.3597700000103
313.46091000000115
437.4457300002075
241.97190000000967
295.7010499999802
317.1916099999777
389.2130300000034
263.0512199999875
364.16873000006933
386.15870000022807
310.1292999999612
324.0222100000145
292.6482999999705
390.78121000008707
353.3461100001092
282.0724900000068
291.32443999997054
244.10516000000146
383.6728800002327
338.53687000002776
377.1686400000996
232.7641600000047
433.9024700002256
324.79520999995856
332.8700199999645
324.88097999998047
464.8257500004445
275.18058999999346
276.5432399999988
300.4178699999721
307.2906799999688
476.52084000027185
507.2802700003868
321.35028999995507
266.13514999998915
333.25375999998533
487.2823900003218
362.64327000015464
369.8735800001194
447.7742400002834
303.30545999997156
324.9935400000223
252.95465999999226
378.67935000014216
383.0454600000649
272.96281999998376
361.5813700000485
284.24724999996454
380.69827000024424
373.97836000015894
346.6392299999708
268.8671099999864
292.62945999998226
507.1498600003081
254.07315999999486
307.49450999995474
430.49312000007905
296.6639900000011
291.5114599999823
393.45478000004493
326.55691000000303
396.15878000023105
286.5552399999722
321.7358699999644
410.89049000021146
232.5233600000047
374.4779800000464
298.620429999971
291.8478099999746
291.61391999996135
342.4625500001008
271.05059999999014
384.472110000235
306.04664999996925
409.31106000022163
356.9258499999846
427.1586300002205
260.4430099999995
274.1726499999774
356.4864800000692
273.9534199999938
420.2768800001875
398.7157500001002
401.4845300000962
453.6324900001775
370.2938800002349
416.08413000001906
451.774700000496
324.37909999997504
261.6761200000044
388.7462500000431
319.6500200000004
329.9217199999981
425.2087000001434
355.14115999994846
424.1380700002782
417.3518600002044
318.33714000004426
296.31831999998906
352.6330200000536
305.5018999999672
336.8759700000091
299.9072199999922
373.42212000019504
474.9785500002732
413.2751100002295
311.2021399999733
307.76493999994955
495.75323000035945
407.5407000002185
470.39226000028384
535.4727600004676
336.17988000005505
398.6562100002357
356.61921999994195
323.0553200000654
251.96896999999734
437.12983000011513
351.87982999994995
297.5291299999867
435.6229100002212
337.69308000004656
306.4700999999769
412.1602100002316
400.6641400001434
417.435900000228
269.76044999999294
427.17602000030604
381.41470000023213
336.4256300000031
444.8736000002138
392.7957300002328
308.28862999997546
372.1363900001771
316.66369000001845
315.91660999996253
445.85428000009733
278.46486999999075
291.5134899999837
314.0873399999688
325.4838099999617
398.52126000022736
277.61057000000136
355.93082000018455
370.0964300001584
270.7547699999988
350.063210000048
311.035999999962
453.2712600002122
370.1592800000827
290.08043999996875
369.09177000002387
363.8948199999398
350.1691999999455
289.0679999999827
376.3906799999384
417.46953000022205
321.01775000000623
317.66378999995516
416.0922200001153
335.66256999997836
293.12822999996644
373.79270000004396
341.53338999998203
525.6968600004516
368.671739999933
456.6957200000694
330.35868000000914
339.8237700000195
415.3866500002254
425.06705000026966
264.92155999999073
361.2968300002337
327.1288400000044
325.1010700000401
327.469860000102
423.78489000026764
370.0377500000448
320.09849999997334
309.3436799999712
565.2564500005165
302.04613999997605
530.0819600004692
382.78968000009706
380.84511000001197
423.57678000021167
313.40185999997914
250.4801200000047
420.76927000021436
337.7823299999494
297.56110999997077
398.5538500000091
309.5292499999691
341.67181999998894
308.06269999996107
338.09354999996395
380.44246000024623
276.77426999997977
309.7522299999615
290.2561099999742
384.68352000000914
331.93502000005435
349.7806300000204
414.8276400002227
374.1044299999623
432.5223800002113
346.3280300002477
437.4361800002149
400.8420400002292
394.6941700002228
254.26182000000423
273.9960700000363
327.77525999996215
328.10783000003073
434.27935000021074
398.9916600002266
471.08203000009814
330.0759100000728
455.06284000030394
258.31496999998524
379.1797800002229
329.7876799999716
358.6791799999535
405.1472399999982
391.1303900002389
367.9559300001056
307.76642999997205
291.47617999997635
429.2290800002369
296.3777099999667
332.5086599999497
347.2817699999586
422.500400000203
488.0484900002427
348.0529399999806
301.3423199999686
289.5766599999746
278.7353799999872
250.99701000000002
326.70411999996264
424.0714000001988
439.5323400002971
462.8886900002101
337.08219999996913
295.7195799999774
464.75408000022503
425.09366000021504
271.84470999997785
355.92397000003405
337.14636999998334
318.4342300000651
361.3303000002136
462.5931300002431
301.0068299999662
425.6484300002204
494.685730000321
557.1576200005314
316.4847199999674
528.3946800004046
344.38514000002414
473.4469500003026
328.656210000043
386.35146000004386
376.82258999998334
388.46976000016787
397.608540000145
522.2252200004809
299.38440999996914
274.40874999997897
320.9261499999712
513.2555700003163
394.0281600002404
357.5978899999663
456.02844000028546
381.25176000024993
327.90816999996173
455.45851000022014
285.5250499999771
412.9747100001681
376.7533700000208
246.6149699999885
420.78206000021027
290.3663699999796
359.6206100001298
331.03302999995714
429.98945000022087
359.32466000014347
373.0959600000187
461.73650000021314
273.7344799999886
294.82306999998457
452.51394000019894
533.3454400004221
290.16815999998397
498.3670400003905
334.5424500000175
286.38298999997687
453.4865000002002
509.81267000046034
362.0573000002438
382.4075700002449
313.9043499999586
290.853599999979
329.50529000004235
430.2813900001373
393.6649700002404
352.0934099999593
372.42089000023225
311.4354499999743
371.488909999964
234.74675000000906
345.49075999993903
246.81186999999963
388.2473000000332
293.028879999963
407.3815700000887
401.8936800002334
464.6462400002901
271.2680999999933
348.4758100002413
422.3065600002683
405.939900000216
333.04086000001706
273.98895000001534
330.5914199999608
280.78467999998315
267.2710199999968
263.676399999994
338.9482599999722
335.98208000013904
327.4875900000298
271.12421999999003
392.9027400002407
307.82331000001636
263.8288499999872
328.4200099999773
357.43881000013914
421.3160600002825
401.7201000000039
307.5110600000063
567.1844700005294
336.24076000012866
491.9530900004804
353.55651999998406
325.16630999998205
277.4125299999765
378.3290800000501
340.21549000003256
364.3059100002085
352.73120000005
258.9065999999871
300.423539999981
344.4924099999841
383.011660000091
379.6711400000315
340.0503699999648
471.4758300001549
346.5187299999702
286.87170999997943
388.68843000003375
242.89251000000596
372.8028200002326
295.3118999999755
315.324159999975
318.842960000047
365.4124900001385
354.3358999999522
364.68616999996897
339.9002600000341
291.50849000002086
338.38783999995326
287.9633899999794
370.2141600001376
502.47434000046894
333.8790099999582
449.9383700003171
348.50113999994596
333.05978000009867
334.500700000038
428.6735500002311
432.5064400002174
314.35606999996145
351.8966500000142
441.132770000194
280.84887999998296
395.8005700002287
376.69618000024593
267.52991999999034
459.3999400002373
296.5136099999768
414.2602300002295
448.0875800002624
372.9419600001197
300.40395999997486
306.4542699999772
427.18759000022305
364.6729399999736
439.91025000020295
292.44658000000715
298.5671599999733
417.39660000024116
315.9342899999654
409.02220000023044
402.38771000022143
347.3878199999755
462.4323000002008
274.38036999998343
390.8319800002358
295.60634999998257
290.5306699999762
318.4900399999739
279.6638099999808
267.45429999998754
373.15453000006545
251.83765999999818
424.7524800001063
395.75635000006065
418.58948000017625
388.60560000009247
362.8456599999535
427.0942200002481
382.6114000002365
384.37224999997585
411.9070200002318
463.8467500002034
422.5264900000849
287.28635999998477
319.03799000002385
475.31827000038305
378.77602000006283
334.47629999994746
442.1731100001952
302.1581699999759
357.5243600000602
342.5831700000438
320.6700499999853
358.29164000010167
385.69137000024085
371.2032399999909
390.35613000003985
324.4750999999808
283.53534999998857
370.08235000005936
304.729509999977
322.5630900000296
449.158630000182
340.77817000009156
423.3207200000239
519.1653800003857
446.6915500002498
472.84560000022657
340.50381999999763
384.2838800000173
333.5912599999454
407.2041700002205
328.53556000004966
270.00916999999055
287.9743799999793
447.43757000020474
371.79670000016864
403.69491000019946
360.35429000004535
406.1637200000912
473.46346000023857
361.15991000021495
414.4598900002936
