5897.375000006184
7353.300000011948
4837.875000005273
2639.6999999989634
1826.4249999993583
8707.825000014147
2086.399999999198
4610.350000005106
2112.8749999991737
2114.849999999172
2392.1749999989197
9123.325000016126
3469.650000002949
4178.125000002963
7614.85000001292
7343.325000011785
6885.85000001046
1999.174999999355
2956.399999999184
4568.900000001081
3467.875000001633
3034.9249999998647
2295.349999999008
6987.3500000111
2652.724999999005
3683.3749999999286
5873.9000000067535
2228.974999999068
3674.1000000029226
4844.625000000991
6847.200000007379
3370.174999998342
6262.825000008704
4586.600000002463
6460.35000000625
2385.199999998926
10066.800000019091
3706.7250000013637
2761.1499999985845
4629.375000001336
4247.12500000576
1718.9249999995322
7283.575000012025
8229.57500001244
3358.1500000026335
5654.650000008702
4144.825000004775
3745.125000002048
2502.724999999038
4878.8500000052545
3784.8750000031505
4722.125000005398
3718.1250000011128
2932.3999999984285
4109.1250000040945
3842.899999999325
6334.67500000586
2873.149999999264
2428.9499999988866
4733.600000002077
5662.575000007507
9260.600000018409
1805.7999999994531
1820.3999999994398
5812.1000000098265
3361.3749999999905
3802.1000000027752
3891.3500000021404
2054.474999999227
4740.150000005336
4277.675000005657
2962.125000000811
5537.87500000456
9276.650000016218
8803.850000016722
4002.375000003056
4991.8500000051945
4882.350000005274
6462.15000001
9376.55000001658
2944.1499999990538
3289.624999998643
3365.425000000455
4949.1000000051645
4145.37500000098
3923.9000000013352
3887.1500000022784
5985.825000007246
3764.3750000035598
3406.2249999982787
5346.8500000045515
6615.600000012187
3019.649999998735
3089.6499999987655
2107.624999999255
6391.100000010119
4666.900000005416
4733.400000002784
5099.1000000051135
3017.175000001983
5016.450000005399
4768.925000005238
2428.7249999988867
2270.3499999993574
6318.100000006843
5700.875000005467
5229.10000000534
7082.350000012069
9963.325000018714
1952.09999999932
2659.3999999989683
5261.575000007061
5395.900000006419
2011.374999999266
4626.450000005339
5265.875000005202
4290.200000004845
4997.575000005691
4865.150000005148
7530.625000009864
5407.425000007351
4759.200000005226
5037.100000005374
4965.125000005155
4005.1250000020245
5860.900000008045
5432.875000005452
5014.600000005161
3047.9500000009225
2668.624999999586
2928.9000000008245
5208.400000006298
3462.6249999988713
3820.624999999382
4032.550000005921
2331.8499999989745
2551.649999998775
5322.87500000558
3802.5750000037206
4194.950000004869
7137.600000008766
2582.224999998759
6248.400000008247
4048.400000005862
5760.675000008345
6825.800000012192
6333.350000008357
3942.3749999999977
2568.12499999876
5503.8750000064
4042.8250000024436
4309.675000003162
6715.850000011389
4970.875000003634
3879.1000000003587
3437.1499999987395
4162.57500000527
6925.900000011779
5721.85000000664
6862.90000000964
5068.100000002999
2712.3999999986286
6242.100000006654
6182.850000006758
4325.875000005633
7228.425000011457
7106.350000011811
3000.8999999991383
3466.399999999444
3076.649999999466
2395.9499999989166
7195.8500000117
4979.625000000584
4055.100000002209
1950.949999999321
3279.625000000953
2514.84999999912
5979.575000008966
5514.450000004558
2232.3499999990654
3252.375000001265
5100.125000005208
3491.10000000119
2279.0999999990227
4360.400000005631
2229.1999999992777
8394.32500001501
3507.85000000072
1774.1749999994822
5109.4500000063
2506.8999999988155
3443.374999999781
3141.1249999998786
2593.6999999987365
2023.349999999255
2715.724999998625
4563.050000003901
7509.075000011113
5351.475000004688
6194.600000010491
5389.600000005529
1826.1749999994347
4867.850000005181
3360.249999998039
2770.3499999992537
3300.2000000016915
7496.600000011531
2517.8749999988054
2638.09999999953
3984.1000000013073
4920.875000002014
5115.350000005437
3905.625000002243
7542.600000012539
2759.149999999748
7611.850000012737
2359.1999999989307
1789.0999999994683
5507.850000006326
2213.1999999990826
3361.3250000012195
4693.150000005324
3512.1000000010517
4447.175000003058
5428.375000005404
3696.125000001215
2091.6249999991933
1914.0999999993085
3508.899999997924
3736.8750000008567
4125.425000005714
2747.075000000362
2409.599999998904
3106.8749999990546
3470.2000000008024
5805.125000005873
2346.8999999991556
3049.4249999994836
4219.600000005819
3686.400000001048
5125.350000001498
2118.124999999169
5334.600000006052
1967.3999999993061
5948.8500000064505
4829.650000003861
6174.625000006687
2844.6999999990985
2690.3999999986486
3444.7499999982333
9276.075000016215
4499.975000005434
5089.625000005155
3133.949999998557
5787.1000000072
8046.350000013585
3744.650000002276
5330.450000005946
5052.650000003662
2627.3999999997636
7635.90000001173
7888.325000012851
3708.8499999999226
4794.5750000068765
3385.1750000011507
4244.450000002968
2058.1749999992235
3888.9749999995392
2208.8499999990863
3327.6249999992724
2132.2249999991564
2131.199999999157
2937.9999999993265
7224.350000008751
6186.100000006447
4108.125000000986
4885.175000002739
8078.600000014267
2035.1499999992443
4528.625000000264
3685.6249999999004
2774.649999998572
2279.6499999989687
2879.2249999987
3112.3999999983116
4571.87500000265
2402.6249999989104
2122.624999999165
2279.2249999990227
4206.625000005786
2142.6749999991466
5531.375000006493
3764.1249999997594
6137.850000004797
6298.100000006712
3616.6000000002223
2542.149999999549
2712.9249999986605
5851.8750000047985
4196.725000002014
4223.925000005716
5949.100000007437
5068.125000005755
2864.1749999984904
3952.6000000059676
4767.100000005357
2816.6499999985335
3885.150000001467
3009.8500000004788
3040.624999998503
4331.875000000995
3176.424999999348
5378.700000003953
4580.100000005547
2739.399999998604
4921.87500000513
3798.375000000556
3758.899999998885
3897.1500000039778
4743.100000005385
3358.400000003319
2414.4499999988993
3117.1250000001114
4788.700000005219
4411.700000005532
2897.14999999973
7792.100000012064
1660.3999999995854
3735.35000000173
4744.675000005941
5670.15000000475
2432.099999999242
4390.37500000242
2075.924999999207
2322.3999999989833
3095.249999998371
5476.125000005141
4286.12500000308
5902.100000007309
3638.100000000808
4775.125000005346
5920.375000005616
3021.649999999072
8838.82500001516
4083.8750000032605
6133.875000005619
3694.625000001023
4957.425000005098
2197.649999999097
2988.1999999983777
2069.6749999992135
3266.6000000032236
2381.59999999893
2928.149999998741
3612.9500000030303
5583.400000005668
5383.60000000311
4453.374999999465
3729.3500000000904
5191.875000004981
2672.874999998665
1910.9249999993572
4573.900000005391
5068.850000005779
4293.875000001264
3854.0750000031476
2984.8999999987996
2619.9499999987124
4340.3500000057575
4283.075000005737
4345.875000000896
4145.900000005768
5674.100000006584
5413.350000004757
5022.3750000052005
6939.800000011379
5704.125000007557
2166.4250000000156
4239.424999999514
4380.875000005586
2946.4749999984156
1884.1499999993816
5990.925000007069
5717.35000000523
3263.2499999981274
5037.85000000416
6453.450000007898
5993.850000005612
3425.39999999798
5153.850000005143
2129.3749999991587
4394.125000003082
1896.1749999992949
3557.375000000721
4896.375000005315
6871.35000001214
2569.650000000753
4103.124999999138
4351.075000005724
6815.6000000083495
7432.600000011769
7727.850000012806
3683.1250000006053
4495.55000000425
8547.075000013563
3175.3750000027744
2908.6499999984503
3577.8999999984967
3904.6250000014065
5846.850000005964
1631.1749999996118
5966.625000004789
5909.375000005637
5109.125000002497
5153.350000006109
4965.600000005332
1870.174999999326
2364.174999998945
4464.625000005553
5266.225000003483
7528.350000011317
6147.325000010589
2442.1499999990397
2653.8999999987686
1786.3999999994708
2660.449999998676
3413.999999998792
5115.60000000674
5220.800000006506
5418.375000006425
5709.075000007082
3262.3500000004215
4184.325000005783
5117.125000005003
3875.600000002416
4622.125000003118
6180.625000005896
2652.8999999994435
3072.1250000007117
4793.625000006309
3816.4000000028423
3347.99999999892
1488.1499999997418
3985.850000003039
2763.375000000413
3312.6249999995257
2728.4499999994614
6921.850000009587
2762.4249999991794
3118.450000001276
4571.65000000552
2413.149999998901
6035.12500000627
1541.6749999996932
3046.8999999998073
2931.674999998429
2338.7249999989685
5294.100000002678
3683.9499999995783
5219.900000005098
5898.875000010235
5495.400000007498
5731.225000004832
2514.374999998807
2123.1499999991643
2212.1249999990837
4752.625000005358
5296.375000006838
4975.150000005096
2914.6749999984445
4686.375000001727
2700.67500000028
7388.575000010598
4163.400000002177
3826.8250000044227
2514.899999998808
7235.850000011513
2795.624999998553
7030.600000011881
2846.8750000008063
3780.8999999992466
5739.300000008543
2852.374999998501
4216.875000005729
4936.125000005248
2214.3999999990815
2672.7249999988117
3028.124999999924
3191.174999998355
2787.1499999985604
4436.125000004654
2010.3499999992669
3491.3500000009317
3514.3999999998823
5078.875000005245
1824.4249999994363
4758.125000005274
3507.675000002463
4751.625000005587
3620.3999999981093
7753.800000013518
4554.150000000882
4261.925000005621
2459.899999998858
3194.124999998564
4215.350000005854
4998.400000005108
3702.6999999998707
2602.625000000536
2841.3999999985112
2954.1249999988354
5534.975000005556
3330.649999999263
5353.725000005784
3879.850000002435
3756.900000000198
2357.199999998983
6113.37500000557
7071.600000011655
3309.6750000021193
2500.849999999664
6969.625000009222
4739.67500000548
4325.100000004583
6422.125000008091
4780.100000005413
2702.9249999997014
7035.125000011836
4142.400000005793
4430.375000005684
6866.825000010015
3620.399999998433
3293.149999998858
6331.3500000074
3188.149999999468
2826.6999999996915
4849.875000005284
2194.3499999990995
2313.6249999989914
3522.625000000218
4293.600000001172
1960.4749999993123
7583.150000011201
4414.650000005534
4129.3750000020345
2720.675000000291
3394.375000000957
4477.4000000019805
3429.200000002226
3429.100000000916
3583.6749999981344
2245.1999999990535
4867.875000006037
3640.3749999999795
5928.600000004037
2357.19999999965
4693.825000005474
2887.874999998469
2473.3499999990454
3629.89999999868
6505.85000001072
2333.849999998973
1881.8499999993837
2011.6249999992551
2894.8999999984626
4983.12500000528
7454.350000010389
2769.3999999985767
2369.9249999989815
2805.8499999992773
7737.050000013645
4425.8750000030295
3686.350000002928
6454.850000009325
2709.874999998631
3165.3499999998176
4615.7000000053085
7218.8500000092645
3810.075000001395
4617.675000002577
3450.6250000011737
3277.424999999828
4261.875000005784
4782.100000004799
3049.8749999991223
1991.4499999992843
2490.5999999988303
7856.100000013422
2370.974999998939
3194.69999999819
5284.325000003914
4361.850000005714
4803.125000005306
4216.600000000901
3497.9499999994164
4338.375000005712
3212.6999999983445
2638.64999999887
4796.875000005245
2726.199999998672
4026.875000000797
2695.1249999986444
2301.4249999990025
2592.4749999987375
3714.17500000272
2061.6249999992206
4699.150000005273
2672.624999998665
5196.875000004981
2949.8999999996213
5605.850000006039
2555.3999999995835
2833.675000000207
4519.375000001481
1945.449999999326
4977.375000004173
3944.875000002369
4256.875000002461
5952.125000004846
4422.3750000055425
4120.1000000006925
6828.3750000117725
2159.3749999991314
6777.900000011908
4638.1250000005675
6752.350000008003
5045.075000006135
5719.900000006894
3261.649999998465
6493.85000000902
4714.125000005032
2954.575000000432
2590.9499999993363
3486.575000000908
4886.875000002822
2964.150000000028
3181.724999999336
4697.20000000434
8103.32500001199
6909.150000011743
2534.124999998791
5303.700000004721
8599.325000013752
4804.42500000522
5199.375000006714
9805.075000018163
3148.625000001036
4825.325000005284
2931.899999998429
4140.200000002131
2013.4749999992641
4132.825000003197
3556.7249999985806
1906.5999999993614
5133.600000005085
2663.375000001218
2692.949999999041
6993.07500001192
3934.625000003722
5955.07500000889
3341.5750000021108
6159.450000007364
5011.900000006112
2892.475000000115
7743.375000011652
4506.575000005549
2129.849999999158
4434.900000003804
3541.6500000003716
2536.174999998885
4618.125000002728
3860.474999999541
4389.600000003542
3411.6499999993166
2976.699999998684
4714.375000005348
1709.3749999995407
6663.625000012086
4255.65000000574
1675.099999999572
3752.4250000008597
2515.4249999988388
5183.125000004944
3948.9000000014257
5749.42500000701
3852.875000000139
4979.575000005274
3103.424999998295
1972.6999999993013
3359.1749999985423
4639.100000005466
2935.8749999996057
3080.649999998294
5396.875000003211
7274.100000009424
3721.4000000003884
4011.650000000895
7420.075000012415
5947.600000006012
3298.39999999814
5474.600000003864
2779.3749999998254
3250.6250000001573
5528.375000005659
7438.850000012519
2290.7499999990123
6155.675000009078
2860.8749999996435
2886.3750000007294
3608.875000001832
6358.375000010159
4606.82500000427
3312.4249999987164
2223.1249999990737
9757.800000017967
3626.3500000014037
6855.100000012009
3949.8250000023672
5920.3500000069
7219.600000011635
2496.62499999913
2082.6749999992016
4974.375000006171
3004.6249999984016
2644.94999999869
4237.875000000475
2653.624999998682
3027.099999999451
4697.125000004152
2495.374999998826
4398.100000005679
2928.724999998432
5072.17500000508
3314.6499999997204
3978.1000000006256
6092.150000007283
3199.575000000308
5467.375000004752
3307.374999999497
4500.875000005613
3957.925000005802
7603.600000011744
6826.575000012029
4934.125000005144
2093.649999999191
4316.675000001363
6313.350000007099
3104.100000000292
5181.625000005002
6510.100000010954
4951.850000003096
3005.150000001532
7977.5750000138505
2965.474999999098
3845.3750000055884
3240.6249999987353
3133.3999999988496
4825.85000000165
4726.375000005649
5807.900000007365
4566.350000005554
2121.6749999991657
5985.575000006791
2228.1749999990693
5592.37500000506
2500.6499999988214
5182.450000004876
5821.875000006425
3307.1249999991455
2743.7499999986003
2028.124999999251
4963.350000005143
4266.625000005687
2817.374999998533
5572.65000000653
5189.800000007459
4765.850000005524
5831.375000005986
6273.600000007612
5054.575000005891
6254.625000009398
2525.224999998799
3224.125000000702
2704.3499999994046
3013.1000000011836
4386.925000004555
5996.575000007211
2372.124999998938
6596.850000010172
5837.600000007231
7786.5750000137505
2394.099999998918
7228.600000009792
3616.1000000003455
5842.600000007424
3528.2000000004186
4303.350000002407
7310.300000009063
4688.400000003789
4511.875000003225
4700.850000005433
5137.375000004973
5555.425000007497
2105.1499999991806
7981.575000011506
4294.100000005745
3035.874999999173
7446.325000010682
4235.6000000058
2547.4249999987787
5501.125000006012
4927.425000005099
4580.625000004129
6123.5750000057415
3354.9250000025736
5317.625000004799
2105.3749999991805
4070.4250000027596
2906.374999998452
6007.350000009039
3335.1000000033855
3944.9000000006245
5540.625000004901
2155.1499999990874
2330.8749999989755
5847.375000005492
8447.82500001337
2048.3749999992324
7548.075000009929
6254.12500000635
2195.6749999990984
6840.100000010084
9661.350000017617
4047.6250000058117
4343.375000005665
3229.3999999981584
3456.6249999989786
4600.350000003037
4981.875000003381
5575.325000008588
3879.3250000024473
4548.6500000053975
2053.624999999228
3491.6499999986886
1475.3999999997536
3471.649999998184
1941.9499999993295
3382.1000000009176
4429.224999999802
4617.900000001978
4459.875000005599
6423.075000008776
2147.1499999991424
5352.150000008096
5785.375000006274
4318.175000005679
2854.850000000323
5152.225000004489
2249.3749999990496
2966.124999998398
4492.125000004189
1828.3749999994143
2904.649999999316
3469.1250000031455
5398.050000005123
6656.175000010204
8181.825000014311
3083.974999999916
3684.724999999314
4744.675000005352
7905.350000012865
4512.62500000557
4479.125000000018
4108.125000001091
7325.0750000094995
3652.0750000026037
9387.600000018007
3271.3749999993597
5088.625000002267
4472.900000005486
3169.075000001293
3869.150000001495
4095.9000000049077
3346.150000001131
2772.8749999985735
2337.899999998969
3679.4249999995045
4564.375000002208
7479.600000011562
2758.1499999991856
6310.5750000060325
3398.6249999986417
2133.9749999991545
5926.1000000074755
2686.375000000344
6533.700000008431
4940.37500000591
2751.1249999987062
5397.850000007083
4001.1750000031616
3990.125000000167
3509.64999999905
2751.3250000004614
2433.1750000001985
3526.374999999128
3613.125000000263
4906.125000003532
7376.100000012193
2812.3749999985375
5794.625000007987
6590.600000006979
3323.875000001889
3802.6500000007054
7381.100000012088
5429.875000005676
4667.850000003836
3209.899999999919
5677.3500000068625
2225.1499999990715
4812.125000005238
4633.625000005404
4405.925000005564
7242.600000010056
2893.8750000004407
4290.600000005858
5886.400000007269
4233.625000002487
2100.1249999991855
5470.075000008255
5377.375000005253
3485.149999999168
4918.375000005296
5280.125000005766
4633.625000002137
5792.925000005899
2622.6499999987104
6142.3250000091675
6994.325000011857
3420.9499999995824
5192.625000005107
2933.9749999986416
5413.375000006227
4003.625000004302
2107.6499999991784
5203.925000005367
2284.8749999990177
3255.625000000024
4256.100000002271
3574.700000000429
3988.5750000030253
5635.10000000368
4429.825000004202
5056.100000003586
3375.3999999991515
6418.825000010791
4290.900000005669
4270.150000000516
5322.625000005781
7929.850000011758
5578.625000004776
3378.6499999994667
2829.6250000002447
5568.62500000598
3801.1750000018224
3303.4749999982787
5132.375000004985
2213.899999999082
5676.300000006329
2973.125000000897
2925.874999999157
5013.850000003696
4570.125000005479
3759.899999999493
4108.6250000008395
3510.699999998814
4734.100000005338
7255.900000008865
5984.300000009591
3197.1500000001606
5844.375000004825
3116.125000002063
4938.375000001686
6713.125000010055
5705.875000005742
6297.850000007487
6709.350000007101
3304.8250000004823
2649.174999998686
4863.650000005199
5398.600000007122
5219.850000005389
2203.649999999091
5207.650000005511
4295.875000003748
3779.925000004113
3667.150000000816
5672.100000004359
5860.125000004636
4999.175000006069
5111.100000007212
