11930.30000002587
11698.300000025027
11715.300000025089
4358.499999998325
3001.3999999983657
11766.300000025274
2984.399999998381
11372.30000002384
2696.399999998643
2433.3999999988823
4076.399999997388
11744.300000025194
8556.300000013596
9165.300000015812
11647.300000024841
11719.300000025103
11911.300000025802
4231.399999997862
4885.400000000242
6311.300000005429
7382.300000009325
5512.400000002523
3606.3999999978155
11692.300000025005
4441.399999998626
6151.300000004847
11637.300000024805
2716.399999998625
8783.300000014422
6401.300000005756
11560.300000024525
4448.399999998652
11736.300000025165
8305.300000012683
8792.300000014455
3327.3999999980692
11812.300000025441
7344.400000009187
4109.3999999974185
7576.300000010031
11651.300000024856
2344.3999999989633
11875.30000002567
11776.30000002531
8189.300000012261
11491.400000024274
10732.300000021512
8000.3000000115735
4324.399999998201
11754.30000002523
8988.300000015168
11712.300000025078
6665.300000006717
3317.3999999980783
10060.300000019068
5148.400000001198
11645.300000024834
4860.400000000151
3504.3999999979083
6553.300000006309
11756.300000025238
11715.300000025089
2101.2999999991844
2264.399999999036
11766.300000025274
5848.300000003745
8685.300000014066
8209.300000012334
2866.3999999984885
11682.300000024969
11601.300000024674
6274.300000005294
11606.300000024692
11597.30000002466
11687.300000024987
9070.300000015466
11759.300000025249
11719.300000025103
11602.300000024678
11690.300000024998
4704.399999999583
4647.399999999376
5305.4000000017695
11758.300000025245
7396.300000009376
7496.30000000974
8305.300000012683
11751.30000002522
9308.300000016332
4410.3999999985135
9924.300000018573
11691.300000025001
4512.399999998885
4567.399999999085
4245.399999997913
11678.300000024954
11677.30000002495
7947.300000011381
11830.300000025507
7326.400000009122
11572.300000024568
11607.300000024696
3384.3999999980174
4441.399999998626
11747.300000025205
11699.30000002503
11796.300000025383
11835.300000025525
11670.300000024925
2438.399999998878
4394.399999998455
11663.3000000249
11697.300000025023
2780.3999999985667
11620.300000024743
11833.300000025518
10884.300000022065
11731.300000025147
11617.300000024732
11707.30000002506
11552.400000024496
11603.300000024681
11710.30000002507
11716.300000025092
7001.300000007939
11738.300000025172
11936.300000025893
11742.300000025187
6443.300000005909
4939.400000000438
6257.3000000052325
11722.300000025114
4844.400000000092
5721.300000003283
11651.300000024856
3661.3999999977655
3210.3999999981756
11713.300000025081
9537.300000017165
10853.300000021953
11428.300000024044
4180.399999997677
10635.30000002116
11565.400000024543
11590.400000024634
11787.30000002535
11700.300000025034
6324.300000005476
3231.3999999981565
11696.30000002502
7497.300000009744
9439.300000016809
11759.300000025249
9860.30000001834
6605.3000000064985
4730.399999999678
11192.300000023186
11607.300000024696
9486.30000001698
11607.300000024696
6831.300000007321
4004.3999999974535
11682.300000024969
11778.300000025318
11645.300000024834
11585.300000024616
11736.300000025165
4810.399999999969
5521.400000002555
5164.400000001257
3369.499999998031
11671.300000024929
6661.300000006702
7064.300000008168
2462.499999998856
6667.300000006724
4421.3999999985535
11708.300000025063
11598.300000024663
3262.3999999981284
6912.300000007615
11706.300000025056
7059.30000000815
3483.3999999979274
11647.300000024841
4315.399999998168
11157.300000023059
6626.300000006575
2906.499999998452
11571.300000024565
3471.3999999979383
5773.400000003472
5611.400000002883
3921.399999997529
2612.3999999987195
3623.3999999978
7229.300000008769
11784.30000002534
10320.400000020014
11683.300000024972
11676.300000024947
2799.3999999985494
9877.300000018402
3863.3999999975817
4739.39999999971
7323.300000009111
11812.300000025441
3536.399999997879
4927.400000000394
6949.30000000775
6892.300000007543
11815.300000025452
8335.300000012792
11650.300000024852
5199.400000001384
11637.300000024805
4069.3999999973944
2445.3999999988714
11680.300000024961
3992.3999999974644
7036.3000000080665
11620.300000024743
6961.300000007794
9092.300000015546
11863.300000025627
7259.300000008878
2627.399999998706
3007.3999999983603
4212.399999997793
6322.300000005469
11522.400000024387
5702.400000003214
3979.3999999974762
4835.40000000006
5570.400000002734
11873.300000025663
4319.3999999981825
5213.400000001435
11759.300000025249
7065.300000008172
6682.300000006779
3301.399999998093
11825.300000025489
2930.3999999984303
11820.30000002547
10451.30000002049
11590.300000024634
4645.399999999368
3564.3999999978537
4402.499999998485
12067.200000026369
11551.300000024492
11831.30000002551
4491.399999998808
11847.300000025569
11677.30000002495
8195.300000012283
11570.300000024561
9546.300000017198
5100.400000001024
11587.300000024623
11624.300000024758
6171.30000000492
11660.300000024889
6893.400000007547
9168.300000015823
3288.3999999981047
5906.300000003956
2931.3999999984294
5233.400000001508
2850.499999998503
3103.399999998273
4935.4000000004235
11784.30000002534
11744.300000025194
7334.300000009151
8331.300000012778
11743.30000002519
2890.3999999984667
6340.3000000055345
6075.30000000457
3131.3999999982475
3281.399999998111
4359.399999998328
4193.399999997724
7699.3000000104785
3189.3999999981947
3420.3999999979847
3576.4999999978427
11657.300000024878
4123.399999997469
11623.300000024754
5967.3000000041775
8893.300000014822
11731.300000025147
6310.300000005425
4841.4000000000815
4202.399999997757
11777.300000025314
6971.30000000783
11618.300000024736
11712.300000025078
11747.300000025205
3984.3999999974717
11618.300000024736
11612.300000024714
3797.3999999976418
7654.300000010315
6051.300000004483
4321.39999999819
7525.3000000098455
5164.400000001257
8065.40000001181
11751.30000002522
3316.3999999980792
11688.30000002499
6721.3000000069205
5142.4000000011765
9804.300000018136
11774.300000025303
8776.400000014397
3663.3999999977636
5814.300000003621
11608.3000000247
11561.400000024529
5267.400000001631
11746.300000025201
1827.3999999994335
6264.300000005258
11606.300000024692
11606.300000024692
4453.39999999867
7826.3000000109405
2681.3999999986568
2720.3999999986213
4234.399999997873
11745.300000025198
9343.30000001646
11702.300000025041
6878.300000007492
11699.30000002503
11790.300000025361
4529.399999998946
11923.300000025845
8201.300000012305
11710.30000002507
7052.300000008125
11611.30000002471
3421.3999999979837
3676.399999997752
4075.499999997389
8624.300000013844
3203.399999998182
4459.399999998692
8734.400000014244
11605.300000024688
7688.300000010438
6199.3000000050215
6307.300000005414
11703.300000025045
4169.399999997637
3113.399999998264
11587.300000024623
11814.300000025449
7750.300000010664
9047.300000015382
4574.39999999911
4150.399999997568
11743.30000002519
11709.300000025067
7079.300000008223
11589.30000002463
11752.300000025223
10030.300000018959
11819.300000025467
11124.300000022939
11716.300000025092
4928.500000000398
5386.400000002064
11590.300000024634
3851.4999999975926
3088.3999999982866
11664.300000024903
9023.300000015295
3952.399999997501
10521.300000020745
10644.300000021192
8349.300000012843
3862.3999999975827
11853.30000002559
3678.39999999775
9424.300000016754
2891.4999999984657
5936.300000004065
11814.300000025449
11781.300000025329
5938.300000004072
5696.300000003192
11690.300000024998
11746.300000025201
11688.30000002499
11815.300000025452
6658.300000006691
8317.300000012727
11680.300000024961
8206.300000012323
3773.3999999976636
4851.400000000118
7566.300000009995
9754.300000017955
2460.3999999988578
11690.300000024998
11908.30000002579
8347.300000012836
11727.300000025132
11797.300000025387
3561.4999999978563
3786.399999997652
11643.300000024827
9780.30000001805
11685.30000002498
11738.300000025172
4290.399999998077
4244.39999999791
2926.399999998434
3409.3999999979947
4861.400000000154
11724.300000025121
9628.300000017496
9241.300000016088
11874.300000025667
6231.300000005138
11639.300000024812
11693.300000025009
8421.300000013105
8047.3000000117445
11752.300000025223
4831.400000000045
6267.300000005269
11635.300000024798
8739.300000014262
4713.399999999616
1803.3999999994553
9069.300000015463
5806.300000003592
5477.400000002395
4900.400000000296
11742.300000025187
4669.399999999456
6787.400000007161
11692.300000025005
3722.39999999771
9810.300000018158
2262.4999999990378
5512.400000002523
4118.399999997451
3022.4999999983465
7495.300000009736
4982.400000000594
11688.30000002499
11567.30000002455
11609.300000024703
11574.400000024576
3436.39999999797
3897.399999997551
3718.3999999977136
11760.300000025252
11633.30000002479
11665.300000024907
3557.39999999786
8176.300000012214
5598.300000002835
11814.300000025449
7169.30000000855
10144.300000019373
3790.399999997648
11658.300000024881
4065.399999997398
11743.30000002519
6195.300000005007
5542.400000002632
11914.300000025813
4170.39999999764
11613.300000024718
11786.300000025347
3348.39999999805
4274.499999998019
5590.400000002806
4285.399999998059
3914.3999999975354
10862.300000021985
2684.399999998654
6787.300000007161
5318.400000001817
11506.300000024328
2929.499999998431
11628.300000024772
8165.400000012174
11973.300000026027
4448.399999998652
11757.300000025241
5618.400000002908
11528.400000024409
3852.3999999975917
4495.399999998823
11713.300000025081
11719.300000025103
5250.400000001569
5727.300000003304
4055.399999997407
4525.399999998932
11650.300000024852
5211.4000000014275
11574.300000024576
8485.300000013338
6416.300000005811
4174.499999997655
11733.300000025154
11764.300000025267
7721.3000000105585
4891.400000000263
11679.300000024958
11554.300000024503
10707.300000021422
11601.300000024674
11780.300000025325
5088.40000000098
11759.300000025249
11596.400000024656
11735.300000025161
11858.300000025609
4715.399999999623
4726.399999999663
9953.300000018678
5281.400000001682
5182.400000001322
11729.30000002514
3191.399999998193
3319.3999999980765
6207.300000005051
5903.300000003945
2314.4999999989905
11742.300000025187
11615.300000024725
7368.300000009274
5634.300000002966
6734.300000006968
7053.300000008128
7888.300000011166
6084.300000004603
4455.399999998677
3665.4999999977617
11608.3000000247
5905.300000003952
7290.3000000089905
4749.499999999747
11765.30000002527
3903.3999999975454
4331.399999998226
4935.4000000004235
11645.300000024834
3809.399999997631
2205.3999999990897
3296.3999999980974
3733.3999999977
11871.300000025656
11826.300000025492
3754.399999997681
4184.399999997691
4817.399999999994
11883.3000000257
9390.30000001663
8753.300000014313
11676.300000024947
4124.399999997473
5559.400000002694
11542.30000002446
11696.30000002502
7207.300000008689
9132.300000015692
5710.3000000032425
5550.400000002661
11685.30000002498
7907.300000011235
4859.400000000147
2821.3999999985294
4049.3999999974126
11657.300000024878
4100.399999997386
3965.399999997489
6635.300000006608
11717.300000025096
11719.300000025103
7031.300000008048
5496.400000002464
11697.300000025023
4295.399999998095
4323.399999998197
11678.300000024954
4188.499999997706
7104.300000008314
3791.3999999976472
3397.3999999980056
3777.49999999766
7450.400000009573
3055.3999999983166
11613.300000024718
3691.399999997738
11699.30000002503
5242.40000000154
11754.30000002523
4850.400000000114
5622.400000002923
7434.300000009514
3038.499999998332
9975.300000018759
8420.300000013101
8855.300000014684
10999.300000022484
11580.300000024597
7147.30000000847
11577.300000024587
2717.399999998624
11615.300000024725
6660.300000006699
11624.300000024758
11807.300000025423
9628.300000017496
4442.39999999863
10399.300000020301
11358.30000002379
5935.300000004061
4702.499999999576
6834.300000007332
9326.300000016397
5607.400000002868
4705.399999999587
10768.400000021644
11787.30000002535
11621.300000024747
3392.39999999801
11604.300000024685
11705.300000025052
11629.300000024776
10986.300000022437
11885.300000025707
6603.300000006491
11716.300000025092
4100.399999997386
7061.400000008158
2463.399999998855
7395.3000000093725
4837.400000000067
2262.399999999038
11858.300000025609
6457.30000000596
4482.3999999987755
11705.300000025052
9684.3000000177
11730.300000025143
7717.300000010544
11519.300000024376
11591.300000024637
5583.500000002781
11652.30000002486
11656.300000024874
2773.399999998573
10094.300000019191
5546.400000002646
4254.399999997946
9358.300000016514
4910.4000000003325
7577.300000010035
5380.400000002042
4453.39999999867
11666.30000002491
2322.3999999989833
11695.300000025016
11676.300000024947
2382.3999999989287
5991.300000004265
4198.399999997742
11767.300000025278
7630.300000010227
11609.300000024703
6457.30000000596
11870.300000025652
4159.3999999976
2413.3999999989005
4566.399999999081
11736.300000025165
5181.400000001318
4143.399999997542
8074.300000011843
11580.300000024597
6598.300000006473
7205.300000008681
11867.300000025642
11651.300000024856
4208.399999997779
8426.300000013123
5270.400000001642
5924.300000004021
11733.300000025154
11672.300000024932
2530.399999998794
11511.400000024347
5235.400000001515
6119.3000000047305
7721.3000000105585
11612.300000024714
7925.300000011301
4717.39999999963
4016.3999999974426
11690.300000024998
7333.300000009147
11789.300000025358
8244.300000012461
11775.300000025307
11828.3000000255
4417.399999998539
2676.3999999986613
11698.300000025027
4216.399999997808
3560.3999999978573
6515.300000006171
3928.3999999975226
5160.400000001242
10625.300000021123
3716.3999999977154
11698.300000025027
3795.3999999976436
11668.300000024918
5624.40000000293
6304.3000000054035
11621.300000024747
6032.300000004414
11750.300000025216
4856.400000000136
11772.300000025296
11515.400000024361
11745.300000025198
11727.300000025132
11666.30000002491
3185.3999999981984
6364.400000005622
11753.300000025227
5963.300000004163
11742.300000025187
11179.300000023139
8309.300000012698
6937.300000007706
11711.300000025074
4753.499999999762
11181.300000023146
4519.39999999891
4693.399999999543
6620.300000006553
11467.300000024186
9944.300000018646
11715.300000025089
3125.399999998253
11730.300000025143
3582.3999999978373
11733.300000025154
2933.3999999984276
11637.300000024805
11870.300000025652
5114.400000001075
3569.399999997849
2973.399999998391
11671.300000024929
11590.300000024634
3895.3999999975526
11609.300000024703
11684.300000024976
11857.300000025605
11706.300000025056
11704.300000025049
11876.300000025674
11752.300000025223
3262.3999999981284
6398.3000000057455
4878.400000000216
6640.300000006626
10736.300000021527
11768.300000025281
3157.399999998224
11792.300000025369
11684.300000024976
11732.30000002515
3381.39999999802
11899.300000025758
5933.300000004054
11797.300000025387
6403.300000005764
6781.300000007139
11775.300000025307
10258.300000019788
9699.300000017754
11784.30000002534
11672.300000024932
10496.400000020654
2689.3999999986495
11725.300000025125
11740.30000002518
4906.400000000318
11661.300000024892
11658.300000024881
3403.399999998
11506.300000024328
11639.300000024812
10530.300000020778
8333.300000012785
8113.400000011985
11704.300000025049
2950.399999998412
8885.300000014793
3709.399999997722
11675.300000024943
8816.300000014542
5717.300000003268
11928.300000025863
2956.3999999984067
3208.3999999981775
11809.30000002543
11705.300000025052
2683.399999998655
11637.300000024805
11730.300000025143
3202.399999998183
11872.30000002566
11692.300000025005
11587.300000024623
11652.30000002486
4143.399999997542
5063.400000000889
7532.300000009871
9841.300000018271
11660.300000024889
8023.300000011657
11580.300000024597
2925.399999998435
4905.400000000314
1824.2999999994363
4417.399999998539
2866.4999999984884
6767.300000007088
5782.3000000035045
8352.300000012854
11745.300000025198
11809.30000002543
3153.3999999982275
11494.400000024285
11709.300000025067
11640.300000024816
5774.300000003475
10303.300000019952
2894.399999998463
4079.3999999973853
10459.30000002052
2219.399999999077
4905.400000000314
8714.300000014171
8760.300000014338
11611.30000002471
11739.300000025176
5587.300000002795
5413.400000002162
11684.300000024976
11136.300000022982
11714.300000025085
6029.300000004403
6608.300000006509
11665.300000024907
8410.300000013065
11604.300000024685
5238.400000001526
7799.300000010842
11602.300000024678
6915.300000007626
6311.300000005429
10773.300000021662
6931.3000000076845
4134.399999997509
3097.3999999982784
5092.400000000995
8313.300000012712
11778.300000025318
4672.399999999467
8993.300000015186
4730.399999999678
2888.3999999984685
11888.300000025718
5623.300000002926
11516.400000024365
11690.300000024998
4276.399999998026
11678.300000024954
9160.300000015794
6570.300000006371
5202.400000001395
5801.300000003574
5325.400000001842
4835.40000000006
6315.3000000054435
9118.30000001564
11783.300000025336
3734.399999997699
11600.30000002467
11807.300000025423
7525.3000000098455
6899.300000007568
11743.30000002519
11779.300000025321
9599.30000001739
5711.4000000032465
11683.300000024972
2949.399999998413
11727.300000025132
11637.300000024805
11603.300000024681
11706.300000025056
5899.30000000393
11800.300000025398
10958.300000022335
8759.300000014335
3018.3999999983503
11735.300000025161
11653.300000024863
5242.40000000154
11915.300000025816
11728.300000025136
8765.300000014357
11644.30000002483
4040.3999999974208
11729.30000002514
11695.300000025016
5002.400000000667
11874.300000025667
4313.399999998161
11636.300000024801
10170.300000019468
2719.399999998622
11638.300000024808
3412.399999997992
5811.30000000361
7460.300000009609
5835.400000003698
8592.300000013727
7373.3000000092925
10496.300000020654
8227.3000000124
4789.399999999892
11696.30000002502
11592.300000024641
5659.400000003057
11732.30000002515
12026.30000002622
7425.300000009482
5435.400000002242
5688.3000000031625
11654.300000024867
7850.300000011028
4325.399999998204
11733.300000025154
3193.399999998191
8291.300000012632
6359.300000005604
4791.3999999999
8042.300000011726
11673.300000024936
5600.400000002843
7173.300000008565
4766.399999999809
11751.30000002522
11685.30000002498
11799.300000025394
5884.3000000038755
10955.300000022324
7517.300000009816
7443.300000009547
11714.300000025085
11784.30000002534
11976.300000026038
11725.300000025125
6299.300000005385
3962.3999999974917
11648.300000024845
11767.300000025278
11637.300000024805
3199.3999999981856
11656.300000024874
9301.300000016307
9836.300000018253
5826.3000000036645
7404.300000009405
11265.300000023452
10843.300000021916
11601.300000024674
