8548.200000013567
9559.900000018115
6896.500000007559
4280.5500000001
3338.549999998885
11001.925000022493
3899.0249999984662
6634.650000007874
3958.6999999984473
4239.399999998239
4298.224999999615
11600.20000002467
5308.50000000359
6155.250000004915
9538.225000018092
9437.150000017371
9270.600000016195
3642.5249999999846
5041.975000000812
6635.250000006636
5444.950000003651
4793.225000001985
4242.199999998922
8991.950000016499
4707.300000000161
6172.200000004923
7641.000000011429
4036.0749999984796
5963.125000005815
7044.200000008095
8628.275000013859
5417.25000000222
8377.100000013485
6590.950000006932
9016.27500001527
4143.524999999305
12247.650000027026
5216.5750000027665
4870.725000000188
6946.45000000774
5950.450000006664
3357.249999998084
9615.175000018708
10689.675000021358
5066.7750000032265
7246.525000011501
6124.875000005963
5875.125000003842
4232.574999999618
6919.675000008054
5903.200000004867
6915.150000007743
5682.700000004543
5241.975000001539
5985.700000005707
5894.750000003914
8472.275000013291
4814.225000000935
4399.774999999528
6853.700000007929
7753.375000011332
11575.950000024983
3855.3749999977126
3603.7749999979033
7698.900000013091
5126.22500000257
5923.425000005042
5822.17500000518
3901.0749999985
6649.000000007427
6102.500000006327
4806.675000002619
7592.7750000100905
11475.525000024216
10884.225000022296
6378.900000005688
7231.450000009002
7256.25000001084
8281.750000013262
11943.97500002592
4737.050000001434
5469.150000003145
5116.800000003129
7048.7250000097665
6558.975000006419
5862.025000004134
5836.950000005162
7993.400000012642
5577.975000004561
5623.325000002962
7835.875000011342
8460.675000015162
5688.1750000031625
5452.250000002304
3797.9999999998363
8404.175000013833
6672.450000008052
6810.75000000752
7439.450000010182
4527.375000002487
6705.275000008709
6588.975000007758
4177.824999999186
3951.999999999966
8699.95000001412
7615.2000000105945
7304.125000010785
9584.175000017978
12182.725000026789
3970.924999998594
4431.499999999782
7193.900000010187
7473.975000010018
3935.749999998307
6427.550000007533
7873.00000001111
5975.775000005944
7036.42500000895
6767.275000007933
9693.525000017733
7361.025000011128
6436.525000007759
7173.200000008733
6928.950000008693
5903.700000005743
8169.7500000122345
7990.85000001154
7111.4500000094695
4740.300000001628
4290.200000000313
4575.525000001826
7363.975000010283
5916.975000004592
6242.80000000518
5785.650000006839
4185.17500000004
4480.475000000103
7255.925000008866
5619.425000004918
5909.050000005501
9643.925000017553
4260.3249999992095
7974.000000012808
5723.30000000649
7505.775000011028
9056.3000000162
8702.950000014129
6297.95000000538
4542.474999999711
7549.475000010085
6028.400000005534
6255.500000006595
8955.925000015102
7152.225000008488
5986.675000004547
5623.975000002949
6091.825000006642
8858.700000015182
8216.325000012495
8802.05000001449
7926.450000011306
4811.45000000013
8154.925000012136
8520.675000013467
6256.7250000062995
9046.025000016014
9284.400000016978
5099.975000001172
5568.975000002914
5083.72500000316
4047.0499999989606
9155.92500001718
7118.700000008366
6039.425000005659
3628.299999997957
5022.775000002979
4481.2000000011685
8022.675000012377
7520.550000009827
4081.9249999992135
4985.42500000325
7158.200000009442
5641.925000003725
4335.449999999587
6216.025000006319
3806.7749999998014
10576.900000020974
5773.900000004621
3388.024999998728
6892.000000009079
4331.999999999813
5911.700000005034
5093.425000002848
4389.549999999442
4015.924999998317
4875.100000000204
6664.300000007631
9687.900000017713
7049.850000008398
8144.700000014129
7476.72500001158
3469.5249999984994
6477.92500000769
5775.900000003481
4785.925000002069
5074.525000002837
9944.675000018648
4780.125000000395
4584.675000001656
6644.425000007799
7096.950000008286
7313.475000010736
5840.050000005895
9628.950000018274
4436.0250000015985
9541.700000017865
4034.7999999994213
3557.174999998101
7583.700000010712
3824.2999999994945
5221.6500000047345
6797.500000008391
5922.3750000053315
6335.550000006772
7774.200000011144
6242.97500000518
3969.9499999985146
3535.6999999987347
6035.375000004426
5740.975000004586
5669.800000006202
4634.875000001037
4226.149999999439
5134.950000002762
5082.300000003377
8305.175000012683
4032.474999999985
4981.275000001822
6106.400000006597
5665.475000004022
7347.2000000091975
4047.949999999013
7615.100000010569
3813.2499999986335
8305.175000012703
6818.500000007407
7875.225000011136
4602.825000001235
5083.02500000096
5165.850000001262
13290.875000028398
6365.325000006103
7400.950000009394
5326.025000001844
8052.550000011765
10000.50000001885
5678.025000004778
7091.7750000094475
6827.775000008251
4708.025000000547
9777.80000001804
10167.175000019455
6236.600000005257
6402.650000009769
4976.550000002709
6046.050000005003
3711.9999999988927
5806.825000003593
4218.424999998691
5697.325000005141
3713.8249999984478
3953.5249999985663
4863.075000001014
9514.925000017083
8270.925000012558
5989.750000005171
7011.050000008434
10407.97500002071
3800.7749999984835
7204.000000008677
6010.225000004334
5239.225000001528
4008.574999999514
4563.300000000333
4996.9750000014665
7169.9000000085525
4532.874999999184
4012.9999999990214
3822.3749999988686
6007.175000007137
3715.27499999962
7413.000000010681
5698.4750000032
8511.925000013434
8442.700000013183
5829.400000003965
4381.275000000185
4566.525000000439
8078.450000011859
6030.575000004785
5942.750000006346
8368.975000012913
7142.675000009371
5007.275000000837
5556.67500000667
6550.725000008372
5104.250000001038
5969.525000004186
5005.67500000224
5163.175000001984
6664.975000006716
5173.250000001493
7130.800000008495
6628.200000007375
5197.450000001377
6846.22500000802
5913.475000003982
6001.250000004301
5651.550000004788
6832.200000007708
5007.300000003988
4096.5500000000175
4908.200000002149
6554.5500000078755
6366.800000006672
4702.250000001246
10415.62500002036
3291.7749999981015
5501.675000004359
6463.27500000887
7720.050000010555
4121.224999999749
6422.175000005986
3837.2999999981557
4500.474999999243
4880.825000000566
8069.975000011827
6386.275000005702
8078.750000013624
5429.425000005157
6648.700000007235
8257.450000012508
4816.5000000021555
11606.650000024694
5903.175000006171
8213.97500001235
5873.950000003883
6767.275000008177
3928.974999998868
4819.825000000003
3555.7999999996405
4935.950000003998
4365.474999999216
5274.725000002513
5221.80000000351
7373.275000010519
8346.225000012832
6687.475000006798
6225.15000000583
7390.925000009356
4769.7000000002145
3531.2749999987577
6291.500000006919
7187.875000009157
6774.125000007113
5865.650000004633
5154.475000002053
4639.52500000005
6336.1500000070955
6215.375000006588
6613.925000006538
5895.975000006554
7780.650000011778
7646.450000010285
7137.200000008434
8989.900000017717
7926.950000012255
3615.0250000006486
6301.075000005392
6207.775000006203
4607.325000000628
3611.9749999988526
8183.275000013428
8627.475000013856
5310.825000001789
7132.700000009371
8325.025000012754
8874.425000014753
5795.725000003553
7489.75000001219
3889.6999999995187
6745.950000007011
3374.5749999986083
5545.775000004194
7181.375000008618
9206.97500001646
4048.2750000015503
6085.225000004607
6193.425000006323
9418.725000016733
9351.450000016783
10371.6250000202
5765.200000003442
6502.625000007517
10783.175000021698
4938.925000003592
5144.4750000011845
6385.6500000057
5976.725000004426
9064.725000015445
3411.7499999982397
8259.225000012515
8408.350000013059
7279.225000008951
7070.150000009131
7243.125000009412
3289.0749999993955
4050.024999999413
6252.225000007156
7177.325000008579
9716.72500001782
8091.15000001377
4231.524999999884
4602.250000000097
3492.9749999987203
4771.549999999931
5161.350000001585
7196.425000010669
7262.375000009618
7613.975000010345
7996.825000011998
5315.875000004405
5896.425000007454
7149.425000008478
6016.950000005314
7022.775000008397
8465.975000013268
4595.450000001161
5084.700000002269
6458.450000009083
5632.0250000044725
5297.850000002356
3156.249999998225
5813.42500000564
4760.975000001488
5477.700000002735
4383.300000001653
9483.425000016969
4538.750000000648
4802.5500000019565
6469.750000006461
4402.474999999827
8491.250000013359
3076.774999998297
4972.975000001874
4850.57500000157
3911.3999999988378
7479.67500000968
5437.80000000333
7422.000000010024
7533.475000012941
7278.975000010641
7609.825000010153
4661.150000001571
3897.9499999995924
3965.974999999355
6947.700000007833
7036.200000009511
7269.500000009224
4936.0000000005675
6635.52500000661
4402.275000001063
10105.450000019231
6117.000000005321
5628.675000005158
4282.500000000416
9318.975000017132
4876.225000001146
9165.175000015812
4750.950000001693
6140.025000004805
8137.5750000131275
5158.225000002016
5874.450000006433
7343.650000009318
3948.749999999138
4385.874999999944
5076.900000003136
4939.825000002165
4615.725000000726
6356.175000007686
3946.199999998391
5709.925000003862
5411.975000003607
7398.175000010411
3380.0249999986263
6647.950000007307
5260.025000003583
7247.925000008836
6311.675000005431
10101.825000020208
6837.775000007344
5736.5750000068865
4286.525000000334
5427.875000003252
6042.900000007615
7063.475000008406
5550.300000003459
4248.700000001345
5079.97500000095
5240.625000001798
7479.050000009678
5389.750000002091
7101.575000008856
6234.600000005306
5926.75000000403
4001.299999999777
8527.975000013494
9562.425000018251
4931.750000002762
4446.600000000697
9070.750000015469
6445.75000000836
6248.675000007521
8474.7500000133
6917.850000008835
4559.775000001136
9330.475000016479
5988.0250000071765
6521.975000007133
9048.6500000158
6263.300000005254
5445.175000002471
8414.20000001308
4933.975000001915
4458.800000001102
7261.950000008888
4012.749999998927
4120.474999998818
5806.875000003594
6209.150000006358
3618.0749999978048
10002.275000018857
6210.0000000075
6114.4500000056905
4436.27500000124
5368.250000003651
6303.050000007044
5062.550000003116
5208.92500000378
5543.300000002635
3871.2999999990125
6617.250000009037
5659.525000003128
8050.950000011759
3910.5750000001526
6791.350000008714
5016.675000001156
4448.675000000017
5427.250000002491
8378.675000014073
4213.949999999588
3828.199999997629
3723.4749999992364
4855.275000000149
7104.925000009262
10021.175000018924
4809.800000001232
4113.524999999795
4809.950000002117
10066.30000002022
6161.475000005351
5489.700000004506
8436.450000013489
4564.474999999991
5020.20000000236
6215.525000006287
9551.675000017218
5823.425000005124
6455.575000005954
5269.4500000044445
5077.025000003057
6164.7250000065205
6484.200000007368
5057.700000002089
3681.2999999982726
4515.425000000337
10203.725000020084
4038.07499999945
4943.050000001644
7738.62500001063
6375.975000006631
7017.950000008
6348.10000000652
5497.0500000031225
6364.4750000072945
5400.575000002116
4483.700000001379
6980.225000008793
4307.550000000511
6278.975000005312
4524.449999999884
4042.2749999995053
4291.6249999994025
5137.850000005137
3880.6999999988425
6490.800000008301
4837.65000000086
7442.7250000095455
5049.7000000016
7669.175000010971
4380.750000000338
4436.2750000018195
6579.500000006405
3585.299999998693
7067.5000000096115
6005.700000005005
6603.500000006796
8511.500000013433
6177.000000006273
6668.175000007823
8561.52500001437
4310.949999998828
8591.025000014539
6837.7250000073445
8895.000000014828
7220.575000009763
7976.500000011622
5596.050000003079
8449.225000014281
6819.950000007603
4782.675000001716
4145.050000001043
5693.875000003711
7308.750000009058
5159.525000001658
4960.825000002135
6428.800000007013
10442.65000002046
8729.52500001582
4503.94999999955
7350.075000009834
10863.40000002199
6828.025000007567
7175.700000010351
12278.175000027135
4991.950000002516
6851.100000008392
5551.975000002667
5810.075000004834
3767.324999998017
6223.6250000069185
5755.825000003486
3888.424999998051
7430.650000009695
4407.65000000193
4315.775000001129
9040.900000016114
5900.425000005347
8019.400000012367
5208.625000003077
7914.050000012109
6750.225000008945
4647.100000001283
10257.025000019785
6489.925000007034
4118.674999999345
6210.525000006297
5292.025000003267
4297.275000000623
7182.375000008598
5638.825000004366
6479.425000007096
5645.425000003007
4915.075000002475
6632.225000007371
3471.2499999979555
8673.02500001558
6083.700000006964
3376.9499999981185
5619.050000003739
4236.574999999816
7591.950000010088
5823.250000004013
7782.275000011252
6256.225000005229
7542.600000010825
5074.025000001027
3787.049999998233
5893.025000003907
6707.900000007685
4767.975000001132
4977.300000002142
7827.200000010944
9878.700000018409
5734.525000004443
6093.30000000598
9741.575000018842
8215.700000012357
5653.225000003745
8180.150000012227
4764.750000000979
5238.97500000254
7571.450000011202
9303.675000017509
4236.599999998043
7838.125000011974
4939.2000000011285
4543.925000001796
5354.700000003367
8274.000000013584
6672.350000007789
5147.550000002345
4123.224999999691
12318.450000027282
5790.875000003918
9055.225000015938
5937.850000005555
8453.725000013223
9702.000000017764
4461.72499999993
3812.7999999980216
6847.175000009279
5056.725000001704
4570.0499999999165
6573.175000006382
4488.200000000982
5155.17500000146
6751.225000007173
4776.84999999996
6305.225000006483
4734.57500000029
7473.27500000996
5172.0000000025375
6261.650000005531
8109.500000012831
5050.650000002599
7511.475000009796
5467.700000003857
6591.950000008237
5334.300000006527
9955.725000018687
8879.425000015353
7097.000000008474
3936.774999998671
5988.525000005853
8573.175000013658
4926.45000000259
7338.925000009167
8434.20000001386
7656.67500001054
4720.500000002347
10329.17500002017
4630.825000001201
5586.150000006399
5068.025000003067
5244.000000002475
7415.975000009448
6415.025000008258
8002.225000011872
6614.9000000072865
4033.2499999988113
8094.350000012441
3797.0499999998387
7865.175000011082
5092.400000000995
7248.05000000924
8385.850000012975
5333.925000002522
4598.574999999827
3752.949999998772
6852.450000008319
5914.9750000062
4828.700000000821
7678.950000011053
7057.875000010972
7131.600000008681
8044.725000011735
8217.200000012363
7357.825000010069
8598.725000014228
4215.574999999084
5187.42500000309
4726.850000000749
4798.2000000018725
6143.8000000057755
8113.900000012891
4532.225000000839
8905.175000014866
7920.150000012243
9883.90000001963
4448.4249999994845
10005.850000018869
5721.675000003832
8107.425000012496
5243.550000003079
6674.8500000067515
10096.7250000192
6565.225000006902
6710.450000006881
6904.15000000802
7218.0000000087275
7199.275000010085
4193.22499999898
10808.47500002179
6291.475000007088
5181.650000003027
9592.425000017365
6107.475000006606
4846.800000000101
7560.525000012067
6841.800000007825
7053.950000008131
8861.200000014705
4818.875000003469
7432.475000009876
4098.774999998481
5893.025000005691
4993.725000001173
8123.67500001338
5092.200000004128
5788.225000003653
8009.625000011607
3798.3249999990185
4312.424999999974
8259.700000012517
10668.675000021281
4138.674999999437
9742.650000017913
8512.95000001344
3922.7499999986394
9378.400000016587
11870.950000025654
5650.250000006556
6202.675000006944
5228.750000001491
5394.77500000259
6649.425000007311
7721.375000010559
7380.675000011686
5974.075000006335
6387.025000006928
3897.9499999990994
6023.500000004382
3071.9999999983015
5482.225000002413
3524.2999999984736
5472.850000004071
6651.3250000066655
6828.225000007765
6618.700000007349
8787.900000015516
3908.9499999995833
6819.025000010394
7736.725000011461
6077.975000006802
4697.925000001464
6829.825000007993
4423.424999999708
4979.725000001591
6361.750000007134
3683.474999998103
5038.975000001834
5146.000000003875
7574.80000001104
8527.300000013865
10378.625000020225
4876.300000000978
5421.600000002329
6685.200000007334
10014.7000000189
6378.950000008052
6952.15000000776
6058.200000004947
9648.95000001757
5523.225000003559
11463.475000024173
5331.45000000308
7089.975000008261
6097.500000007743
5502.075000002793
5776.225000004681
5824.225000006056
5147.000000004289
4490.97500000014
4393.19999999977
5418.325000004582
6688.700000007582
9898.90000001848
4702.450000001234
8764.900000014355
5552.950000003005
4026.324999998441
8592.175000013727
4327.0000000008295
8258.100000012511
6907.20000000941
4776.4750000005715
7430.9250000105
5692.500000004595
6731.125000006956
5910.775000003972
4712.075000001148
4048.5000000008095
5870.400000005075
5559.725000002926
6707.700000008565
9653.175000018397
5115.950000001244
7873.475000011807
9026.175000015306
5141.250000002724
6048.775000004474
9527.92500001804
7608.450000010376
6817.675000008068
5384.0000000020555
7940.925000012255
3962.2499999987854
6990.750000008233
6501.475000008121
6116.525000006701
9712.700000017803
4803.20000000214
6274.900000006961
7994.725000011673
6166.95000000646
4151.72499999876
7369.90000001128
7301.275000010435
5686.450000003155
7311.675000010002
7203.700000010162
6683.700000006783
7685.550000010975
4846.7750000004935
8239.650000013735
9231.725000018014
5416.575000003333
7728.200000010584
4606.825000001347
7358.475000009738
5905.425000005602
4033.499999998649
7303.5250000093065
4239.949999999339
5220.450000002526
6303.450000008055
5446.050000003257
6095.075000006795
7974.200000011479
6683.575000007077
7293.675000009002
5583.475000003479
8456.375000014077
6110.475000006792
6717.750000006908
7591.200000010085
10900.675000022125
8147.025000012107
5412.250000002158
4581.750000001283
7723.225000010566
5723.525000004616
5423.325000002198
7212.525000010744
4082.724999998883
7891.125000012666
4881.9500000017115
4790.475000001716
7108.450000008329
6502.975000007081
5984.725000004423
6281.450000005474
5487.050000003201
7146.950000008469
9581.300000017325
8094.300000013021
5020.550000000891
8310.450000012703
4964.42500000307
7704.200000010496
9078.725000016218
8006.2250000115955
8975.150000015119
8994.50000001519
5512.82500000392
4591.475000000871
6659.950000007576
7457.425000010834
7155.700000009003
3978.4999999990505
7211.45000000991
6008.775000006508
5500.275000004857
5668.250000004024
8075.700000011848
7867.725000011091
6673.025000008571
6798.425000009976
