448.3743700002363
429.71177000026887
374.52631000022376
258.19773999998057
252.9307399999829
481.8690800004553
255.41970999999137
249.9865999999981
252.57099999998954
267.6562199999948
280.6190199999746
478.219080000388
313.5705200001314
339.67000000013763
412.81132000034245
409.90170000028
406.3399100002279
258.6442099999908
301.1242499999936
358.81612000004714
328.10760000006735
322.08972999998537
235.77129000000622
356.90633000020307
291.6808199999663
288.8428099999662
248.19364999998558
261.68863999997814
358.4814300001196
346.9271600000236
406.9793300002802
327.32920999993627
389.008420000224
351.75259000009754
393.0402100000933
255.81922999998724
477.1764400004824
303.751260000068
297.94365999996324
375.0537800000553
415.9411100003628
232.44232000000216
374.83494000022336
532.3384800004955
226.49385000000765
397.9514600003381
348.95704000020834
375.15142000010144
271.0726299999789
436.75655000038955
341.9846000001312
406.9437500002051
338.6222800000441
306.7239699999634
239.58550999999864
248.3258299999876
420.8314300002196
344.92779999994667
290.99951999996114
377.58357000005236
298.15366000006924
393.06272000021403
259.22345000000416
250.83549999999784
424.61279000026195
299.06631000001727
351.3848700001194
334.0339100001018
233.83717999999487
362.6248200002294
343.3537200002397
246.18309999999747
264.5783599999745
459.19774000038177
329.00865000017717
311.9203899999508
391.918690000218
424.0818000001896
272.72405000005614
467.71142000028647
280.86490999998136
319.5785299999653
271.69032000001874
279.5537599999748
292.8526199999644
341.19482000006144
353.10272000009127
391.89793000025566
338.80171000014707
313.2169299999466
401.41934000014385
340.4310500002468
334.73954999994623
268.6895999999845
224.59234000001524
458.17320000039945
311.9851199999954
364.8689200001197
282.5309999999778
286.1914500000891
385.78244000020385
292.4941500000095
266.8913299999806
264.81969999998574
308.063679999976
425.2124000002121
400.0160300002173
516.0538600004506
399.7166400002349
269.5936699999873
237.69814999999312
397.2081100002818
391.3767000002137
253.31439999999316
356.7301400002272
309.9969199999567
328.9813300002124
275.3602099999859
237.00394999999986
431.356220000237
373.1015400002097
396.71123000025347
360.22188000023596
390.7698900002155
279.7593699999627
270.5734399999815
429.8982200002128
393.800260000216
291.22763000004835
237.16941999999247
272.91432000005574
413.5421300002373
357.30236999994196
330.821629999992
356.0272700002378
265.97575999998685
279.0700699999732
291.37249999998716
244.92597999999657
337.4181400002064
392.9964900001084
261.3840399999702
387.0731200003245
220.86007000001152
364.0109300002251
489.56083000047374
301.8070099999759
355.6528800000053
276.94047999997827
295.20821000001496
339.3044700001036
283.1088299999625
391.9243900002267
371.6058000001384
347.32928000003034
341.2715699999543
316.16495000006097
456.5695100004479
390.76260000012604
443.1221300003979
351.27847999996857
294.1507499999652
428.8220900002361
432.8928800002721
342.4533000002381
367.6186300002198
508.52897000044845
254.0550199999882
332.79207999998806
319.2326999999751
238.84652999999008
350.5860400002301
369.11220000002663
365.50646000008373
238.9364399999946
242.9202499999948
296.7214899999655
416.89081000036776
274.04045999996566
271.4991699999832
252.3274299999844
371.4040900002315
285.42397999997536
291.27587999996894
231.87326000000203
211.63206000001117
474.51804000037924
350.45585000002825
242.51632999999475
346.78813000023155
279.26680999997427
300.66011999996084
319.2060899999949
228.8071700000041
266.9598599999921
285.9743399999694
359.63772000005406
457.04567000034103
338.7478600001762
442.26061000037845
436.3833000001921
211.80666000000963
242.53001999998807
328.214459999923
317.3714799999665
331.93485000005165
419.4996600002416
300.42751999997455
309.9364499999824
400.4711700000017
390.94540000007777
430.49741000018906
349.6448300000938
455.79761000047785
301.4742199999895
272.6939400000279
226.3508600000022
252.70987000000116
263.78838999998624
259.5368299999802
342.77428000004625
383.70403000020275
354.27764000003424
331.87733000013895
427.8868700002096
363.4102900000421
263.78888999998435
256.5631799999853
340.66600999994205
317.26122000003147
207.61918000000972
310.197660000025
247.80279999999794
304.8629899999776
274.9056200000205
458.0291400002162
241.13483999999343
302.9471199999918
252.52749999999563
351.8986100000835
360.45028000007426
246.61161000000578
438.146550000223
264.6743099999843
437.3810400002625
370.1533200001744
404.5215000002473
236.62246999999738
299.3424099999608
236.37027999998355
610.2195100003885
336.74504000023813
395.41137000022457
324.0952299999382
302.2443899999739
285.45934000006645
335.8826100001027
256.75586000001687
346.1200200001549
289.41170999999713
411.3817300002778
419.73648000025156
363.57893999999965
264.5723900000353
302.8642500000523
262.299569999965
249.94891999998748
269.56876999996496
278.62095999998456
333.29344999996846
253.37924999998484
257.15002999998785
298.30024999998193
371.31399000005797
381.40569000018377
267.4946599999699
368.599630000077
370.9818500002194
232.62876000000276
380.6658999999921
345.5228900000022
308.4342699999635
258.59002999998006
271.2891199999706
267.09162999997426
301.6922599999634
295.13550999998563
232.28855000000254
238.93674999998424
241.2108299999991
226.38225999999028
366.93301000022234
264.2387899999814
417.33976000014036
424.5499000002855
341.6315700000227
276.1897099999936
286.23311999996474
410.90416000020895
336.01153000008975
334.7968200002472
407.8653000002032
457.5611700004161
303.91091999996235
232.78434000000743
360.8781100002184
298.5108499999751
342.362110000069
317.2608800000178
312.1443499999558
352.1533800000676
307.7798199999794
258.91875999999115
375.61097000022943
323.30585999995316
351.7471000002363
338.867130000037
316.30496999997837
327.0515200001754
271.6247999999898
309.99024000014083
258.94591999998823
300.90821000001716
440.79802000047033
349.070640000234
249.52923999998802
425.89582000021704
223.98393000000522
279.1810000000525
351.5693300002268
268.2478599999664
266.15239999998323
267.662679999988
256.7060199999904
255.36182999998337
283.91123999995926
412.03629000020226
260.5033599999869
412.5412300002357
335.494080000042
383.2492000002196
432.75476000021297
258.7870699999863
535.6927500004892
261.9264499999848
401.89829000020626
272.52201999997595
239.71965000000029
260.91409999998456
284.27152999996434
200.47748000000854
310.2278900001335
245.2056299999948
328.3397599999473
219.69976000000247
365.818120000222
428.1119000001079
343.91876000000747
370.0664400000083
410.1264800002019
251.78399999999354
243.4198099999897
353.5129200002258
420.55265000029317
381.13623000005435
355.99287000013595
318.41157999995386
292.09662999995805
267.1624599999952
357.4304500002416
353.30176000003985
238.1630399999939
302.91260999998576
369.9565500001595
400.39416000022817
432.5347900002616
515.5253200004485
255.3971300000034
321.69453000000425
339.52721000023774
270.77342999997035
248.4027099999937
292.44886999996277
411.4707700000776
301.6721299999522
405.1223600001733
301.6783600000565
447.88964000013794
332.74217999994164
431.97301000018376
281.53615999997743
294.1645999999761
240.65983999998664
303.94142000002563
391.28293000023166
440.80237000026284
241.13655999998605
315.8450799999971
242.61869000000829
416.7037600001991
408.6126100003314
450.2584400002263
333.22220000003284
374.75926000014965
442.87500000027126
330.6003800001044
317.1974899999575
322.1546399999499
338.40870000007294
476.3449700001132
241.4813100000057
436.8715900001883
443.8277100001889
282.29231999996085
395.96947000022783
414.4005500002097
217.89828999999602
264.22620999998145
348.7213200002405
265.1328699999786
341.4969300000645
385.8472000002228
258.27401999998403
246.74452999998996
246.65580999999796
287.9589199999674
288.40112999997456
487.8129000004539
349.35315000015316
391.1592100001773
432.15122000021825
374.1220600000043
260.03740999998513
393.19056000020953
338.7599600001166
286.93505999996006
440.0635800002313
302.350899999982
319.3066100000309
350.6434100002375
311.39591000014013
263.54397999997474
222.6416200000105
253.04502999999008
309.9037100000139
326.48375999999223
242.33715999998637
424.293480000197
300.73021999996774
228.03986999999813
372.52602000022904
250.72141999999351
319.3749499999725
226.45452000000725
305.0072900000131
282.21661999996616
210.91350000000202
393.5421900000755
291.3512299999851
390.6651200002099
416.417730000401
458.13982000045877
371.82915000021444
314.38125999996083
290.60910999996906
260.1227999999871
387.4060000002239
389.30711000028225
386.51291000021297
298.66262999995973
328.1317100001002
277.38191000002274
375.52071000010693
339.0590100000923
334.353600000182
284.7607099999641
477.26233000045977
289.43446999996684
434.47688000032394
305.8051000000346
342.547409999979
449.4202000002385
293.71838999997476
337.6343100002382
398.19404000021683
260.8824099999802
233.674699999994
344.09765999999223
242.79176999999126
289.5896999999637
385.16769000017973
267.8588599999914
337.5385600000456
305.0678700000016
426.66699000018764
212.4211600000082
254.0325799999902
323.22054000010337
433.2280700002011
353.21654999992853
474.7575300003204
347.98112000001396
228.58308999999596
269.8069099999824
326.67701999995666
265.3107699999939
386.68962000021486
235.63696999999138
294.7974100000139
315.4020999999507
324.6152199999548
384.3610500002067
320.04909999998426
231.965060000001
392.66373000009395
334.3212100000221
266.82792999997605
440.7136900001935
478.0927700002361
304.32213000009557
319.3600099999825
411.3352100002748
260.4057499999707
380.59369000017875
269.384949999968
411.75081000021544
254.2266699999901
490.0822100004573
245.9904599999961
369.4455000002376
416.58186000023653
293.9276499999636
281.9624999999696
415.4021100003158
296.63329999999723
278.467129999998
406.25127000020876
216.37445000001284
273.82380999998
343.9604400000241
365.96395999998344
237.08773999999386
445.881530000307
357.41962000022744
347.0158200000538
242.94135999999122
327.9830200000382
332.596020000047
306.7015300001027
314.52870000003696
307.28942999994683
253.29942999998264
372.9273100002414
309.52671000002493
347.4496800000888
253.97352999999592
284.5397299999866
301.52954999996126
300.0028499999678
251.83843999998084
379.3741800002154
283.61928999997514
250.91477000000145
243.79755999999307
269.45400999998327
438.96868000026257
432.3315000002152
259.6353699999823
283.5196099999652
300.72200999998506
452.9723300003125
248.01482999999033
343.4117200001158
415.7326900002765
274.5688999999774
294.6150800000205
345.093120000224
418.66065000019836
350.8361800000457
335.4261300001354
269.6985499999784
316.87342999998504
271.3632200000088
270.696540000044
263.071899999985
242.45532999999097
294.0789599999728
461.04179000030706
258.0689299999824
275.3245299999644
402.1817500000732
357.9047000002384
263.69508999998817
362.23052000003577
299.5483299999996
360.68891000023336
258.2214799999805
292.5314099999643
381.6404300002109
246.17383999998322
274.8421399999728
270.56676999997717
235.50746999999478
226.02938999999185
319.20306000009924
267.46657999998496
243.1219599999974
306.2806599999609
381.97679000021685
333.2669999999772
394.71895000022073
273.0081100000011
289.4946400000137
256.84043999998175
245.66873999999837
388.4949200001663
401.1380200001867
375.7545700000948
419.24721000016694
230.1287399999988
316.38808999994956
314.4046400002485
290.5135499999849
326.84645000025176
348.55960000002307
411.81602000029756
306.7692499999921
335.50367000009857
330.7093999999412
397.7017000002831
384.6300000002042
232.05310000001137
286.53193999996836
258.7827999999916
367.8947100001244
256.48294999998836
273.38463999998925
331.6157500002067
491.2355800004204
272.398259999983
279.907059999982
289.6686699999471
465.2962700003463
378.9056300002174
336.0265200000578
509.26360000044724
307.4999100000503
385.1998400002192
324.1601499999521
295.9895400000633
251.01673999998965
393.5269800000718
276.7529899999613
266.5857699999944
398.52515000022606
304.4255100000479
236.16035999999465
378.57417000023145
368.9609800001447
386.19804000022674
243.58797999999635
379.12023000020935
358.9002200002243
306.91165000000206
305.6601499999668
250.37078999999358
277.63116999998323
341.9807200001768
263.69424999999706
286.61592999996446
410.71982000009734
314.1730299999824
373.0526100001258
334.9169399999831
291.65312999996536
369.65970000022605
249.53930000000483
458.45082000047677
283.12285999997295
241.85659000000334
307.62632000001713
279.85972999996875
403.1881900002022
338.08492000008073
411.23135000027537
274.4000099999802
329.55784999994995
311.001819999959
239.73135999999596
344.79821999993493
388.43677000022
291.83969000000405
300.879319999952
308.1699799999958
463.72129000037455
313.12813000003706
337.46693000005166
424.7965100002246
449.9288000002681
338.4830799999386
432.6880600000503
299.2337100000073
311.55381000001825
405.4537800002045
396.4302900002581
239.25985999999477
334.44256000023285
295.3156800000052
316.7830000000188
299.69100000009917
285.9750400000176
390.01415000010616
292.9608099999687
279.8803099999788
527.1403000005037
340.3107600000665
490.7364800004689
352.12562000009626
431.50161000018585
395.1089200002075
244.80812999999907
248.39480999999682
379.32631000022275
307.81236999995633
237.56986999999532
367.0332900000074
279.5892899999765
300.02025999999864
378.2189900001698
286.668099999981
238.85814000000522
288.8007299999601
285.35485999996405
315.0103099999988
293.7586799999651
434.29522000027697
319.5688700000186
378.1314800002268
295.5880999999715
396.28700000021496
321.79015000024077
477.17913000046474
374.9405700002237
256.5815299999816
255.7596099999936
312.5574500000777
411.7035500002086
300.17317000002765
401.8871700002097
262.51263999999577
434.4514700000411
300.9660300000708
424.6175800002898
278.15884999997866
343.28910000022887
248.99944999999013
325.8211199999542
394.18500000005866
331.5595100002436
342.46706000010175
423.98376000028077
264.2971199999831
397.7843200002293
237.94586999998933
421.0552700001993
313.615309999969
312.5137700000461
451.58643000023204
317.36105999997983
274.6253399999726
260.3132999999823
355.98309000023744
335.54171000024013
296.9439599999692
394.9723200001935
397.1485700002384
313.1203499999681
426.90161000023465
381.21159000021936
430.9158200002153
394.89920000021016
220.27536999999458
324.12631000003233
307.3407099999809
290.3730700000626
332.6448200002092
445.3659700002211
303.0034099999563
458.8520800004082
441.2083700002815
530.2717800005138
285.20925999997684
435.1570100002033
312.51106000002244
405.6345800002161
305.80322000003633
350.0770100000425
346.03552000000434
361.3322200001661
366.38198000014484
415.52325000020835
374.4741200002219
351.0332300001774
287.40898999998205
476.66651000026553
360.0686000002416
325.52583999996716
456.19649000033064
238.2799400000092
297.4077099999694
420.53374000017556
359.22583000022996
380.4039500001725
425.6632800001316
302.7866500001013
279.4117399999714
261.1033999999873
337.44633000012254
275.66199999997747
439.3074200003525
331.52780000013826
345.50340000000574
428.49813000021123
245.8042099999947
302.36655999996674
419.9133800001975
504.377680000412
287.5270599999776
441.16857000027056
295.0086799999767
230.6740599999977
309.594359999959
388.54455000018606
334.98652000024134
242.85455000000323
283.3057899999689
309.60729999998284
344.3762900000704
395.42403000013707
254.9404199999961
394.28443000006774
344.63142000023146
253.10311999999655
336.6740499999651
222.98052000000993
312.77079999994316
223.27008000000143
360.7430400000253
270.9180799999643
301.26552999995863
259.28473999999375
316.4693000000422
265.3200999999895
321.647730000238
392.6848000002569
265.8932599999767
305.8160000000137
349.1309300002006
293.4609599999749
287.55186999997005
360.8097200001784
255.63189999999238
310.5048999999723
304.97231000013693
382.09432000015477
425.56112000042486
434.62315000031435
281.06683000001436
276.76293000001124
287.0062499999866
437.0403200003524
261.81313999999213
372.99733999998995
327.78637000004005
373.20461000013063
316.38829000011924
463.94572000046753
329.8046599999766
368.91782000007055
239.1316599999923
378.73121000008575
248.0141599999898
335.71193000020656
324.7654200000467
221.81413000000316
295.3195499999763
264.2209699999739
353.86740000008876
459.4909400002626
313.5592099999583
342.9676800000177
322.66694999996326
259.72792999998444
473.29516000027127
271.6202100000284
346.87694000022975
380.8533000002192
293.47149999996964
370.46066000022824
335.34272000013567
385.5688100000075
336.11140999996735
308.3910000000311
214.901050000008
355.21455999995067
323.4321900000268
342.36090000012956
296.59790000001294
302.6336499999676
388.4050000002018
451.73837000028465
303.934910000096
374.92782000008896
401.08859000021823
400.25278000021746
302.3548999999778
315.2926700000178
406.8094100001971
223.73535000000538
264.8748299999811
368.65980000022455
355.579830000229
315.76769999998805
322.21871000001096
377.1333700002339
422.01761000025084
344.0986000001153
244.5742299999967
391.64408000021865
402.68832000020745
326.17936999997886
404.92198000020403
369.7074800002224
355.81597000011016
388.4260300002313
286.62501999997374
378.7350400002303
412.84380000019496
267.424779999981
426.6596400002039
287.9014399999602
364.89231000023
258.5925799999955
262.6920099999834
412.57794000019754
283.8159799999708
250.31662999998466
342.87347000006315
283.5524300000299
375.1844200001022
394.54450000013827
387.2315200001742
357.2341500000911
340.51351999995177
396.7932600002379
352.84881000023665
369.12349000001444
381.3095600002318
375.04625999996665
412.62393000009365
304.5315700000067
293.864720000019
297.4736200000042
270.6347799999669
308.886829999945
304.35636999996046
270.5415899999847
408.8745700001717
284.6913300000209
271.4469000000017
329.0457800001005
357.1610100002394
336.8923599999926
357.4498800000378
296.58211999997695
368.6221600002311
434.4417300002031
280.87573999998006
293.5477200000265
328.08168999997224
312.7750100000885
391.49636000001925
323.67352999995006
418.40688000023516
452.28025000025775
410.8095200002436
289.3026399999798
306.62059999995245
387.4179000002103
381.7494600002309
356.89078000023176
230.44725000000176
319.01223999999587
229.37844000000666
405.78135000031466
276.06525000000676
392.6450600001532
439.8115000002277
333.1564300002121
238.08543999999785
