416.093870000202
445.46117000040135
353.95509000022304
209.94104999999183
238.5194199999794
428.63947000031027
208.19583000000455
339.39417000022263
216.56630999999496
228.94454000000195
260.97389999997563
477.6426800004615
296.96870000012643
233.02240999999296
282.98573000010487
427.3708800004161
450.20572000042694
239.5918899999879
279.922049999991
280.65844000000675
306.9201800000689
250.23364999997125
249.67905999998638
298.5759200000404
269.1650199999703
268.6677099999725
365.9525000002805
242.87091999997767
251.32924999999653
325.07366000002133
388.35042000027516
269.7479299999602
383.60643000020633
328.4725700000978
376.6704000000843
246.53659999997697
443.13484000043127
284.984840000065
240.3110899999898
364.90758000006576
353.2646800002156
195.60374000000633
394.2800800002009
518.2296800004833
288.5984900001135
342.6944300002035
230.70375000000132
352.38013000009613
252.6077099999764
252.62385999999103
235.07640999999333
385.67735000020656
318.19227000003843
288.2685799999641
318.03408000017646
295.804189999984
462.3893200004462
272.60413999997036
268.2334999999675
360.35087000005836
390.34064000030463
350.3392200002324
222.49799000000868
231.6913899999969
304.2759100001389
267.9888900000257
329.9099500001177
234.54611999999165
217.56424999999365
344.2447000002248
321.91241000023825
286.29248000004026
356.86320000020925
441.28881000035057
440.347500000471
399.7790800001657
359.8514800002294
285.67901999995865
367.3959000002862
474.8720100003677
219.0296299999965
253.74445999998707
286.70919000001675
369.83379000021455
335.27350000005254
323.3156100000569
259.3585299999732
371.59893000024823
328.6840800001344
245.09145999997972
381.50794000014105
451.63470000045913
311.38214999995324
293.489759999966
244.08877999998768
324.5978100001618
405.1132900002292
342.8471000001159
262.10539999998275
267.53043000008466
358.53443000020803
372.83720000025426
221.74184999999167
203.79442000000662
402.5361600002118
404.36279000020977
372.7897300002202
438.46566000023927
499.9947000004307
227.73811999999984
253.49798999997253
396.4736800002596
257.65951999997816
234.87558999999288
236.59773999998276
401.72880000019757
205.9468400000014
370.41858000022114
349.6251900002158
411.4606100002331
356.00982000020883
277.4178400000043
361.6364700002139
334.64052000023344
330.1000000000259
359.1703000002254
284.26753999997675
247.1578799999896
276.82110000004127
222.09922999998707
195.48053000001096
380.7471100002042
334.70326999994575
258.85543999996986
335.8818600002385
212.6330100000066
258.6715599999736
387.7381800002178
343.5483600001837
315.4514200002063
479.2993700003254
247.68150999996567
234.97762000001111
316.769120000242
344.2493100002219
467.9123200004693
395.2013900002111
339.94587999999817
228.69362999999376
382.69119000025375
215.5353000000065
258.3974299999685
260.10790999998926
260.1716199999775
317.50657000003616
298.7207599999707
255.74243999999013
333.1681200002007
417.918680000259
360.95831000020945
403.31226000004483
234.57447999999323
408.2525800002306
302.809520000035
213.0641100000015
424.04282000047306
333.31311000008486
277.41257999997816
313.83087999998463
262.0814399999645
220.8491099999885
370.92658000020214
296.83040999998485
279.5983800000097
218.8155099999962
284.9203100000523
274.4140799999687
343.08837000023397
377.18622000019144
215.1080100000051
299.9160900000463
362.6191800002198
329.07346000004657
264.8550799999798
326.5499000002348
234.33479999998235
452.89964000037037
329.6946500000274
222.84850999999423
355.6533100002486
259.414889999973
336.3868899999808
318.7691699999769
246.13749999998083
247.39205999999373
238.56325999998472
338.2389200000496
448.81687000033605
221.59566999998398
421.6129900003755
423.0828900001781
219.16319999999564
318.9362800001586
306.51223999992993
296.25617999996723
264.0365700000342
398.74486000023506
277.92551999997966
291.45006999997935
384.0034800000088
347.4798800000447
295.85473999995213
333.010420000092
259.2787100000112
231.38064999998633
431.9837800004744
244.1422099999788
232.6740600000004
242.13370999999003
203.09345000000275
313.14026000005657
365.1251000002031
334.9571400000374
312.94961000013507
407.46697000019367
340.10109000004746
222.44691999999378
245.54717999997837
317.71360999994874
299.7272000000285
304.63233000023763
288.4850600000214
267.28296999997275
283.3458799999791
256.93900000001804
444.21804000020694
230.1712299999853
284.96749999998883
343.7670800002321
313.6649900000482
291.9460200000032
226.90592000000643
287.7642699999646
247.75018999998443
427.70946000024827
351.95751000017066
381.2953000002449
219.34274999999639
250.85623999997966
215.45916999998576
624.5836000005443
207.15605000000224
374.27027000022287
254.90743999997704
393.81607000021717
386.2075800002915
321.308500000097
217.46173999999303
328.6349000001561
269.616689999996
463.7070200004513
402.10818000024403
270.0613399999853
342.626660000224
221.90315999998148
323.6929200001194
200.0112400000041
300.9138300000012
229.65467000000066
312.2022299999696
229.89373999998708
242.04639999998432
281.8074299999783
361.6292200001107
360.3667100001826
318.7803000000506
329.6650100000915
353.0571200002204
239.66699999998895
359.40530000000234
336.9352899999921
285.73896999997015
239.90250999998037
212.36043999999313
285.122899999951
280.6919599999708
247.37442999999976
248.3318799999812
189.21177000000128
335.2193900002323
250.86379999996188
346.08149000022024
291.6353700000191
397.3419600001347
389.2564800001965
319.536370000023
258.86507999998946
278.1008999999542
393.65198000020354
286.11941000006226
322.0674900002373
307.85513000005017
437.8363700004092
284.38979999996394
322.1559900002424
345.80699000021383
277.09834999997815
252.89821999997747
238.2435199999893
298.8967599999534
337.1334800000603
288.9836999999788
312.66372000010125
347.1270600002352
274.2454899999742
349.7264800002173
318.80611000003756
293.9789799999803
313.2471900001667
364.0289700002266
288.1622200001395
240.51019999998664
227.53571999999093
343.7089100002241
216.1207500000012
224.87083999999206
472.7273300004661
205.82421000000394
295.32607000007044
333.2478100002242
359.4313100002035
247.36077999997786
320.01036000008526
236.97309999999
257.1210899999786
270.55611999995403
276.32420999997004
327.41350000013875
289.6165499999986
316.8856800000402
352.9565900002246
395.9043400002222
240.99164999998476
509.87188000048013
242.56101999998506
377.22948000020705
316.65378000005114
331.18130000023467
242.23387999998366
238.04883999997767
223.00081999998184
289.6965800001304
261.6370699999742
265.56498999997524
283.6780100001339
235.08453999998355
335.81582999997363
323.2925600000073
346.41074000001095
321.2649300000949
270.4937699999709
192.76864000000649
334.56210000022236
265.76915999999187
278.86236999997504
333.82787000013354
296.08628999995597
273.8031099999615
358.11707000023694
225.19847000000482
332.55866000004045
218.47253999999413
395.001380000219
349.2672500001592
375.61494000023015
415.4156800002503
495.29359000044184
212.9299499999853
259.2229499999867
317.7985900002375
249.00801999997103
228.75278999999395
411.50422000026765
304.58548999995145
281.86901999995337
379.1080600001574
370.6785200002677
424.8478400001388
309.480489999947
409.4604200001844
256.05746999998223
362.71256000012966
220.03901999998843
284.36860000002406
370.06813000023095
420.8750700002586
282.06431000001174
287.28298000000535
335.3198600002419
441.9637900003381
388.3827900003262
427.95614000022596
319.7368900000264
276.1570000000334
363.68333000023284
337.3749800001349
295.8598899999603
345.1332299999395
321.37579000006826
359.7018999999603
203.15863000001045
402.9603900001946
416.1681100001972
333.6204900000859
274.78840999999557
425.7227600002552
196.68327999999866
235.58459999998814
329.55189000023717
247.89254999997712
344.4397300002199
421.15559000041947
240.19858999998345
261.83968999997103
200.8475300000109
270.3370099999692
262.55080999997836
433.1701800002848
285.1172000000954
390.2405900002516
410.7868200002169
345.11367000001155
352.5812900002218
380.5013600002024
249.46657999998968
346.944310000065
409.84978000023597
277.9039799999846
235.8253299999911
214.3965200000034
211.31442000000345
284.6460199999633
188.64573000001164
321.2111900001279
290.63769000001304
302.7174599999967
219.6916599999896
295.60271999995757
232.55324999998564
276.383330000057
239.28732999999113
263.98147999997576
401.18511000012944
207.094000000006
292.681670000002
242.49952999997456
223.58553999998395
380.4940900001002
270.48980999998145
373.3919000002063
416.7616100003811
331.14453000021587
245.74754999997432
292.6484599999669
260.22148999997813
243.16457999998434
254.94201999998597
369.4417900002771
367.1960000002096
248.83104999997795
308.4263900000978
251.01550000002615
437.56427000023575
297.0675900000622
316.12698000017843
264.59329999996544
277.7003299999581
267.10085999997165
417.0511700003177
282.7841000000384
271.00963999996713
441.27970000024175
308.32996999995584
320.499590000234
386.23464000020954
234.10909999998646
255.20603999996717
275.0527899999781
226.97882999998717
257.3353799999762
427.7756800003264
222.07959000000446
316.00906000004625
299.6708699999988
391.65487000019516
220.182509999993
347.3356600002252
226.1828499999896
406.46677000020924
325.83836999994145
474.0212300003907
325.5676000000029
209.86446999999458
250.50728999998327
294.3432099999675
242.9711699999946
352.86680000022875
269.05600999999274
210.15231999999898
293.042189999958
307.74451999995244
371.0152300001997
293.333389999988
325.5808100002328
352.1764300000991
251.34192999998282
248.47920999997444
305.8854099999563
506.06658000042836
310.78301000009304
300.2973299999787
395.05409000026674
356.6943100002003
358.73387000017743
248.82512999997186
390.0239100002159
282.34150999998906
408.874590000205
339.40991000023115
344.0295800002417
394.90956000023334
315.6405099999515
258.6010999999777
346.063870000152
275.76237999999324
210.00284999999337
386.6720700002074
226.93147999999522
245.9644799999859
323.46613000002174
336.2998699999864
200.0376599999992
426.7845100003038
342.65610000022275
332.53399000004686
278.5405100000103
317.5160000000304
266.50353000000075
211.97013999999865
216.29570999999976
286.328609999948
233.86650999998173
337.4207900002273
286.97909000002454
328.23547000008324
188.42725000000613
263.42562999998904
274.4523499999707
285.67125999996455
279.18749999997317
244.18179999998117
261.60197999997786
226.80037000000542
251.88579999997867
263.2868799999706
427.37967000024815
300.3886199999817
276.4806099999625
217.38113999999692
292.15118999997316
428.9503300003107
313.7421900001475
321.202300000117
422.76548000037394
255.08377999997745
288.8617700000025
325.5724100002227
285.3000699999569
334.5247700000368
324.54310000012435
250.39572999997904
298.44520999998235
332.21589000024096
327.7185800001412
302.51416999996337
225.94790999998852
236.16380999999876
454.9619900002915
208.67403999999783
220.4855499999863
373.7546600000779
226.941410000003
359.45657000022504
342.8320200000329
281.4391099999995
232.4752199999983
283.98611999995387
272.63458999996425
365.9041100002079
227.64020999998138
250.66251999997814
252.09966999997687
215.10984999999545
243.55163999996978
299.45685000009655
225.31611999999544
348.9254000002199
286.76515999996525
372.50039000020877
303.0136899999855
386.6898700002506
207.89113000000833
270.85532000001
308.9099000000638
226.78001999999688
274.63732999999223
346.31578000009586
354.1354900000947
398.92560000016437
211.21082999999783
362.0679700000224
207.57921000000206
267.6300699999905
328.42969000024027
266.3153199999653
400.01170000028753
392.7901300002359
409.3948200002615
307.72449999994444
373.34609000026484
370.47799000019785
224.11258999999896
252.12332999998017
316.32617000004166
348.1169100001244
290.764590000007
253.6750199999872
208.5723499999984
444.7360800003125
365.7022100002152
261.87275999998036
378.61232000018526
495.1607700005193
359.43371000021494
423.2483900002628
483.9755900004526
287.38439000004706
347.3668500002348
277.3186899999713
308.31232000008146
229.4021199999912
379.08468000008753
312.17351999994446
226.40960000000382
260.5213699999913
297.5778900000325
264.7299199999669
438.2633700004819
361.7199800001326
365.690440000225
295.9216600000929
247.23823999997637
334.33191000022606
297.3670299999903
398.21110000020445
376.76447000027474
261.50965999998186
327.72890000016815
269.57950000001136
227.23774999998923
392.93704000009564
279.9318199999779
314.38538000007816
254.25436999998797
231.31414999998938
378.71109000026513
227.60378000000452
422.48170000041375
322.6559400001554
222.05368000000172
233.47202999998098
262.596599999966
284.9613199999696
319.0657000000748
355.06121000020926
254.30430999998458
422.426540000194
293.7657899999549
236.69560999999132
324.2160099999368
370.3650700002168
271.4244799999996
280.53979999995374
362.1329600000992
395.7014800002091
248.79732999997185
329.94101000003843
406.25970000021994
317.3548200000308
318.2002799999407
400.7122600000602
281.87508000000366
297.64099000001113
363.3142800002216
376.84868000025267
241.23511999998757
374.5469400003728
226.83121000000162
276.3478900000352
280.7089800000952
381.74600000024657
314.09868000004315
266.178999999976
262.2237799999778
391.73872000015245
327.508150000059
476.35918000045706
332.04683000009385
330.39444000001373
377.43460000020735
264.07417999997614
228.95278999999587
381.8193900002261
286.9085699999595
251.577109999977
345.00199000000646
259.6736799999756
289.955549999988
257.4904299999731
282.5060699999803
332.9458800002383
225.94394999998767
376.4969200002054
231.23912999998828
332.1869600000093
399.6922000002833
299.6707700000172
361.6830800002192
319.164369999961
375.1548900002155
302.9213300002387
387.9327000001972
352.0156700002262
357.20150000020925
240.5131899999899
218.3569499999852
399.03705000020034
221.8330899999967
382.92778000020627
244.49760999999293
338.73968999998147
281.78781000006734
403.8481700002883
259.64691999997615
222.00322000000023
229.50722999998902
261.30673999997373
352.3829899999989
225.92101999999804
312.75624000011504
370.53605000021867
247.6147899999836
378.54732000022386
250.8616099999719
396.9882600001949
293.0830099999736
409.62361000027425
432.3150300002276
303.87714999997286
254.88921999997328
241.67937999998253
224.1043199999987
204.61832000000356
235.21838999999622
391.01510000025047
268.72147999999305
408.95583000021134
401.7884000002026
360.8315900002171
408.12092000021386
374.65869000021047
232.8551099999772
304.99479000003
291.3076099999767
271.12127000005955
317.95750000020166
413.85775000022755
279.11669999996275
373.0618700002211
322.54269000002915
397.3893000002722
234.95480999999756
355.56654000016067
294.50706000001907
297.06041000006053
290.1721100000291
363.17182000008773
435.11179000021997
340.2437900001643
252.9313999999844
275.17906999997786
240.11812999998725
373.5079200002957
243.08351999999724
471.9574000003244
227.46051000000534
304.1014499999687
409.25867000026665
331.1098900002439
247.39363999998906
409.677020000186
242.87962999997958
409.2875800002818
404.80649000012903
196.6509699999953
369.74119000021096
216.70372000000066
229.98743999998817
282.4939799999667
380.5356800002075
308.23249000013743
320.89259000001607
400.6836400002172
228.27398999999193
278.1126599999718
400.288380000198
466.88847000042205
238.83498999999458
320.335910000073
281.5650799999701
241.43269999998193
401.9682600002012
482.12310000041975
316.32950000023743
333.23780000023976
266.1462799999685
230.34131999999366
252.7714199999839
386.52163000012825
343.2185900002359
374.43003000006246
215.38902999999473
258.64947999998475
319.3712699999627
188.51553000001107
296.92558999993975
231.1300199999875
337.60913000002984
304.5697299999936
357.5630000000744
351.68690000023014
298.21359000004213
217.36202000000344
355.5788200003187
372.7198800002526
358.97771000021174
225.7604999999942
230.2705500000087
252.5921899999872
283.1598599999564
324.12569000019187
235.98167999999302
293.02678999997187
203.9532200000046
360.9742000001533
404.6330100004215
298.94947000007744
268.42751000000726
207.8420499999968
399.9202900002417
417.5361000003489
239.54490999999362
346.09963999999536
254.10200999997738
361.2631100001223
288.19929000012456
333.5014300002313
301.9971599999816
275.23322999997845
354.5821000002195
322.2078000000535
317.9636100000494
217.40041999999548
231.86772999998894
214.53851999999094
248.32476999999028
247.35584999997184
333.4303900000886
491.6102700004454
290.95918999995996
420.7838500001407
303.7878399999626
240.06930999998582
477.6414700003191
255.81050000002193
339.94201000021536
361.2569000002191
264.6467799999773
237.86969999999178
320.78080000012795
359.1858100000147
315.19559999996807
285.8193000000283
247.50409000001434
341.2484599999445
240.84581999998295
329.11368000015005
332.7890100002253
290.87666999996327
331.5494300002246
408.3522600001917
284.45630000009277
257.97461999997427
379.0485800002184
378.84788000021473
361.25656000012845
248.99300999999363
409.21080000025984
239.745879999983
348.6320900002279
349.05209000022313
335.4423100002274
408.4087800002246
244.28011999998762
243.80378999999698
399.2619900002494
241.09351999998646
253.97527999998394
369.7779800002186
258.1930299999697
251.3432099999825
383.40089000020953
231.89380999999264
250.1139099999817
368.27701000022665
266.920299999977
358.29124000022944
352.67534000021834
309.327909999978
448.63595000034763
227.22655999998554
340.7972000002322
248.666189999986
245.3053899999844
271.5951499999689
232.47321999999068
278.0866900000186
324.85575000006
287.18481000002265
285.6395399999742
346.20018000005
363.3141200001786
336.1980500000923
310.37778999995413
375.958460000235
221.18633000000062
332.0162899999761
362.2699600002294
414.8945800001829
371.98851000007267
287.33527000000106
271.1945000000192
314.00743000013665
257.2345499999623
287.79320999995014
387.85752000020335
250.83387999998507
306.6890900000624
324.2879900000637
208.8849200000102
308.6114700001009
336.345690000237
326.9028699999836
341.36585000003384
276.40099999997744
348.4973600002341
300.632529999969
373.39054000022014
275.3444000000218
397.05057000017024
291.31919000008673
372.1309600000224
306.97642999994497
394.5041800002375
420.27154000021204
401.1271000002418
267.67763999998465
286.1755899999567
370.6583800002045
251.37447999998972
354.4459700002218
241.18928999998508
401.93839000019193
210.7600200000053
356.51751000018703
230.61182999999636
353.53334000007743
476.7606000003728
315.4528100002069
220.61401999999467
