517.0685600002294
539.5298400004211
444.94940000022706
289.8905099999882
289.7825099999885
524.4944600003357
292.08175999999645
432.08017000022176
300.32352999998045
319.7582499999797
350.8926199999655
577.2651700004819
384.4772300001345
317.5199299999788
367.39396000011334
483.54539000030263
556.6614100004451
329.1553199999924
379.0221399999909
366.5643700000148
393.58019000006954
334.9547799999595
340.4585499999675
382.6619400000509
357.2774399999738
358.0022199999434
451.1612300003133
329.9275599999656
345.0483599999667
423.71565000002226
471.7954400003143
356.6752399999428
481.7535200002279
423.6151800001004
381.3227399999617
333.9158399999679
541.6417300004574
366.265190000079
328.10799999996584
459.1639700000869
441.83489000023843
275.6285900000028
493.76008000022034
619.0314700005267
376.0013200001233
454.52329000036474
317.87135999998503
453.72190000011824
341.883339999985
345.4646899999739
322.5849299999741
481.5000400002061
412.82057000006466
386.6815899999352
407.33018000017944
383.67069000001305
549.7148400004727
363.46983999997667
354.4539099999485
449.37326000009057
487.3023300003276
444.09273000023825
315.052179999987
320.39540999998377
393.0561200001464
353.0452000000347
429.5571400001156
322.5214399999796
296.599789999983
434.68262000023196
406.74643000024486
376.9898700000428
442.59851000021723
520.6259400003979
529.2537200004988
497.19527000018564
470.78288000021786
379.6674099999303
451.8934300003145
567.9678200004147
300.6289599999828
347.2766899999634
375.69592000005025
464.3593000002157
431.86530000004876
413.27863000006124
346.80394999995656
468.45782000027265
418.91690000014074
328.97449999996513
486.6832300001601
544.0054200004918
410.1055399999456
387.3525499999668
337.4821199999905
413.8527300001674
495.6611900002525
432.27311000014544
354.9672099999539
352.7599800000993
440.64397000023797
458.53071000027967
305.3517999999868
287.7128500000021
498.2292500002334
501.4623900002576
470.6247200002147
538.0775500002695
591.4033100004922
314.5188099999788
341.9956199999794
487.95519000028617
346.7420299999618
322.8157999999766
434.7856400002223
502.3110900001919
285.0517799999972
460.38008000024524
438.68313000023096
504.0305500002771
438.02706000021465
358.1934000000162
336.7022999999809
422.8553300002432
418.82453000003164
501.304220000342
381.7374399999428
336.8620899999662
364.37045000005105
309.98922999997654
275.6618700000041
478.7925200002035
440.2996599999571
344.6373599999573
425.00316000024014
298.9969999999923
348.80744999995966
482.8509700002433
402.8116500001621
400.0614600002165
575.4923600003704
324.76303999997015
317.70726000002577
402.5681600002507
432.6335500002299
566.4609100004926
487.332380000236
442.3223699999933
315.16492999997934
477.14928000027817
303.0025099999911
343.34623999995597
353.83091999996685
444.07999000017134
416.231460000036
401.81274999996697
348.2353499999654
417.98744000020895
519.1855500002804
449.5192400002143
509.4593500000972
320.10318999997315
501.4402800002638
391.32661000003435
410.1264100002411
511.2919500005038
425.02132000010783
367.69017999997925
412.4485899999859
349.4077399999532
302.83484999998404
467.4694800002106
401.3379300000631
372.41821000001363
276.01169999999877
374.44352000005887
365.6371799999682
433.91947000023737
463.18965000020194
300.7572199999913
387.8494000000548
456.6761800002415
426.84455000004453
355.8749799999538
412.15112000024413
319.0196499999932
548.6893300004166
428.718940000024
307.8974599999859
438.2417600002747
350.6120099999591
436.5828999999725
408.2628699999796
333.97822999996714
338.8097499999716
325.12581999996866
435.63859000007557
547.8368600003841
298.6477499999798
515.890310000401
517.2920900002229
302.64042999998685
404.31569000017043
391.37676999990896
391.90226999996463
343.32422000004226
499.75115000026
379.74990999994634
387.9718599999783
489.06917000003085
441.759870000069
388.8858399999557
426.73793000009266
343.63473000001943
315.3160899999784
520.8067900005027
329.94944999997534
325.8068599999856
328.5079999999735
282.5120999999976
407.5546700000585
450.7255300002061
432.96893000002956
401.24374000014467
515.4104600002019
470.3718800000947
305.2873299999795
329.2265699999673
421.3261899999249
391.53343000003224
384.7298700002513
387.00655000002376
359.7857599999585
376.56027999997985
340.4280300000285
550.9091300002252
313.29304999997663
376.51111999999404
435.43808000023733
402.07730000005324
381.1837100000063
318.30231999998483
383.1117999999388
335.14292999996485
530.3652300002727
444.038210000174
464.79160000029265
305.38987999998477
336.51114999995866
291.3384099999807
743.3836600006049
284.4561999999956
476.53978000021874
341.8809799999542
498.0329400002102
476.43500000031946
413.222320000101
297.0854799999874
418.1509200001879
359.9928300000024
548.1498500004982
491.8979700002644
366.9029699999532
429.2801500002425
300.5195399999788
406.1860500001279
279.2672899999987
387.66876000000514
320.7049799999837
405.5533499999716
315.1162699999821
328.7869399999705
368.8095699999846
457.77113000013566
447.8363000002085
404.4130100000586
416.83583000012425
435.18394000022533
299.43134999999234
460.95089000002287
371.16401999995315
386.8179499999337
327.0654099999625
290.98017999998984
374.4916899999475
376.9104899999381
347.0596599999722
337.4574899999628
263.48693999999995
427.1773000002363
329.4447399999648
433.7708100002292
382.734660000024
491.1445500001813
485.2151800002165
421.2724600000188
344.68309999999684
368.9561199999493
494.33845000022734
374.73565000007375
411.1474400002486
399.72614000005495
533.8791600004378
379.8529099999464
413.37841000025287
427.9255900002365
376.7144399999494
338.4480599999626
324.5747199999707
393.83884999994484
437.04507000005606
375.2961099999809
395.07216000013153
440.1480700002375
368.96459999994397
438.13609000022865
411.80390000003723
385.8472899999823
396.4720200001824
460.67697000022815
374.2848700001484
330.12542999997646
311.4035399999794
430.2603300002396
296.7533099999901
307.2280599999812
571.0324200004864
289.3155599999976
382.16948000009694
416.96654000023415
444.6006300002084
334.5297899999885
415.7803700000867
323.1784199999789
348.55218999994963
355.4456499999588
367.8430199999443
420.06893000014367
376.7952800000046
406.1916700000397
445.3301900002292
492.0381300002441
327.55817999997134
616.1749700005261
329.17723999996963
470.67469000022544
407.2007700000497
421.5644300002446
329.1037899999719
319.15258999996917
301.9149699999825
379.4188000001366
347.9908899999588
359.98509999995025
367.8251700001482
316.45975999999484
427.56063999998713
421.72697000000886
454.40473000000304
412.74882000009654
362.7837599999626
271.33358000000123
419.1593200002304
357.53756999999024
376.27657999993926
435.5123600001308
392.9049999999542
358.86613999995274
457.3394400002334
311.4354799999895
426.16295000004044
296.9990799999844
490.2529800002474
444.97224000015785
479.6968300002259
504.959780000297
590.0242900004927
291.68771999999603
343.6983799999955
401.56141000024695
333.9193499999637
315.2267199999817
503.4958500002951
404.07159999993166
371.94106999993875
472.6746500001819
455.61174000029655
534.2842300001608
409.47917999991625
507.48291000019157
348.7942599999647
466.5149500001223
299.81866999998346
374.8720200000287
473.1418200002234
515.5596800002808
362.3291500000248
372.97718000001515
428.7245600002487
539.4323600003605
480.23820000035556
530.4750300002438
411.44709000003417
364.8113900000378
449.65943000026243
427.1744800001629
396.120779999932
450.7293199999304
415.84489000007056
464.9774899999583
286.88287000000224
498.34728000021937
522.0477900002086
422.55679000008865
369.41430000000315
528.6478500002793
271.5555499999957
324.2831299999808
418.63661000024365
331.4125999999736
428.8541500002247
518.1816200004462
325.7610299999876
350.6359999999679
284.28557000000336
359.8447299999472
346.26175999998924
580.6450800005409
372.1172900001028
486.65062000028115
512.7169100002388
456.16056000000054
442.95598000022824
472.7914500002035
426.1954500001043
446.8841300001365
502.49387000026275
372.55158999998866
322.83155999997837
298.7034499999961
295.1923499999961
376.6373499999655
267.8460800000072
411.9583000001388
381.8976200000151
400.8890699999922
299.56828999998305
388.1993099999339
316.5229599999756
358.8986600000646
328.1533499999765
358.1048799999509
492.4771200001667
290.94203999999905
390.73247000000424
323.94515999996196
303.41578999997853
472.65839000014375
357.1980399999936
464.1511400002118
500.6984400004332
413.0491600002291
327.19929999998055
393.4089499999312
352.2020099999637
330.74548999996915
346.58852999996583
459.43141000030596
457.92350000021446
335.72186999996046
396.322700000104
335.29745000003794
536.7966600002817
382.17990000006625
402.28629000018555
351.5625199999511
363.5138599999468
358.5444699999535
513.4777700003427
373.9222000000399
362.1305499999486
543.2918800002919
413.64487999993645
406.08301000024403
485.76343000022626
283.73718999999596
340.64868999997395
374.0145999999449
309.0598599999792
346.3186799999595
519.1032800003493
312.9945999999865
414.6381500000427
393.95618000002753
491.3620600001903
303.5871599999869
437.65277000023195
308.43489999998235
516.3797600001983
427.8622599999271
571.9727200004359
418.02801000002836
289.55813999999344
340.4507099999692
395.0719999999638
335.1747999999794
445.110310000232
352.3495400000032
291.8538499999932
389.69718999993313
405.49520999994945
458.589950000208
387.23378999998965
414.6960400002423
457.4678000000903
338.69124999996313
333.2984499999765
399.499719999958
608.3632700004589
396.43274000012536
403.19759999997603
486.8208300002936
439.4788500002282
453.0885800001792
329.51665999995936
490.8874000002101
320.96647999997566
503.4296900002314
428.1793500002387
439.88139000024347
496.15305000025785
413.81690999994794
347.3764099999533
336.4041099999649
366.02519000000416
288.21529999999024
481.4143600002095
313.0894899999837
336.83187999997097
426.4572100000147
430.55576000002947
275.9107199999939
513.3564300003337
429.7760300002285
434.49080000009127
363.6690400000187
407.23201000005173
349.80758000001197
294.8177799999953
300.7017299999892
375.809629999955
317.48534999997537
424.3692300002356
381.24480000003
419.7847700001096
265.10311000000564
360.19495999996644
367.3695399999452
382.27222999995706
367.7069999999801
327.75550999998325
354.58127999995867
318.1771699999864
342.0028999999632
355.8433899999527
532.3775600002718
388.30692999998143
366.60282999994024
300.3114699999842
387.978699999974
536.6642200003287
403.0649000001579
411.40711000012146
515.5988800004004
346.2416899999706
382.7997700000082
406.1340500002362
375.91407999996017
426.02836000006295
411.32432000013296
333.74993999998514
389.7374499999946
421.0773000002444
413.16879000017275
394.0307599999644
306.5991499999792
326.19649999997665
546.024680000343
290.0868999999925
299.7838899999803
471.9288500000995
312.6509299999859
451.2962600002265
441.81141000005033
366.29614000000504
318.10714999997725
370.4099599999505
364.31819999996236
454.18652000021075
308.4272499999885
336.88082999996294
338.5222599999631
332.4823399999666
323.26367999996114
378.51499000012717
310.240519999981
438.04093000022544
384.20634999993194
464.3788900002213
400.31039999998336
483.81424000026936
293.41345999999896
356.8851800000206
396.69521000007074
313.8191699999884
360.91854999999873
444.29528000009617
447.3003800000916
493.79900000019234
291.7642399999889
466.0318600000187
283.7754399999983
368.7760399999596
416.8296200002498
354.12082999996915
487.2148100003132
492.15352000025655
501.28334000028985
403.9567099999396
466.33742000029235
464.23039000020077
372.64926000003464
335.6746599999956
409.22846000004006
440.7391000001251
378.8010200000098
339.9850599999978
288.576599999995
520.4991700002975
454.21474000024403
356.7499499999601
468.73635000019783
588.053460000563
448.2878300002218
541.7316000003793
580.7903900004858
379.6379100000537
440.75644000023533
361.48649999995064
390.4610700001103
315.2456599999804
480.82035000010893
398.77914999995716
314.9264099999862
357.81917999996267
389.5246000000527
351.04983999997637
534.0366600005083
458.9684700001542
463.38385000022424
385.9840500000955
444.8073400002385
420.2102300002345
384.17287999999957
487.8463200002281
467.1665700003003
355.31894999995814
420.96464000017266
356.29972000001976
310.27068999998016
500.23901000010017
364.5066600000051
409.5937900000751
348.155079999962
314.205199999977
468.5477000002926
320.2221999999928
528.9211200005042
409.3508700001623
311.6344799999926
375.38274000002036
348.3941299999679
372.4692099999735
416.7553100000825
440.44104000021565
344.8967199999567
529.4738300001819
391.1962199999473
325.04124999997873
421.03050999993405
466.4843600002148
362.69028000000776
369.3750199999563
461.49525000012085
493.60477000023064
332.7946499999626
419.43843000005216
511.0915900002362
401.62903000003564
417.8789699999309
503.80015000008757
376.88550000000663
387.29300000001354
458.5805800002305
466.08878000028113
327.6462399999728
455.76260000040037
318.17021999998076
364.98380000004175
367.56239000010663
465.9552200002768
408.56909000005294
350.80100999998155
354.41369999996164
473.8273300002038
425.00564000005556
575.1249700004802
428.75522000011154
422.6320300000149
470.97631000020715
356.6335899999777
317.79800999998474
476.0546000002532
380.52075999994935
299.01208999998335
444.2906800000177
351.95097999995903
330.44609999996965
344.49732999995484
386.9022399999426
423.91941000024445
310.5289899999782
469.1294300002043
316.73804999997805
428.98555000001403
488.08082000031
391.6092600000208
456.23527000022193
422.2378599999627
470.5308900002154
384.84608000025
480.49491000022164
442.6481700002275
433.8788000002224
330.0950299999726
295.67758999998716
489.1067400002172
307.4622999999857
479.5295500002082
439.8606900002388
441.5512899999749
370.23034000007726
498.81267000031164
341.5325599999848
307.5444299999886
314.4607599999797
348.95955999995357
452.16329999999425
307.4900500000134
397.23397000011573
465.6614600002172
331.8018099999661
478.15971000023956
336.27103999995984
492.9635500002013
367.0152699999537
497.3474300003048
534.9888200002472
397.2852399999736
340.9761599999613
327.11268999996776
310.1858199999869
285.66624999999834
326.1112999999799
476.94683000027476
350.85460000000523
515.6895200001999
493.7926000002283
453.6647800002227
515.0883100002326
468.32519000021006
312.720349999969
399.46950000003477
387.0106999999749
358.2750600000679
408.7944300002129
509.2332400002552
371.9713999999357
469.87856000021776
413.6288000000322
455.3489900002163
323.9894999999748
456.1808400001506
386.2552500000225
392.19912000005985
378.9769500000384
469.9392100001088
528.1633900002578
427.63229000016906
440.78357000014614
369.5360799999536
327.7498499999712
455.51738000033305
337.8651299999716
565.6576000003697
315.9301299999874
400.40821999996353
499.6980700002928
423.5828900002492
337.0179499999678
490.6582400002371
327.5628799999684
503.93395000030483
503.7746800001548
270.1317399999966
342.4018299999566
299.670849999987
401.9947400001319
378.2743899999402
471.75498000023384
402.00839000014423
408.34199000004213
511.72303000020844
313.66742999998166
376.30264999994733
508.8698700002384
562.0686700004692
329.6706199999733
405.2709000000947
367.82598999997316
325.95871999996814
564.8566400004096
571.7735000004748
400.87983000024883
424.59752000024525
360.24576999995145
318.98203999998213
344.5432199999658
491.4791200001466
436.20500000024
475.2389200000895
294.01185999998773
353.5712799999634
424.1942399999566
268.5852800000089
339.89823999995
314.5630699999796
440.73222000002295
391.44595999999683
450.81390000009895
446.170510000234
389.90090000004255
303.5642399999911
438.822960000348
464.6043900002797
447.4573300002172
311.26000999998257
307.96940000002417
344.6227899999618
373.9121499999443
413.15151000019745
326.06358999997525
379.5558899999729
284.18914999999856
469.5397800001709
490.2929400004496
390.9215800000782
344.95074000002205
287.17408999999066
491.54872000026904
510.15861000037484
329.721649999978
450.5460300000071
343.90449999996304
446.80252000014593
375.6460100001299
415.3668600002378
395.96924999998475
360.75574999998685
440.1860300002505
426.3950900000429
406.4526300000798
298.50074999998856
315.8320699999783
294.676839999984
343.6292799999659
328.34348999998554
425.65959000009155
592.1577600004878
381.533999999963
518.9066400001836
399.728129999959
327.1965499999718
583.1918600003665
342.9818100000329
422.7374600002247
456.0699900002179
358.7311899999754
324.6760899999765
416.2061300001323
472.77918999999895
410.27109999996725
385.12739000002983
330.717340000026
447.26554999996085
331.54381999997014
416.9469900001743
427.8538200002292
389.14253999993184
371.5242400000789
508.03235000020356
374.0970100001018
351.01955999994357
540.8314900004983
477.47457000022587
456.4966700001272
339.3694099999705
503.45371000028615
325.4652899999709
436.84870000022966
437.86420000023134
422.579140000235
502.9073700002471
332.84763999996903
334.4567999999713
490.792010000275
414.6609900001183
343.4915899999612
466.3430700002331
343.73745999996027
340.0063199999615
361.150539999943
314.584219999974
338.31699999996226
459.1553300002538
366.42231999995556
452.6350300002299
439.55955000022584
402.31844000000734
554.2109600003635
310.60080999998166
460.26571000028133
340.09397999996764
331.2437999999662
356.85917999997497
318.2280199999733
364.43270000002013
418.1180400000634
371.2447700000489
383.30983999996954
436.9335800000762
464.83341000017356
431.5218400000903
405.95398999995285
470.6714500002599
304.0623499999885
431.1406799999721
459.0743500002267
506.6484100002051
466.6800200000991
383.3866800000045
359.1771200000286
399.07814000014105
340.5781899999497
376.4594299999489
480.8034400002331
342.5418799999669
396.96920000006105
386.162600000043
295.28233999999696
408.37256000009404
427.50780000024207
425.0661599999975
437.9070400000488
365.7224299999814
455.75415000022133
386.0577799999744
468.21611000021846
364.53222000003063
499.1333600002141
382.4785000000923
471.9448500000275
395.6598399999507
492.2601800002621
522.4976300002386
487.8172300002762
363.80773999995205
377.5494899999351
450.9142000002199
343.12968999996906
425.973970000235
327.19070999997246
490.6467000002143
294.5965699999973
444.7090500002121
316.23725999998175
449.5648600000997
561.5713000004231
401.300450000219
302.5186499999883
