733.2850500002661
742.079470000454
633.5738300001954
506.0794199999535
493.3523199999052
725.3631700003505
503.80304999990324
623.4443900001854
498.0567199998915
541.4026699998645
539.6923599999283
785.2488800005011
567.6634800001
595.6652200001158
666.965460000386
680.1100200003076
778.2291600004418
513.2571999999539
584.7813299999342
622.0407700000956
611.5469300001588
575.4797699999928
529.0152599999107
688.7616300003702
547.0312899999435
624.5764899999978
609.0233700002558
505.4062199998943
644.537090000066
628.6361400000247
644.2729900003765
594.4382399999632
676.7100100002617
621.912970000078
670.0029200001941
513.299199999911
741.9723200004587
531.6441500000592
561.5451399999073
660.9248800001651
621.2667200002492
472.2712999999228
694.9341300002583
839.0054800006334
556.4669700000911
617.0795600004008
621.2377100001586
664.3454900001161
526.8585899999472
663.8763200002264
606.9900200000983
687.6767100001958
608.7024900000707
587.924779999882
589.6217000001482
566.7527400000283
738.0780800005475
611.6564099999999
541.3187399999094
643.7884700001514
687.7201200003411
763.7956100005026
535.9012499998738
504.41584999990175
705.1925000004098
531.0577600000065
636.9654300000619
595.1606300000761
502.30478999989924
619.3162600001963
585.0612800002192
566.8011900000055
623.3934400002382
698.8258900004713
718.7197600005197
711.08526000024
654.9422000001823
709.8343000002529
629.4446800003357
773.8194500005269
528.8142499999572
597.983189999944
556.4951700000584
660.6278600001938
635.3561200000554
600.5830700000449
625.4360400001052
666.7355100002737
605.3572400001344
562.5430999999558
700.9460000001756
735.5803600005452
624.0833099998998
590.1818599999216
525.971569999946
727.5654200004308
688.3517100002917
619.3922400001561
676.7957800002143
524.7356700000778
618.0091200002604
637.4209500003171
522.2673099999105
511.9795399999593
704.0692400002508
701.0253100003046
670.6136900002198
751.1057400003446
785.2568400005969
532.645769999871
515.8198299999499
677.1199200003399
660.6800100002237
503.7777399998967
618.6144200002299
717.4135000002249
566.6510900001977
654.7395000002567
624.7400800002549
689.9589700003345
616.2887200002402
652.3091900003288
642.1506900002544
734.5009400005042
604.4149700000546
696.4200600003554
721.8966600001972
649.976140000187
540.0202800000238
528.9503999999608
514.605680000033
675.2187500002334
649.9654499999713
598.2107499999995
609.5639800002114
521.2859599999197
534.8470599998905
683.3483800002426
616.2647600002181
575.3325200001921
784.0661500005021
489.8264899999532
601.2304700002561
581.5805200002243
613.3415100002275
769.5811800005167
685.8871000002821
650.6379800000535
534.8145299998888
676.1174000002952
566.8447900000563
623.8620500001502
683.6752000001751
636.0304100002061
620.9752700000283
608.9220399999159
664.3481800001582
724.2998300005081
737.2840800002989
639.5334800002055
736.7048300002034
551.6466299999095
694.8003000003177
711.0182800003356
586.286120000217
690.6252000005188
744.0557700004362
556.2217999999517
609.4274799999793
599.0253100000039
470.3887099999375
641.4200300002544
648.6822000001251
645.4073400001037
471.03170999992085
562.6108800000235
561.7136999999301
623.7025900002054
646.6314700002374
520.8965899999025
567.7328300000416
652.0312000002527
632.3399400000234
555.0538899998907
590.8039600002155
493.0453799999666
748.1074200004753
640.1102100000132
481.08671999992015
614.7751200003029
536.2242499999143
648.6272899999992
597.2093900000532
514.4243799999323
532.0752599998722
554.3782999999031
638.1153800000833
754.893470000442
569.5366500001857
709.7262500004094
718.4993100003289
473.91317999991924
578.666420000156
576.9779199999468
592.1149799999567
593.9835400001734
707.3390600002832
590.0646799998755
590.8021699999475
712.8335600001092
639.6909800000973
710.3381500002464
619.845170000083
647.0994200002934
551.7069599999658
709.1729500005135
507.1617099999446
514.6423799998964
639.2432700002001
497.0000099999517
605.22666000003
638.2296400002435
639.4805000000192
583.9356900001139
718.6491500002495
659.1071900000086
515.8869999998785
505.433089999894
638.5138299999177
582.4232399999959
550.9177500002338
590.6048599999718
554.6075699999134
569.7228999999485
511.47058000000595
775.2400800002912
525.6982299999405
566.1686599999832
623.228600000195
588.5692300000565
655.505080000168
550.033719999889
713.5643100002333
518.4248499998918
738.0893400003276
637.5032700001786
637.916930000349
530.558989999961
571.2345199998991
505.45761999996466
1024.377350000888
577.6209100002201
689.8019700001787
580.574239999933
714.3079700001934
665.1909400003321
607.9709600000988
586.7046900002156
602.7937600001993
550.5724499999774
731.352800000589
685.5696800003026
648.4959599999738
609.9039600002521
538.5689400000603
575.7533000001217
484.53879999992625
565.3388300000231
547.4635199998769
608.5056899999686
489.14502999991294
511.93099999990744
556.2571299999695
781.9047800005117
763.8888700005305
594.502040000098
606.251670000156
747.0936300005487
510.5095299998942
675.9223000000524
633.0907900000261
594.9046399998712
500.2171799999089
508.4564799999569
561.3963399999402
670.1188000000554
594.8021399998534
517.6919199999091
462.4765499999497
611.6967300002007
501.8329999999771
613.715550000218
571.3441699999962
686.1173400002397
678.3008000002171
628.7370699999966
525.0656399999682
551.1793599999504
702.5401800002562
558.429510000043
592.9526000002124
718.0887500003261
734.2266700004438
580.2675699999053
595.5640500002158
603.1560500002539
584.3336299998948
608.2285600000517
578.3559299999879
596.0678399999302
643.2346800000644
556.4633399999709
562.9513200001476
633.6805600001965
618.1810399998842
621.8779200002398
608.691520000018
572.1744799999635
578.856360000148
660.2381900001986
550.3339300001211
511.9589799999316
553.4477299999882
611.0392800002576
592.6426300002173
542.0261399999675
783.4797700005017
457.19281999993996
555.2509100001192
591.2927900002272
621.0923700002327
512.9971199999547
613.5752400000408
503.6900599999011
531.9469099998702
534.007729999956
698.8005900002175
607.9612400001067
688.8386500003104
596.6639800000445
635.1401100002074
695.4472200002618
564.2607699999312
840.3533800006084
599.6940300001072
664.2316800002653
598.8789800000316
604.891380000211
510.83241999991566
538.2352599999044
462.9129299999723
553.0762100001128
538.5319199998885
616.8800399999261
538.3896100001232
608.8102600002668
720.0815900002149
623.6442300000159
683.921099999996
735.1570900004108
555.9091699999268
469.6443799999293
593.3859600002046
678.2970200002551
671.6112100000336
641.1249700000787
585.5032899999292
543.1785899999344
663.3728700001811
620.7386300002025
621.453140000041
591.2914800002058
687.3960000002827
642.763930000131
689.1868200001862
700.4211900003706
798.0307400005894
508.33221000002385
571.342170000007
574.9159500002238
509.62030999993476
491.62806999991744
702.391530000323
712.7036500001574
559.1619299999455
667.8326400001979
651.2394200003916
767.7859900002478
613.738589999933
714.1151600002578
539.8480699999101
683.0885400001166
466.0288299999254
565.9886599999948
685.9622900001876
718.7491500003333
536.8713100000309
553.7972000000425
618.3804800002066
757.9348900003819
669.0493300003587
748.9371000003031
604.4639100000509
642.5441600001748
705.5756100003907
615.714200000173
600.7616899999036
677.843669999966
611.9312100000702
804.3718700003031
496.55059999990857
698.0479900002674
740.4146300002445
603.8932100001011
689.4598700002617
741.6855400003362
475.39324999994074
507.7455799999391
600.9817500002109
615.7852200001719
732.3827400005268
715.8564300004505
503.04314999996063
544.9115299999609
494.49926999990913
549.8107699998997
515.2859899999675
722.4991000004269
662.9879600002955
685.4670300002888
723.3618800002606
682.6437499999811
630.0779900001894
666.6189400002471
631.337460000091
620.0564500001293
695.9839800002969
567.9290199999446
580.3530600000016
593.9026500002155
566.8828800001094
559.6247999999641
456.2255999999351
600.3006600001446
574.8819299999823
601.8690399999532
524.5370199999936
726.292480000251
546.8909399999466
530.6894200000445
638.6878400001984
544.7704999999063
687.9807800002641
462.63269999993275
588.1820899999755
548.8119799999607
467.93616999992446
661.7158000001925
533.0069899999824
661.1925600002205
674.3423900004865
711.7903900005211
624.2889200002508
601.7912399998851
542.3078499999184
513.3309199999233
669.2485100001945
644.8281500003136
653.8835500001898
560.627349999904
588.6079200000937
510.13158000001096
742.935050000368
563.8262300000454
582.2523200001559
536.7778599999335
674.8055600002597
549.6983599999162
714.0659900003545
561.1048300000093
617.320520000016
761.6737200003664
629.9514499999005
578.7325500002197
695.9457000002454
492.4492599999225
515.9919599999499
646.7644399999767
534.8730799999623
530.5040299999242
713.6117000003878
533.1202599998746
619.6105400000012
584.633970000028
708.1887500002142
474.4787999999212
623.6558600002127
572.4391200000816
742.3897500002037
645.2119499999429
760.8040900004511
609.5685400000547
582.7956500002115
526.4367499999354
612.5990399999245
652.3715300001833
636.4389400001888
525.0663899999847
526.3797800000067
589.8871099999133
616.6594599999161
641.6771000002012
587.7710999999372
591.7762900002144
680.6943900000437
596.4999400000131
509.97910999994934
725.6319900002902
828.4843600005728
572.8185200001411
609.1216899999322
679.2264800003227
613.875110000266
646.8964700001799
623.6637600002259
701.8257500002105
563.0917699999576
699.5408100002863
615.5274100002092
639.1999200001986
704.8495600002541
621.7506299999668
591.0554499999528
624.6354200001608
547.6768199999653
511.1115099999937
702.1969900002211
492.2099199999155
522.4401999999048
642.4296599999666
620.5092500000742
470.15692999991893
700.4872700003804
613.8364800002413
628.4062300000984
544.0402899999908
594.5068400000719
596.736590000104
552.6936900000836
542.0422200000074
557.5422699999468
488.6779099999396
605.1999500002144
575.3787299999851
612.9536900001215
479.2338199999889
689.6841500001959
561.1380299999012
582.9690599999219
543.6829399999757
627.1328900002463
545.6804999999139
503.0459899999008
523.7595299999058
543.3874199999228
748.0617700003156
708.5061100003052
560.986369999937
521.4057599999428
588.2811299999652
760.5305900003307
585.8327300001208
596.8717400000882
709.199400000415
530.1912199999346
574.4361900000044
574.4381800002161
692.9974300002664
616.4574700000908
590.1150600001423
578.2839300000447
558.7484900000304
606.1167300002063
588.0839200001822
589.995269999971
476.9925099999155
566.460559999916
740.0064900004628
508.5475099999461
514.7711899999463
682.0452400001533
619.3908500002044
650.6663700001876
648.4098600000634
546.6055899999868
625.0657500001998
562.5480099999226
550.2468299999474
646.2672500002086
474.1547099999698
602.1866100000227
519.0333699999234
508.4408899999152
489.07573999993735
541.547160000152
530.0281899998846
623.2481800001956
583.5690399998929
662.2983400002497
602.6490899999532
688.0015700002722
526.9460499999731
531.5042200000057
578.8501400000566
494.001129999915
654.3633400002043
653.6722300000845
648.9315900001133
696.3801200002505
579.138430000217
676.1713500000654
569.1767400002252
580.7573699998493
599.8661700002165
617.1665100000556
673.5715400003629
699.4400900002637
697.1358800003379
604.7732999999594
654.4254400003063
665.9165100001912
564.8516799999873
508.95341999997106
609.4842700000387
638.1055200001197
573.0649299999767
518.5198199999732
568.7298200001916
718.8034900003696
638.9892900002588
553.3609599998895
646.0055000002685
786.9513700006424
633.982970000203
713.1348100003582
785.8897100005596
563.6746500000179
635.4797300001928
611.7606399998946
554.8404300001325
493.1021099999068
692.1141800001758
586.4480000000062
533.9388799998769
691.4105300001896
578.3292300000585
531.8394199999749
730.3638700005073
659.8517800001562
663.1961200002106
571.2087600000658
619.2859900002569
596.1459700002122
568.7243400000198
685.4151600002691
654.5948900003228
556.490359999863
602.3093600001439
533.7432599999894
537.023189999939
719.3628000001514
540.8223200000273
605.4815200000362
606.1298999999391
545.6122099999525
657.5878300003067
509.93633999990396
700.2887600004611
727.2848700004328
493.1373399999123
557.5014800000282
529.0227699999364
701.1819800002612
614.2035400000292
656.8650000003224
611.0740000000029
759.8266800002181
592.626459999923
508.3188099998985
632.2727299999606
668.9775700002241
549.8691999999676
551.465959999977
667.5291400001296
702.0577800002568
581.3404800000624
611.1971000000824
727.0037400002549
715.1405100003656
627.470979999958
721.3701400001866
576.2383399999641
579.5576300000089
655.21420000024
650.1594000002949
509.4799199998943
621.9412700004267
561.3465899999627
546.3040300000091
543.4860200000743
650.198860000294
693.6429400002231
527.6982499999741
546.1995399999207
791.8867100005948
630.2027300000275
785.5583800005351
628.0730900001131
761.5573000003568
666.4489400002215
546.4862199999423
499.31034999990777
668.830330000288
575.7381699999394
514.039389999915
651.3426900000532
539.7805999999159
581.5946599999646
639.4922100002018
597.7155699998744
609.8037200002094
528.7224899999298
664.415260000199
558.2210299999783
633.798940000035
671.3251600003417
583.5084700000137
648.107380000226
636.0162699999626
673.1504100001962
554.9977700002278
676.9143400002628
629.6487900002355
634.7048200002267
513.7608799999041
528.6297100000759
695.3638300002254
551.6789699999972
684.9868800002197
623.4922200002534
749.1659200002512
553.6673900000455
697.3140900003392
511.4524199999724
607.3409500001894
544.3508499999588
596.0632399999585
651.5862900000607
574.4169500002171
692.4919700003345
664.7754300001993
514.9681499999049
673.7062800002509
508.29528999992186
695.4992400002556
623.4306499998476
683.4941100003566
759.7848700003264
593.069329999948
521.8750199999207
510.52224999989613
610.5369000002042
576.5689500002194
562.0682599999109
659.3823400003206
658.7758700002685
746.1924700002046
687.2867200002885
642.156200000227
740.8884600002377
667.6178100002195
475.85330999992266
593.8400300000134
587.3538499999228
536.7185700000314
589.2240800001817
707.1422300003226
569.2429199998752
672.3409700002027
737.6206700003668
764.0888600005893
554.3740599998913
804.0313600004553
580.598739999978
721.6881000003249
560.691580000011
693.7099600001063
733.8169100003538
608.9142100001646
636.4589800001032
701.0061300002178
629.8463400001905
630.9130200003416
573.4973999998492
771.7793200004953
627.4050200002011
602.6976299999372
687.2068200003247
614.97782000021
575.5446299998923
670.9075800003311
628.4363600002251
710.019880000335
716.7541900002134
512.2590500001108
648.6602400002154
514.1739399998954
583.0291900001059
575.1313799998887
663.6965000002518
595.1990200001009
593.2595100000609
734.7240000002108
490.2530799999067
575.974959999871
708.0347800002543
762.2186900005296
553.9352399998575
715.4616700004284
684.2790400002431
504.1729599999066
779.1638500004442
760.4849600005949
573.8731800002239
614.5142300002092
541.0676999999351
561.5153499999594
616.8914300000362
715.1218700001641
627.0914300002019
690.4014900001581
583.2693600002137
550.207099999872
647.9718699999626
456.62889999993394
567.6535099999612
487.88802999991066
653.6448899999976
569.0480100000201
648.0033200001371
641.1272400001917
712.2942700003185
523.1924199998954
598.0037300003745
654.0836200002932
631.1957700002205
555.6840899999914
578.8375200002463
580.3407399998608
568.39895999995
598.9546500001645
511.7136199998888
571.080609999953
547.0102500001153
665.9146400001762
670.3051900004734
709.4393300003466
514.4793900000012
511.8231899999945
681.3099600003005
709.1398300003846
640.0050200002263
667.682700000021
603.4942700000186
759.8318000005219
551.8397200001036
717.9918600005152
591.3388399999736
626.4311400001286
616.0221800002689
643.8162399999865
591.8398700000984
585.5583800001771
571.459680000049
509.30891999995333
580.2263199998673
554.5352900000169
616.302010000099
800.3279500005614
572.7058299999422
742.7501700003294
604.8545199999477
505.7665099999016
811.1308500004682
518.7458799999999
597.4010400002314
641.1840100002205
554.123019999932
631.4460600001978
596.7988800000999
705.729329999988
612.5833199999746
590.3538399999698
503.64287000000127
662.9635400000027
580.5394299999964
599.1369200001969
751.9973000004909
594.4133699999144
639.6883400002489
714.3537400002599
558.7307500000645
608.9473600000273
735.1195100005148
681.5227800002328
651.6140400001304
603.4952699999603
702.7996400003398
504.04711999989945
625.976430000204
624.9723700002452
601.7592900002038
708.2766800002885
587.9799300000174
652.1980700001998
682.1176500003036
601.4437100001
535.2404199998862
663.2830900002405
647.4007600002432
592.8679799999537
690.7166900002013
612.42930000022
616.7178700001097
647.9767700002632
552.8090599999229
651.8429200001941
750.9556300005232
597.0720900000177
774.9795100003918
532.9328199999807
617.3725400002029
639.7113700001464
515.3205299998856
662.4629800002504
540.5070899998962
544.4592299999938
613.5988300000645
547.2533100000722
687.5622600001117
627.1941000001227
676.8493800001525
635.4597300000688
604.4877099999777
668.0966600002652
604.8412800002079
631.7357900000089
665.7108400001734
859.736320000635
673.896250000156
574.3152699999712
540.8580599999973
711.5145200004222
605.4091000000739
560.8733699999502
674.308380000247
530.7327999998954
677.6696700002458
579.4482300000014
532.0025499999628
588.9578900000766
622.8374200002013
631.4282700000085
634.2862300000675
553.2535799999804
635.1461600001938
694.9391600003155
670.2131200002058
546.2291599999962
696.0812500002254
569.3747300000624
689.2262200001003
713.9608200002898
697.2556000002718
741.8278000002771
680.0627400003006
640.5250599999754
567.949639999926
635.004830000211
663.3120600001888
626.8352900002626
507.2003499999101
678.6896300003024
567.685950000132
636.5728100002285
567.5821599999916
658.2653200001117
759.1760200005211
577.9021100001908
597.016850000208
